time,x,y
0.0,0.0,0.0
0.00251,0.0,0.0
9.579852,-8.669642001808358,-0.9035968606049896
24.291081,-8.669642001808358,-0.9035968606049896
41.321711,-52.10070309376761,-62.03601073266596
56.526707,3.319773411040803,-126.62758781427652
69.49795,-5.326672082587351,-59.65312071714156
84.425413,-9.896126534414421,-54.93993980660394
99.494199,-9.896126534414421,-54.93993980660394
114.553112,-9.896126534414421,-54.93993980660394
129.433139,-9.896126534414421,-54.93993980660394
144.501202,-9.896126534414421,-54.93993980660394
159.647098,-11.356808460166626,-28.992600575418574
175.150096,-11.359061144274259,-28.99031773962206
189.406944,-11.373242534416311,-27.619849907702886
204.552261,-11.376839025144818,-27.611339580451475
219.502108,-11.535230712515538,-26.741548112656982
234.55323,-11.535230712515538,-26.741548112656982
249.561719,-11.535230712515538,-26.741548112656982
264.022236,-11.535230712515538,-26.741548112656982
286.326697,-11.535230712515538,-26.741548112656982
293.967301,-11.535230712515538,-26.741548112656982
308.943609,-11.535230712515538,-26.741548112656982
324.347855,-11.535230712515538,-26.741548112656982
339.559022,-11.535230712515538,-26.741548112656982
355.748601,-11.535230712515538,-26.741548112656982
369.443933,-11.535230712515538,-26.741548112656982
383.988417,-11.535230712515538,-26.741548112656982
401.483891,-11.535230712515538,-26.741548112656982
414.416821,-11.535230712515538,-26.741548112656982
429.3785,-11.535230712515538,-26.741548112656982
444.417028,-11.535230712515538,-26.741548112656982
459.411428,-11.535230712515538,-26.741548112656982
474.035141,-11.535230712515538,-26.741548112656982
490.504988,-11.535230712515538,-26.741548112656982
504.222204,-11.535230712515538,-26.741548112656982
519.492292,-11.535230712515538,-26.741548112656982
535.057561,-11.535230712515538,-26.741548112656982
549.609179,-11.535230712515538,-26.741548112656982
564.698065,-11.535230712515538,-26.741548112656982
585.618659,-11.535230712515538,-26.741548112656982
594.496606,-11.535230712515538,-26.741548112656982
609.483694,-11.535230712515538,-26.741548112656982
625.555557,-11.535230712515538,-26.741548112656982
639.577062,-11.535230712515538,-26.741548112656982
654.781882,-11.535230712515538,-26.741548112656982
669.934973,-11.535230712515538,-26.741548112656982
685.177109,-11.535230712515538,-26.741548112656982
700.571889,-11.535230712515538,-26.741548112656982
714.666083,-11.535230712515538,-26.741548112656982
729.826977,-11.535230712515538,-26.741548112656982
746.573115,-11.535230712515538,-26.741548112656982
759.513351,-11.535230712515538,-26.741548112656982
774.575932,-11.535230712515538,-26.741548112656982
790.400419,-11.535230712515538,-26.741548112656982
804.626523,-11.535230712515538,-26.741548112656982
819.45911,-11.535230712515538,-26.741548112656982
834.042309,-11.535230712515538,-26.741548112656982
849.674556,-11.535230712515538,-26.741548112656982
864.731322,-11.535230712515538,-26.741548112656982
886.387367,-11.535230712515538,-26.741548112656982
894.696543,-11.535230712515538,-26.741548112656982
910.470237,-11.535230712515538,-26.741548112656982
924.609554,-11.535230712515538,-26.741548112656982
939.493723,-11.587661867264313,-27.64617892060324
955.219735,-11.587661867264313,-27.64617892060324
969.458608,-11.587661867264313,-27.64617892060324
984.722246,-11.587661867264313,-27.64617892060324
1001.095534,-11.587661867264313,-27.64617892060324
1015.247238,-11.587661867264313,-27.64617892060324
1029.876314,-11.587661867264313,-27.64617892060324
1044.854249,-11.587661867264313,-27.64617892060324
1059.513203,-11.587661867264313,-27.64617892060324
1074.085977,-11.587661867264313,-27.64617892060324
1090.035163,-11.367037871339699,-27.709826461213346
1103.986336,43.58613222809172,-14.10068318575375
1121.646387,54.30305591914561,-13.04404208218411
1134.617414,54.30305591914561,-13.04404208218411
1149.499306,33.72165546626923,-3.5511118369709394
1163.989926,-6.086777650716365,-7.16166566210556
1179.539555,-6.086777650716365,-7.16166566210556
1195.873517,-6.086777650716365,-7.16166566210556
1209.662596,-6.086777650716365,-7.16166566210556
1224.445295,-6.086777650716365,-7.16166566210556
1238.956519,-6.086777650716365,-7.16166566210556
1254.276034,-6.086777650716365,-7.16166566210556
1269.798002,-6.086777650716365,-7.16166566210556
1284.497892,-6.086777650716365,-7.16166566210556
1299.488341,-6.086777650716365,-7.16166566210556
1314.515658,-6.086777650716365,-7.16166566210556
1330.214414,-6.086777650716365,-7.16166566210556
1344.440891,-6.086777650716365,-7.16166566210556
1360.60707,-6.086777650716365,-7.16166566210556
1375.347459,-6.086777650716365,-7.16166566210556
1389.74983,-6.086777650716365,-7.16166566210556
1404.455849,-6.086777650716365,-7.16166566210556
1419.471267,-6.086777650716365,-7.16166566210556
1434.422756,-6.086777650716365,-7.16166566210556
1450.379369,-6.086777650716365,-7.16166566210556
1464.939249,-6.086777650716365,-7.16166566210556
1479.577441,-6.086777650716365,-7.16166566210556
1495.304843,-6.086777650716365,-7.16166566210556
1509.479893,-6.086777650716365,-7.16166566210556
1524.99538,-6.086777650716365,-7.16166566210556
1539.967329,-6.086777650716365,-7.16166566210556
1554.590052,-6.086777650716365,-7.16166566210556
1570.263347,-6.086777650716365,-7.16166566210556
1584.477545,-6.086777650716365,-7.16166566210556
1599.747295,-6.086777650716365,-7.16166566210556
1614.721191,-6.086777650716365,-7.16166566210556
1629.537789,-6.086777650716365,-7.16166566210556
1644.443158,-6.086777650716365,-7.16166566210556
1659.838516,-6.086777650716365,-7.16166566210556
1674.591732,-6.086777650716365,-7.16166566210556
1690.411968,-6.086777650716365,-7.16166566210556
1704.997344,-6.086777650716365,-7.16166566210556
1719.619872,-6.086777650716365,-7.16166566210556
1736.381926,-6.086777650716365,-7.16166566210556
1749.448765,-6.086777650716365,-7.16166566210556
1764.515977,-6.086777650716365,-7.16166566210556
1780.589521,-6.086777650716365,-7.16166566210556
1794.510642,-6.086777650716365,-7.16166566210556
1809.56594,-6.086777650716365,-7.16166566210556
1825.514109,-6.086777650716365,-7.16166566210556
1839.739776,-6.086777650716365,-7.16166566210556
1854.003393,-6.086777650716365,-7.16166566210556
1869.900004,-6.086777650716365,-7.16166566210556
1884.508192,-6.086777650716365,-7.16166566210556
1899.068854,-6.086777650716365,-7.16166566210556
1914.440784,-6.086777650716365,-7.16166566210556
1929.005771,-6.086777650716365,-7.16166566210556
1944.132191,-26.004584448072187,-4.861702815693607
1959.447722,-52.84567086920582,-20.009739251488153
1977.195489,-45.37482569739573,-97.9871847472129
1990.703549,-8.861540260839863,-136.92112778376668
2004.046421,-5.488962962520547,-58.36364141298101
2019.61567,-7.499996103971888,-22.735493878321748
2037.506979,113.19023481379058,13.18457355995023
2049.128729,216.6874020574235,-16.53230105284369
2064.021465,235.67655853132499,-83.70525862696073
2080.380812,333.539415866245,-72.0031866688942
2093.983308,412.0153013011884,14.378981711411232
2110.268747,541.9189308081111,123.46620248798854
2124.027539,647.9077279905343,221.89492857919765
2139.308694,711.6205858845883,278.373150058158
2156.150474,712.747566229553,279.0166386614749
2169.452396,712.747566229553,279.0166386614749
2184.006349,751.9914565981725,316.37729350279784
2199.58572,762.9819384755817,326.16664539563163
2214.545273,811.3315824433436,371.3529520400421
2228.98421,828.8060485270857,383.5161052884095
2244.319986,828.8060485270857,383.5161052884095
2259.286846,828.8060485270857,383.5161052884095
2275.038493,828.8060485270857,383.5161052884095
2289.562496,852.7942091636038,403.91671701407023
2305.264563,936.2543466638347,484.2994872240657
2320.016394,993.7497944287126,529.0568354100634
2334.347801,1000.0169777663135,531.4378780696536
2349.762435,1046.7374456373532,573.440032975768
2364.652512,1112.7409837071978,612.0819232093335
2382.583698,1201.1298365816876,552.8989362836761
2382.584312,1201.1298365816876,552.8989362836761
2384.59451,1201.1298365816876,552.8989362836761
2401.184028,1241.6717755719874,520.5245388478534
2417.885687,1297.548672285481,551.2684176124502
2429.473847,1402.6536763172182,622.2724778183349
2444.47426,1425.3248159570774,637.6884334878291
2459.486584,1425.3248159570774,637.6884334878291
2475.495078,1439.0964242259117,646.1810485894672
2489.500859,1494.7465579388513,645.7338559585229
2505.668814,1548.1394238169996,538.5380691944141
2519.936888,1549.192784316396,535.1187043482865
2534.714676,1546.847650156071,518.1547093954038
2549.477325,1546.847650156071,518.1547093954038
2565.597854,1546.847650156071,518.1547093954038
2580.678843,1515.6804369078757,483.70310115816216
2595.960505,1471.2363040948112,434.5510441658802
2609.417109,1458.8249255902313,412.8840541810017
2624.439935,1458.8249255902313,412.8840541810017
2640.277974,1458.8249255902313,412.8840541810017
2654.870406,1452.4809615320103,408.7168818826592
2669.986305,1452.4809615320103,408.7168818826592
2685.44706,1433.2950999119955,421.2933169235448
2700.012456,1433.2950999119955,421.2933169235448
2716.867329,1433.2950999119955,421.2933169235448
2730.246421,1433.2950999119955,421.2933169235448
2745.117273,1433.2950999119955,421.2933169235448
2760.396273,1411.9813761693777,438.9823877887981
2774.928072,1326.1477227940625,536.4633401262569
2792.767174,1184.1274334461789,630.11386918788
2810.220665,1080.46975245401,628.6353085780672
2819.830578,983.1861427823549,542.2096797880713
2834.466546,977.1578351943831,535.6268402874236
2849.785386,977.1578351943831,535.6268402874236
2864.723267,977.1578351943831,535.6268402874236
2880.713244,977.1578351943831,535.6268402874236
2894.790207,977.1578351943831,535.6268402874236
2910.68476,977.1578351943831,535.6268402874236
2925.000985,977.1578351943831,535.6268402874236
2940.125874,973.4521037645745,520.198546943687
2954.500176,884.8586614698652,452.1009598226524
2969.390492,829.9223229146803,400.08439809971117
2984.377165,705.2113612616669,279.5825349445209
2999.777154,575.1634288563104,166.1746175996314
3015.454941,444.60687923228926,55.75726540249821
3029.379262,336.316776092383,-20.72927388032288
3045.095934,262.9618197478156,-75.45246026672447
3059.884445,212.40866113207952,-27.64199806431987
3074.422399,164.78384716395107,38.46775505496087
3090.407578,74.28159948155658,1.6365364531582984
3105.259352,-17.064436092619793,-22.43753682127365
3119.497841,-34.63493528166825,-130.7234020002433
3135.341349,7.99346980660629,-94.8393103278695
3149.80897,-1.610743049396511,-59.925648966943676
3164.936229,-2.4179689250913343,-56.775027144324724
3179.950238,-5.857766279929356,-49.76614871998455
3198.14347,-10.845351125348659,-27.293189800449046
3210.790983,-10.845351125348659,-27.293189800449046
3225.027746,-10.845351125348659,-27.293189800449046
3240.744385,-10.845351125348659,-27.293189800449046
3255.237193,-10.845351125348659,-27.293189800449046
3269.898332,-10.845351125348659,-27.293189800449046
3285.626875,-10.845351125348659,-27.293189800449046
3300.076882,-10.845351125348659,-27.293189800449046
3315.152077,-10.845351125348659,-27.293189800449046
3330.623735,-10.845351125348659,-27.293189800449046
3344.937453,-25.587170532736206,-30.53401247657202
3361.762243,-50.09558155638167,-7.808598762166293
3374.484391,-83.63933799444877,73.18860021515599
3389.510837,-106.70454101782292,155.5211135205536
3404.386953,-121.86419643143915,240.88894756245935
3420.47603,-146.18838706224201,302.180095869058
3434.95616,-143.38115233838698,333.6793081467488
3449.494244,-158.9264146143661,362.70419050385897
3464.416526,-176.33002869430968,431.0147974018168
3480.77448,-198.62451460250279,482.06996876639295
3495.628474,-110.12831409142794,533.5623335188623
3509.38834,-13.973092788818605,566.6697387157151
3524.969485,110.75484035115646,606.4173123654955
3540.892487,184.828837459025,639.4066623281898
3555.084862,260.09215222533714,668.4757332076167
3570.159592,387.9110567011807,707.8985061230071
3585.298843,425.69902291247143,720.9954119647347
3599.974997,425.69902291247143,720.9954119647347
3614.712958,425.69902291247143,720.9954119647347
3630.074781,437.7391659807488,723.1737446008269
3645.403764,498.6365601081686,743.6755071683815
3659.483733,491.2727794386759,824.2433212055425
3674.631473,473.4539351845017,970.0564616972489
3689.398046,606.1993681297398,1035.9801298868556
3706.806409,607.2677277603341,1036.9591703810866
3719.82843,623.2449604167703,1081.0100379307082
3737.070959,606.6549876700682,1138.4207141733789
3751.009511,606.6549876700682,1138.4207141733789
3764.847976,606.6549876700682,1138.4207141733789
3780.106255,559.8517728211789,1216.8858409191
3794.397793,505.0182445452451,1319.678397905143
3809.487007,504.29921914668665,1322.1853634133315
3824.440402,544.66702781476,1248.0830753485295
3840.019084,551.8414901737792,1239.5799067311625
3855.07791,551.8414901737792,1239.5799067311625
3870.55102,551.8414901737792,1239.5799067311625
3886.642234,604.4188304607203,1137.0224282418635
3900.720112,627.1714600327388,1080.0973868859405
3916.189111,484.90480558815585,980.819617927928
3929.44133,469.0759696159288,843.5366767347099
3945.960487,487.66149170504326,817.1426375424907
3959.940541,487.91001598457746,804.3043137676245
3982.259615,460.8971794729401,747.2931443160116
3990.047135,449.5251157365827,742.5412396612952
4004.490379,379.9177059964433,701.468388299842
4019.901721,296.5356261723756,669.9138499792338
4037.083489,277.45323706205386,665.1690981244016
4049.444122,268.7252915380631,666.7504553868499
4065.621482,265.03298342042626,659.0969963271813
4080.244291,164.31174452197612,626.1055828136397
4095.192728,28.79725363943554,581.9360236448397
4109.441591,-93.93937833036767,549.0402711069911
4125.925629,-122.22712061650083,594.3120903205676
4140.781786,-170.62318754631377,574.3805330649498
4157.575029,-213.1563554653109,554.8648516504894
4169.660285,-195.98198639073476,494.0109612244762
4184.412048,-187.85820124909398,439.3069449432608
4200.037196,-163.84270479807313,390.88607745353585
4214.437048,-145.17639337853333,335.75890856261753
4229.96479,-142.43181740318,328.1081028833969
4244.862105,-130.8337679488401,271.9533731786192
4259.85377,-104.26446082035147,178.4822895037149
4275.859851,-59.2339039266691,59.84194000548651
4289.951067,-40.18206780651628,-21.164378445017608
4304.496519,-45.6804641613868,-80.35593850932669
4319.997458,-35.96688451541217,-115.57432700885603
4334.454384,3.481661103438127,-116.50406438276426
4349.819975,-5.459088672827696,-69.65401697439141
4365.19335,-11.91289045692375,-29.27027757060089
4379.848553,50.38459221917202,-5.667524219408024
4397.07565,29.612729542707307,2.1281533025134483
4410.259247,-6.374264563782151,-3.2612217325992043
4424.444311,-6.374264563782151,-3.2612217325992043
4439.427243,-6.374264563782151,-3.2612217325992043
4454.514523,-6.374264563782151,-3.2612217325992043
4469.742823,-6.374264563782151,-3.2612217325992043
4484.984714,-6.374264563782151,-3.2612217325992043
4499.9515,-6.374264563782151,-3.2612217325992043
4515.414385,-6.374264563782151,-3.2612217325992043
4530.218704,-6.374264563782151,-3.2612217325992043
4544.513919,-6.374264563782151,-3.2612217325992043
4559.523843,-6.374264563782151,-3.2612217325992043
4574.892963,-6.374264563782151,-3.2612217325992043
4590.288092,-6.374264563782151,-3.2612217325992043
4605.901405,-6.374264563782151,-3.2612217325992043
4620.152419,-6.374655063022132,-3.261515806833172
4634.96696,-6.374655063022132,-3.261515806833172
4650.854873,-6.374655063022132,-3.261515806833172
4664.448165,-6.374655063022132,-3.261515806833172
4679.517975,-6.374655063022132,-3.261515806833172
4695.859594,-6.374655063022132,-3.261515806833172
4709.741433,-6.374655063022132,-3.261515806833172
4725.257301,-6.374655063022132,-3.261515806833172
4741.415951,-6.374655063022132,-3.261515806833172
4754.907079,-6.374655063022132,-3.261515806833172
4770.707585,-6.5531475366681,-2.9640011253828042
4786.139077,-6.551955632866372,-2.2520554216978566
4799.457656,-6.551955632866372,-2.2520554216978566
4805.514702,-6.551955632866372,-2.2520554216978566
4815.299179,-6.551955632866372,-2.2520554216978566
4829.860982,-18.050580375560216,-8.969217355743725
4842.226409,-18.050580375560216,-8.969217355743725
4844.455085,-44.76483488545221,-87.03479284803042
4859.408083,-15.976291430045503,-138.09277428451875
4874.944606,3.136006511922778,-119.2483704623197
4890.522973,-6.716328713971082,-58.87478961024005
4898.799773,-9.347014142015052,-38.54772485672248
4905.442718,-11.087325626788463,-32.854193079785844
4919.919036,-11.087325626788463,-32.854193079785844
4934.504092,-11.087325626788463,-32.854193079785844
4950.088312,-11.087325626788463,-32.854193079785844
4965.020571,-11.087325626788463,-32.854193079785844
4980.759932,-11.087325626788463,-32.854193079785844
4995.059207,-11.087325626788463,-32.854193079785844
5010.080454,-11.087325626788463,-32.854193079785844
5025.05349,-11.087325626788463,-32.854193079785844
5039.518446,-11.087325626788463,-32.854193079785844
5055.282042,-11.087325626788463,-32.854193079785844
5070.287963,-11.087325626788463,-32.854193079785844
5084.452551,-11.087325626788463,-32.854193079785844
5099.45346,-11.087325626788463,-32.854193079785844
5115.472657,-11.087325626788463,-32.854193079785844
5130.120374,-11.087325626788463,-32.854193079785844
5146.93278,-9.085615309329311,-34.334090699062514
5159.956834,-9.085615309329311,-34.334090699062514
5174.467026,-9.085615309329311,-34.334090699062514
5190.741358,-9.085615309329311,-34.334090699062514
5204.981854,-9.085615309329311,-34.334090699062514
5219.50601,-9.085615309329311,-34.334090699062514
5235.145948,-9.085615309329311,-34.334090699062514
5250.034078,-9.085615309329311,-34.334090699062514
5265.843065,-9.085615309329311,-34.334090699062514
5280.170311,-9.085615309329311,-34.334090699062514
5294.933789,-9.085615309329311,-34.334090699062514
5309.988008,-9.085615309329311,-34.334090699062514
5325.014801,-9.085615309329311,-34.334090699062514
5339.457505,-9.085615309329311,-34.334090699062514
5355.919867,-9.085615309329311,-34.334090699062514
5369.998932,-9.085615309329311,-34.334090699062514
5385.807561,-9.085615309329311,-34.334090699062514
5400.306965,-9.085615309329311,-34.334090699062514
5415.109351,-9.085615309329311,-34.334090699062514
5430.934955,-9.085615309329311,-34.334090699062514
5446.179015,-9.085615309329311,-34.334090699062514
5460.015363,-9.085615309329311,-34.334090699062514
5476.705811,-9.085615309329311,-34.334090699062514
5489.925759,-9.085615309329311,-34.334090699062514
5494.081103,-9.085615309329311,-34.334090699062514
5505.168003,-9.085615309329311,-34.334090699062514
5519.515313,-9.085615309329311,-34.334090699062514
5534.513748,-9.085615309329311,-34.334090699062514
5550.694858,-9.085615309329311,-34.334090699062514
5565.296339,-9.085615309329311,-34.334090699062514
5580.059936,-9.085615309329311,-34.334090699062514
5595.89439,-9.085615309329311,-34.334090699062514
5609.993211,-9.085615309329311,-34.334090699062514
5624.822954,-9.085615309329311,-34.334090699062514
5641.049786,-9.085615309329311,-34.334090699062514
5655.52182,-9.085615309329311,-34.334090699062514
5669.452903,-9.085615309329311,-34.334090699062514
5685.60333,-9.085615309329311,-34.334090699062514
5699.958895,-9.085615309329311,-34.334090699062514
5715.851015,-3.40512547578328,-22.442693583739608
5731.189152,26.386530805776676,-10.216546885587107
5746.96121,-46.91195683093341,-11.551295542050568
5759.420903,-84.1905815488385,72.4924502751695
5774.945003,-113.83481935843062,182.2481323768835
5790.485268,-125.89183057207585,219.19636476254485
5805.536624,-147.0886979300065,293.37191094485377
5820.131344,-164.8465598109196,375.37827935110454
5835.953454,-175.1270866566238,405.3972447172432
5849.528428,-179.54958607119576,414.54595129985057
5864.5227,-185.6214506502072,430.16378125303874
5879.518715,-193.99748800134938,476.9217809989949
5894.790825,-131.71742313270883,523.3999057469879
5909.479199,-86.67414560598236,548.8387261482824
5925.977484,-26.933334441602458,578.6778137137966
5939.906927,43.36050409474319,608.0697693103233
5955.017838,159.63575851453933,628.5494086739174
5969.516678,217.41202974458403,643.9343185960578
5984.74824,217.41202974458403,643.9343185960578
5999.474401,217.41202974458403,643.9343185960578
6017.353072,278.0225947745733,674.1473738366913
6029.77442,437.734285448629,730.6772833092115
6044.537262,518.2118452586614,758.6396779685439
6059.466462,511.3096959125235,788.2720804553405
6074.51633,454.6943804893466,889.759993337886
6090.129642,523.1671403199783,1010.6825950190989
6105.563281,605.1092737016855,1036.2778418948524
6120.700523,609.2404652613112,1118.1831466083736
6137.418534,502.60570691249364,1058.0797204388966
6149.970313,455.9636985827616,1023.4144213053063
6165.158597,431.87957532646806,1095.9494215552181
6180.509361,474.95218158975183,1116.6845202128072
6194.459915,540.7306224506167,1149.3101586001105
6211.139766,543.2072385772412,1149.7920111866333
6224.939802,552.8189939956538,1141.8444004799646
6239.757647,552.8189939956538,1141.8444004799646
6254.763378,552.8189939956538,1141.8444004799646
6271.773059,552.8189939956538,1141.8444004799646
6284.826217,566.1461412191493,1137.0609696222818
6300.613331,566.1461412191493,1137.0609696222818
6314.439055,566.1461412191493,1137.0609696222818
6329.45865,566.1461412191493,1137.0609696222818
6345.131611,574.2685089745523,1141.533590028654
6359.456578,671.0141890853041,1187.9193221770586
6367.972257,670.757884270486,1193.685033453353
6374.795354,668.1323961038644,1189.3385336236643
6389.966994,668.1323961038644,1189.3385336236643
6405.722914,648.4188499188051,1180.4003709118083
6420.499552,648.4188499188051,1180.4003709118083
6434.80224,648.4188499188051,1180.4003709118083
6449.916909,648.4188499188051,1180.4003709118083
6466.858983,648.4188499188051,1180.4003709118083
6479.472843,648.4188499188051,1180.4003709118083
6494.929408,648.4188499188051,1180.4003709118083
6510.777597,648.4188499188051,1180.4003709118083
6524.520462,648.4188499188051,1180.4003709118083
6539.759444,648.4188499188051,1180.4003709118083
6554.832102,618.1630182601225,1183.9909526962908
6569.427634,618.1630182601225,1183.9909526962908
6585.872047,618.1630182601225,1183.9909526962908
6599.775555,618.1630182601225,1183.9909526962908
6614.767474,618.1630182601225,1183.9909526962908
6629.777365,618.1630182601225,1183.9909526962908
6644.500293,618.1630182601225,1183.9909526962908
6659.865841,608.746229754875,1186.5999566600528
6674.765753,608.746229754875,1186.5999566600528
6680.385754,608.746229754875,1186.5999566600528
6689.518438,603.0476249881668,1185.1859171401052
6705.722094,600.2822445217521,1184.0868557641427
6720.193626,592.0837605254685,1180.3171412122792
6734.858595,557.2663918646323,1225.0554325831692
6743.464365,608.746229754875,1186.5999566600528
6749.831428,506.63087443307853,1309.3320236744264
6765.251156,499.7066842015891,1352.7052596983153
6779.428918,498.773755317377,1352.6609164602337
6794.981713,496.13226087589675,1350.7804135119939
6809.699691,495.7506804046519,1316.060788865024
6827.359616,554.0792612044025,1206.7376277365317
6841.51609,565.9283753444868,1188.491099759022
6845.445483,608.746229754875,1186.5999566600528
6854.475572,619.6301580494945,1107.3661202511241
6869.47937,619.1770122302582,1106.2373245986018
6884.833634,672.805089587168,998.5295198010651
6899.57995,790.5673188731985,939.9982509682324
6914.902109,825.6091118520735,933.3336618623316
6929.516473,825.6091118520735,933.3336618623316
6944.982392,874.8697543656383,906.3921810749955
6959.872435,924.626186604664,855.6609255427647
6974.558519,924.626186604664,855.6609255427647
6994.850681,963.3161996294324,819.8140548981072
7006.142448,1005.7134980241742,784.3656174302241
7019.529127,1063.9399104361917,719.1035870663973
7034.550746,1101.2976889871381,638.345875664617
7049.640252,1165.4709052105025,596.7007940397978
7064.562732,1184.9892380168453,570.2582843507709
7079.629337,1247.9453235494962,520.6871383419912
7096.025252,1288.343703633506,546.0618263104611
7109.651299,1288.343703633506,546.0618263104611
7125.328489,1288.343703633506,546.0618263104611
7139.724227,1290.0304346651485,548.1618520024348
7157.972967,1392.8642063852303,620.9302700895562
7169.535279,1480.2356048305767,679.9145328331374
7184.816679,1546.6205620644387,548.7273334295521
7199.541833,1540.8216970288308,501.96450996951324
7214.928949,1538.2261105987498,498.08870586903663
7229.92329,1538.2261105987498,498.08870586903663
7245.70477,1538.2261105987498,498.08870586903663
7259.799861,1538.2261105987498,498.08870586903663
7274.477666,1538.2261105987498,498.08870586903663
7289.775411,1502.1682457127845,491.23010731836575
7304.551144,1471.0590773736374,441.61272943349456
7319.944144,1456.7740865645737,411.47987250051574
7337.740733,1433.6009282259872,429.4683458334148
7349.469876,1368.108369827538,476.536493367664
7364.93466,1332.914312344314,531.2579392752591
7380.13376,1328.5165681514718,538.4261936157209
7394.536719,1328.5165681514718,538.4261936157209
7409.779448,1300.7411680715904,571.0529473211265
7425.174714,1202.2606692472184,614.550267736082
7429.633636,1165.969556402927,629.4248391583537
7442.449962,1136.1714398477393,671.6266061979928
7454.915749,1134.1165099147695,676.52507764441
7469.539441,1134.1165099147695,676.52507764441
7484.975867,1134.1165099147695,676.52507764441
7500.020582,1134.1165099147695,676.52507764441
7514.502619,1134.1165099147695,676.52507764441
7529.920281,1134.1165099147695,676.52507764441
7545.467908,1134.1165099147695,676.52507764441
7560.050707,1134.1165099147695,676.52507764441
7575.751585,1134.1165099147695,676.52507764441
7589.479041,1134.1165099147695,676.52507764441
7605.164788,1134.1165099147695,676.52507764441
7620.517392,1134.1165099147695,676.52507764441
7634.441226,1134.1165099147695,676.52507764441
7649.827184,1134.1165099147695,676.52507764441
7665.558976,1134.1165099147695,676.52507764441
7679.790824,1134.1165099147695,676.52507764441
7695.497257,1134.1165099147695,676.52507764441
7710.437122,1113.6460644612469,687.5748354855963
7724.535431,1113.6460644612469,687.5748354855963
7739.874273,1111.987032524153,686.8387312228057
7754.488333,1111.987032524153,686.8387312228057
7769.541422,1111.987032524153,686.8387312228057
7784.84402,1111.987032524153,686.8387312228057
7799.811862,1111.987032524153,686.8387312228057
7814.850695,1111.987032524153,686.8387312228057
7830.597292,1111.987032524153,686.8387312228057
7844.536406,1111.987032524153,686.8387312228057
7860.819798,1107.8961579603751,685.6777200695562
7874.819977,1107.8961579603751,685.6777200695562
7889.544271,1107.8961579603751,685.6777200695562
7904.849122,1107.8961579603751,685.6777200695562
7920.158037,1107.8961579603751,685.6777200695562
7934.923429,1107.8961579603751,685.6777200695562
7950.466068,1107.8961579603751,685.6777200695562
7964.54004,1107.8961579603751,685.6777200695562
7979.812472,1107.8961579603751,685.6777200695562
7995.426043,1107.8961579603751,685.6777200695562
8009.540149,1107.8961579603751,685.6777200695562
8025.693313,1107.8961579603751,685.6777200695562
8039.901921,1107.8961579603751,685.6777200695562
8054.789977,1107.8961579603751,685.6777200695562
8069.776671,1107.8961579603751,685.6777200695562
8084.489105,1107.8961579603751,685.6777200695562
8099.558571,1107.8961579603751,685.6777200695562
8115.440066,1107.8961579603751,685.6777200695562
8129.795282,1107.8961579603751,685.6777200695562
8144.783735,1107.8961579603751,685.6777200695562
8160.599694,1107.8961579603751,685.6777200695562
8174.805517,1107.8961579603751,685.6777200695562
8191.054719,1107.8961579603751,685.6777200695562
8207.06988,1107.8961579603751,685.6777200695562
8227.197317,1107.8961579603751,685.6777200695562
8227.197936,1107.8961579603751,685.6777200695562
8228.273349,1107.8961579603751,685.6777200695562
8228.274029,1107.8961579603751,685.6777200695562
8230.763022,1107.8961579603751,685.6777200695562
8245.384587,1107.8961579603751,685.6777200695562
8262.597699,1107.8961579603751,685.6777200695562
8275.679589,1107.8961579603751,685.6777200695562
8290.424054,1107.8961579603751,685.6777200695562
8306.084435,1107.8961579603751,685.6777200695562
8320.677675,1107.8961579603751,685.6777200695562
8335.907554,1107.8961579603751,685.6777200695562
8350.381067,1107.8961579603751,685.6777200695562
8365.356865,1107.8961579603751,685.6777200695562
8380.437291,1107.8961579603751,685.6777200695562
8396.058811,1107.8961579603751,685.6777200695562
8411.098473,1107.8961579603751,685.6777200695562
8426.395942,1107.8961579603751,685.6777200695562
8440.871265,1107.8961579603751,685.6777200695562
8455.432556,1107.8961579603751,685.6777200695562
8470.710027,1107.8961579603751,685.6777200695562
8485.794201,1107.8961579603751,685.6777200695562
8500.424397,1107.8961579603751,685.6777200695562
8516.466553,1107.8961579603751,685.6777200695562
8530.967476,1107.8961579603751,685.6777200695562
8546.087073,1107.8961579603751,685.6777200695562
8561.395454,1107.8961579603751,685.6777200695562
8575.345943,1107.8961579603751,685.6777200695562
8590.526295,1107.8961579603751,685.6777200695562
8607.150076,1107.8961579603751,685.6777200695562
8620.440392,1107.8961579603751,685.6777200695562
8635.779333,1107.8961579603751,685.6777200695562
8650.722193,1107.8961579603751,685.6777200695562
8666.067811,1107.8961579603751,685.6777200695562
8681.443821,1107.8961579603751,685.6777200695562
8695.698892,1107.8961579603751,685.6777200695562
8711.968348,1107.8961579603751,685.6777200695562
8725.705108,1107.8961579603751,685.6777200695562
8740.439549,1107.8961579603751,685.6777200695562
8755.766297,1107.8961579603751,685.6777200695562
8771.37265,1107.8961579603751,685.6777200695562
8786.051564,1107.8961579603751,685.6777200695562
8801.463812,1107.8961579603751,685.6777200695562
8815.715993,1105.3999919860426,680.7503907799178
8830.42391,1103.0837349026551,682.7029008668533
8847.444594,1103.0837336994969,682.7029003675005
8860.439094,1103.0837336994969,682.7029003675005
8875.451469,1103.0837336994969,682.7029003675005
8890.675274,1103.0837336994969,682.7029003675005
8905.672818,1103.0837336994969,682.7029003675005
8922.461376,1103.0837336994969,682.7029003675005
8935.688569,1103.0837336994969,682.7029003675005
8950.437628,1103.0837336994969,682.7029003675005
8965.677627,1103.0837336994969,682.7029003675005
8980.44283,1104.343021856448,679.590804215513
8995.68038,1113.1067310260114,679.3557832278949
9011.429663,1112.0002932529783,676.8989449229987
9025.689171,1112.9288434589216,679.0024162617102
9041.246084,1112.8014991364894,679.2554290939127
9056.431329,1110.3682833182788,680.6468147427084
9070.468509,1108.0268246016767,676.2137383987185
9085.73025,1112.9194768689977,676.6155408906021
9100.3838,1113.3347150005711,678.4769317532194
9115.678489,1110.2752657596338,678.1421349040676
9130.787763,1110.5651116090346,678.0550957901548
9146.768596,1110.5651116090346,678.0550957901548
9160.7244,1110.5651116090346,678.0550957901548
9175.676363,1110.5651116090346,678.0550957901548
9190.47951,1110.5651116090346,678.0550957901548
9205.715742,1110.5651116090346,678.0550957901548
9221.43959,1110.5651116090346,678.0550957901548
9235.674287,1110.5651116090346,678.0550957901548
9251.430087,1110.5651116090346,678.0550957901548
9265.751901,1110.5651116090346,678.0550957901548
9280.687489,1110.5651116090346,678.0550957901548
9295.678165,1107.480966383006,678.9953209207957
9310.448472,1108.9885157503472,680.7697367079589
9325.915851,1112.1863381790615,679.1101581093226
9341.633369,1113.2281190491772,681.1633964912137
9355.838634,1112.8698250585303,681.235500402193
9370.672691,1112.8698250585303,681.235500402193
9386.413793,1111.6500561438747,681.0120244085308
9400.689482,1107.9153896352495,681.1653358084643
9416.401384,1107.2846666693322,681.1608733381598
9430.386861,1111.6113921546905,683.5039069558283
9446.054772,1111.4366089148355,683.7628415286459
9461.348651,1108.459851609373,679.6637309533882
9476.062561,1107.123993021432,679.0617957213522
9490.680086,1109.7317893321472,680.6996073678847
9505.672602,1112.9230435932602,680.7693186125947
9520.685342,1107.9566413245054,677.3642947963116
9535.68084,1108.1314987689682,677.4807900577812
9550.835992,1108.1979972102413,677.5707504629521
9565.698665,1108.1979972102413,677.5707504629521
9581.879279,1108.1979972102413,677.5707504629521
9595.465416,1108.1979972102413,677.5707504629521
9610.759409,1108.8388683123321,678.5448800830783
9626.305986,1110.0203954621497,679.8580922551744
9640.674065,1108.8067504419196,678.616289775492
9655.675022,1107.7047497907613,679.5688080671131
9671.413704,1107.6350047952628,679.2617819456397
9685.70422,1107.5034660966364,678.8786749346957
9700.723386,1107.5058617876714,678.7353567400011
9715.399208,1107.5058617876714,678.7353567400011
9730.891337,1107.5058617876714,678.7353567400011
9739.878298,1104.7635230196065,678.2269897110016
9745.456562,1104.7635137585876,678.2269824924806
9760.87396,1104.7635137585876,678.2269824924806
9776.413982,1104.7635137585876,678.2269824924806
9791.548403,1104.7635137585876,678.2269824924806
9805.840622,1104.7635137585876,678.2269824924806
9820.441972,1095.0091968721415,669.3269645209659
9835.476392,1055.3026014160223,591.1218154847552
9851.335542,956.9917838541247,504.14393338658135
9871.589012,875.7853301149183,435.60039385948954
9880.603254,875.7853301149183,435.60039385948954
9895.352914,866.9771580344856,424.1426514459861
9910.69777,766.8131617224853,338.13982106551583
9925.399897,648.6917184708338,230.5917900022821
9940.865175,517.2287874951836,118.17035812417839
9955.349191,378.8006189336052,0.3688901989573828
9972.907921,287.45231144764233,-66.13990480094108
9987.416095,213.9016312535315,-32.60552716029803
10000.353098,159.4175637019069,30.558329592557513
10015.76454,58.352729998992366,2.0829436579779204
10030.978264,-27.010695174066818,-13.654978296004742
10045.550005,-82.14829320040354,-29.62326399996823
10066.38918,-148.9026680588411,-42.35738880481086
10075.360349,-184.96223918933256,19.200683027782002
10090.352097,-196.15909601361233,96.01430616930145
10107.30669,-155.3022378367742,114.78571414072755
10120.4563,-169.29765089308827,202.85267278986856
10136.264811,-188.08552062767995,258.2885804209054
10151.410478,-265.4571988054966,258.58969506711526
10166.514479,-244.67743019917776,319.4759609402132
10180.896524,-258.2457812909828,369.0046820816942
10195.808391,-283.5068693210024,398.8865764670257
10210.453677,-337.20147324376745,387.4707284195313
10225.452984,-337.20147324376745,387.4707284195313
10241.25346,-337.20147324376745,387.4707284195313
10255.953568,-337.20147324376745,387.4707284195313
10270.972173,-337.20147324376745,387.4707284195313
10286.175952,-337.20147324376745,387.4707284195313
10301.180789,-337.20147324376745,387.4707284195313
10315.884594,-337.20147324376745,387.4707284195313
10333.630258,-342.4925994963253,386.2278409440314
10345.449131,-380.8781859335006,355.63721514091424
10360.888353,-419.74947602402057,342.87049629682195
10376.151522,-421.3815600347696,321.48385565177847
10390.46721,-445.67790857704915,269.77060826642895
10408.063913,-460.4107352647046,231.59832691714178
10421.815379,-426.06882846446337,237.1390244286677
10435.915367,-396.15524403506504,240.22832263588683
10452.253354,-353.66846871999786,240.95634201068796
10469.083645,-301.48605013077747,237.6077827372482
10480.768618,-265.7333553045113,283.9444808733831
10496.400541,-243.48966305641449,328.1173761750933
10510.899967,-253.34308824678652,367.1796034594254
10530.113633,-239.647979896221,404.78564081685755
10540.847711,-193.2123606100807,425.9864636397696
10555.76712,-192.37197402474195,443.26216620748806
10570.442295,-188.08949351038572,490.52005680554004
10585.786124,-126.80503195070345,537.1892140525046
10600.458317,-30.095338365245453,573.6409369497441
10617.494499,71.47044238735138,604.787229956418
10630.900637,102.13601670407269,599.5371222561492
10646.698474,145.17472804909406,620.9423427725679
10663.055007,247.02476933276503,640.5151654733081
10675.996472,281.0242551607646,602.1244065743535
10690.403737,281.0242551607646,602.1244065743535
10706.026482,281.0242551607646,602.1244065743535
10720.78237,281.0242551607646,602.1244065743535
10736.608688,281.0242551607646,602.1244065743535
10750.932403,281.0242551607646,602.1244065743535
10766.113362,281.0242551607646,602.1244065743535
10780.828871,281.0242551607646,602.1244065743535
10795.921011,281.0242551607646,602.1244065743535
10810.583448,281.0242551607646,602.1244065743535
10825.839749,271.4132982953086,581.8325860864101
10840.376856,271.4132982953086,581.8325860864101
10855.861913,271.4132982953086,581.8325860864101
10871.702895,271.4132982953086,581.8325860864101
10885.875441,271.4132982953086,581.8325860864101
10901.858641,271.4132982953086,581.8325860864101
10915.859821,271.4132982953086,581.8325860864101
10930.898382,271.4132982953086,581.8325860864101
10945.861119,271.4132982953086,581.8325860864101
10960.556345,271.4132982953086,581.8325860864101
10976.048461,271.16309123468767,582.347603013964
10991.852418,271.16309123468767,582.347603013964
11006.185652,271.16309123468767,582.347603013964
11020.951003,271.0940720033251,582.7195091061068
11035.398746,276.87490140853583,591.1024617394125
11050.984439,276.87446642972475,591.3933157913879
11067.428916,276.87446642972475,591.3933157913879
11080.40491,276.87446642972475,591.3933157913879
11095.917703,276.87446642972475,591.3933157913879
11111.765164,276.87446642972475,591.3933157913879
11125.818966,276.87446642972475,591.3933157913879
11140.968964,276.87446642972475,591.3933157913879
11156.707873,276.87446642972475,591.3933157913879
11170.986199,276.87446642972475,591.3933157913879
11186.042506,276.87446642972475,591.3933157913879
11201.813127,276.87446642972475,591.3933157913879
11216.049199,276.87446642972475,591.3933157913879
11231.756777,276.87446642972475,591.3933157913879
11245.898321,276.87446642972475,591.3933157913879
11260.925288,276.87446642972475,591.3933157913879
11275.948419,276.87446642972475,591.3933157913879
11290.93244,276.87446642972475,591.3933157913879
11305.369563,276.87446642972475,591.3933157913879
11321.580406,276.87446642972475,591.3933157913879
11335.895409,276.87446642972475,591.3933157913879
11354.415713,276.87446642972475,591.3933157913879
11366.76806,276.87446642972475,591.3933157913879
11381.001821,276.87446642972475,591.3933157913879
11396.674739,276.87446642972475,591.3933157913879
11411.414342,276.69756412661656,587.9342148071797
11425.90791,276.8729978146429,583.6193691669665
11441.596801,278.4475801959886,583.7454776616819
11457.642774,278.7449695119402,585.3737915719107
11471.69051,279.024122840505,585.8385758684676
11486.869754,278.92248733471104,586.1146212163529
11500.95658,275.949176086016,584.9115585062706
11515.925212,274.0298910262446,584.9100068957127
11531.772776,274.0298910927265,584.9100072169518
11545.838206,274.0298910927265,584.9100072169518
11560.979904,272.92058634081934,583.9232942973147
11576.20577,272.3675017130905,583.1145097276692
11590.893944,274.95641060026963,580.3855942542438
11606.818293,274.71766223066436,579.6741908475205
11620.801492,274.499203245748,579.5041686043347
11636.126737,274.49918863228055,579.5041986269645
11651.608871,274.49918863228055,579.5041986269645
11667.019033,274.49918863228055,579.5041986269645
11681.241715,277.7586003084116,578.1956115082244
11696.601914,301.2542086957481,558.2884560405606
11710.765141,301.2542086957481,558.2884560405606
11725.974564,611.3546053929646,220.28581255745195
11741.557673,611.3546053929646,220.28581255745195
11755.953153,611.3546053929646,220.28581255745195
11771.973508,562.0041961105926,153.03028290117427
11785.848992,418.14809276053455,30.60109539246351
11800.864858,372.9981676319723,-9.880029928201957
11816.944013,372.9981676319723,-9.880029928201957
23407.457318,-3525.2464648901437,-4589.845387487084
23422.74657,-3516.9416986539463,-4482.256378230339
23437.658341,-3485.4141785554625,-4409.859556382792
23453.829677,-3428.2987243935654,-4319.474825061889
23467.356277,-3376.084140018108,-4268.769102593659
23483.794024,-3320.347448802465,-4213.620871226794
23498.043492,-3320.347448802465,-4213.620871226794
23512.82508,-3320.347448802465,-4213.620871226794
23528.056069,-3320.347448802465,-4213.620871226794
23550.096289,-3299.3231529645354,-4173.211460458386
23557.698833,-3274.1948543245035,-4004.92475496434
23574.183326,-3258.5368543319364,-3882.1595853856847
23587.311938,-3242.049090627922,-3749.40553783722
23603.744916,-3216.3895008093896,-3555.27378643931
23631.254658,-3211.1711924854008,-3330.4165385314514
23631.25614,-3211.1711924854008,-3330.4165385314514
23632.871298,-3211.1711924854008,-3330.4165385314514
23649.377429,-3215.510945955744,-3299.307662587293
23663.449798,-3224.3424358903435,-3225.433409929778
23678.060006,-3227.2873197635304,-3210.4128907751356
23689.118422,-3227.2873197635304,-3210.4128907751356
23694.019036,-3227.2873197635304,-3210.4128907751356
23710.534917,-3227.2873197635304,-3210.4128907751356
23723.756438,-3231.5041510480164,-3177.701287074102
23748.12678,-3237.959501850253,-3123.059464826157
23748.12742,-3237.959501850253,-3123.059464826157
23750.023417,-3237.959501850253,-3123.059464826157
23765.969695,-3237.959501850253,-3123.059464826157
23781.082536,-3237.959501850253,-3123.059464826157
23795.052621,-3237.959501850253,-3123.059464826157
23810.537698,-3237.959501850253,-3123.059464826157
23825.056498,-3255.8055059297144,-3038.437203493927
23841.884757,-3255.8055059297144,-3038.437203493927
23856.135977,-3255.8055059297144,-3038.437203493927
23873.631579,-3255.8055059297144,-3038.437203493927
23886.001096,-3255.8055059297144,-3038.437203493927
23900.615731,-3260.8587074590696,-3017.8314301146515
23915.53241,-3139.114037325019,-3006.6651819199215
23930.171613,-3056.979147745778,-3039.049021501584
23945.143191,-3049.6372302819664,-2982.776567396211
23960.404211,-3091.6936103521125,-2913.7391613667714
23975.342964,-3105.620186480092,-2887.6658786707385
23991.826436,-3131.286870498382,-2840.3861276853745
24005.364858,-3150.0729922274827,-2799.0800197370977
24020.439324,-3151.1475231527643,-2754.7932063598337
24038.174235,-3150.063420815871,-2657.5494835731274
24050.05218,-3148.069180538711,-2652.885184412325
24065.092783,-3141.0909557375167,-2606.5244180101577
24083.772403,-3120.1248696646326,-2565.613928389159
24096.659412,-3059.193960060209,-2466.984394176231
24110.041877,-2982.3355377797966,-2409.2723413416834
24125.043793,-2941.182773763671,-2366.8298302116636
24142.262686,-2870.0814513397536,-2308.241828865855
24156.099365,-2829.902858609275,-2272.872922878694
24170.622428,-2746.278393688498,-2212.3607528613206
24185.054563,-2603.9255794142878,-2153.7384474449827
24200.103241,-2546.7403829114432,-2145.5403988664275
24215.460294,-2546.7403829114432,-2145.5403988664275
24230.107381,-2509.732382005404,-2149.7282768575456
24245.112645,-2486.6956962846766,-2139.413095719043
24260.84477,-2405.2268356487702,-2063.851377093131
24276.438742,-2375.7532904415857,-1975.1018674324646
24290.537974,-2363.832930780557,-1857.4514210042826
24305.388599,-2325.718662630766,-1873.78274733026
24320.092774,-2304.7278678128114,-1902.705339052875
24335.452408,-2230.7360330148103,-1859.6050456474939
24350.524833,-2255.3990639483577,-1810.636001582342
24365.459076,-2255.3990639483577,-1810.636001582342
24380.408875,-2292.7495003502822,-1814.5730813969587
24396.22525,-2356.4000840331005,-1806.049769621667
24410.053676,-2337.3362906037564,-1678.7881598542338
24425.050973,-2320.0619341636525,-1594.2919647670046
24440.080782,-2302.7718499256534,-1544.636165373532
24459.449949,-2240.5796634539893,-1346.5896244114542
24470.107492,-2103.17304062274,-1175.376591771155
24485.107561,-1957.1246689971267,-1043.731267270685
24500.520428,-1935.199088961989,-1023.0717922241553
24515.107466,-1867.6784892321407,-989.1935690990575
24530.108483,-1812.4356954862174,-1077.8909896561674
24545.121124,-1772.9943117518735,-1037.8796518344889
24560.181338,-1756.1668095150917,-953.2753920625676
24575.114121,-1774.1372370042118,-936.966183379586
24590.427124,-1886.750423674402,-994.8038383270163
24605.10377,-1974.9576748307218,-1025.757155018995
24620.662003,-2070.998757921778,-1063.3360104096591
24635.836265,-2243.4202469946854,-955.2465717000777
24650.113021,-2471.5836130076095,-874.9709077334948
24665.108376,-2715.610666998116,-895.4190710538945
24680.539391,-2916.406394861239,-869.3535749674064
24696.350835,-3137.2781588317766,-864.270539478905
24710.457276,-3297.3304409893854,-861.8925893508789
24725.038267,-3307.0212669863163,-765.9959875330364
24742.174768,-3367.0221824737864,-664.9030520728544
24755.450405,-3465.8312230378683,-787.6922642383786
24771.540013,-3488.3762147605626,-812.5263985777494
24785.723878,-3478.0916855477435,-832.8273045292485
24800.45042,-3500.8188909000573,-856.3033332745271
24816.363643,-3620.8697315341205,-837.7935576545965
24830.341934,-3780.9282166443345,-804.9282710446181
24845.868418,-3950.885101351061,-741.0538749884715
24860.341987,-4087.7381896355737,-607.6864569214548
24875.397604,-4135.555375025097,-559.8919865531777
24890.444303,-4212.722503707199,-479.829778953276
24905.125399,-4248.052655879855,-446.94736361626434
24920.511713,-4302.8962954039835,-378.069206940908
24936.01252,-4302.8962954039835,-378.069206940908
24950.993087,-4317.719761171008,-368.34024311518436
24965.017204,-4374.215324821028,-296.8227120759286
24982.393458,-4375.949285093505,-294.2895625915095
24995.47488,-4375.949285093505,-294.2895625915095
25010.830569,-4375.949285093505,-294.2895625915095
25026.210814,-4375.949285093505,-294.2895625915095
25040.361769,-4375.949285093505,-294.2895625915095
25056.497713,-4388.058929652864,-216.11472989078135
25070.015619,-4401.610520073158,-163.50493103859026
25085.391423,-4401.610520073158,-163.50493103859026
25101.53789,-4452.189129136816,-109.8788898285037
25115.429435,-4493.230300941917,6.735232650216362
25270.057829,-3227.2873197635304,-3210.4128907751356
25565.047436,-4497.186171752711,-64.0198831157263
25580.427273,-4490.3306756666825,-80.69361521284449
25595.402761,-4487.4131037377065,-90.18006753965227
25610.734884,-4431.73345509399,-202.07476145308
25625.122409,-4277.618794018444,-283.7901711686797
25640.514298,-4093.081974242545,-353.9952120798634
25655.443043,-3227.2873197635304,-3210.4128907751356
25655.726291,-3873.8046634871366,-390.16265809048707
25670.363541,-3795.831686055775,-342.3889730055058
25685.071148,-3786.7353915507842,-331.02473038526216
25700.530178,-3702.7510234626016,-259.06441090290735
25715.11044,-3683.3735008081303,-242.52377650892117
25730.124312,-3683.3735008081303,-242.52377650892117
25745.417816,-3659.4624718733216,-223.48809250880805
25763.225239,-3565.836418471559,-141.26854111597132
25775.432531,-3562.045225755295,-138.61532590293518
25790.370084,-3562.045225755295,-138.61532590293518
25806.841514,-3562.045225755295,-138.61532590293518
25820.570003,-3513.8018094344534,-108.51665019659498
25835.128559,-3402.1792544036266,-60.485970369251156
25851.267112,-3277.7955439457896,-87.06882069785826
25865.690022,-3150.037926820923,-131.6042144270426
25880.115431,-3054.312271297942,-169.24048135489
25895.06368,-2852.24002318576,-184.55682658215557
25910.073922,-2714.8823337918725,-17.527057621300315
25925.752062,-2636.2611460526346,140.85971640000247
25941.230285,-2550.28124712333,216.9506929227863
25955.525724,-2550.28124712333,216.9506929227863
25970.479055,-2538.776447626115,237.12792739257165
25985.021672,-2414.0331845866317,301.76006164406795
26001.511402,-2381.411200402588,317.3657389537418
26016.301269,-2381.411200402588,317.3657389537418
26030.063906,-2358.5152879798634,330.4853433400002
26045.511555,-2222.9956657612956,375.1616435172354
26073.188357,-2111.064952195125,355.50874140467636
26074.063855,-2111.064952195125,355.50874140467636
26074.064653,-2111.064952195125,355.50874140467636
26075.479819,-2111.064952195125,355.50874140467636
26090.479436,-1629.6361991068272,307.5154700449875
26105.436652,-1595.799808878086,309.10459940046115
26120.852463,-1595.799808878086,309.10459940046115
26135.837371,-1571.7145936523436,311.2643176132169
26156.457269,-1463.9934772340694,326.5761251722228
26165.435158,-1375.8545750454007,311.6465530800016
26180.697353,-1279.208418045154,219.5084412858091
26195.47314,-1224.5039813084404,157.80856861592162
26210.861375,-1224.5039813084404,157.80856861592162
26227.068301,-1182.33183448412,137.20413512485666
26240.445364,-1038.7137445058847,72.36385813787807
26255.461351,-871.0450338881839,14.254040010421214
26270.496173,-806.3379783961852,-13.208531239537779
26285.447767,-688.2844850981801,-51.405458645984076
26300.442193,-555.1135461362517,-82.67372030092335
26317.6243,-555.1135461362517,-82.67372030092335
26330.781427,-463.8102066433105,-115.4453197480463
26345.43912,-334.1644135131944,-104.78005041200669
26361.628315,-244.5493772566821,-203.71293787129366
26375.481634,-178.11434434230992,-199.84589751722115
26390.940999,-140.66769833033626,-244.15471004464828
26405.473858,-75.94588388319367,-315.50618515115264
26421.077255,-53.454330695639385,-199.8031824584711
26435.892095,3.6921819738443395,-92.27513730123803
26450.929424,29.600886260781667,-15.962887405014596
26466.498964,77.7243262741352,-4.030694075368876
26480.780132,112.4760401479281,6.925223358004262
26495.491834,182.8839190480413,35.16118146228162
26511.248201,238.20053968780348,-74.26551910308864
26527.323787,350.96282567844685,-69.40994397715298
26540.940403,355.6710771845181,-53.402716328899764
26555.455126,352.838830695946,11.271435066660787
26576.039776,333.2155201045096,162.4634070679631
26585.486205,401.53808738207744,327.07251674022035
26603.76301,562.4171323492017,463.8205524460793
26615.44125,715.243513005094,592.2502760197993
26630.838595,868.2936720822964,735.4634701539347
26645.494557,935.7924034615301,784.7394181531987
26664.803246,993.773809220405,795.0208662303093
26675.533099,1069.508127095943,721.6343844858787
26690.541744,1088.56510391594,727.2743098365854
26707.613222,1127.451500984143,760.9002896170897
26720.582938,1223.3678319039286,856.5218372696246
26736.350654,1343.9913557745651,969.2932212081852
26755.013994,1421.678261669976,1073.0298510315572
26765.494093,1330.1475256767494,1224.3017124468947
26787.522466,1307.6301341136855,1353.5369875579597
26798.199742,1299.4579448474901,1454.7524757203032
26810.446684,1293.3962231514527,1473.0281900561722
26825.446418,1293.3962231514527,1473.0281900561722
26840.78167,1293.3962231514527,1473.0281900561722
26856.501004,1293.3962231514527,1473.0281900561722
26870.771032,1293.3962231514527,1473.0281900561722
26885.765616,1293.3962231514527,1473.0281900561722
26901.6742,1297.3663237718808,1491.9179818280793
26915.548844,1343.7600866999237,1541.64814201369
26930.568258,1352.7793190332243,1652.589404962816
26945.495025,1521.732340221581,1753.5775846937067
26961.56926,1649.0672644083052,1829.4189552137927
26976.574382,1757.3169269025739,1915.447002428503
26990.993058,1797.992298640804,1949.602316107765
27006.599541,1875.2541653715468,2018.04744282884
27020.539593,1868.688600001245,2152.8763812157376
27035.447258,1898.2237796641919,2222.4761363962075
27050.526695,1915.785874110096,2276.111177801296
27065.548454,1916.697312104997,2292.1631201279893
27080.790825,1916.697312104997,2292.1631201279893
27095.866992,1916.697312104997,2292.1631201279893
27113.197497,1918.908081620189,2324.3942872418443
27125.977573,1938.8160900020414,2361.587441800873
27140.44667,1946.1756723395056,2366.7730677553036
27155.446728,1946.1756723395056,2366.7730677553036
27173.085817,1957.0300411779638,2375.100320216355
27186.586712,1965.5193730117032,2381.3235380700266
27200.956314,1987.3858495482734,2399.56364200685
27215.817613,1995.5137895035134,2406.3114254196134
27230.57747,2005.2419580956712,2420.634604943171
27245.856281,2031.5592051754722,2442.976662158077
27263.037695,2035.2548647688654,2445.8621888867874
27275.501496,2035.2548647688654,2445.8621888867874
27291.223229,2035.2548647688654,2445.8621888867874
27307.449654,2071.9000326012897,2473.781488255285
27320.854328,2076.723279997766,2477.203370396984
27335.931007,2076.723279997766,2477.203370396984
27351.072722,2076.725552631403,2477.2042252720566
27366.20178,2076.725552631403,2477.2042252720566
27382.199233,2104.854551721491,2501.4067388335757
27395.991077,2128.2371370334563,2519.4331329038914
27410.968516,2128.199389465315,2518.2329600755793
27426.69634,2128.199389465315,2518.2329600755793
27442.000733,2132.5955347195018,2519.0721476381627
27455.471373,2152.5166400012513,2537.3079143345085
27472.01943,2160.5305011216274,2547.9968492664448
27485.503399,2162.550999912852,2549.6080844557455
27500.864272,2158.9549974246397,2553.72346938023
27516.183095,2158.419092939288,2555.4622477154385
27531.131071,2161.8192641454293,2560.7173630376415
27546.85229,2154.130916438172,2565.718818634721
27561.617999,2154.0401030434327,2568.4916686813763
27575.896271,2155.8966321424045,2568.9252241469508
27591.659418,2166.0832291073484,2569.7225054890805
27606.235049,2175.4729681498948,2570.2046043871874
27620.969749,2175.5913192031085,2569.2917184542416
27636.453559,2178.9175830197496,2574.0471913733872
27650.791104,2178.9175830197496,2574.0471913733872
27665.776652,2178.9175830197496,2574.0471913733872
27681.781599,2179.1176765675264,2574.7057879006193
27695.496547,2179.1149825645457,2574.7101625938462
27710.91894,2182.966556465246,2579.2048282837354
27725.544462,2190.449982959858,2588.608378689844
27741.184387,2197.6580396160643,2603.122058427821
27756.740196,2222.4540238399213,2621.7536519319224
27770.956609,2242.2851654670862,2635.94398706505
27785.481072,2255.3526302785867,2654.433698659866
86550.874739,1056.7488672182353,2450.013385404514
86550.875417,1056.7488672182353,2450.013385404514
86556.733078,1050.8609998437018,2431.776823695625
86571.741449,990.9041875697843,2372.9576421746865
86590.115696,1026.9089868597976,2314.2892382817
86602.091797,1077.4697887981224,2275.6685725054285
86618.622117,1108.007142272143,2256.9824810324026
86631.74851,1054.3539523736567,2188.1406842103984
86646.695634,1011.8543643182745,2152.8079387367447
86661.705777,1011.8543643182745,2152.8079387367447
86676.738092,1011.8543643182745,2152.8079387367447
86691.680959,935.5626803843425,2202.8307626345872
86706.64902,946.6071776202804,2093.2156910284675
86722.645461,946.7039693225232,2091.916498797956
86737.073288,945.8781310193121,2083.3203911304595
86751.648476,920.9221277065587,1949.7482749398264
86766.65092,852.6376374389486,1795.7811622158226
86783.26952,759.4482831514861,1624.2742643345375
86821.75277,548.9360889231239,1462.7254505271567
86821.753457,548.9360889231239,1462.7254505271567
86823.387062,548.9360889231239,1462.7254505271567
86838.819139,502.4773614253473,1442.3741188114955
86853.889448,487.03833633516894,1439.178652465698
86868.845254,433.02669661478194,1377.0347905844917
86883.388003,339.78044101529673,1241.8483411017564
86899.874272,294.5991158825159,1174.9803914204263
86913.379863,270.72165281853523,1117.9804008756532
86928.706143,267.6890023184694,1046.324107088909
86943.956367,282.62143666290035,1045.5657317146579
86958.751961,357.8035028048919,1073.508287869584
86973.882973,440.99605992819204,1105.8346320631551
86989.519506,487.5991112693128,1118.0466554897523
87007.568628,564.4431139032433,1141.9808511072413
87019.697522,573.1562341813873,1146.9720785642085
87033.397205,573.1562341813873,1146.9720785642085
87049.123887,573.1562341813873,1146.9720785642085
87064.663851,573.1562341813873,1146.9720785642085
87079.007114,607.1189158165456,1134.7928100840675
87093.843042,563.9520501901943,1011.9315386889218
87109.722219,431.36308612122883,904.3897073561318
87123.347901,464.49677176139954,841.1637961670929
87138.883953,484.20990310975543,769.6817321461145
87154.31618,457.1659703639187,742.8073670314801
87168.820321,495.03729436329814,682.3233460952825
87184.025667,594.7187694177013,618.4121609668692
87198.911782,648.1675352666472,576.6727588287557
87205.058586,648.1675352666472,576.6727588287557
87205.059266,648.1675352666472,576.6727588287557
87208.91613,648.1675352666472,576.6727588287557
87224.136027,648.1675352666472,576.6727588287557
87238.806058,648.1675352666472,576.6727588287557
87253.805653,652.031495166371,572.734032101237
87269.245685,600.3058285500006,502.7935447008166
87283.784747,489.2017089582069,387.4227201495028
87300.971923,347.44709922128004,249.3019874528271
87314.529306,331.95286955219024,79.32994127149159
87329.244317,327.98651462958736,-60.18604146950292
87343.804389,235.1231255850464,-73.00209974907149
87358.965635,218.2251015005595,-25.464937959714405
87379.42252,190.9176233963279,29.8789174863174
87389.240353,125.37381229761316,16.008214343613496
87408.472302,125.37381229761316,16.008214343613496
87418.87286,52.257154043225135,-10.004367783646638
87433.811406,-4.302317792633588,-14.834027647813915
87450.085956,-42.777497029507714,-115.2464945134958
87464.270856,-7.648068458441326,-46.86730152289567
87479.997971,-10.592335410478546,-38.6303961071959
87494.895057,-10.592335410478546,-38.6303961071959
87509.386308,-10.592335410478546,-38.6303961071959
87523.781839,-10.592335410478546,-38.6303961071959
87540.629443,-10.592335410478546,-38.6303961071959
87554.709743,-10.592335410478546,-38.6303961071959
87569.835703,-10.592335410478546,-38.6303961071959
87586.184593,-10.592335410478546,-38.6303961071959
87601.794156,-10.592335410478546,-38.6303961071959
87615.516778,-10.592335410478546,-38.6303961071959
87629.490903,-10.592335410478546,-38.6303961071959
87643.836554,-10.592335410478546,-38.6303961071959
87660.108449,-10.592335410478546,-38.6303961071959
87674.312203,-10.592335410478546,-38.6303961071959
87690.76346,-10.592335410478546,-38.6303961071959
87705.261661,-10.592335410478546,-38.6303961071959
87719.337534,-10.592335410478546,-38.6303961071959
87734.640147,-10.592335410478546,-38.6303961071959
87749.754178,19.93649292495444,-16.0181129785916
87764.840671,67.0592730626351,-5.866433714150508
87782.045451,119.38041904645901,10.450210132872813
87793.809082,198.47214043193947,22.957935558608924
87809.70686,213.63057106238858,-15.828718187465993
87826.001092,229.51142657763253,-74.26670493432034
87841.947957,335.0556625839462,-74.57925657662994
87855.241242,378.0727237719872,-20.107155160496873
87869.221202,503.31786112616084,88.76027832041706
87884.289813,642.767014942877,214.25822346430277
87898.889957,755.4587173192284,315.1076693064977
87914.402121,777.4250682893785,335.22301522096456
87929.331791,777.4250682893785,335.22301522096456
87945.592213,779.7836263609022,338.986312934218
87959.24672,833.3487929897643,385.71962993811815
87973.767478,921.3022165174392,457.4468467953446
87990.037518,1000.0405505418521,526.1149384539384
88004.190819,1012.0674685981554,535.816490176513
88019.298671,1012.0674685981554,535.816490176513
88034.28581,1053.0274311978524,566.2133307914222
88049.762102,1121.982594436631,611.1441293516064
88063.863199,1204.9958283263318,545.0344074114166
88110.156472,1295.7864824975436,548.2039231207244
88110.856712,1295.7864824975436,548.2039231207244
88110.85741,1295.7864824975436,548.2039231207244
88112.125339,1295.7864824975436,548.2039231207244
88122.413596,1295.7864824975436,548.2039231207244
88134.601737,1295.7864824975436,548.2039231207244
88142.14162,1295.7864824975436,548.2039231207244
88163.619813,1321.500983917354,566.5125884826251
88164.577136,1393.7462520922795,616.118985614521
88172.125029,1440.5959035720148,648.3136657588082
88182.131085,1440.5959035720148,648.3136657588082
88192.592426,1440.5959035720148,648.3136657588082
88203.73196,1440.5959035720148,648.3136657588082
88212.990228,1456.505586532401,662.1332587260396
88223.568201,1479.023714964872,671.367637963531
88232.572804,1528.900326108037,580.1178239058698
88243.516364,1551.7737661610363,528.005058841824
88253.249783,1552.3537438136507,525.4652504735836
88262.406937,1552.3537438136507,525.4652504735836
88272.172387,1552.3537438136507,525.4652504735836
88282.381446,1552.3537438136507,525.4652504735836
88292.171661,1552.3537438136507,525.4652504735836
88302.485963,1538.5733596572122,505.03639061976634
88313.185837,1507.8132790189482,473.9754311780814
88322.612945,1473.840629970218,433.93664042781177
88335.243772,1473.840629970218,433.93664042781177
88343.072252,1468.8994550463965,424.68225207062045
88353.685483,1460.9388295308675,409.5109646820762
88363.148525,1460.9388295308675,409.5109646820762
88372.512421,1460.9388295308675,409.5109646820762
88382.177567,1460.9388295308675,409.5109646820762
88392.177418,1456.0266101685731,408.849534934386
88402.177462,1456.0266101685731,408.849534934386
88412.690011,1456.0266101685731,408.849534934386
88422.915385,1456.0266101685731,408.849534934386
88433.176815,1456.0266101685731,408.849534934386
88443.411576,1451.0064233397104,413.1128760450277
88452.749088,1409.0030247407312,445.3234967864672
88463.129631,1347.8575870582342,499.57892285852233
88473.393375,1283.2126249733726,585.2548353512246
88482.192463,1193.2292490394673,619.8237482578149
88494.595003,1127.89407764519,663.6713782065726
88502.132417,1089.1024460926226,641.1214941880662
88512.182515,1077.7290363361665,603.4156595886874
88522.181023,1062.3475740360925,583.2116108204541
88538.995097,1062.3475740360925,583.2116108204541
88542.081567,1062.3475740360925,583.2116108204541
88554.296374,1023.9841491426573,557.5242166031372
88563.323407,984.7307821263659,526.9565584916068
88574.412138,980.4223608054883,523.8074133899848
88583.853099,980.4223608054883,523.8074133899848
88592.675377,980.4223608054883,523.8074133899848
88604.024455,980.4223608054883,523.8074133899848
88613.330375,980.4223608054883,523.8074133899848
88622.757046,980.4223608054883,523.8074133899848
88632.081968,980.4223608054883,523.8074133899848
88642.686272,980.4223608054883,523.8074133899848
88652.082958,980.4223608054883,523.8074133899848
88663.493715,980.4223608054883,523.8074133899848
88673.421883,980.4223608054883,523.8074133899848
88682.582497,966.2823101729317,515.5348009239857
88695.022191,921.4668107016503,474.34997138582054
88704.25634,871.6380783790651,432.12469247474206
88713.538787,862.0069583806486,426.45900027839684
88722.130601,862.0069583806486,426.45900027839684
88732.444086,862.0069583806486,426.45900027839684
88742.188928,823.9288988448698,356.7892983227376
88753.124814,755.3302190746824,314.1853967072327
88762.081526,701.4407684596368,275.9652797672057
88772.514453,613.0963265224385,201.21724383165972
88783.17263,558.7623554454592,146.74871536072186
88793.277771,545.6191933196735,135.7234961204885
88802.72756,545.6191933196735,135.7234961204885
88813.70013,545.6191933196735,135.7234961204885
88822.452185,496.02757676688935,106.35594029648463
88832.081911,406.44115022830357,27.70630800849413
88842.359894,372.4005356091538,2.1525272285131396
88852.444516,372.4005356091538,2.1525272285131396
88862.143286,372.4005356091538,2.1525272285131396
88877.203822,372.4005356091538,2.1525272285131396
88882.300783,356.8122150958703,-1.800258385393823
88893.804467,312.4114391516466,-53.727975412900314
88903.848949,259.27015902393396,-76.13332028426696
88913.5246,229.52191692458618,-70.62467615910163
88922.171548,211.5023235113207,1.7787803483358315
88932.519638,186.32215388247553,41.0155845464432
88942.498523,167.2466088272871,37.53781818363017
88952.835272,123.11057186632897,16.541460764466482
88962.719857,81.8268427707517,0.944707231601076
88972.583352,40.71403299894856,-2.2427032414041594
88983.03142,10.386400751490422,-3.4551799369950067
88992.128918,-1.456613179525236,-8.13570482990543
89002.188418,-5.996747593843023,-9.026657879958757
89012.949117,-44.676027312095435,-28.827059154788365
89024.529332,-50.78849263547542,-96.7499124590799
89032.452111,-16.797518495398922,-139.3779155049842
89042.777419,0.5287638896084162,-120.19397167306595
89052.486261,-2.3421828948347856,-82.55073512829931
89062.640779,-7.568572539248178,-48.21662676424524
89073.075284,-11.157741641939078,-40.31024605546945
89083.779032,-11.157741641939078,-40.31024605546945
89092.087133,-11.157741641939078,-40.31024605546945
89107.116825,-11.157741641939078,-40.31024605546945
89112.121766,-11.157741641939078,-40.31024605546945
89123.32248,-11.157741641939078,-40.31024605546945
89133.202281,-11.157741641939078,-40.31024605546945
89142.501015,-11.157741641939078,-40.31024605546945
89152.595807,-11.157741641939078,-40.31024605546945
89162.443397,-11.157741641939078,-40.31024605546945
89172.519717,-11.157741641939078,-40.31024605546945
89188.02779,-11.157741641939078,-40.31024605546945
89192.418203,-11.157741641939078,-40.31024605546945
89203.167709,-11.157741641939078,-40.31024605546945
89213.596304,-11.157741641939078,-40.31024605546945
89224.016687,-11.157741641939078,-40.31024605546945
89232.097042,-11.157741641939078,-40.31024605546945
89242.416603,-11.157741641939078,-40.31024605546945
89254.316044,-11.157741641939078,-40.31024605546945
89262.424844,-11.157741641939078,-40.31024605546945
89272.427823,-11.157741641939078,-40.31024605546945
89282.608462,-11.157741641939078,-40.31024605546945
89292.494964,-11.157741641939078,-40.31024605546945
89302.721806,-11.157741641939078,-40.31024605546945
89312.582302,-11.157741641939078,-40.31024605546945
89325.177596,-17.627034599294507,-33.469906906085264
89332.710144,-10.166990235293225,-21.591377081228732
89342.184706,5.418194247385226,-15.827342957201129
89355.055415,51.64450951727588,-0.4939027383546083
89362.82904,62.06223986294709,-1.9995915845402585
89372.103251,18.969414862747232,-1.4263628481161232
89388.793935,14.651802752430834,-3.939776699615954
89394.942319,-3.8802543651757375,-8.013745697785472
89402.972868,-32.76460995140613,-24.968765165966882
89412.780821,-51.72582877620857,-71.74354867874533
89423.012385,-45.671401318993254,-101.13944105744257
89432.186653,-15.177052944744476,-139.6107353237092
89443.029861,5.678104001122412,-116.64064530419388
89453.904276,2.911985303672277,-96.56983938010737
89464.205955,-7.473593869935186,-61.34085755995094
89472.927454,-16.83142368238673,-40.03474187552192
89490.263685,-16.83142368238673,-40.03474187552192
89492.133684,-16.83142368238673,-40.03474187552192
89502.184502,-16.83142368238673,-40.03474187552192
89513.086553,-16.83142368238673,-40.03474187552192
89522.896642,-16.83142368238673,-40.03474187552192
89533.506261,-16.83142368238673,-40.03474187552192
89543.694079,-16.83142368238673,-40.03474187552192
89552.92313,-16.83142368238673,-40.03474187552192
89562.936523,-16.83142368238673,-40.03474187552192
89573.933902,-16.83142368238673,-40.03474187552192
89582.187647,-16.83142368238673,-40.03474187552192
89593.06563,-16.83142368238673,-40.03474187552192
89604.760518,-16.83142368238673,-40.03474187552192
89612.152752,-16.83142368238673,-40.03474187552192
89622.873136,-16.83142368238673,-40.03474187552192
89634.198162,-16.83142368238673,-40.03474187552192
89644.358202,-16.83142368238673,-40.03474187552192
89654.70126,-16.83142368238673,-40.03474187552192
89664.851337,-16.83142368238673,-40.03474187552192
89674.343983,-16.83142368238673,-40.03474187552192
89683.439881,-16.83142368238673,-40.03474187552192
89694.773771,-16.83142368238673,-40.03474187552192
89702.38297,-16.83142368238673,-40.03474187552192
89713.056018,-16.83142368238673,-40.03474187552192
89722.121346,-17.27529904935974,-39.18504071890231
89732.800766,-17.27529904935974,-39.18504071890231
89743.675402,-17.27529904935974,-39.18504071890231
89754.886931,-17.27529904935974,-39.18504071890231
89762.19074,-17.27529904935974,-39.18504071890231
89773.910215,-17.27529904935974,-39.18504071890231
89783.04796,-17.27529904935974,-39.18504071890231
89792.803725,-17.27529904935974,-39.18504071890231
89803.095413,-17.27529904935974,-39.18504071890231
89812.780939,-17.27529904935974,-39.18504071890231
89822.828489,-17.27529904935974,-39.18504071890231
89832.137973,-17.27529904935974,-39.18504071890231
89843.391694,-17.27529904935974,-39.18504071890231
89852.93783,-17.27529904935974,-39.18504071890231
89863.041029,-17.27529904935974,-39.18504071890231
89875.559354,-17.27529904935974,-39.18504071890231
89882.821215,-17.27529904935974,-39.18504071890231
89893.771923,-17.27529904935974,-39.18504071890231
89903.479335,-16.295077033799906,-44.96515974019365
89912.604033,-16.295077033799906,-44.96515974019365
89922.698027,-16.295077033799906,-44.96515974019365
89932.594846,-16.295077033799906,-44.96515974019365
89942.675361,-16.295077033799906,-44.96515974019365
89952.195694,-16.295077033799906,-44.96515974019365
89962.223393,-16.295077033799906,-44.96515974019365
89972.146534,-16.295077033799906,-44.96515974019365
89982.189943,-16.295077033799906,-44.96515974019365
89996.01301,-16.295077033799906,-44.96515974019365
90003.086736,-16.295077033799906,-44.96515974019365
90012.42353,-16.295077033799906,-44.96515974019365
90022.939459,-16.295077033799906,-44.96515974019365
90034.030925,-16.902561536644185,-43.74519283112511
90042.743883,-12.652699238178274,-24.529218375824406
90052.649915,19.25547808002518,-10.19637068766629
90062.423422,7.753265618074624,-0.6818458987882728
90072.48356,-4.16724711485016,-4.493234811603326
90082.292181,-4.16724713976241,-4.4932348441158405
90092.212898,-4.16724713976241,-4.4932348441158405
90102.145215,-4.16724713976241,-4.4932348441158405
90113.275755,-4.16724713976241,-4.4932348441158405
90122.500837,-4.16724713976241,-4.4932348441158405
90134.237627,-4.16724713976241,-4.4932348441158405
90142.512083,-4.16724713976241,-4.4932348441158405
90152.553996,-4.869401261736995,-5.3187538860239645
90163.211599,-4.869401261736995,-5.31875389768691
90172.587996,-21.771442362142224,-23.509753324011555
90182.661983,-60.353794856078395,-39.7144879344501
90193.598207,-71.38275562516088,-38.17810639530112
90202.097686,-128.5086598421124,-40.70946736444168
90215.572964,-194.34407766842594,-47.67538141987713
90222.528921,-265.5087218794996,-85.24934549173082
90232.254963,-341.1467095440335,-107.40627954730374
90243.717998,-485.7709646224545,-102.16963600220487
90252.509072,-507.18377487691777,-91.90720471099664
90262.813501,-507.18377487691777,-91.90720471099664
90273.039325,-522.9326317689936,-85.40715895816537
90282.19434,-562.6140267706361,-71.48998237671313
90295.408943,-634.6688807357772,-45.08295110358809
90302.697908,-713.6176668940624,-37.4364093017781
90313.360784,-778.0557410259422,-24.311830625275633
90317.695113,-831.9842906100808,2.075485188485554
90317.695706,-831.9842906100808,2.075485188485554
90319.856,-831.9842906100808,2.075485188485554
90329.691056,-963.4936152401082,40.72187527984345
90339.92001,-1004.0624066153949,51.8343425715117
90352.286667,-1057.8584073025618,69.71791779191066
90359.758659,-1120.4069002774083,89.6350303930211
90369.757245,-1168.520986466516,113.72131632608122
90381.119965,-1168.520986466516,113.72131632608122
90389.756226,-1168.520986466516,113.72131632608122
90400.059522,-1183.1932697330342,123.77628604596084
90410.151426,-1263.4204830749152,203.47806256704607
90420.150945,-1313.7641945127766,258.58177079465327
90430.821717,-1358.0805148716324,285.03118909409204
90439.704066,-1398.9499541049142,270.8819542929075
90450.850531,-1442.7266510069644,273.15393993303616
90460.006059,-1432.8833965317435,248.46566631743377
90475.503333,-1391.8667739902232,194.46413054891875
90479.656885,-1374.6105048128936,153.7441052065323
90489.691173,-1356.1833678965293,132.9762675876034
90500.328895,-1356.1833678965293,132.9762675876034
90509.728256,-1356.1833678965293,132.9762675876034
90520.769399,-1350.5673061456064,122.66398270760796
90533.224795,-1350.5673061456064,122.66398270760796
90540.324608,-1345.9636374109089,113.7882294214989
90551.023039,-1325.4951445550575,89.139871713361
90561.229995,-1291.573308257849,43.69566698736553
90570.87439,-1261.6585644461306,6.2233357038196155
90580.436425,-1236.202523008449,12.887742670354335
90594.264793,-1224.6889826401639,48.91831911586273
90600.200176,-1225.4244294141479,57.5662397938252
90609.761861,-1217.3088894828136,69.03985307293715
90620.937511,-1185.319004769009,96.73764224560364
90631.609648,-1179.4825256643344,102.46115103514263
90641.21514,-1179.4825256643344,102.46115103514263
90651.391507,-1179.4825256643344,102.46115103514263
90661.104241,-1179.4825256643344,102.46115103514263
90670.045553,-1179.4825256643344,102.46115103514263
90680.807034,-1148.9302424431876,93.85910883426823
90690.344809,-1089.752796336338,69.52272197622375
90700.420018,-995.6255748451416,41.58551009371572
90709.755315,-872.6921251382823,-2.4609918207765733
90720.177635,-846.5072177711686,-7.682573287900274
90730.064496,-837.6399069121483,-10.194724954844752
90740.084944,-773.5854628461371,-35.791046543124914
90750.061565,-734.8381496135905,-37.69434296147603
90762.136853,-688.4977246427335,-48.91798593482307
90769.764264,-584.9645112718929,-56.417088860541575
90780.02007,-529.5687268204022,-86.90260120131121
90782.654987,-511.0681119604502,-107.08190826075223
90790.242789,-495.7699191415325,-115.56682260084038
90800.249306,-482.7088670538133,-118.44534832029555
90810.357009,-482.7088670538133,-118.44534832029555
90819.671607,-482.7088670538133,-118.44534832029555
90830.219051,-482.7088670538133,-118.44534832029555
90839.704825,-482.7088670538133,-118.44534832029555
90850.018198,-482.7088670538133,-118.44534832029555
90860.133515,-482.7088670538133,-118.44534832029555
90870.920098,-482.7088670538133,-118.44534832029555
90880.132093,-482.7088670538133,-118.44534832029555
90890.415373,-482.7088670538133,-118.44534832029555
90901.107264,-482.7088670538133,-118.44534832029555
90910.434922,-482.7088670538133,-118.44534832029555
90920.040117,-482.7088670538133,-118.44534832029555
90931.44042,-482.7088670538133,-118.44534832029555
90939.680978,-482.7088670538133,-118.44534832029555
90950.370921,-482.7088670538133,-118.44534832029555
90959.705261,-482.7088670538133,-118.44534832029555
90970.340029,-482.7088670538133,-118.44534832029555
90981.134967,-482.7088670538133,-118.44534832029555
90990.024847,-482.7088670538133,-118.44534832029555
91003.17765,-482.7088670538133,-118.44534832029555
91010.151116,-482.7088670538133,-118.44534832029555
91021.550441,-482.7088670538133,-118.44534832029555
91029.712305,-482.7088670538133,-118.44534832029555
91040.029455,-482.7088670538133,-118.44534832029555
91049.66489,-482.7088670538133,-118.44534832029555
91059.673599,-482.7088670538133,-118.44534832029555
91070.292194,-482.7088670538133,-118.44534832029555
91081.108336,-482.7088670538133,-118.44534832029555
91090.900311,-481.9062823921161,-118.61643951587942
91100.860178,-481.9062823921161,-118.61643951587942
91110.944153,-481.9062823921161,-118.61643951587942
91120.874537,-481.9062823921161,-118.61643951587942
91130.121798,-481.9062823921161,-118.61643951587942
91140.141079,-481.9062823921161,-118.61643951587942
91149.679286,-463.4926631489337,-104.30408247694679
91160.528221,-492.4708009867291,-95.01062141648289
91170.395955,-525.722910088774,-101.95033763081084
91173.458205,-530.9301014228159,-105.16212085569016
91180.034947,-562.3552615949961,-104.36704727662783
91190.118546,-648.2550604583539,-93.57222824886634
91199.711474,-656.2120570118987,-127.99057677211171
91209.771797,-646.5550674811293,-213.5469608768301
91220.664081,-645.6513305069535,-294.21878408294026
91230.931008,-648.5194079643505,-307.4486644406882
91244.951758,-631.2506125382367,-322.4430100059501
91250.07239,-640.1070042023096,-365.26643502196373
91260.068101,-643.1136429152399,-387.9845015006078
91269.76967,-626.465724615129,-398.31571870135025
91280.21251,-613.8873624465521,-406.62502017026276
91290.820557,-625.0581544663136,-453.45646899221146
91299.763396,-628.040247014209,-455.88104454197753
91310.336003,-655.4020879658157,-520.1539237273735
91319.673362,-657.8227041295778,-527.7905117214137
91330.499977,-657.8227041295778,-527.7905117214137
91340.853882,-657.8227041295778,-527.7905117214137
91350.471279,-657.8227041295778,-527.7905117214137
91360.046072,-668.0841486534946,-544.056673734733
91370.017601,-684.7495591087443,-628.8272319998421
91380.228476,-686.6654869196182,-666.3989849198405
91390.027636,-691.6086077633456,-724.4836779317051
91400.056746,-699.7343767940401,-741.841275763968
91409.672055,-699.7343767940401,-741.841275763968
91419.866773,-707.701867784368,-758.5762911151353
91430.75173,-721.0921395916586,-831.9395613337404
91440.924442,-726.5209054622065,-899.1369298360577
91452.35394,-776.9634704093312,-953.6205783213858
91460.026333,-836.0897514748352,-1031.00330261772
91469.775305,-859.8915186003061,-1082.2205541806793
91479.775561,-859.8915186003061,-1082.2205541806793
91490.395263,-859.8915186003061,-1082.2205541806793
91500.016898,-859.8915186003061,-1082.2205541806793
91509.713453,-852.8324371200459,-1100.501300181813
91520.147953,-852.8324371200459,-1100.501300181813
91529.817383,-855.6822297846389,-1125.303426850612
91540.835474,-885.8079269536778,-1156.1148339635804
91549.755449,-896.1480280757999,-1182.1907455431724
91560.346105,-896.1480280757999,-1182.1907455431724
91572.320873,-897.6474104762202,-1186.4403477681794
91580.243089,-931.2185207271665,-1235.3490754517034
91589.692432,-932.2892245887934,-1235.6791424974904
91599.772013,-932.2892245887934,-1235.6791424974904
91610.275527,-932.2892245887934,-1235.6791424974904
91620.100391,-932.2892245887934,-1235.6791424974904
91629.713182,-932.2892245887934,-1235.6791424974904
91640.063344,-973.0363512212538,-1244.5790783444213
91652.881459,-1033.31824539788,-1229.2833734845378
91661.532885,-1081.3866248655854,-1216.7937861700461
91669.779644,-1138.8403827080915,-1273.3003435810208
91687.540158,-1193.8046473364948,-1352.8857836748625
91689.719966,-1250.8510124978443,-1441.8586209215237
91699.752305,-1349.9775274045794,-1480.338611858701
91710.341055,-1412.7027172756127,-1409.7645303741458
91721.595852,-1369.1586575766828,-1321.5064458029692
91730.141678,-1355.1777044605533,-1217.7221573584525
91740.152157,-1437.4380551461832,-1158.7725829160568
91750.622914,-1484.8946893379593,-1172.9455454554136
91763.16389,-1521.3414391439148,-1227.0802977447768
91770.205821,-1521.3414391439148,-1227.0802977447768
91780.269683,-1521.3414391439148,-1227.0802977447768
91789.773614,-1521.3414391439148,-1227.0802977447768
91803.742295,-1514.2549783498293,-1232.6379350473055
91809.722959,-1514.2549783498293,-1232.6379350473055
91819.77344,-1554.9750960623373,-1276.021339492164
91830.108186,-1595.7510855626997,-1321.362712520053
91839.765643,-1678.5266506629118,-1318.3431422989022
91852.571718,-1738.3487249653333,-1284.6293181240162
91862.087814,-1735.307422118811,-1189.2172576413845
91870.085608,-1791.0184168255582,-1097.9007529198777
91879.828526,-1766.7790999433687,-988.9936560966123
91889.721796,-1760.9201644759112,-954.5158483361363
91899.928231,-1710.1370474192458,-930.3090620266305
91909.801803,-1598.0622133774705,-894.6388498408845
91919.79183,-1622.547457021625,-855.1715386991987
91929.796459,-1685.1268349954905,-764.6217083286571
91939.799998,-1798.2588592123868,-644.8009874873208
91949.795676,-1830.9593102164818,-559.6596809248781
92004.811928,-1882.0684266387186,-224.98714349797552
92004.812483,-1882.0684266387186,-224.98714349797552
92009.868333,-1882.5587240623586,-164.5365099874253
92020.107621,-1822.4909972220908,-94.66784416019506
92030.202046,-1775.5725086545003,-62.282978082114596
92040.268352,-1779.3694461574978,-42.27033886893104
92081.949647,-1887.504872833689,132.19265166067308
92081.950386,-1887.504872833689,132.19265166067308
92084.986049,-1895.1416460459786,147.6305110098318
92104.344914,-1883.8198451781052,218.73876127201356
92105.899091,-1783.0067342472682,293.23569421607635
92135.342427,-1698.8554404040935,292.23612494177223
92135.342979,-1698.8554404040935,292.23612494177223
92137.484695,-1698.8554404040935,292.23612494177223
92151.939251,-1698.8554404040935,292.23612494177223
92157.908734,-1698.8554404040935,292.23612494177223
92167.985882,-1698.8554404040935,292.23612494177223
92181.666489,-1683.2124608614383,290.4777533813694
92192.98495,-1622.1653820323595,314.87995695782166
92197.974442,-1579.5528009627978,315.7837901949405
92208.459886,-1579.5528009627978,315.7837901949405
92218.424651,-1539.2253172971616,316.81761885026526
92227.946098,-1444.2922876207372,331.15231875382165
92240.274877,-1389.111494153881,325.4927838750655
92250.126883,-1381.9451571918025,316.6590590951584
92262.941139,-1381.9451571918025,316.6590590951584
92269.832959,-1355.034502133107,291.9872955981899
92277.971589,-1295.0399612006058,237.1799979518164
92287.968068,-1206.7212363019305,143.78737885181786
92300.233092,-1144.0522916378948,97.30165014329735
92307.878464,-1076.8690638265127,65.24331513071122
92317.908565,-1017.3881337806018,42.731990937062974
92328.565894,-952.5829570624064,22.33655168802705
92338.283899,-872.1735292440138,0.4438520188401892
92347.927879,-769.4370059770962,-32.039838325449715
92358.241503,-682.0282231034724,-52.47655068124133
92370.32692,-579.1621131909757,-68.080381682063
92377.976976,-560.847569864751,-76.2972529582594
92390.450366,-560.847569864751,-76.2972529582594
92398.308923,-510.8815703810715,-101.03041092818455
92407.885449,-482.3882136058703,-108.10061407258038
92418.212455,-482.3882136058703,-108.10061407258038
92428.223475,-477.8291921614638,-109.91055394612533
92438.320925,-466.09521031779116,-105.34909973040274
92448.331767,-492.43903453817984,-95.71264294334523
92458.646504,-518.4025659701506,-107.9743711648246
92469.284877,-526.7784301777624,-204.971633351599
92477.956273,-525.6658870379356,-208.99615572958888
92490.512093,-525.6658870379356,-208.99615572958888
92497.910511,-520.5919803348283,-224.4197319520018
92510.854565,-439.6773292015028,-226.87731301670453
92519.216282,-375.75730509805715,-223.36507597472243
92528.241032,-271.1391874759597,-220.68192925819207
92539.073744,-209.42236430537912,-225.53483542131906
92547.889498,-165.6047356366753,-261.3117169550905
92558.36718,-125.17774679831325,-297.4926367255499
92568.52204,-104.58214734658621,-308.78066731344614
92579.304539,-76.72346392499252,-313.13738518347685
92588.963417,-56.499417293019846,-258.20171835764563
92598.278816,-54.608071942584075,-195.59565905563736
92613.144796,-24.118196987740735,-143.75222121528884
92617.923459,8.102018744515926,-103.67240987721613
92628.337662,-3.008562541571935,-61.595902058344635
92638.54829,-11.01912672031397,-19.40053558804445
92651.426348,5.720479265012545,-9.948809552316233
92658.423215,77.6828192586518,4.7183111800945525
92668.324414,161.72701844271225,27.50031581005677
92677.933627,207.6559061784919,-12.371725400935269
92690.01836,214.02134153320645,-42.89400595585841
92699.15987,264.3568319464364,-79.65891242826744
92708.510674,348.5806456437703,-74.28666959498142
92719.495717,360.3690707492521,-36.51937006915956
92729.628278,396.374334372884,16.18199974265032
92738.61423,487.71806238331334,89.565402539507
92750.936591,518.0686403331536,106.86118674113366
92758.479562,518.0686403331536,106.86118674113366
92769.519701,518.0686403331536,106.86118674113366
92778.426216,518.0686403331536,106.86118674113366
92789.447742,553.007615552211,132.52157858035542
92797.981073,603.4267363520023,184.34471953206835
92809.200372,606.4474134319576,186.79052838427873
92818.308267,647.858081349775,224.0067804650954
92828.602966,703.7399143541247,276.4781294893804
92837.87935,730.856501223945,297.37705769937605
92847.931729,763.5505350053545,327.3215226449745
92858.325404,823.8464413067042,372.9894676804258
92868.002853,835.7037414169621,385.36733577379675
92877.93067,835.7037414169621,385.36733577379675
92888.455633,835.7037414169621,385.36733577379675
92898.696184,835.7037414169621,385.36733577379675
92909.331222,837.4935167083003,387.49905836773013
92917.984735,894.1165823634727,452.2473337391746
92930.329801,950.9133673355773,498.056535968057
92938.419892,999.4066565952473,541.0109651179934
92948.322561,1008.2192896417641,548.3962233524966
92957.897575,1008.2192896417641,548.3962233524966
92968.260061,1049.4713809572731,589.0067912789101
92977.957595,1148.2151820787583,615.2703673167879
92987.990536,1186.9918636776092,570.5976370572579
93005.511002,1237.8538254607906,523.5197979096171
93007.954423,1289.7098445022361,544.6784631098013
93017.985876,1290.9116484134374,545.9803013400879
93029.019898,1290.9116484134374,545.9803013400879
93038.833523,1290.9116484134374,545.9803013400879
93047.933549,1290.9116484134374,545.9803013400879
93059.365119,1290.9116484134374,545.9803013400879
93068.29269,1290.9116484134374,545.9803013400879
93078.233469,1290.9116484134374,545.9803013400879
93087.988128,1290.9116484134374,545.9803013400879
93098.215808,1313.3111657942648,565.5891960523797
93107.891525,1399.9837520058547,623.8975533733028
93121.32408,1479.090484988733,685.2710217428462
93128.023655,1518.4560955337097,709.4419461120569
93138.271057,1541.6202734604876,683.4730441107495
93147.984026,1541.6202734604876,683.4730441107495
93158.690529,1541.6202734604876,683.4730441107495
93167.973853,1550.717398824326,676.1707470235046
93177.973189,1582.9564340440397,647.0253784407577
93187.973222,1589.1930283410027,635.6877961914934
93198.014627,1589.1930283410027,635.6877961914934
93208.587956,1596.991310698121,625.751587491136
93220.425487,1606.720079259772,615.9498945292787
93228.538237,1606.720079259772,615.9498945292787
93240.590187,1606.720079259772,615.9498945292787
93248.34359,1616.5397138613475,600.2142527541992
93258.929714,1616.5397138613475,600.2142527541992
93268.846865,1616.5397138613475,600.2142527541992
93278.407555,1630.7906192576809,587.5678817630093
93288.613442,1651.278579816263,576.2991395965267
93299.297432,1651.278579816263,576.2991395965267
93308.010838,1671.3804934457119,566.6321273023981
93318.05494,1724.5423137263508,526.6802240639422
93328.003618,1776.5226697244964,485.13709453177916
93337.934954,1863.604986504582,412.50951549848656
93350.139181,1938.2896939837267,352.57773385389487
93365.034634,2003.0242409938319,288.7559600073459
93370.586344,2016.570050182672,269.4863533191559
93377.992282,2016.570050182672,269.4863533191559
93391.201211,1843.0666727231599,103.03988090609813
93398.528163,1766.9375976834774,159.4828861489014
93421.772387,1637.7431230595764,270.43618584925036
93421.773129,1637.7431230595764,270.43618584925036
93423.085394,1621.2377610798526,283.75616801495516
93433.088608,1579.0008547835698,316.46161294208497
93447.940361,1558.5838521155927,328.3341564184525
93453.138944,1555.8762683600469,331.6349412218723
93468.048389,1542.2477214897447,342.2052518411043
93473.087743,1526.7657069496386,359.9349245804311
93483.243193,1523.744713672644,362.83254919379516
93493.578207,1506.8647910104628,371.0304961913671
93503.433506,1500.2408169720384,377.94553209616765
93514.526547,1478.396200896332,394.54879327859453
93523.452953,1456.9799948166774,422.43311885389613
93533.274231,1447.5138086391862,428.5058938814296
93543.088277,1447.5138086391862,428.5058938814296
93556.161029,1447.5138086391862,428.5058938814296
93563.692899,1447.5138086391862,428.5058938814296
93573.060861,1447.5138086391862,428.5058938814296
93583.429261,1447.5138086391862,428.5058938814296
93593.09221,1447.5138086391862,428.5058938814296
93603.142512,1447.5138086391862,428.5058938814296
93614.043527,1417.214669162591,444.71400910243494
93623.443947,1327.774611199767,541.7637953950536
93633.429082,1248.425514289963,604.3162210276297
93641.645842,1154.5255593900179,647.2765727447984
93644.659089,1154.5255593900179,647.2765727447984
93653.268799,1120.1812540210205,685.320377709219
93663.145969,1120.1812540210205,685.320377709219
93673.51874,1120.1812540210205,685.320377709219
93683.395507,1120.1812540210205,685.320377709219
93693.114856,1120.1812540210205,685.320377709219
93703.166576,1120.1812540210205,685.320377709219
93713.237951,1120.1812540210205,685.320377709219
93723.089188,1120.1812540210205,685.320377709219
93733.144088,1120.1812540210205,685.320377709219
93743.087778,1120.1812540210205,685.320377709219
93753.45934,1120.1812540210205,685.320377709219
93763.360013,1120.1812540210205,685.320377709219
93776.129506,1120.1812540210205,685.320377709219
93783.084645,1120.1812540210205,685.320377709219
93793.134563,1120.1812540210205,685.320377709219
93803.133243,1120.1812540210205,685.320377709219
93813.848202,1120.1812540210205,685.320377709219
93823.139256,1120.1812540210205,685.320377709219
93833.139171,1120.1812540210205,685.320377709219
93843.087794,1120.1812540210205,685.320377709219
93853.644048,1120.1812540210205,685.320377709219
93864.147072,1120.1812540210205,685.320377709219
93874.208952,1120.1812540210205,685.320377709219
93886.36573,1120.1812540210205,685.320377709219
93893.588304,1120.1812540210205,685.320377709219
93903.095519,1120.1812540210205,685.320377709219
93913.085958,1112.2975789207333,687.663974029783
93923.085001,1112.2975789207333,687.663974029783
93933.380941,1112.2975789207333,687.663974029783
93943.14124,1112.2975789207333,687.663974029783
93954.276052,1112.2860884549857,687.6601104443986
93963.094239,1112.2860884549857,687.6601104443986
93973.42181,1112.2860884549857,687.6601104443986
93984.077957,1112.2860884549857,687.6601104443986
93994.151834,1112.2860884549857,687.6601104443986
94004.066838,1112.2860884549857,687.6601104443986
94015.04478,1112.2860884549857,687.6601104443986
94023.539204,1112.2860884549857,687.6601104443986
94033.144147,1112.2860884549857,687.6601104443986
94043.378933,1112.2860884549857,687.6601104443986
94054.489175,1112.2860884549857,687.6601104443986
94063.096108,1112.2860884549857,687.6601104443986
94073.096153,1112.2860884549857,687.6601104443986
94083.155427,1112.2860884549857,687.6601104443986
94093.544136,1112.2860884549857,687.6601104443986
94103.706626,1112.2860884549857,687.6601104443986
94113.141145,1112.2860884549857,687.6601104443986
94123.142234,1112.2860884549857,687.6601104443986
94133.212318,1096.6072435559715,669.9044150317461
94135.707207,1096.6072435559715,669.9044150317461
94143.144844,1086.7392423712422,636.6110632464168
94153.143774,1052.250022869469,588.1664686947257
94163.14378,975.3736046425804,512.1610380652937
94173.165295,912.2451583896456,458.39484419686875
94183.095176,853.0297309364048,406.2688306470514
94200.468688,778.617608024949,332.8616877376635
94203.640866,725.7182804459026,285.23727729654735
94213.465061,672.3440301423575,249.07882839810884
94223.454658,613.385044183871,236.67362670750208
94234.087418,565.8506893633358,295.381350011142
94244.15329,544.8810117951049,318.90943539174015
94255.04038,544.8810117951049,318.90943539174015
94267.962043,269.4165806303464,626.7967873166003
94267.962729,269.4165806303464,626.7967873166003
94269.633723,269.4165806303464,626.7967873166003
94281.311157,250.1189555794382,651.3983767066562
94294.431955,189.06900724638913,713.6534963864225
94307.199222,164.18204712060088,750.441354382594
94312.702091,114.4749135715363,800.3322080757846
94312.702776,114.4749135715363,800.3322080757846
94317.143396,94.89518339554111,823.6399210494271
94328.408448,66.08589401745908,856.4337636994405
94337.188358,50.13684989245285,875.863776402267
94348.468628,7.656034397322794,905.9500783654821
94357.097447,-8.783658237458967,940.8473562472553
94369.336309,-30.049159489877074,974.215279105634
94377.821934,-65.847900937881,1006.7254405131905
94387.150398,-82.74610490943803,1025.519959908592
94397.201143,-106.9681785184459,1054.3120827602133
94407.781991,-127.62328898217507,1071.451743309985
94417.486325,-127.62328898217507,1071.451743309985
94428.067799,-152.5147795963927,1100.329085954933
94438.672046,-192.93224139386285,1143.5290717893774
94447.094633,-224.71085490388162,1179.4992523421054
94457.464872,-248.58380237743958,1210.430815207282
94468.140122,-269.7470720607802,1238.0190090789877
94479.453405,-249.36607914910704,1262.2242856389328
94487.543625,-220.69636782875355,1251.3372494401217
94497.471273,-184.0293258392603,1202.2639073635319
94507.430444,-181.6366901693115,1198.785330067461
94517.428764,-181.6366901693115,1198.785330067461
94527.669097,-181.6366901693115,1198.785330067461
94537.605012,-181.6366901693115,1198.785330067461
94548.107474,-181.6366901693115,1198.785330067461
94558.490595,-181.6366901693115,1198.785330067461
94568.060678,-181.6366901693115,1198.785330067461
94578.9089,-181.6366901693115,1198.785330067461
94587.691386,-165.4741436312067,1173.8676696575114
94597.633275,-150.73912449946434,1152.082683991864
94607.421928,-179.74706695943988,1138.8474904031686
94617.673024,-204.34331828899104,1155.1636782209262
94627.675986,-238.46545056631533,1192.7068114244285
94637.548621,-253.76908946274486,1212.491366120459
94651.262183,-290.2010145980532,1247.6341218540126
94657.589228,-332.7654872345048,1302.9142094676658
94668.087445,-369.78518343605094,1345.8082334532542
94677.520232,-411.4058483690223,1393.4336225885154
94688.81243,-446.14120132098714,1429.8082037877293
94698.429648,-480.48184750481414,1476.271810360847
94707.596631,-451.60707728718194,1541.7349859950361
94717.137523,-477.9708426245821,1589.3713459095034
94727.553342,-524.1938670397607,1588.7287589470363
94737.143098,-524.1938670397607,1588.7287589470363
94747.596091,-534.4050397397477,1582.779639084977
94758.349122,-552.0409214840347,1577.2401399457383
94768.527461,-620.54300153244,1517.2933941724468
94782.492465,-673.2273801920667,1487.1311828806774
94787.192475,-698.0943295425405,1481.1655316254787
94797.192808,-714.163371493114,1505.4153508912764
94807.202656,-737.649038266463,1534.3539458669939
94817.905973,-782.4564561365704,1520.0845802231154
94827.715324,-776.3515886428731,1492.369161924718
94837.140925,-770.1442053539436,1475.6437738841262
94847.56317,-770.1442053539436,1475.6437738841262
94857.654078,-770.633031261655,1471.178854182989
94871.917519,-772.9751952657306,1462.212124427693
94878.93468,-774.9782341510207,1459.7752524712657
94887.529026,-825.0557295852435,1440.0530536550211
94898.345081,-897.3183313731902,1416.9143554296775
94908.266993,-960.7045052445285,1401.726159263085
94917.194339,-973.9611375826817,1457.356933079435
94927.270034,-928.5819500400156,1404.9821853493775
94937.785362,-862.0442890026736,1274.0125985565026
94948.881319,-826.9681477722327,1214.5814221729615
94957.146237,-826.9681477722327,1214.5814221729615
94967.148138,-798.285671406279,1172.1710473186274
94977.615137,-747.6220049591319,1034.8398484603624
94987.096059,-793.9757296432721,827.4263078503907
94997.537211,-874.1288999252947,751.3867049000545
95008.515751,-874.1288999252947,751.3867049000545
95017.197156,-874.1288999252947,751.3867049000545
95027.848429,-874.1288999252947,751.3867049000545
95037.128327,-874.1288999252947,751.3867049000545
95047.233874,-887.2099681544175,748.1816679517046
95057.830716,-1020.6608105927497,693.6898433065753
95067.748204,-1080.1110956060463,691.5227551406635
95077.568177,-1114.2369541059877,766.965516821832
95088.133132,-1221.4091719102953,852.7247545717725
95100.493632,-1335.3158361809194,917.5631752386911
95107.146887,-1377.406713247587,950.6112416234508
95117.544041,-1435.1017022189303,871.6217473287651
95127.479668,-1435.1017022189303,871.6217473287651
95137.549365,-1455.4275123467673,860.3734437242724
95147.585659,-1459.432594746566,850.4058670487859
95157.611913,-1482.9053006182755,825.3554324960601
95167.58009,-1504.6418091164262,813.6442678042475
95177.587476,-1528.4879082578366,799.7074703107089
95187.62285,-1542.3503859674765,792.4774440845642
95198.732088,-1545.5179633649832,791.0243340708151
95207.789861,-1557.3325472783351,770.8880300601627
95217.508224,-1525.27090695762,717.8655543389131
95227.521801,-1527.9961683827491,658.0208156471333
95237.651337,-1528.5835181221119,586.908017536751
95248.128904,-1545.2131725711668,553.264592439267
95257.112375,-1576.029506090302,518.6161903591317
95267.878883,-1576.029506090302,518.6161903591317
95277.11136,-1576.029506090302,518.6161903591317
95288.991439,-1576.029506090302,518.6161903591317
95298.487016,-1576.029506090302,518.6161903591317
95307.617773,-1576.029506090302,518.6161903591317
95320.7445,-1576.029506090302,518.6161903591317
95327.53725,-1576.029506090302,518.6161903591317
95338.299808,-2549.081965617781,254.26803439477064
95347.096585,-2636.542733406097,185.12075109587994
95357.178232,-2636.542733406097,185.12075109587994
95367.614991,-2655.5109312252694,145.60518367303678
95377.765376,-2659.624316513716,140.19597835893236
95389.538389,-2659.624316513716,140.19597835893236
95397.505092,-2659.624316513716,140.19597835893236
95407.670219,-2670.8315737588123,121.79774041724491
95418.149221,-2688.0320190345005,90.15284027703609
95429.554337,-2686.326386844822,62.460588382834665
95439.570968,-2747.1965017968214,-39.16108887496865
95448.029917,-2763.718522296426,-69.2425661811174
95459.355132,-2837.2546609316905,-150.85487109933823
95469.202432,-2998.7070615442985,-181.0442837810353
95477.218636,-3124.5854722696918,-130.76524052230135
95487.097681,-3237.176773340233,-89.28758637354933
95497.226767,-3375.288979338331,-49.24995883576727
95507.500577,-3386.414344739773,-49.845820989039744
95517.141262,-3386.414344739773,-49.845820989039744
95527.149677,-3386.414344739773,-49.845820989039744
95537.499478,-3449.7256047581977,-60.810857105348944
95548.256897,-3533.086840048031,-91.73092388079839
95557.188861,-3550.8070806049877,-104.82974883792146
95568.516989,-3550.8070806049877,-104.82974883792146
95577.678264,-3550.8070806049877,-104.82974883792146
95587.150856,-3550.8070806049877,-104.82974883792146
95600.970382,-3550.8070806049877,-104.82974883792146
95607.488178,-3559.860231791642,-112.39597286613416
95617.534485,-3636.94300341545,-182.40886729404522
95628.071416,-3654.3400658454066,-197.61029870127666
95638.726761,-3654.3400658454066,-197.61029870127666
95647.683509,-3713.5532226394407,-249.33354310399147
95658.439708,-3757.6675796916734,-299.67106854951106
95669.187333,-3759.598888150128,-301.943782390877
95677.656538,-3759.598888150128,-301.943782390877
95687.45388,-3759.598888150128,-301.943782390877
95697.495385,-3779.298970920195,-317.0337194843933
95707.51193,-3871.9659630273936,-377.62280730246255
95717.512769,-4004.234175687757,-388.3864658397641
95727.592684,-4132.896398121261,-335.42643601325665
95740.283206,-4306.124301823314,-266.8161811389256
95747.343453,-4406.832241209747,-216.05356043442023
95757.452073,-4431.22352477012,-192.45014534850543
95767.204988,-4431.22352477012,-192.45014534850543
95777.191505,-4451.857771100778,-199.3135659815112
95787.53008,-4470.502228946302,-276.8963959808823
97888.556416,857.0577583160051,-4536.403677282503
97890.625169,1039.8593808534647,-4365.906091178639
97900.716417,1082.9999323000543,-4324.105826311995
97910.694636,1082.9999323000543,-4324.105826311995
97920.636607,1082.9999323000543,-4324.105826311995
97930.923547,1082.9999323000543,-4324.105826311995
97940.627094,1082.9999323000543,-4324.105826311995
97953.46217,1127.0769748450605,-4284.54790765248
97962.485155,1201.2174844738224,-4210.697803948866
97970.624579,1277.096595290529,-4126.704834042153
97980.673673,1295.461883303983,-3967.21410765767
97993.686089,1265.5380282044202,-3860.9134963869924
98000.624443,1238.43864317541,-3754.62329085374
98013.076513,1203.1056405973068,-3607.6874127074584
98020.706811,1181.647459033721,-3511.2479803413007
98030.704791,1165.0318130530643,-3451.587193205349
98040.788362,1147.4029286254067,-3357.6610681825987
98051.337485,1124.4985039744333,-3244.803466564048
98061.136829,1117.6359749372832,-3091.2714219400427
98071.035497,1132.0622466364116,-2937.4133938186956
98081.005792,1143.0583110654327,-2801.024410916986
98091.279327,1158.5216775822316,-2646.788465751204
98100.688444,1161.7928955854663,-2428.5183178809425
98110.615632,1087.0309675000642,-2233.6181452559185
98123.189489,1057.5046290778546,-2067.876776046657
98131.400246,1073.1987481243225,-1940.7020245527983
98140.670808,1107.3907449811543,-1891.0554714874756
98150.670556,1140.1414740844502,-1855.4377644331905
98161.231935,1171.4707723391155,-1812.5561710531008
98170.672102,1188.7900496176762,-1779.208804646855
98180.80574,1208.0556647123105,-1744.5862252634827
98191.139213,1220.0537152641796,-1720.290731892586
98200.673392,1230.3663009827267,-1700.9494456574103
98211.171338,1230.3663009827267,-1700.9494456574103
98221.717921,1230.3663009827267,-1700.9494456574103
98230.646102,1230.3663009827267,-1700.9494456574103
98240.675485,1235.0235845803766,-1691.8981561342866
98250.664499,1259.2644248604845,-1651.0032497071286
98261.375126,1270.09023038829,-1640.0188612337843
98271.791243,1291.2484408920054,-1619.973766568877
98281.852626,1342.1156223975593,-1574.0128985826025
98291.243462,1419.6406435897773,-1504.6442965811327
98301.641201,1510.6555954657824,-1413.725170436365
98311.824115,1618.0124695319003,-1309.8160379360377
98321.186459,1638.9664799214327,-1298.3207372916954
98332.138,1638.9664799214327,-1298.3207372916954
98341.483847,1638.9664799214327,-1298.3207372916954
98351.044533,1638.9664799214327,-1298.3207372916954
98361.120445,1638.9664799214327,-1298.3207372916954
98371.151579,1638.9664799214327,-1298.3207372916954
98380.672611,1638.9664799214327,-1298.3207372916954
98391.176138,1638.9664799214327,-1298.3207372916954
98403.586207,1638.9664799214327,-1298.3207372916954
98411.105977,1689.5649554476365,-1257.1435078952536
98421.607249,1730.0642873473007,-1211.310097515928
98431.825757,1768.2030698343744,-1161.8255560680404
98441.830376,1787.8873966505512,-1138.940178675925
98451.705882,1787.8873966505512,-1138.940178675925
98460.950446,1787.8873966505512,-1138.940178675925
98470.948858,1787.8873966505512,-1138.940178675925
98481.369885,1798.296738219453,-1127.2107245746017
98490.955539,1817.9745765776174,-1088.1885892736964
98500.994774,1815.2513681164166,-1082.754485000303
98515.406983,1811.1661229806898,-1070.391345471971
98521.236524,1802.4173653976402,-1057.0071799265002
98530.586063,1802.4173653976402,-1057.0071799265002
98540.665486,1802.4173653976402,-1057.0071799265002
98550.675706,1802.4173653976402,-1057.0071799265002
98560.666381,1793.447438778456,-1041.3013876751643
98570.695704,1776.1566034405334,-992.1588018882474
98580.674264,1733.2279172339195,-896.270765182325
98590.893669,1715.295833847856,-847.4210458710344
98600.671851,1683.6439029914434,-773.1280104710223
98610.621895,1645.8204988835134,-697.3898916463182
98622.900358,1628.0071170308033,-638.5874037821043
98632.690615,1615.9656840189411,-620.2527232493175
98641.658064,1602.7293611021462,-563.2931965901747
98655.578575,1587.7746442138127,-525.4751860479832
98660.990011,1566.7589448057852,-478.31319689790985
98672.40983,1534.326778533886,-420.64809688961566
98680.707943,1519.557204598421,-373.96174276883517
98691.79818,1508.1071439809414,-334.8099605536914
98700.706438,1475.7821138406612,-252.3125839567366
98712.088577,1475.7821138406612,-252.3125839567366
98721.402324,1475.7821138406612,-252.3125839567366
98731.43774,1475.7821138406612,-252.3125839567366
98741.702677,1475.7821138406612,-252.3125839567366
98751.65842,1468.066364637982,-213.7614160938527
98761.855265,1428.4526011051732,-153.79667563977733
98771.729328,1415.7300200106579,-120.13582495699106
98781.028791,1384.5241627016128,-55.26938181076609
98791.089892,1391.549148102063,7.676601266576771
98801.14226,1385.8810818202805,36.127144081107836
98810.991473,1377.1605707684998,74.54747053527049
98820.946706,1288.7798807506463,145.7245500636698
98831.323761,1246.699304877222,172.69138576730325
98840.001819,1243.7078682699262,175.8133928754841
98840.002478,1243.7078682699262,175.8133928754841
98840.91404,1243.7078682699262,175.8133928754841
98854.644402,1243.7078682699262,175.8133928754841
98861.772371,1243.7078682699262,175.8133928754841
98872.445748,1243.7078682699262,175.8133928754841
98882.877885,1221.0977927663491,198.03917083086395
98891.644029,1185.3539661884436,261.40678020056345
98901.008914,1198.3103263701544,313.05286260116617
98910.985602,1248.3072122215628,373.9201722361717
98921.051743,1252.2158099419237,380.98344134992936
98957.945463,1236.0404926499502,497.5126159614759
98957.94612,1236.0404926499502,497.5126159614759
98963.574435,1252.0564832127427,518.1403279749575
98974.77265,1264.8317162138796,526.4654218100496
98983.087071,1264.8317162138796,526.4654218100496
98993.911135,1264.8317162138796,526.4654218100496
99003.019057,1264.8317162138796,526.4654218100496
99012.940856,1264.8317162138796,526.4654218100496
99022.651528,1264.8317162138796,526.4654218100496
99032.971181,1264.8317162138796,526.4654218100496
99043.503707,1281.9310511622855,536.603743276874
99054.815757,1324.4981961489152,567.9107272793126
99063.313001,1405.3566741713046,630.7741790881978
99073.140917,1512.0616627950683,715.2933553230199
99082.61922,1582.0162756040202,775.4885476827577
99095.905943,1636.37835869667,819.1182892136342
99102.611757,1716.811537463913,887.8688104862842
99120.70584,1762.5029845747695,922.9807886996166
99122.635159,1787.9304543690025,887.8908532462245
99135.410612,1797.0272696184898,876.100140093656
99142.625252,1797.0272696184898,876.100140093656
99152.890043,1797.0272696184898,876.100140093656
99163.191402,1797.0272696184898,876.100140093656
99173.646845,1797.0272696184898,876.100140093656
99183.616956,1797.0272696184898,876.100140093656
99193.508894,1797.0272696184898,876.100140093656
99207.357985,1797.0272696184898,876.100140093656
99212.851675,1797.0272696184898,876.100140093656
99224.006945,1797.0272696184898,876.100140093656
99233.07005,1797.0272696184898,876.100140093656
99243.180488,1797.0272696184898,876.100140093656
99253.15272,1815.7896309349146,842.2490554370331
99263.223001,1845.6615554479322,824.4238652329245
99273.579683,1883.3520809271884,788.4528531023414
99284.62391,1934.6391157027351,734.1780640500664
99297.628157,1988.5215900406492,675.7615368701463
99302.620215,1991.8716914503802,627.5035650855104
99312.570427,1940.243287466596,578.3131036392004
99322.620852,1897.3550769849853,534.5813771507391
99338.135113,1850.322960099885,487.0801065514915
99343.51401,1828.876827175466,465.36907903286726
99353.033198,1809.952254962879,448.11945916313744
99362.929946,1842.4167054142058,416.4898420548158
99372.943182,1923.3927833042158,349.861115033789
99382.519265,1980.25972474144,291.6695148915345
99393.869097,2010.8063116046496,259.47228395496234
99403.454461,2005.21701466817,246.77081013954626
99412.897059,2005.21701466817,246.77081013954626
99422.57024,1820.323342831813,45.20688117258347
99432.562317,1813.130136126646,15.91829121907891
99442.680356,1813.130136126646,15.91829121907891
99452.640968,1813.130136126646,15.91829121907891
99462.624041,1867.2037621817344,-24.842690113139774
99472.577475,1874.153719512557,-34.2239831436301
99483.006916,1875.66029224542,-43.955097281427925
99494.200535,1840.3444396687373,-91.14956282100599
99503.144219,1894.4678237819146,-148.73607235751663
99514.831799,1954.4053029541572,-193.03968921292523
99523.954286,1990.8158965436169,-241.2099561360618
99533.177275,1975.969512195554,-260.94855080776756
99543.089329,1975.969512195554,-260.94855080776756
99552.605486,1965.5071867723684,-271.9222118290727
99562.614864,1943.1695481958213,-294.9814014316109
99572.564874,1908.3891791733956,-340.99674129930855
99582.748266,1863.7455928826362,-406.3795423299015
99592.694189,1877.5100537455558,-452.5210764880063
99603.000536,1891.544376194884,-499.0245928428874
99612.520389,1914.2592072552152,-555.5887109075268
99622.520631,1914.6820904394674,-557.2113682167192
99634.68435,1914.6820904394674,-557.2113682167192
99642.67049,1923.415610639752,-582.859597339307
99656.074722,1930.6281190095842,-596.3687929987941
99663.009525,1942.4074057264447,-622.1658581914378
99672.895297,1956.640391148705,-662.6824191454957
99683.05263,1961.2851250504598,-678.295322740667
99697.497615,1961.2851250504598,-678.295322740667
99702.898649,1961.2851250504598,-678.295322740667
99713.024087,1961.2851250504598,-678.295322740667
99723.00265,1961.2851250504598,-678.295322740667
99733.737766,1961.2851250504598,-678.295322740667
99743.065597,1961.2851250504598,-678.295322740667
99753.746039,1961.2851250504598,-678.295322740667
99763.403157,1961.2851250504598,-678.295322740667
99774.255545,1961.2851250504598,-678.295322740667
99783.112859,1961.2851250504598,-678.295322740667
99793.472158,1971.2564554182031,-704.7809060524264
99803.112779,1948.6838058238766,-739.7747839853788
99812.938928,1889.4697227008862,-763.740014706831
99822.522372,1776.2459761197488,-808.5862285220852
99833.249445,1744.729128047556,-818.8228668868824
99845.453319,1732.6593887381796,-823.7857563551049
99853.235266,1641.6867573389454,-859.1684426103479
99871.288716,1545.327236397537,-857.7469241221643
99872.579297,1446.0648655338289,-833.2284472589475
99882.618899,1349.1722317478618,-807.1749340305437
99893.025125,1286.2271924806464,-788.9886087362041
99902.620139,1214.519099567163,-770.4162767411466
99912.601753,1111.997949120132,-746.3859968174868
99922.788312,1047.2476346798373,-730.221780876728
99933.412037,1019.6145943510099,-723.2671558874163
99944.253277,956.4626259395446,-729.778302265969
99954.318256,940.6121112853134,-778.0385796882493
99964.10793,940.6121112853134,-778.0385796882493
99972.8965,928.523714580025,-812.3338843010208
99983.633646,910.7921581180512,-850.9661393595169
99994.52595,892.8130277286144,-857.9504250862599
100002.969574,892.8130277286144,-857.9504250862599
100013.683526,892.8130277286144,-857.9504250862599
100022.950743,886.2122947867115,-854.3179203321781
100032.883721,749.4655655773516,-853.0155027409883
100042.621494,630.1921311042004,-914.4611415460934
100053.012308,591.2739014333523,-1053.442643913389
100075.671371,551.9216125747034,-1254.9352071023034
100075.681323,540.3164885572826,-1309.6869898425152
100076.009885,540.3164885572826,-1309.6869898425152
100076.010455,540.3164885572826,-1309.6869898425152
100076.931193,540.3164885572826,-1309.6869898425152
100087.011269,540.3164885572826,-1309.6869898425152
100098.503181,537.1032903458325,-1326.6552506008686
100107.41451,518.7739975333358,-1380.0902237554483
100118.665732,427.4360557521621,-1497.832111367908
100127.436935,340.11487332972007,-1591.5879411684605
100139.034109,254.26089498127203,-1680.6977879967965
100147.50188,152.53078767881433,-1785.7013733520375
100156.959314,142.13504583067373,-1795.8896103548389
100167.018959,142.13504583067373,-1795.8896103548389
100177.022942,142.13504583067373,-1795.8896103548389
100187.018829,142.13504583067373,-1795.8896103548389
100197.929552,116.36780777465016,-1828.27484960435
100207.36691,24.354215463488348,-1940.0068012049987
100217.655372,-34.11266810189893,-2063.46779198694
100227.019977,-77.73893907488738,-2156.7238132680413
100237.018372,-103.47854827300651,-2176.3889018097475
100247.023657,-133.51014408847215,-2192.712265433249
100256.960272,-156.82214856156082,-2230.377194961938
100269.444246,-130.73736883692965,-2276.0967885760806
100277.894479,-154.14118377888337,-2334.44914128493
100286.965198,-155.27566780015485,-2335.8625913372
100296.965168,-155.27566780015485,-2335.8625913372
100307.013937,-155.27566780015485,-2335.8625913372
100317.595826,-161.25810020789646,-2349.496098901494
100327.316973,-173.8010868761072,-2429.1419775288214
100337.378256,-178.88199854606003,-2457.966821723097
100352.242961,-190.15295716753147,-2548.7669981345407
100357.281924,-208.19335341474675,-2665.602132707167
100367.017298,-211.6120494907248,-2704.00880973498
100377.018418,-211.6120494907248,-2704.00880973498
100387.822496,-211.6120494907248,-2704.00880973498
100410.776246,-211.6120494907248,-2704.00880973498
100410.78358,-211.6120494907248,-2704.00880973498
100419.363989,-211.6120494907248,-2704.00880973498
100428.236564,-213.61178160276253,-2707.442310779653
100439.344878,-223.75908404692282,-2761.8892683360978
100447.431396,-232.42740194143826,-2816.076690519741
100457.517728,-239.18202261676504,-2844.4009036770226
100467.309561,-236.72088688218082,-2926.05844494658
100477.410256,-254.0109312390436,-3031.74378994498
100487.32871,-263.85353148942824,-3124.0041265744703
100497.425596,-278.0881065241743,-3235.1492256020497
100506.967241,-296.39011814148097,-3395.033298612562
100517.017095,-304.5540899672457,-3437.3456898616287
100527.418791,-304.5540899672457,-3437.3456898616287
100537.858012,-304.5540899672457,-3437.3456898616287
100547.29044,-307.14599240591036,-3490.6114724836466
100561.308032,-320.9801026657691,-3597.578238832319
100567.022627,-338.1463780026448,-3718.503085810806
100577.022481,-340.1783060980156,-3733.2612344221234
100587.021125,-340.1783060980156,-3733.2612344221234
100601.94144,-340.1783060980156,-3733.2612344221234
100605.773625,-348.5440464620354,-3765.8752819710985
100605.774186,-348.5440464620354,-3765.8752819710985
100606.908119,-348.5440464620354,-3765.8752819710985
100618.035235,-406.60559307425825,-3842.8174633277326
100627.851911,-514.1277047550522,-3966.945903826844
100636.961953,-549.6430900925694,-4008.328190094443
100648.480291,-549.6430900925694,-4008.328190094443
100657.230328,-565.368400180246,-4053.606087363745
100667.911788,-629.6332724692717,-4134.565976017624
100677.252129,-699.1225380132779,-4192.573271525613
100687.141489,-720.7005774925103,-4290.0186491027225
100696.918792,-733.0524314666143,-4380.337235179774
100706.907245,-736.8640065905171,-4399.820545003656
100717.458463,-736.8640065905171,-4399.820545003656
100730.791338,-737.9628307197064,-4401.631599588006
100737.06641,-750.2962770276848,-4458.207583852182
100747.322096,-785.7597129488071,-4610.122785612003
107004.117406,-756.1497414501499,-4548.027995303898
107014.167323,-731.2039434467896,-4459.757503041653
107028.140949,-729.3905823752501,-4445.941781280687
107034.916224,-729.3905823752501,-4445.941781280687
107044.232256,-729.3905823752501,-4445.941781280687
107054.200565,-719.2896985766431,-4383.510286156074
107064.174763,-702.2228505079164,-4292.831730364303
107074.214778,-682.0052613912203,-4194.010278287499
107087.942866,-557.4960934409505,-4066.855431210045
107094.113278,-486.6505798884057,-3956.726171900431
107104.152024,-398.0044324941859,-3836.7603303953897
107115.477171,-377.48257571515484,-3813.869513116151
107124.576979,-377.48257571515484,-3813.869513116151
107134.424746,-377.48257571515484,-3813.869513116151
107144.410508,-365.6418264551872,-3800.7668038823485
107156.461782,-333.24420341995886,-3729.0532328020977
107164.117809,-321.7643164325354,-3614.815979241669
107174.279122,-295.6125058936036,-3473.749371797264
107184.119146,-285.631109982187,-3396.604859508776
107194.084754,-282.0607189544865,-3319.2417089971113
107205.554911,-270.5841848398724,-3212.943872465289
107214.173621,-269.73292824598053,-3209.7108402659032
107224.163374,-264.2202153206603,-3177.327333627374
107237.406798,-255.68539871290736,-3088.3422999555964
107244.16424,-246.31922047166347,-3003.4239705208806
107256.507789,-241.73259417421534,-2967.253733706177
107264.180385,-241.73259417421534,-2967.253733706177
107275.899881,-241.73259417421534,-2967.253733706177
107284.179738,-237.322581278233,-2937.2579147566894
107294.456847,-239.92636867356478,-2869.328906923993
107306.330395,-238.82515526669835,-2850.266942604755
107314.473233,-218.27356814591366,-2766.432927736291
107325.227074,-200.77399877946297,-2626.5604826506155
107335.982702,-185.69196291066442,-2514.698906469254
107346.864249,-168.62728925185178,-2414.245332982032
107354.162039,-167.7734737699116,-2400.1399852520913
107364.162067,-166.57004747712077,-2396.8347561112
107374.171909,-164.00831116722958,-2360.2621385281304
107384.121933,-106.14405564052599,-2279.254700920727
107394.501876,-81.50376439639948,-2242.979338607486
107407.811842,-80.55188074698496,-2191.455445734331
107416.743887,-78.2142408704781,-2158.545652053088
107424.133163,-38.9860590009206,-2090.837745704629
107434.182251,10.715849724711386,-1989.7738582688369
107445.629849,98.12945293859558,-1844.8333900677264
107454.984496,124.30839646851915,-1817.742736423474
107466.100288,115.05786537755021,-1756.1477859572285
107474.075257,100.73646998454134,-1634.8424348175713
107484.18327,152.18801392130572,-1571.8300456351642
107494.183153,196.64517073430835,-1489.463087624516
107504.181305,181.93488403484463,-1360.907537764401
107514.123916,169.4558178919914,-1300.5623052252172
107525.677682,182.6630062417552,-1288.3784657548813
107534.131654,159.63300384990043,-1253.4051957605163
107544.676338,81.09000257122516,-1198.0691843560992
107555.354757,5.879053791795922,-1122.8583649936052
107564.175335,-75.45781986216682,-1027.821188619579
107574.186402,-118.04880080399965,-978.3500087255745
107588.08972,-98.99950836957193,-929.5537395905194
107595.099121,-122.51776588793606,-836.696833656881
107607.463334,-148.81316188199435,-761.0494140330364
107614.363383,-158.42456136229512,-721.9756765728539
107628.636229,-175.51502288910748,-660.9043967244204
107635.779627,-197.40497333504626,-580.8750422647985
107645.381919,-179.89299100740482,-498.23884190718655
107654.093904,-122.0062199009014,-420.0607712173283
107664.668662,-75.10430066390376,-370.6116085728248
107674.518263,-58.701799594452716,-299.91745114025883
107684.465294,-49.54975223958024,-235.52560170296
107695.507862,-51.52083552465415,-225.0156617835977
107705.59282,-48.15846111570963,-191.97391354014633
107714.074049,-2.6983039751811972,-142.38220857813428
107724.990045,3.9441740687899642,-133.900960291294
107734.121169,3.9441740687899642,-133.900960291294
107744.816063,4.657436986709598,-128.7374552585323
107754.791108,-1.3432808426550262,-109.96157062189454
107765.486098,-10.902446995030388,-84.29963896807057
107775.609586,-55.26712944270232,-46.10730164782465
107786.465007,-58.59578532138907,-44.194378118656324
107795.427801,-58.59578532138907,-44.194378118656324
107804.61196,-75.30664177799743,-32.98751462168973
107816.236369,-107.53962284685596,-41.983080395022604
107824.66643,-128.32869515187605,-44.9827390024141
107834.145632,-186.21062537581923,-53.644439308173915
107844.114729,-202.11886119525656,-59.167366157682196
107854.131615,-246.3835377780375,-76.91342418947725
107864.574391,-286.67460927802716,-87.58841998236792
107875.331733,-316.2172230693394,-101.28007072971246
107885.213136,-341.3329700639045,-94.21796925698506
107896.803444,-420.54837080452603,-91.30091328280271
107904.448333,-451.33668774219626,-102.60708329325566
107905.023342,-451.33668774219626,-102.60708329325566
107914.289418,-482.1400190230229,-102.27405585331341
107924.87806,-513.7162370069082,-90.75051215043669
107934.86412,-520.9765490134582,-87.04770725994308
107944.529746,-574.0866013476328,-66.87430859045315
107954.173552,-688.4924930703194,-38.27759217237672
107964.463992,-714.9931484820705,37.84680071652132
107975.840202,-723.2337049042716,152.8816031900722
107984.614807,-738.4425687985491,259.2444192151808
107996.526706,-740.7572515071355,300.2046447772538
108005.296454,-745.4198300966191,342.98257022644043
108014.085738,-799.9745556779027,389.7805810318138
108025.423539,-842.5055956045321,404.184651805661
108034.132302,-881.6466207111434,490.83912598364293
108045.875397,-903.7910922074612,534.9334160112929
108054.50815,-903.7910922074612,534.9334160112929
108064.515838,-903.7910922074612,534.9334160112929
108074.186969,-903.7910922074612,534.9334160112929
108084.598549,-903.7910922074612,534.9334160112929
108094.413836,-903.7910922074612,534.9334160112929
108104.939608,-903.7910922074612,534.9334160112929
108114.530253,-903.7910922074612,534.9334160112929
108125.216542,-903.7910922074612,534.9334160112929
108134.557794,-903.7910922074612,534.9334160112929
108144.523508,-900.9660120092394,583.7833006010467
108154.745665,-795.2419003889323,641.7955648456548
108182.410377,-662.5006563378911,800.0377150502183
108182.411073,-662.5006563378911,800.0377150502183
108187.753362,-662.5006563378911,800.0377150502183
108195.592102,-662.5006563378911,800.0377150502183
108205.58251,-662.5006563378911,800.0377150502183
108217.535571,-655.7908870937265,833.2144348027822
108227.473973,-629.4112494905819,906.0806553280268
108236.489662,-622.1884851453487,995.5298409549387
108245.963251,-631.3092921221125,1081.4530250026407
108256.216122,-654.0680392465947,1171.4349367757532
108265.990797,-754.6730362245835,1349.627404580569
108276.141132,-796.3900714111646,1419.6920989077885
108286.457247,-804.9864955844363,1438.86891387601
108295.958286,-845.8283991323755,1559.9653156416102
108307.615223,-881.399218413243,1671.7873386453464
108315.628523,-950.4946939515141,1670.8074110209711
108325.561212,-1037.221215084626,1630.3055557974417
108336.846945,-1121.709488475395,1607.8335881829344
108346.361878,-1162.9008129769657,1588.9746152129326
108357.454542,-1247.8233233761102,1554.4670809603676
108366.136086,-1315.9252996393934,1530.399896192068
108375.601414,-1344.2538200085678,1530.9130972246053
108386.28724,-1356.873873290165,1556.8623448409794
108396.302272,-1356.873873290165,1556.8623448409794
108406.807889,-1356.873873290165,1556.8623448409794
108416.74285,-1356.873873290165,1556.8623448409794
108427.496441,-1356.873873290165,1556.8623448409794
108437.912602,-1356.873873290165,1556.8623448409794
108445.921195,-1363.9867593707968,1565.4736219495837
108456.551951,-1381.8499075209852,1627.774374717754
108466.025063,-1405.514426754155,1692.3632913284582
108475.925538,-1433.4584246596896,1779.9272285958868
108482.836706,-451.33668774219626,-102.60708329325566
108486.037304,-1381.40486108956,1789.2433730678981
108497.517595,-1312.4862009609228,1804.8526314084113
108505.592978,-1274.796624729281,1818.4638280504514
108515.57688,-1252.451718512458,1826.0034435708621
108525.560398,-1247.1966575889353,1830.3922394562087
108536.597459,-1201.7149599691652,1855.9123824436547
108547.007662,-1201.7149599691652,1855.9123824436547
108555.620918,-1201.7149599691652,1855.9123824436547
108566.077546,-1201.7149599691652,1855.9123824436547
108577.324026,-1201.7149599691652,1855.9123824436547
108586.049008,-1177.8742011405461,1841.2196714672789
108595.916799,-1153.2125891150245,1722.8501396683334
108606.136013,-1142.3229772825994,1609.7909000213021
108615.57355,-1114.4048141379913,1525.4581233531178
108626.169272,-1037.8201244008012,1441.4677456650613
108635.609468,-1010.3837338207143,1402.7022932464413
108646.210203,-1003.8797205710042,1387.3536430942174
108656.755744,-1028.6679765012623,1369.779940458909
108667.340524,-1101.5655912755108,1345.1348560460053
108676.24522,-1156.4134875561583,1333.0264432635838
108687.513189,-1187.5641903928822,1322.3574858513978
108695.657266,-1187.5641903928822,1322.3574858513978
108705.808944,-1222.3143697463454,1309.9113357688218
108716.058312,-1234.783501275981,1302.9423724699293
108726.593878,-1233.5949747481222,1292.674586036638
108736.30677,-1223.1771201886982,1263.8332953608028
108747.377039,-1174.022063910114,1193.071486897892
108756.242338,-1151.585855863442,1105.7534010500917
108768.093739,-1134.4585203067732,1057.0204003424976
108776.028879,-1121.0426478775764,991.9688250348969
108786.845227,-1117.3182039838105,981.3876529280667
108795.650842,-1117.3182039838105,981.3876529280667
108806.47279,-1111.1550046534846,960.9383251996128
108815.894287,-1163.5600735209377,945.6991854141447
108825.948331,-1225.008934305309,936.1925333991793
108839.278807,-1292.2971465785718,945.3170998119888
108845.590017,-1299.4355815436418,950.1679393661996
108855.581951,-1299.4355815436418,950.1679393661996
108866.5655,-1328.1986933435032,962.5565943623911
108876.641743,-1361.564125733907,961.8898147827097
108887.189299,-1391.8436417618045,941.3573021114255
108896.009895,-1438.4732870655844,884.8335989102973
108905.997058,-1495.189500460164,820.3727139924931
108916.749379,-1551.106447724992,794.3269996388624
108925.573187,-1543.3106289953764,739.6709572305756
108935.574645,-1525.6541385080009,702.0454704930215
108946.049658,-1530.6755885960233,665.8993569190118
108957.041763,-1529.7878731270293,611.4701453498461
108965.919573,-1552.7709968532147,543.8811240292546
108975.581587,-1580.5977427854016,514.8986092815649
108976.229548,-451.33668774219626,-102.60708329325566
108985.600931,-1580.5977427854016,514.8986092815649
108995.64039,-1670.5378342574963,238.09622842558352
109006.094897,-1643.0149896380224,176.8897359124015
109015.589514,-1616.207396545573,137.85823438296194
109026.124092,-1614.571138773379,136.1961705155594
109064.97381,-1548.5318119901272,26.29568256634105
109064.974518,-1548.5318119901272,26.29568256634105
109066.935322,-1535.16741724571,3.2873470041690047
109076.861375,-1495.1772912257402,-64.73802566043608
109087.266701,-1478.5942790382323,-92.6256305800329
109097.279785,-1478.5942790382323,-92.6256305800329
109107.342955,-1478.5942790382323,-92.6256305800329
109116.855216,-1436.2968987265035,-150.62913685360164
109127.279659,-1381.0689067778292,-205.01570985322735
109136.863507,-1319.5720623691661,-267.7222883188763
109147.697324,-1248.990775296748,-339.20076400319596
109156.8605,-1202.267828113902,-387.2264117590342
109166.863758,-1181.1619976433615,-411.99761550112265
109177.676071,-1127.5396404505993,-469.63584403866054
109190.826891,-1088.7051729796942,-511.6132551057185
109196.908388,-1034.089271144848,-569.7998699713967
109207.966547,-1019.4146600649809,-586.3579537739514
109216.892364,-988.4444966559851,-619.0845896411066
109227.483679,-929.4455035893819,-670.9198547468947
109236.856908,-777.1702590430249,-726.7474987402621
109247.441179,-730.0824695099509,-731.9623671592478
109257.82638,-730.0824695099509,-731.9623671592478
109267.479908,-730.0824695099509,-731.9623671592478
109276.900176,-697.0594950973106,-742.1214530912425
109288.941014,-610.9315706095159,-757.3212375003127
109298.197414,-495.21604918347776,-801.6739697245305
109307.798966,-409.41327002907485,-841.3638882258149
109320.401631,-352.3163109120051,-906.3423010280391
109329.022625,-321.12659155477786,-1001.2227702013292
109336.952308,-346.5729870189984,-1090.2786712740049
109346.953585,-406.1931972293897,-1188.272332534977
109356.915929,-538.586449047421,-1334.5328601349654
109366.9558,-627.9873535288178,-1426.4979813522689
109377.247766,-648.7758818929807,-1446.6042855886824
109386.894898,-648.7758818929807,-1446.6042855886824
109396.908485,-648.7758818929807,-1446.6042855886824
109407.286441,-660.1476445974582,-1457.7231425007794
109424.286686,-623.9054047669758,-1522.062208185106
109426.960017,-568.789881149609,-1576.6341782549562
109437.292476,-564.9082999178283,-1580.6652166590163
109447.206446,-535.6077862657784,-1602.9334193418008
109456.895478,-535.6077862657784,-1602.9334193418008
109467.245487,-541.9601068407251,-1612.452597855518
109477.193299,-541.9601068407251,-1612.452597855518
109487.20052,-524.7579128010202,-1631.9449810390106
109497.317832,-482.28543523173124,-1695.178311355119
109512.081457,-437.67665404812686,-1784.7995088243345
109517.864195,-411.1557515364733,-1835.7755217165704
109526.956942,-390.06842574916743,-1876.3611651944414
109536.957462,-386.92257406141096,-1883.7809159864514
109549.729341,-386.92257406141096,-1883.7809159864514
109556.910515,-362.32560713927893,-1925.14395939046
109566.960946,-342.9477617436759,-1969.0978722104962
109578.916789,-328.4226961715763,-1992.7228092772714
109586.967601,-311.9963377190583,-2031.5078927775096
109597.564722,-388.28854918223783,-2072.6130726497845
109606.911324,-413.3268821900963,-2082.3649705720736
109618.764952,-413.3268821900963,-2082.3649705720736
109627.898249,-413.3268821900963,-2082.3649705720736
109639.471393,-413.3268821900963,-2082.3649705720736
109648.051097,-413.3268821900963,-2082.3649705720736
109657.000991,-413.3268821900963,-2082.3649705720736
109666.968782,-434.61872092276957,-2101.088882753513
109677.869627,-460.7784382760455,-2108.719399243086
109686.96493,-460.7784382760455,-2108.719399243086
109696.964639,-460.7784382760455,-2108.719399243086
109707.503918,-480.11613659029115,-2109.301887249182
109717.258692,-517.1922606842878,-2076.487440676693
109727.362775,-526.804111186784,-2058.093748467997
109737.276238,-545.727245886799,-2014.7558421274066
109747.484407,-511.51874942099187,-1986.5217798686367
109756.947276,-479.48144300551036,-1966.2575015201455
109766.895444,-438.75355709775357,-1946.8497252839652
109776.985698,-379.0603718551968,-1916.5376024628715
109786.968397,-370.4724936373929,-1913.521902002896
109797.231644,-370.4724936373929,-1913.521902002896
109807.308964,-370.4724936373929,-1913.521902002896
109817.20442,-370.2742788357585,-1884.4495730554734
109827.75871,-398.96226231017,-1829.2843209181376
109846.727785,-431.88836328324714,-1749.1594191454092
109846.865355,-474.2126980079755,-1671.121775824448
109857.99654,-486.2563991853311,-1638.9874226868508
109867.886482,-486.2563991853311,-1638.9874226868508
109877.355899,-507.88995195389333,-1587.7875416979675
109886.913315,-494.5075973734102,-1481.2426735907623
109897.053979,-335.00562137761045,-1308.7979127067779
109906.913532,-230.04369931822313,-1196.8745282604236
109917.641399,-218.3003295609498,-1176.0818765386555
109927.842051,-218.3003295609498,-1176.0818765386555
109936.911227,-218.3003295609498,-1176.0818765386555
109953.226379,-207.96746164037526,-1148.2805555569125
109957.046552,-156.95165263428726,-1042.4310492318116
109969.859907,-151.18001174214143,-1031.7470740379845
109979.055201,-151.18001174214143,-1031.7470740379845
109987.436401,-145.23110694256698,-1020.5432898724472
110001.051885,-108.99535766223273,-951.4545621361959
110013.256685,-113.93881523708124,-852.0866732740456
110019.254436,-161.90710008269613,-708.8164728241887
110026.919691,-195.1254722337973,-595.3959786481847
110040.20054,-179.7048662695525,-493.7281062087429
110046.908446,-106.88003857882505,-406.7726445732035
110058.00806,-67.45453793117781,-360.1992594829304
110067.97704,-44.897646497611014,-272.36473615725816
110078.93375,-42.81477396909029,-189.58005737100768
110088.123951,0.29619069046827895,-137.6758819989403
110099.005258,3.0710057217172735,-90.76958000951637
110108.761718,-34.79399728312426,-36.82656492987877
110118.039746,-43.56984841363196,-34.17963136005306
110128.417744,-73.18595696981345,-34.084916062223996
110136.890893,-143.59218788586486,-35.628753303367844
110147.449771,-203.0051159543367,-49.607310878317264
110157.252133,-265.4906256042912,-82.26099690645643
110168.745066,-329.38282583996414,-101.77958422158869
110176.970054,-387.5382625102826,-114.26942315260615
110191.263282,-457.35636921239586,-107.8405640122836
110197.354269,-502.72593409316124,-99.82509664707601
110207.434457,-520.5822643561631,-105.94551183488211
110217.435299,-532.4210327182924,-188.69565004675155
110227.205423,-482.8925539559031,-229.91978011869446
110237.296973,-465.0406220015242,-229.2946402774463
110247.516116,-458.99057738098395,-240.6666582938544
110257.387845,-325.24930913148575,-227.5688757855592
110266.887291,-220.58381287235144,-219.7893852205812
110277.398533,-183.8823286214937,-249.11307970162446
110286.913312,-146.51484475763706,-277.761893415453
110296.967992,-122.3622166875284,-299.36320395762465
110307.418707,-98.5133676263645,-319.34892998064623
110317.450867,-61.89200812177876,-285.9009760970264
110328.209339,-56.3668728489808,-221.96652120968423
110337.352007,-36.893180164583626,-163.21032521189878
110347.394778,0.037960282186103325,-116.91718022527277
110357.504467,-1.9115059270121866,-92.96359366388768
110367.63182,-13.853055849670868,-28.282852135071405
110377.487868,26.75405592393525,-13.745193367328795
110386.924891,56.17697468638666,-14.527197923055436
110398.085173,56.17697468638666,-14.527197923055436
110407.255417,56.17697468638666,-14.527197923055436
110418.591679,56.17697468638666,-14.527197923055436
110427.251841,56.17697468638666,-14.527197923055436
110437.318353,36.883605308949726,0.4695134396662176
110447.455523,-3.646910797716342,0.2347306291111124
110457.394727,-5.543402869164716,-1.067871765839808
110467.435046,-5.543402869164716,-1.067871765839808
110477.130185,-5.543402869164716,-1.067871765839808
110489.444071,-5.543402869164716,-1.067871765839808
110497.719152,-5.543402869164716,-1.067871765839808
110508.207146,-5.543402869164716,-1.067871765839808
110517.560872,-5.543402869164716,-1.067871765839808
110528.261118,-5.543402869164716,-1.067871765839808
110536.976947,-5.543402869164716,-1.067871765839808
110547.398061,-5.543402869164716,-1.067871765839808
110557.217725,-5.543402869164716,-1.067871765839808
110567.551387,-5.543402869164716,-1.067871765839808
110577.409565,-17.334218366685448,-4.063004354995962
110587.582615,-17.334218366685448,-4.063004354995962
110596.936469,-40.94780776120944,-12.114816872053055
110609.747877,-50.182356984796996,-16.19610170608755
110618.132111,-94.07664882300496,-25.94485562753962
110627.317604,-135.2284651839575,-21.272167466846994
110637.332209,-182.43066227027947,-22.563891362318223
110648.322884,-303.94524950073946,-87.79645388982226
110656.976062,-388.8553398823578,-115.54130086799061
110667.223727,-427.76003551898305,-105.65472559912934
110677.210052,-427.76003551898305,-105.65472559912934
110687.567297,-427.76003551898305,-105.65472559912934
110697.540077,-467.6375209253734,-103.77738117341507
110710.762017,-559.2841817291361,-63.61028073337112
110716.972441,-636.3980125292512,-43.137174986714165
110728.114704,-696.5319856657661,-37.41625659595851
110738.671585,-770.4656173696185,-22.902095875698212
110746.92264,-837.9166714867912,10.046826406438655
110758.590434,-892.6719259995925,27.143240347217358
110768.13286,-987.0820430937905,58.87129798340558
110776.913012,-1048.812930132392,75.9663676530649
110787.492914,-1095.5498374100466,90.7428655537499
110796.976874,-1103.8683986747958,111.36097613423301
110807.219333,-1180.8943689959908,139.5841686218322
110817.361409,-1232.0779985536824,179.5754689039823
110827.261169,-1305.4219431680174,248.60915374287052
110836.975043,-1319.1837448337646,264.6950833921897
110847.454146,-1319.1837448337646,264.6950833921897
110857.980062,-1346.3113552317309,297.1570441235946
110866.975877,-1397.589631218305,348.23485760291607
110876.890526,-1439.1813306062174,392.1706952670886
110887.329183,-1459.339787138405,413.2402837854964
110896.882021,-1459.339787138405,413.2402837854964
110907.403001,-1459.339787138405,413.2402837854964
110917.35778,-1459.339787138405,413.2402837854964
110928.400133,-1459.339787138405,413.2402837854964
110936.881816,-1485.4911790288725,428.3573042743889
110947.651341,-1551.2267561796912,487.0375706811035
110956.973213,-1585.285997722469,500.2675698617812
110968.056141,-1622.6144313944162,455.8708897986286
110977.66674,-1647.217253246155,402.07973490605843
110991.062616,-1652.5225848455334,384.5967082643454
110996.890115,-1663.5300472810743,342.52999388966333
111007.325107,-1672.3785896799302,251.26016371870875
111017.015396,-1649.5005221690706,193.07570991366183
111027.003947,-1606.3281918724456,122.57440206788326
111037.347112,-1510.8942684677484,-32.74654269791681
111047.936558,-1488.411926465197,-68.36698880004289
111057.466165,-1442.632372269349,-135.21709687773586
111067.342527,-1333.501572727042,-251.2979933195328
111077.253011,-1276.6079896744045,-306.81706657080844
111087.33987,-1218.0152917604203,-364.3086987907438
111097.231808,-1184.5202783743025,-400.5290221534777
111108.784631,-1125.4170294250823,-464.6077276294393
111119.064681,-1087.1465513673713,-511.1517479549359
111126.976732,-1017.833287677655,-583.2418295692588
111162.945083,-746.5723794962685,-724.9508881974314
111162.945775,-746.5723794962685,-724.9508881974314
111164.679259,-746.5723794962685,-724.9508881974314
111175.455666,-743.0791010241027,-724.5165739427064
111185.688451,-743.0791010241027,-724.5165739427064
111194.729936,-743.0791010241027,-724.5165739427064
111205.094519,-717.000700121521,-773.194139545128
111215.004351,-717.000700121521,-773.194139545128
111224.775101,-717.000700121521,-773.194139545128
111234.77695,-717.000700121521,-773.194139545128
111244.718453,-716.8560286970875,-774.050677005486
111254.718991,-723.0155826866484,-839.5005206880033
111265.816284,-765.7337648787235,-947.8920854775121
111275.850006,-820.983058432011,-1030.1283645979997
111292.284871,-874.5026867326218,-1115.5714080337725
111294.775636,-935.1168547040904,-1209.539805355497
111304.785477,-944.310805304778,-1226.7893885333433
111314.735939,-944.310805304778,-1226.7893885333433
111324.725446,-944.310805304778,-1226.7893885333433
111334.80539,-944.310805304778,-1226.7893885333433
111344.78409,-944.310805304778,-1226.7893885333433
111374.958986,-1124.135433804405,-1265.5566512111386
111374.959648,-1124.135433804405,-1265.5566512111386
111376.781808,-1140.722776724429,-1289.2576859188723
111402.589907,-1319.5478760574085,-1495.8595857662908
111402.590482,-1319.5478760574085,-1495.8595857662908
111403.984115,-1319.5478760574085,-1495.8595857662908
111403.984767,-1319.5478760574085,-1495.8595857662908
111405.389975,-1319.5478760574085,-1495.8595857662908
111417.671274,-1339.6845482504596,-1454.59002871296
111425.758244,-1329.9367387428006,-1419.9611517247963
111435.473962,-1317.2708915233227,-1401.3814588935597
111445.412596,-1317.2708915233227,-1401.3814588935597
111455.38659,-1317.2708915233227,-1401.3814588935597
111465.474038,-1311.0184766514021,-1394.4679119205266
111475.773723,-1302.2014232443842,-1384.8757627212533
111486.065149,-1285.974312819685,-1349.2679977734635
111496.02007,-1263.4657788806787,-1315.2940834861163
111505.388969,-1253.3960215983125,-1304.2187465087613
111515.385964,-1237.3810257272894,-1309.4522414590826
111525.547538,-1208.9771686193521,-1337.4494327751709
111535.427794,-1167.1889992304393,-1365.5736189219556
111546.967571,-1133.8745483929372,-1392.8279427078426
111555.743273,-1131.3467585210478,-1396.1494366919162
111565.371509,-1131.3467585210478,-1396.1494366919162
111575.469149,-1131.3467585210478,-1396.1494366919162
111585.452049,-1097.2719858288865,-1415.361743730938
111596.163072,-1056.6925372278108,-1416.9112092421385
111611.843855,-1039.9383307771272,-1387.7614572592433
111615.371671,-1008.9513285160676,-1341.2097552088321
111625.440083,-982.2523311125125,-1298.0150652257057
111637.745845,-954.8075710248532,-1262.3730598337618
111645.625751,-914.5108198922436,-1190.5277866519887
111655.395658,-911.0560704540745,-1178.0893736405715
111665.44698,-880.8301953941127,-1138.5063599694658
111675.441036,-822.8664402551615,-1061.2076160669742
111681.804002,-806.7888369346825,-1032.04660855389
111681.804574,-806.7888369346825,-1032.04660855389
111683.495486,-806.7888369346825,-1032.04660855389
111694.831623,-806.7888369346825,-1032.04660855389
111704.515082,-803.8408281413115,-1022.8321416894381
111714.774735,-778.4715027393856,-975.3237425843507
111724.997161,-732.6340425357088,-896.431508981268
111734.176858,-715.9952416452261,-836.9384503317684
111743.554873,-708.5384873286025,-782.5939203168567
111753.879333,-683.188070908167,-667.685157623901
111763.81449,-680.003889527553,-610.5787131730783
111773.921994,-679.0170761763778,-602.7202288770136
111783.464292,-679.0170761763778,-602.7202288770136
111794.128652,-679.0170761763778,-602.7202288770136
111803.459609,-679.0170761763778,-602.7202288770136
111814.720641,-679.0170761763778,-602.7202288770136
111824.703487,-679.0170761763778,-602.7202288770136
111834.970094,-679.0170761763778,-602.7202288770136
111844.257919,-679.0170761763778,-602.7202288770136
111853.458452,-679.0170761763778,-602.7202288770136
111863.593453,-679.0170761763778,-602.7202288770136
111873.830241,-679.0170761763778,-602.7202288770136
111883.838071,-671.8309905378852,-566.6349959675192
111893.490636,-657.7410327267769,-492.1758121198846
111905.646015,-640.0503261754052,-403.3846687779591
111917.247262,-609.1182115123987,-356.7326688610803
111923.834044,-609.1182115123987,-356.7326688610803
111934.719183,-593.3602815414885,-332.64991262673794
111950.451495,-545.8997844592443,-258.9256882263867
111954.072552,-483.3832525297518,-223.15783221667715
111963.548018,-369.580969755822,-217.90462649346549
111973.506364,-279.1872359208022,-211.3263273498474
111983.556131,-208.4724702716521,-203.45434383708098
111994.002564,-140.97619781156376,-280.552426124822
112003.895717,-96.31648268781271,-326.1652755365498
112014.075503,-62.051845412680755,-305.59712767746163
112024.711407,-52.04644753689694,-235.16595863164528
112034.630261,-38.69593537727121,-177.17604965142613
112044.807479,1.9124974651167646,-121.79788952744877
112053.593184,-11.776179228841023,-48.33480875474038
112065.809254,-9.86849209931475,-23.856691737130618
112073.462906,1.6399067112325132,-16.252381923026327
112083.954217,13.761202925948057,-11.917053447301681
112093.918278,52.20101463446185,-3.826765290304202
112103.511892,93.82680825428187,-5.483739112402753
112114.028035,139.91137185991957,-55.39021405020098
112123.460589,212.51285516070283,-47.00204367432271
112135.075549,214.56324009002793,-46.43585187811241
112143.562432,214.56324009002793,-46.43585187811241
112154.76895,215.16104392378534,-45.63161744432506
112166.430587,217.76657952519358,-29.480956491495636
112173.919453,199.93505360695048,11.015584795400533
112184.191444,190.39574147129872,32.871699001866354
112193.895669,139.295115266919,26.007328021509228
112204.035992,72.12530097192648,1.884223281888603
112213.960795,27.841085675418725,-3.893319414543837
112223.849223,-8.42736834197063,-2.655091797439389
112235.101133,-8.42736834197063,-2.655091797439389
112243.92216,-8.42736834197063,-2.655091797439389
112254.768751,-8.42736834197063,-2.655091797439389
112264.254702,-8.42736834197063,-2.655091797439389
112275.78411,-8.42736834197063,-2.655091797439389
112283.496477,-8.42736834197063,-2.655091797439389
112294.002829,-8.42736834197063,-2.655091797439389
112304.016727,-8.42736834197063,-2.655091797439389
112314.069751,-8.42736834197063,-2.655091797439389
112324.854018,-8.42736834197063,-2.655091797439389
112333.99443,-8.42736834197063,-2.655091797439389
112345.184254,-8.42736834197063,-2.655091797439389
112353.478847,-8.42736834197063,-2.655091797439389
112364.52282,-8.42736834197063,-2.655091797439389
112373.497899,-8.42736834197063,-2.655091797439389
112383.556476,-8.42736834197063,-2.655091797439389
112393.517039,-8.42736834197063,-2.655091797439389
112403.995594,-8.42736834197063,-2.655091797439389
112414.173489,-8.42736834197063,-2.655091797439389
112423.902091,-8.42736834197063,-2.655091797439389
112433.965373,-8.42736834197063,-2.655091797439389
112444.060399,-8.42736834197063,-2.655091797439389
112453.886882,-8.42736834197063,-2.655091797439389
112464.759573,-8.42736834197063,-2.655091797439389
112474.831011,-8.42736834197063,-2.655091797439389
112484.748602,-8.42736834197063,-2.655091797439389
112493.840661,-16.676093170410116,-3.9111913833714365
112504.816893,-16.676093170410116,-3.9111913833714365
112514.729351,-16.676093170410116,-3.9111913833714365
112524.073872,-16.676093170410116,-3.9111913833714365
112533.977909,-16.676093170410116,-3.9111913833714365
112544.016141,-16.676093170410116,-3.9111913833714365
112554.187149,-16.676093170410116,-3.9111913833714365
112564.899975,-16.676093170410116,-3.9111913833714365
112574.173589,-16.676093170410116,-3.9111913833714365
112584.975432,-16.676093170410116,-3.9111913833714365
112594.417759,-16.676093170410116,-3.9111913833714365
112603.495428,-16.676093170410116,-3.9111913833714365
112614.349538,-16.676093170410116,-3.9111913833714365
112623.997521,-16.676093170410116,-3.9111913833714365
112633.467595,-16.676093170410116,-3.9111913833714365
112644.017649,-16.676093170410116,-3.9111913833714365
112654.023756,-16.676093170410116,-3.9111913833714365
112664.356464,-16.676093170410116,-3.9111913833714365
112674.794189,-16.676093170410116,-3.9111913833714365
112684.743837,-16.676093170410116,-3.9111913833714365
112695.032102,-16.676093170410116,-3.9111913833714365
112703.660288,-16.676093170410116,-3.9111913833714365
112715.959386,-16.676093170410116,-3.9111913833714365
112724.221558,-16.676093170410116,-3.9111913833714365
112733.909545,-16.676093170410116,-3.9111913833714365
112743.932365,-16.676093170410116,-3.9111913833714365
112753.562516,-16.676093170410116,-3.9111913833714365
112764.033771,-16.676093170410116,-3.9111913833714365
112773.649823,-16.676093170410116,-3.9111913833714365
112784.947214,-15.850379615757994,-3.94019010593453
112794.656,-15.845059391249888,-3.9366106126996723
112804.840377,-15.845059391249888,-3.9366106126996723
112815.394774,-15.845059391249888,-3.9366106126996723
112825.397724,-15.845059391249888,-3.9366106126996723
112834.036477,-15.845059391249888,-3.9366106126996723
112845.233335,-15.845059391249888,-3.9366106126996723
112853.888879,-15.845059391249888,-3.9366106126996723
112863.980868,-15.845059391249888,-3.9366106126996723
112875.543703,-15.845059391249888,-3.9366106126996723
112884.813193,-15.845059391249888,-3.9366106126996723
112894.700285,-15.845059391249888,-3.9366106126996723
112907.092131,-15.845059391249888,-3.9366106126996723
112915.344918,-15.845059391249888,-3.9366106126996723
112924.303913,-15.845059391249888,-3.9366106126996723
112935.40413,-15.845059391249888,-3.9366106126996723
112943.921529,-15.845059391249888,-3.9366106126996723
112953.561916,-37.12568184787339,-13.632651314265274
112963.576492,-53.917803449386774,7.115222129306542
112974.514945,-75.23069821018434,57.42073343497006
112983.472963,-92.9094235778686,136.1217619587496
112993.479569,-108.21574589871736,178.04443962047267
113003.53565,-128.2099997871278,246.39377839142207
113014.777648,-161.17700435097984,351.59175822896003
113024.234202,-181.29653368759682,424.4538660018721
113036.696322,-198.51265473106878,492.16488237880844
113043.878331,-133.66645133403605,523.1630535059397
113053.842056,-84.81944486281131,550.832706673658
113065.045467,-31.246473796487603,568.4157173942283
113074.018938,27.116756922511147,592.8329673060676
113083.823022,76.73996871834183,614.5331398620342
113094.63919,152.65985600929466,629.5281640541785
113104.49696,181.2317268980872,639.8874850297418
113115.024298,184.71233469785258,642.3495714690449
113124.664904,234.07479968039434,658.0204310405411
113133.832941,326.502662178489,687.4517346503353
113143.855749,400.6379494125704,716.5441279257908
113154.500251,440.1033184012192,738.53635646252
113163.883012,479.9635184874397,740.0466204060547
113173.889944,522.8685437898001,762.6376443004406
113183.850254,570.3149295238471,775.7562163495353
113193.51483,684.6969561681653,825.1178254680186
113203.480515,766.4502641676586,866.9396934143793
113213.828133,814.8889386951798,883.5680772350249
113224.735763,856.6581526296588,888.5170578626154
113234.165953,856.6581526296588,888.5170578626154
113243.476182,856.6581526296588,888.5170578626154
113253.969658,862.724341236387,887.7280155760068
113263.500108,862.724341236387,887.7280155760068
113274.384033,869.8662938484287,894.4948966779876
113284.310979,933.8902715472606,840.865404905242
113293.824666,952.4211118417787,826.2821736410482
113309.233798,992.6467502905607,787.7315498997059
113315.256737,1045.01475460859,736.9938325408378
113315.257338,1045.01475460859,736.9938325408378
113316.868547,1082.984294410631,725.1827750726569
113326.916806,1098.0609620057392,734.0084289840456
113337.171966,1119.1363863582485,753.869778581967
113346.854681,1198.467335969653,828.2329413549587
113356.897062,1278.2199263968153,904.84664928637
113367.158198,1287.8932790625286,912.9045543262429
113376.916943,1292.3919493871972,917.7675884457171
113386.868151,1303.659384249156,929.6892707425252
113397.547735,1359.3914588420232,977.9741352997894
113406.905342,1439.188213325896,1055.340693345522
113416.913625,1495.4468556561628,1086.1546978972435
113427.266669,1540.3145676861363,1122.721658636555
113436.914674,1583.06208540952,1116.963702604092
113446.921896,1650.9519497979306,1035.640383760558
113466.071105,1719.587282447076,958.017504440211
113466.821278,1799.6180789508994,877.4546903080221
113476.872477,1849.6319767523746,822.1454616365415
113490.206555,1911.0901674432153,759.4503357365137
113503.439209,1943.8325472128156,686.5745232685305
113507.111001,1943.8325472128156,686.5745232685305
113507.111683,1943.8325472128156,686.5745232685305
113508.641224,1943.8325472128156,686.5745232685305
113518.680117,1943.8325472128156,686.5745232685305
113528.688754,1928.952206860072,673.4008379072031
113538.690204,1900.0174336715115,652.0559657682193
113551.361837,1875.5169155102592,633.6775256809985
113558.713076,1845.3335773331753,613.1740250739624
113568.719476,1845.3335773331753,613.1740250739624
113578.73239,1801.293348803845,646.7850071344074
113589.27552,1742.8180371809353,719.1859024424414
113598.862946,1701.458727842179,754.1740160698237
113608.644099,1663.6563665641415,795.9493535849114
113619.091757,1694.787716897731,846.9902487751885
113629.216749,1695.1403373899418,849.1529799719553
113638.699944,1704.024891762474,872.6669753161547
113650.205741,1773.8079793954537,907.6209459016787
113659.243517,1779.5529222448954,903.0489368291933
113669.264952,1779.5529222448954,903.0489368291933
113678.638556,1779.5529222448954,903.0489368291933
113688.699263,1779.5529222448954,903.0489368291933
113699.415602,1779.5529222448954,903.0489368291933
113709.129486,1779.5529222448954,903.0489368291933
113719.046438,1779.5529222448954,903.0489368291933
113730.088237,1779.5529222448954,903.0489368291933
113739.553261,1779.5529222448954,903.0489368291933
113748.695499,1779.5529222448954,903.0489368291933
113761.263524,1779.5529222448954,903.0489368291933
113768.643339,1779.5529222448954,903.0489368291933
113778.704748,1775.6092031185392,913.7848049252283
113788.936202,1775.6092031185392,913.7848049252283
113798.952943,1775.6092031185392,913.7848049252283
113808.661238,1775.6092031185392,913.7848049252283
113818.956865,1775.6092031185392,913.7848049252283
113829.546677,1775.6092031185392,913.7848049252283
113839.795614,1775.6092031185392,913.7848049252283
113849.205126,1775.6092031185392,913.7848049252283
113859.615692,1775.6092031185392,913.7848049252283
113868.626759,1775.6092031185392,913.7848049252283
113878.62582,1775.6092031185392,913.7848049252283
113888.636885,1775.6092031185392,913.7848049252283
113898.964882,1775.6092031185392,913.7848049252283
113909.061075,1783.2667448828226,920.4831892329623
113918.954611,1783.2667448828226,920.4831892329623
113928.595004,1783.2667448828226,920.4831892329623
113938.985006,1783.2667448828226,920.4831892329623
113949.945103,1782.94374608456,917.7889428962901
113959.603622,1786.9885250865736,913.3330707281483
113969.707749,1786.9885169127012,913.3330250450032
113979.70365,1784.7215164878064,910.7383657584487
113989.125673,1782.619123175147,909.3675026330927
113999.094392,1779.7158626003863,907.8943892071634
114008.95101,1779.7158626003863,907.8943892071634
114019.750391,1779.7158626003863,907.8943892071634
114028.955016,1779.7158626003863,907.8943892071634
114038.983784,1779.7158626003863,907.8943892071634
114049.044283,1779.7158626003863,907.8943892071634
114060.084981,1779.7158626003863,907.8943892071634
114069.744314,1779.7158626003863,907.8943892071634
114079.630204,1779.7158626003863,907.8943892071634
114088.978296,1779.7158626003863,907.8943892071634
114099.005223,1779.7158626003863,907.8943892071634
114108.986823,1779.7158626003863,907.8943892071634
114119.126747,1779.7158626003863,907.8943892071634
114128.639553,1782.983672522359,921.4048625824929
114138.976429,1781.8215572452202,919.72980341713
114148.952355,1782.4593304980306,918.4499258441655
114159.027899,1775.7971671390856,909.8232034106252
114169.060751,1773.1792354095433,911.7309492796937
114179.618639,1773.1792354095433,911.7309492796937
114189.127528,1773.1792354095433,911.7309492796937
114198.70019,1773.1792354095433,911.7309492796937
114208.710379,1773.1792354095433,911.7309492796937
114219.516855,1773.1792354095433,911.7309492796937
114229.479511,1773.1792354095433,911.7309492796937
114239.105191,1773.1792354095433,911.7309492796937
114248.70142,1773.1792354095433,911.7309492796937
114259.450628,1773.1792354095433,911.7309492796937
114269.572877,1773.1792354095433,911.7309492796937
114280.118937,1773.1792354095433,911.7309492796937
114289.975552,1772.0010352312365,912.2766894011271
114299.920573,1781.6314841946557,914.7716667388296
114309.99681,1781.1680742136755,914.8869575636196
114318.663802,1779.9512691812065,914.441992768812
114329.109415,1779.9512691812065,914.441992768812
114339.435556,1779.9512691812065,914.441992768812
114349.162204,1779.9512691812065,914.441992768812
114359.28045,1779.9512691812065,914.441992768812
114369.502465,1779.9512691812065,914.441992768812
114379.410472,1779.9512691812065,914.441992768812
114390.091733,1779.9512691812065,914.441992768812
114399.159039,1778.2391951919228,917.1695842606473
114409.217111,1777.3742879657116,915.9275178660725
114419.903795,1774.6441582875163,908.6733777533173
114429.838572,1779.075514659361,899.6745436037502
114439.985801,1781.0285241345564,904.2662832150882
114450.035963,1780.5328328291719,907.6954655091857
114459.238412,1780.997056778297,908.3077044213142
114469.460914,1781.7555593158554,908.8549519911487
114479.378248,1781.7555593158554,908.8549519911487
114489.220023,1781.7555593158554,908.8549519911487
114499.91983,1781.7555593158554,908.8549519911487
114510.109235,1781.7555593158554,908.8549519911487
114518.703323,1781.7555593158554,908.8549519911487
114529.937009,1781.7555593158554,908.8549519911487
114538.71378,1781.7555593158554,908.8549519911487
114549.712744,1781.7555593158554,908.8549519911487
114560.023739,1781.7555593158554,908.8549519911487
114569.435385,1781.7555593158554,908.8549519911487
114578.636316,1781.7555593158554,908.8549519911487
114589.295937,1781.7555593158554,908.8549519911487
114599.411671,1781.7555593158554,908.8549519911487
114610.334404,1781.7555593158554,908.8549519911487
114620.296876,1781.7555593158554,908.8549519911487
114629.230531,1781.7555593158554,908.8549519911487
114639.947962,1781.7555593158554,908.8549519911487
114649.19451,1781.7555593158554,908.8549519911487
114659.174399,1781.7555593158554,908.8549519911487
114670.038297,1781.7555593158554,908.8549519911487
114679.434348,1781.6987829944403,920.166515673646
114689.211934,1781.2845324945226,919.5329782326536
114698.646152,1782.4500356729754,918.1277659779573
114709.776721,1782.970643162221,915.9026695193446
114719.848447,1778.961607001329,908.9576508010063
114730.030379,1778.1901827177567,910.5655716959067
114740.043983,1781.3654378602414,913.7083361140011
114749.190886,1780.7919206045508,913.3720640795797
114759.147533,1780.7919206045508,913.3720640795797
114769.34667,1780.7919206045508,913.3720640795797
114779.347743,1774.639731621558,908.6526315069839
114788.778204,1768.7815502414076,909.5478357813639
114799.14502,1766.8321576626372,909.5656503411864
114809.903529,1765.8269287191008,910.6000638870312
114818.612392,1764.6340501079444,910.8334773001868
114830.371595,1767.0156641555316,911.6594429166067
114839.939459,1769.5116508885162,911.9089734415128
114850.000993,1770.4146196126494,911.426819376682
114860.250089,1771.5751153015826,911.332227270589
114869.258249,1771.4123582087045,911.1727342683109
114879.182161,1770.2891834905088,911.5603059457871
114889.189216,1770.2891834905088,911.5603059457871
114899.158118,1770.2891834905088,911.5603059457871
114908.637067,1758.9988150710292,911.4866096005687
114919.204959,1760.283102755486,910.1351785442774
114929.339524,1761.41053795527,908.3567535704416
114938.636201,1762.8852224451896,907.1412092325368
114948.637208,1762.9183683252331,911.4239871658863
114959.801714,1763.9195711266761,913.1191771420647
114969.186486,1767.5170496376377,912.9833409438924
114980.386226,1770.8649649569033,915.2568503030025
114989.214083,1774.239537537202,914.1523944091219
114999.180186,1774.5968104456736,914.181019440944
115009.192813,1775.2915642194712,914.4800469900423
115018.6154,1775.55930036352,914.1181511947468
115029.05087,1775.55930036352,914.1181511947468
115039.186207,1775.55930036352,914.1181511947468
115049.992984,1775.55930036352,914.1181511947468
115058.653432,1776.2709311401975,914.7231653942907
115069.965053,1776.8834577741054,914.626398087493
115079.886961,1776.8834908681881,914.626409383883
115090.733006,1776.8834908681881,914.626409383883
115099.199708,1776.8834908681881,914.626409383883
115109.215743,1778.185075605361,914.065866057553
115119.187945,1778.7165085653717,913.9129973644372
115129.158082,1778.7165085653717,913.9129973644372
115139.169041,1778.7165085653717,913.9129973644372
115149.357284,1778.8907976908329,914.2702628466977
115159.982376,1778.8907976908329,914.2702628466977
115169.145123,1779.171250784034,913.929562370418
115178.877739,1780.378468853598,913.6838772162191
115189.954298,1781.4976585980269,911.831182669676
115200.675477,1784.2515720227082,911.6718200075153
115209.184002,1788.5093779122533,911.7229489470325
115219.258285,1788.7594840702857,912.6058064136757
115229.148735,1788.6333363491792,912.7823932899377
115239.708781,1788.9349487100646,913.3953989899213
115249.176794,1789.0481621711178,914.3280650576676
115259.139611,1788.1062222750468,915.7587733660365
115270.017114,1787.7237927939761,917.0663017922068
115278.673888,1787.5508525703567,917.0607283495651
115289.982826,1788.0383076568078,917.1798429083008
115299.925037,1788.605195012937,917.9783521499152
115310.052015,1788.5686680195183,918.3694394551505
115319.116976,1787.8494994865785,916.0453760746342
115329.151415,1787.5285146347812,912.5064911061531
115339.146356,1788.1000348893276,918.7747037418253
115349.154188,1788.7770855926224,922.0171295435213
115359.176891,1789.486504073636,927.995569014044
115369.268951,1789.8885234977197,929.4077516907037
115380.266239,1788.5913877909109,928.9721361699097
115388.646406,1785.6814461153217,927.6256015264852
115398.61665,1782.6080001723778,924.2393117311025
115409.996894,1782.893751026263,923.7755237642273
115419.184591,1783.6411230258936,921.7896364780177
115429.169301,1783.8098645083971,919.358410701087
115439.199043,1785.4096377976782,918.8793993613522
115449.151548,1785.0871055040186,919.9286855556679
115459.179444,1787.7190626211823,917.8186444997461
115469.246093,1788.0522364509131,917.9218950354747
115478.632609,1789.0843497834699,917.8680074809686
115490.597156,1791.1186614884482,916.9701622942122
115499.962258,1791.1186846079015,916.9689639562781
115510.158654,1790.5969380343276,916.4000476174637
115518.615998,1792.5660428498018,916.6238101694206
115530.103625,1793.3384762225696,916.9353779726347
115539.157213,1794.1442493517893,916.8825673558567
115548.61818,1796.9977754386832,916.8097766299691
115559.198482,1796.9980366567527,916.8096578279233
115569.305245,1796.5213734406502,916.1029418598001
115579.208784,1796.5213734406502,916.1029418598001
115589.399441,1795.8646516971803,916.9392095808666
115599.475527,1795.860204525787,916.9403333802958
115609.931314,1795.860204525787,916.9403333802958
115619.896861,1793.209031650604,915.6382721132475
115629.997086,1793.209031650604,915.6382721132475
115638.964774,1789.7679815003398,914.8616664846513
115650.563887,1787.1269766856333,914.3109836704303
115659.46344,1786.5494762654664,913.9514592614654
115668.709799,1786.619257060121,914.6323532950948
115679.140811,1786.900495110172,916.3701212489123
115689.267577,1786.1121868697128,916.6800609456207
115699.716776,1783.8822060496784,917.6081098778025
115708.687711,1783.8822060496784,917.6081098778025
115719.12356,1783.8822060496784,917.6081098778025
115728.623609,1783.6186494773106,917.2552615183522
115739.92738,1784.6692214941033,918.462913738857
115749.13808,1785.1171752465955,918.7956426524183
115759.442193,1785.1171667821782,918.7956551924185
115769.766357,1784.7055384955283,922.1059915963951
115779.154102,1784.6486573815432,921.8347995700641
115788.619476,1781.5406391162167,924.5763330597358
115799.16919,1780.5588015363285,924.2545155234226
115810.676721,1786.695007995642,922.1728178416855
115819.648984,1791.5539978813504,920.2259587224577
115829.274493,1793.6528380624006,920.1090167202904
115840.091891,1793.5132222016878,921.1902481299373
115850.587515,1793.016490115144,919.7189493940537
115858.623425,1793.0164829536818,919.7189338766694
115868.669836,1793.0164829536818,919.7189338766694
115879.140089,1793.0143204901196,918.5398787952319
115888.655426,1792.8993682087985,918.296647285922
115899.228034,1792.8989863564718,918.2984617607323
115909.791151,1793.3219712467096,918.7912632722896
115919.20753,1793.3219712633677,918.7912632065561
115930.065025,1793.3219712633677,918.7912632065561
115939.951402,1793.3219712633677,918.7912632065561
115949.917062,1793.3219712633677,918.7912632065561
115959.223563,1792.6501534019703,918.3571840768356
115969.176687,1791.8299471663802,919.0924771854877
115979.219562,1791.328155824604,919.8854734556952
115989.139622,1790.731944099426,919.3638421940742
115999.200518,1790.7300779978953,919.3642288670452
116008.622597,1789.4612829058867,921.2368915257841
116019.158837,1788.9880312665432,922.1552627347077
116029.303382,1787.387037037334,922.4755480052106
116038.656544,1786.843998703252,923.124776432177
116049.969232,1785.9464277192892,923.6906317931473
116059.679806,1782.1918438130444,928.8263590756402
116070.018859,1781.2627710343259,929.9035079224516
116079.175567,1778.9943408891972,930.4618160173553
116089.200113,1778.2279987978104,930.5283382948212
116099.148621,1778.5014255171452,929.6644642355448
116109.143438,1780.1350757038144,929.8958449381181
116119.166168,1778.8094516866531,931.3281712031709
116128.639381,1778.21098279621,931.4272092015117
116139.385059,1776.9089799425806,931.7164430550721
116149.98083,1771.6478571178816,932.018244710281
116159.622221,1771.594709949776,931.1323447363559
116169.999693,1772.49502168181,930.136102736594
116180.085114,1776.4786291148512,925.9269928675803
116190.010111,1780.512948673648,920.7625179863813
116199.162167,1784.6633469758895,917.0030678531605
116209.154343,1785.12461586992,919.5897970302308
116219.179564,1788.8674611374818,925.1708177296285
116229.468918,1792.766818861339,928.4511058312322
116239.169106,1795.1202799293792,926.3159401191151
116249.483856,1796.2454080567159,924.2285187413704
116260.396242,1795.6896556117433,923.2657194422114
116269.294579,1794.0115651382496,922.6462518405795
116278.671882,1792.4581526255358,920.6870406646416
116289.999189,1793.4048990566046,916.9444913289125
116300.471818,1792.187566318524,916.4653681875336
116309.201101,1792.185162495052,916.4651459905654
116319.242382,1792.209863575195,916.5942113845109
116329.483442,1791.0970503710348,917.2715019393046
116339.17946,1791.8258801546076,917.4464627437151
116349.157044,1791.4912836334147,915.3198840564597
116359.722266,1790.7042335265141,915.5595699104206
116369.434081,1789.0304970246614,915.4057000753767
116380.202604,1789.0304966760368,915.4057000647764
116389.992771,1784.4364968420973,912.2968631970714
116400.571393,1779.372893201669,904.4844009685775
116410.36352,1781.2868978298945,905.0551829400138
116419.198103,1782.0317298287707,904.8349530647756
116429.150698,1787.5165621371984,913.3518520087756
116439.198099,1786.605957992585,920.6250294768968
116449.190788,1786.0012577181853,912.9322358516849
116458.745448,1780.8225821083115,910.652068113847
116469.289449,1772.3252597246542,902.9590486886802
116479.863527,1773.2233964874629,901.4732996687429
116489.179481,1768.8863173838236,901.8491698647226
116499.319949,1764.5148010976309,898.2775740248877
116509.995383,1760.5451843313203,890.8883144530964
116519.222304,1760.9445785962653,888.6425597025196
116528.630288,1760.8238779411308,888.1354227115803
116539.1696,1761.3011676558267,888.6660346496103
116549.218718,1763.7694639231524,889.7946045752144
116559.159846,1765.0522057838182,892.4464835928507
116569.1596,1765.273246442371,895.2354329536819
116579.311546,1765.8907080045433,896.0641901078858
116590.161202,1768.6983795862848,898.5320208226779
116599.254536,1768.7899091193904,899.0213139946571
116609.200075,1768.1652361948659,898.9947587906975
116620.818469,1766.6904894916058,898.6434611186974
116631.056731,1766.2724125761872,899.184339544298
116639.191472,1764.566634657051,898.1007118955462
116650.378434,1761.4907323361256,897.7567793496988
116659.204931,1759.461573840851,895.8313370661061
116669.17436,1759.2608141854002,895.6627281334373
116679.153087,1760.3756019356078,897.3483104534782
116689.20102,1762.0824247351925,898.3465734473226
116699.754397,1760.308971931276,894.4514537170222
116709.124848,1760.1379018256205,893.5894214923914
116719.92211,1760.0624269705936,893.2558232695906
116729.192015,1759.7748414744283,892.6975994433672
116738.676904,1758.6147206588835,893.0517011000982
116749.175373,1757.7545277054048,892.4294150451468
116759.196779,1757.0861344408547,892.5780142026151
116768.657,1756.4774869755256,891.9616978934675
116779.176986,1759.5623728638518,894.6960957353035
116789.170101,1760.4304315194101,896.5078060386038
116799.337021,1762.9543994955873,899.2608414863998
116810.071824,1767.6733680186646,905.8594205549448
116819.890491,1769.6794641498616,904.0616671184234
116829.963857,1771.3093617608283,904.0158620893651
116839.916775,1771.1401170946206,903.2901410463877
116849.507132,1774.3221506123668,908.5013119856386
116858.680974,1781.6215037614627,911.2132587507176
116869.220831,1774.9285929934524,908.5391757400361
116879.18364,1773.1528420965087,908.5491900954798
116888.631956,1769.1799283301584,910.0465788318655
116899.300486,1767.775763668257,910.9136243080702
116909.422176,1766.0839480688019,911.2410673735095
116919.880775,1766.8081478667889,910.7458765971328
116930.026498,1767.207993002178,908.6031761157803
116939.966588,1764.9664682825453,903.1014880590449
116949.246351,1763.5901009453382,898.7692358622616
116959.19411,1763.5154592361716,897.9210003937025
116969.190332,1761.8341189219348,898.6594395788019
116979.280367,1760.4873988293546,892.7303528004777
116989.446827,1761.0742203142386,891.6917457140842
116999.238611,1762.9885921730802,893.7710903377997
117008.773277,1765.2633273015676,893.4351568591208
117019.369034,1767.925557431731,895.0416847546873
117029.990728,1767.4579131011221,900.3616621531139
117039.187629,1769.3600703480993,904.2789300770926
117051.120952,1766.998483338606,905.490467885247
117059.210421,1767.901753627914,910.6706618393903
117070.381115,1767.0263224543157,911.088862344683
117079.180846,1768.9954060676587,911.454530090361
117089.175453,1769.1142630766249,910.2634738681993
117099.189283,1770.8386130695494,912.3755744626691
117108.634639,1772.573836274207,916.2679100532343
117119.179528,1771.7771008179704,914.0686034903509
117129.238097,1769.4138355584878,916.2697945582399
117139.213181,1769.9980495182747,917.0100093520529
117150.077263,1768.2452213641084,912.9618221976078
117159.870262,1766.0940591192857,907.9115973492687
117169.973093,1762.4595057192776,901.303668400084
117179.195589,1761.867869027544,897.2692804257182
117189.25551,1763.2420466324652,898.3718257278317
117199.215473,1766.6405954748848,896.7879129578289
117209.194441,1767.9003043481412,895.9942089138807
117219.196742,1767.9818730242175,896.2209700432687
117228.734468,1772.706829903086,901.0928033133707
117240.145526,1773.2825071827497,901.1724286294099
117250.310308,1772.7753379256953,903.3534656055766
117258.630964,1773.0310146719276,904.1295796417822
173080.25837,-720.2053961723027,1580.8812708407393
173080.258951,-720.2053961723027,1580.8812708407393
173087.215859,-769.2836149585277,1565.4988493439034
173097.104576,-779.9520879466392,1490.302609530723
173108.801362,-770.3539535239959,1462.6420237056388
173118.095971,-770.3539535239959,1462.6420237056388
173128.244385,-770.3539535239959,1462.6420237056388
173137.185687,-772.8978277535622,1462.4201315729656
173152.435034,-774.9293348919647,1463.7155451963945
173157.175245,-795.9282636470587,1447.4078502827845
173168.118801,-866.1156057182842,1425.2971580671829
173181.218787,-946.3317068627863,1399.7532000079932
173192.362985,-990.3939711755679,1446.5411945677952
173197.131475,-944.4162751756429,1442.688049941943
173207.142699,-911.8214582135707,1358.3564204893955
173218.253439,-880.5867832313068,1290.8054670517254
173228.285164,-877.285629641418,1278.7626588891173
173238.973358,-839.9125759436382,1217.362150900349
173249.133763,-816.8567795140121,1164.9253012069132
173258.076645,-789.593767977285,1098.534482633123
173267.184371,-771.3829316656816,1029.869624287596
173278.36152,-770.3293624643018,988.5442569955414
173287.778003,-774.4705051198767,979.1061438212048
173297.621558,-774.4705051198767,979.1061438212048
173308.166096,-773.9171715565336,977.2230639451692
173318.303451,-773.6201013156013,977.7167029268974
173327.435414,-767.3223742145094,981.553542787395
173337.137527,-764.9857008929079,982.5571316673074
173347.736535,-770.5371791576109,947.6060969551337
173357.923376,-767.7048866407988,940.2681123323421
173367.627252,-766.2175962173935,937.783195701835
173377.557105,-766.2000560533751,935.126474990269
173391.904516,-768.2477555741766,934.8495762971819
173397.807062,-766.5419459526339,936.8650457257307
173407.913127,-764.0903910185289,939.0441149621164
173421.020936,-765.0878817964411,939.2018065822374
173427.682862,-769.2327020434025,941.0343775174499
173438.57747,-773.3866635281416,942.7455695140588
173448.455199,-772.019422433089,950.3528450717428
173457.125988,-773.5675718742871,946.5779367387495
173467.084031,-778.8755351499219,946.1837968513217
173478.48552,-785.4876381087452,949.9927268437019
173487.660583,-786.1763066133458,950.7740151764879
173497.989138,-786.1763066133458,950.7740151764879
173508.11617,-786.1763066133458,950.7740151764879
173518.957868,-776.686599971706,945.1829014003287
173528.404994,-768.9535031486207,938.3854708917437
173538.435329,-766.5423623181601,933.624323351595
173548.364551,-767.8467019107128,940.0394344388179
173557.134842,-769.9908132897976,946.986779509662
173567.845729,-771.0811647528562,948.6173067707124
173577.180452,-767.3141732223602,944.1471683137041
173588.045718,-761.7973537998222,940.0028028872097
173597.840657,-759.9377458642608,937.6952791088653
173607.662236,-767.3278167910348,939.5406092492063
173617.703069,-769.2442111059418,944.0570493731806
173627.644647,-769.3634167659953,945.8499583848321
173639.647154,-773.7042901639801,941.7489286494462
173647.685776,-774.4835406791213,940.7843260014602
173658.543049,-774.4835406791213,940.7843260014602
173668.227149,-767.7801739601105,936.999981750583
173677.696258,-767.0725763581243,937.3428524420912
173687.252883,-766.604858915388,937.4835868719981
173697.981544,-766.7036073880478,936.7222877849925
173707.083334,-769.3587089741015,936.5013757637172
173717.640455,-771.330888089177,936.6969590079754
173728.159399,-771.136081064062,937.2775686318085
173737.677496,-768.5897465649887,937.1038184910534
173748.523242,-766.0469072328877,934.9376997816418
173758.514839,-765.0905864131012,934.9171999033915
173768.7742,-759.9610040629547,939.3091180726182
173778.743054,-759.4532675716679,937.7805206247934
173787.720632,-760.9832999834904,934.2786956107656
173798.179046,-760.975916328834,933.1347919941054
173807.727055,-762.4373575507838,927.0365295218405
173817.442897,-766.1474768877961,926.5836832131865
173827.125879,-774.8954917940213,916.3583390124703
173837.411062,-774.91027077067,916.2522088611257
173847.420431,-775.9599461154132,916.2136537424169
173858.130756,-775.9751977707726,915.9506650888617
173867.412986,-777.0820150743947,916.9937731280673
173877.593949,-775.8563716478345,915.4444929087749
173887.409636,-763.3073478793659,894.9713093239609
173897.808357,-711.5224556782574,891.4059823404249
173907.54309,-666.0157493234162,887.101986131144
173917.682479,-666.0157493234162,887.101986131144
173928.140499,-666.0157493234162,887.101986131144
173937.131555,-666.0157493234162,887.101986131144
173947.180222,-666.0157493234162,887.101986131144
173958.374729,-664.3650392252853,886.9653501801972
173967.419434,-608.6766779052384,883.5395108947273
173979.111148,-542.0428104191415,879.3920001069206
173987.62373,-500.40076586551584,876.712398634992
173997.896149,-438.74118986947786,869.1389222983634
174008.192068,-411.43185044434085,861.97915702661
174019.596645,-394.32114371083605,862.7519032807322
174027.603706,-393.26501356236975,862.9013832262222
174037.82467,-384.0104842566218,862.0891922410852
174047.530953,-384.0104842566218,862.0891922410852
174057.513267,-370.75148647412027,861.0264388872453
174067.133769,-370.75148647412027,861.0264388872453
174077.12564,-364.52437980461394,862.1266487053434
174088.440022,-364.52437980461394,862.1266487053434
174098.647434,-336.45944612582434,858.1540430214203
174108.114811,-327.43795210820207,853.2547742376007
174117.792112,-321.5678553635838,846.5297820215197
174127.445451,-320.4167227788172,845.9046719224673
174137.517397,-317.56920778871375,839.1449693629803
174147.824737,-315.6677029005248,817.824686070001
174158.909302,-313.59200665743924,808.6763371417547
174168.051963,-307.8099200233543,793.740180219822
174179.626768,-300.8939464073288,765.2751398389593
174187.436098,-284.9137522611475,739.0443993987844
174197.13158,-270.0722120977955,701.5391804491028
174208.463073,-255.9988441261874,657.6064452372905
174218.500362,-256.72321548305666,652.084298893612
174228.914198,-256.72321548305666,652.084298893612
174237.762406,-256.72321548305666,652.084298893612
174247.758334,-256.72321548305666,652.084298893612
174257.185037,-256.72321548305666,652.084298893612
174270.28763,-258.29333510045353,645.0382580143493
174280.574458,-256.516740297537,615.6477620200269
174287.132653,-253.93915278719453,611.7428527010475
174297.651657,-224.77234927440531,540.354631611271
174307.473167,-205.029451291553,484.786166290262
174317.187626,-191.3832733351356,446.7307714480966
174327.724126,-192.22651015809055,434.0160426217646
174337.598285,-191.9021734258677,428.95306811203585
174347.459402,-188.21040995060133,421.80059614676463
174357.192757,-169.0657500992051,373.9971861534075
174367.137396,-148.08760969127744,317.50383478201735
174377.680099,-135.90683428116898,284.3588316127551
174387.432037,-121.6434454943366,239.87153749548511
174397.820371,-111.95100843680889,205.47562136043183
174409.24962,-99.0258951353113,161.41746253826705
174418.307989,-73.2485968725701,81.27083836280177
174428.843923,-64.50929958122137,35.52623603429798
174437.143509,-46.66796965281437,-8.941970426281559
174447.182695,-41.31828900495792,-36.79157051331529
174457.571715,-39.57395593388672,-103.05772153883777
174467.184966,-6.399427368812659,-135.9280891744143
174477.188173,-2.5418834477086496,-70.33107162833812
174487.684355,-11.420298670234565,-43.554785322004946
174497.582291,-13.963784910260996,-35.759185891577225
174507.828143,12.276282391328142,-14.999415171663042
174517.875773,48.72062915769972,-7.245601573226643
174528.295863,86.17367933727425,-2.224651135782618
174538.414052,148.0689634044207,20.21444894819344
174548.131784,189.22598262363033,47.59581865509055
174557.286178,203.77184649287634,15.060166465222531
174568.132729,217.5241162544087,-23.364836150662875
174578.644421,228.94059364456524,-65.26206436170048
174587.124695,249.96086158169865,-89.30808638687517
174597.276046,308.8141258108467,-77.83075197170051
174607.723195,362.3477027027014,-93.37387430431595
174618.047602,349.69110835029164,-153.53267732525862
174630.609367,335.8776258777325,-224.37418101326017
174637.576305,365.74615562375783,-270.0828465822633
174648.275768,387.3403987406976,-326.2494825536315
174657.580511,433.1377317463529,-358.5264678333923
174667.101931,450.95031584726075,-389.72835748008146
174677.587514,411.6005476310205,-398.38192715184823
174687.201408,362.68465471160954,-394.87338503003264
174697.092047,303.5320718107434,-354.6507993978759
174707.625886,226.0576194861658,-296.1339753673367
174719.096416,144.11707936178516,-232.87676145725746
174727.63512,142.42241236654903,-231.69599407253995
174738.463273,142.42241236654903,-231.69599407253995
174747.601935,131.88628268659522,-220.95337943805995
174757.124189,78.33395814564281,-169.75285901119642
174768.304974,22.519968571680273,-132.12047634100952
174777.503789,-0.20632355662101953,-82.10803634224041
174787.557169,-7.816747380236098,-50.83311276021992
174797.54013,-10.1825538869901,-43.18178634271802
174807.134961,-10.1825538869901,-43.18178634271802
174817.610618,-10.1825538869901,-43.18178634271802
174827.855488,-10.1825538869901,-43.18178634271802
174837.782242,-10.1825538869901,-43.18178634271802
174848.519584,-10.1825538869901,-43.18178634271802
174858.380745,-10.1825538869901,-43.18178634271802
174868.3945,-10.1825538869901,-43.18178634271802
174878.276404,-10.1825538869901,-43.18178634271802
174887.699516,-10.1825538869901,-43.18178634271802
174897.20657,-10.1825538869901,-43.18178634271802
174907.767544,-10.1825538869901,-43.18178634271802
174917.783783,-10.1825538869901,-43.18178634271802
174927.38475,-10.1825538869901,-43.18178634271802
174937.411956,-10.1825538869901,-43.18178634271802
174947.662396,-10.1825538869901,-43.18178634271802
174958.651654,-10.1825538869901,-43.18178634271802
174967.181608,-10.1825538869901,-43.18178634271802
174978.471607,-10.1825538869901,-43.18178634271802
174988.951775,-10.1825538869901,-43.18178634271802
174999.313362,-10.1825538869901,-43.18178634271802
175007.670319,-10.1825538869901,-43.18178634271802
175017.141164,-10.1825538869901,-43.18178634271802
175027.647531,-10.1825538869901,-43.18178634271802
175037.648905,-10.1825538869901,-43.18178634271802
175047.709156,-10.1825538869901,-43.18178634271802
175057.910252,-10.1825538869901,-43.18178634271802
175068.786053,-10.997053886291498,-42.23610229194275
175078.537137,-10.997053886291498,-42.23610229194275
175087.112031,-10.997053886291498,-42.23610229194275
175098.352452,-10.997053886291498,-42.23610229194275
175110.68814,-25.290338697185607,-44.20124947532481
175117.774505,-38.58192833630537,-60.430932321881365
175127.810552,-45.841115943300906,-97.55463956228095
175137.513606,-40.1413049693528,-154.38178747568963
175147.449105,-54.99164856875432,-169.3636972169714
175159.551787,-62.12427701747564,-174.80646993656555
175167.535982,-102.89656212244408,-188.62980686530048
175178.380842,-135.94259459931797,-211.9486385126226
175187.599959,-130.1633350324551,-278.2883447408785
175197.591003,-96.97036887882547,-322.011239029326
175207.471316,-93.61150208451295,-326.29471523237544
175217.094955,-85.97055931570902,-339.3861831059259
175228.75337,-80.27792504202682,-362.2025767296258
175237.757634,-127.3622469905196,-422.4564427784744
175247.652976,-190.4753968946362,-499.6398520480163
175258.106354,-205.58610943181844,-612.9914594974133
175267.65833,-192.1192656423116,-655.094598235866
175300.029905,-174.80931157781814,-710.25448009366
175300.036008,-139.03097089810407,-823.180143726171
175303.171686,-116.54990292963934,-888.8696278370915
175303.172284,-116.54990292963934,-888.8696278370915
175305.905959,-108.31934241541077,-925.9187099201943
175315.927412,-108.06979810067267,-932.5385881509172
175327.520249,-108.06979810067267,-932.5385881509172
175337.562318,-108.06979810067267,-932.5385881509172
175346.577992,-108.06979810067267,-932.5385881509172
175359.62194,-108.06979810067267,-932.5385881509172
175366.368727,-108.06979810067267,-932.5385881509172
175376.189014,-108.06979810067267,-932.5385881509172
175386.176322,-108.06979810067267,-932.5385881509172
175396.620593,-109.50202583066825,-938.372679822564
175406.304318,-127.5601060881642,-979.666957114666
175416.888365,-97.2023488644907,-1040.9341970116723
175427.77514,-35.52191253547273,-1087.5412037355766
175435.907381,43.48297297240506,-1169.0210002379797
175448.556637,137.21882172729715,-1279.349698344986
175457.104757,183.8527739124981,-1388.534776235278
175466.15164,195.71742487616515,-1506.3983759393523
175475.868952,107.75097013327576,-1616.4493997524532
175485.910483,92.54828592903903,-1647.4110902359541
175495.911452,109.30230077240016,-1735.935038787598
175506.959641,52.66540187552232,-1870.6300274052235
175515.875055,-20.504834967465083,-2001.1790364813246
175528.634633,-83.34254536061464,-2136.2814148178
175535.902471,-147.58007514994264,-2201.7262324566877
175546.259937,-155.33360199390864,-2238.6722349931365
175557.13214,-137.6571973000256,-2259.9567521934723
199955.46927,4489.308410250802,-494.4198884089813
199965.510425,4460.848288051938,-491.25132303346743
199975.972878,4460.848288051938,-491.25132303346743
199985.842499,4436.387820065866,-494.6299772330487
199996.003077,4364.172724691308,-495.57619821698273
200006.714702,4310.658444586854,-499.503088407753
200016.573147,4286.230350928401,-499.39350072336873
200026.749713,4286.230350928401,-499.39350072336873
200035.832356,4286.230350928401,-499.39350072336873
200048.188085,4285.3415549058955,-499.76047563300443
200055.956097,4224.294549284397,-508.01662495434863
200065.821522,4124.282146118786,-515.5876177684004
200075.519854,3975.680416067895,-547.1695539634574
200086.283923,3878.5607201116404,-572.1144519961418
200097.071751,3796.7178947270386,-589.0629932847529
200105.470102,3784.072923893539,-592.4418937217899
200115.441573,3784.072923893539,-592.4418937217899
200128.748041,3784.072923893539,-592.4418937217899
200137.602963,3784.072923893539,-592.4418937217899
200147.650531,3741.9688618556793,-606.1986511246449
200155.519493,3641.49695950825,-630.270548251696
200165.524629,3511.1719471165775,-643.0432651821254
200175.520231,3410.518790696389,-641.5112779680873
200185.439457,3300.7617434042027,-627.2440616424586
200195.549729,3114.3515213668666,-606.2659709545617
200205.606567,2979.1659015505447,-594.0605513066351
200215.577832,2868.940476573388,-592.337671045702
200228.554242,2801.0413825724754,-585.9977047528271
200235.959982,2801.0413825724754,-585.9977047528271
200245.514831,2801.0413825724754,-585.9977047528271
200256.24059,2801.0413825724754,-585.9977047528271
200267.648365,2768.0215726266315,-555.2859118633352
200275.515552,2716.705090300909,-520.024084414415
200286.779252,2686.0349179425434,-514.6207403047516
200295.419514,2669.07154614263,-516.662259767398
200305.845482,2669.07154614263,-516.662259767398
200315.899904,2663.770490392669,-518.5806813213434
200325.970784,2633.386307883902,-524.3941475957021
200335.513694,2606.5344732979615,-508.4956943293631
200352.433569,2534.090678911618,-450.6934297755948
200355.523754,2477.979487696136,-402.58220169432644
200366.030937,2423.8041575429106,-361.8938247195821
200376.769449,2368.0300967977837,-322.5733739938427
200385.976145,2331.3308951365443,-285.9104663572077
200395.529557,2274.1438015821755,-236.7427025159654
200405.532345,2213.7375876568767,-181.03246302327952
200417.116592,2241.248629788515,-161.59054091077564
200425.475579,2329.3066112682554,-43.74781007061962
200435.477487,2278.8115796421275,47.348977350121814
200446.269965,2210.3263610406857,122.71909033526055
200455.771713,2194.2184549329036,136.51119657508187
200465.526112,2194.2184549329036,136.51119657508187
200476.757623,2194.2184549329036,136.51119657508187
200485.771527,2194.2184549329036,136.51119657508187
200495.811623,2194.2184549329036,136.51119657508187
200505.866059,2194.2184549329036,136.51119657508187
200515.929325,2174.9892075936427,153.38799156236325
200526.391514,2089.888705434433,211.43189502924568
200535.562513,2030.4464834059108,264.56795131623744
200546.117076,2015.358033688439,270.65921354788986
200556.50018,2013.0493268751288,270.85246623242597
200566.219744,2013.0493268751288,270.85246623242597
200575.569984,1800.7855003866282,131.70042825032357
200585.660185,1748.8328979168132,178.53589161973008
200595.869884,1694.9489635350028,221.1246639488149
200605.796517,1612.110648796745,286.7040443521894
200615.57214,1567.98592980113,314.8410238773321
200625.479505,1559.8970415154788,314.87514586986396
200635.628341,1519.2317047847462,354.61159266293527
200646.65074,1477.5278463001462,390.6489212485368
260001.428086,-15.132807504608294,5.058352116577692
260001.428672,-15.132807504608294,5.058352116577692
260008.518975,-15.132807504608294,5.058352116577692
260008.51957,-15.132807504608294,5.058352116577692
260015.362576,-15.132807504608294,5.058352116577692
260015.36828,-15.132807504608294,5.058352116577692
260025.703739,-15.132807504608294,5.058352116577692
260037.67397,-15.132807504608294,5.058352116577692
260046.610423,-15.132807504608294,5.058352116577692
260056.771842,-15.132807504608294,5.058352116577692
260065.801731,-15.132807504608294,5.058352116577692
260075.799619,-15.132807504608294,5.058352116577692
260086.941492,-15.132807504608294,5.058352116577692
260095.911776,-15.132807504608294,5.058352116577692
260105.936835,-15.132807504608294,5.058352116577692
260115.39295,-15.132807504608294,5.058352116577692
260126.93932,-15.132807504608294,5.058352116577692
260138.627148,-15.132807504608294,5.058352116577692
260145.384631,-15.132807504608294,5.058352116577692
260156.590647,-15.132807504608294,5.058352116577692
260167.558974,-15.132807504608294,5.058352116577692
260175.777642,-15.132807504608294,5.058352116577692
260185.888388,-15.132807504608294,5.058352116577692
260195.93654,-15.132807504608294,5.058352116577692
260205.969365,-15.132807504608294,5.058352116577692
260219.272916,-15.132807504608294,5.058352116577692
260225.99121,-15.132807504608294,5.058352116577692
260235.789316,-15.132807504608294,5.058352116577692
260247.516385,-15.132807504608294,5.058352116577692
260256.292524,-15.132807504608294,5.058352116577692
260265.472108,-15.132807504608294,5.058352116577692
260275.463226,-15.132807504608294,5.058352116577692
260285.918191,-15.132807504608294,5.058352116577692
260295.97339,-16.696025349243705,4.507390767267607
260305.757564,-16.696025349243705,4.507390767267607
260315.725115,-16.696025349243705,4.507390767267607
260325.900066,-16.696025349243705,4.507390767267607
260336.675422,-16.696025349243705,4.507390767267607
260346.655753,-16.696025349243705,4.507390767267607
260355.821501,-16.696025349243705,4.507390767267607
260365.734053,-16.696025349243705,4.507390767267607
260375.451339,-16.696025349243705,4.507390767267607
260385.448861,-16.696025349243705,4.507390767267607
260396.102491,-16.696025349243705,4.507390767267607
260405.797405,-16.696025349243705,4.507390767267607
260415.433375,-16.696025349243705,4.507390767267607
260425.780027,-16.696025349243705,4.507390767267607
260435.882878,-16.696025349243705,4.507390767267607
260445.747453,-16.696025349243705,4.507390767267607
260456.83726,-16.696025349243705,4.507390767267607
260465.790642,-16.696025349243705,4.507390767267607
260475.527013,-16.696025349243705,4.507390767267607
260486.56241,-16.696025349243705,4.507390767267607
260499.136543,-16.696025349243705,4.507390767267607
260506.983342,-16.696025349243705,4.507390767267607
260515.453923,-16.696025349243705,4.507390767267607
260526.551273,-16.696025349243705,4.507390767267607
260536.358126,-16.696025349243705,4.507390767267607
260545.945669,-16.696025349243705,4.507390767267607
260556.875419,-16.696025349243705,4.507390767267607
260566.49077,-16.696025349243705,4.507390767267607
260578.111254,-16.696025349243705,4.507390767267607
260586.720357,-16.696025349243705,4.507390767267607
260596.625996,-16.696025349243705,4.507390767267607
260605.816792,-16.696025349243705,4.507390767267607
260615.78944,-16.696025349243705,4.507390767267607
260625.78304,-16.696025349243705,4.507390767267607
260635.43369,-16.696025349243705,4.507390767267607
260645.899579,-16.696025349243705,4.507390767267607
260655.903595,-16.696025349243705,4.507390767267607
260666.509802,-16.696025349243705,4.507390767267607
260677.731212,-16.696025349243705,4.507390767267607
260690.915758,-16.696025349243705,4.507390767267607
260696.258369,-16.696025349243705,4.507390767267607
260707.283959,-16.696025349243705,4.507390767267607
260717.789785,-16.696025349243705,4.507390767267607
260725.882241,-16.696025349243705,4.507390767267607
260740.853353,-16.696025349243705,4.507390767267607
260745.856027,-16.696025349243705,4.507390767267607
260755.481584,-16.696025349243705,4.507390767267607
260766.103776,-16.696025349243705,4.507390767267607
260776.566205,-16.696025349243705,4.507390767267607
260786.764831,-16.696025349243705,4.507390767267607
260796.739194,-16.696025349243705,4.507390767267607
260805.895539,-16.696025349243705,4.507390767267607
260816.680745,-16.696025349243705,4.507390767267607
260825.408042,-16.696025349243705,4.507390767267607
260838.604506,-16.696025349243705,4.507390767267607
260845.99577,-16.696025349243705,4.507390767267607
260856.072144,-16.696025349243705,4.507390767267607
260865.971995,-16.696025349243705,4.507390767267607
260876.566693,-16.696025349243705,4.507390767267607
260886.931638,-16.696025349243705,4.507390767267607
260896.794651,-16.696025349243705,4.507390767267607
260906.0397,-16.696025349243705,4.507390767267607
260916.120276,-16.696025349243705,4.507390767267607
260925.952667,-16.696025349243705,4.507390767267607
260935.956971,-16.696025349243705,4.507390767267607
260945.450939,-16.696025349243705,4.507390767267607
260955.981041,-16.696025349243705,4.507390767267607
260965.925116,-16.696025349243705,4.507390767267607
260975.992282,-16.696025349243705,4.507390767267607
260986.079586,-16.696025349243705,4.507390767267607
260996.49042,-16.696025349243705,4.507390767267607
261008.693367,-16.696025349243705,4.507390767267607
261015.351525,-16.696025349243705,4.507390767267607
261027.787656,-16.696025349243705,4.507390767267607
261041.125373,-16.696025349243705,4.507390767267607
261045.952806,-16.696025349243705,4.507390767267607
261055.905214,-16.696025349243705,4.507390767267607
261067.214112,-16.696025349243705,4.507390767267607
261075.856981,-16.696025349243705,4.507390767267607
261085.961263,-16.696025349243705,4.507390767267607
261095.815122,-16.696025349243705,4.507390767267607
261106.138814,-16.696025349243705,4.507390767267607
261118.819996,-16.696025349243705,4.507390767267607
261127.016795,-16.696025349243705,4.507390767267607
261136.621042,-16.696025349243705,4.507390767267607
261147.226164,-16.696025349243705,4.507390767267607
261157.264853,-16.696025349243705,4.507390767267607
261165.878345,-16.696025349243705,4.507390767267607
261176.251933,-16.696025349243705,4.507390767267607
261185.850032,-16.696025349243705,4.507390767267607
261195.905376,-16.696025349243705,4.507390767267607
261205.984177,-16.696025349243705,4.507390767267607
261216.220883,-16.696025349243705,4.507390767267607
261227.523521,-16.696025349243705,4.507390767267607
261236.638806,-16.696025349243705,4.507390767267607
261245.383105,-16.696025349243705,4.507390767267607
261256.692117,-16.696025349243705,4.507390767267607
261266.102512,-16.696025349243705,4.507390767267607
261275.861026,-16.696025349243705,4.507390767267607
261285.984358,-16.696025349243705,4.507390767267607
261295.867395,-16.696025349243705,4.507390767267607
261305.91046,-16.696025349243705,4.507390767267607
261315.82413,-16.696025349243705,4.507390767267607
261326.13203,-16.696025349243705,4.507390767267607
261335.902451,-16.696025349243705,4.507390767267607
261346.635438,-16.696025349243705,4.507390767267607
261357.418438,-16.696025349243705,4.507390767267607
261365.764839,-16.696025349243705,4.507390767267607
261377.862288,-16.696025349243705,4.507390767267607
261385.85558,-16.696025349243705,4.507390767267607
261398.708606,-16.696025349243705,4.507390767267607
261405.4465,-16.696025349243705,4.507390767267607
261416.176585,-16.696025349243705,4.507390767267607
261425.940399,-16.696025349243705,4.507390767267607
261435.911058,-16.696025349243705,4.507390767267607
261446.049791,-16.696025349243705,4.507390767267607
261455.894466,-16.696025349243705,4.507390767267607
261466.990289,-16.696025349243705,4.507390767267607
261476.689333,-16.696025349243705,4.507390767267607
261485.936847,-16.696025349243705,4.507390767267607
261495.946543,-16.696025349243705,4.507390767267607
261506.235606,-16.696025349243705,4.507390767267607
261516.472602,-16.696025349243705,4.507390767267607
261525.824675,-16.696025349243705,4.507390767267607
261535.972962,-16.696025349243705,4.507390767267607
261545.991546,-16.696025349243705,4.507390767267607
261556.763918,-16.696025349243705,4.507390767267607
261566.837723,-16.696025349243705,4.507390767267607
261576.927919,-16.696025349243705,4.507390767267607
261586.675438,-16.696025349243705,4.507390767267607
261595.895289,-16.696025349243705,4.507390767267607
261605.96363,-16.696025349243705,4.507390767267607
261615.882363,-16.696025349243705,4.507390767267607
261625.95065,-16.696025349243705,4.507390767267607
261638.203432,-16.664149992126777,3.6418110897493894
261645.959886,-16.663576329762314,3.633936880792213
261658.524008,-20.925218775580113,-2.9212193876010386
261668.026628,-46.73870756417204,-25.23752634887933
261675.903077,-50.19047622069915,-71.34658550060757
261685.441074,-11.260319202313749,-137.2122874605325
261695.803487,3.491825537711549,-126.39713106666967
261705.844828,11.314190865376569,-114.21587723025053
261716.104538,-2.7544924528244237,-74.72311447465457
261727.513194,-7.1901793544367685,-16.648131180860688
261735.758145,63.992500437719684,0.10149061817933634
261745.824971,175.93481816398176,32.03033994662845
261755.880667,215.4285120970543,-11.690927381053665
261767.517047,236.8429461158901,-77.8984534532727
261776.94216,345.76275244720426,-75.46094005836427
261786.802254,355.550912598866,-67.72065581275042
261796.511679,355.550912598866,-67.72065581275042
261805.898013,355.550912598866,-67.72065581275042
261816.874168,362.1951636590626,-39.50352540670618
261837.774506,358.8402129208033,4.7254802886403064
261837.862479,338.41307912677587,98.00604829776606
261845.452103,326.7125033242625,195.7864356841422
261855.354109,367.1576744413191,286.6162325780869
261865.385969,466.2143523538347,375.8207269357503
261875.382423,528.3148729636863,432.93313425282895
261885.730806,589.4608672944803,491.08282544984553
261915.908236,611.404988245583,511.017990468817
261915.917008,611.404988245583,511.017990468817
261916.91734,629.6385380567857,540.0408891575302
261916.917998,629.6385380567857,540.0408891575302
261918.866588,629.6385380567857,540.0408891575302
261929.424708,707.1928415920902,591.6613945573408
261939.798516,774.756881685678,659.6183066671357
261949.742978,834.9840339543383,716.807934314966
261959.318431,881.0255135778461,760.6570592344692
261969.33023,881.0255135778461,760.6570592344692
261978.865414,886.7574963178613,764.4072005792367
261990.399204,886.7574963178613,764.4072005792367
261999.122399,886.7574963178613,764.4072005792367
262009.876499,893.3237694969334,776.2293272444963
262022.419373,897.9426595428613,781.0393627434672
262029.231161,897.9426595428613,781.0393627434672
262039.802877,897.9426595428613,781.0393627434672
262050.338458,897.9426595428613,781.0393627434672
262058.899529,897.9426595428613,781.0393627434672
262069.220512,897.9426595428613,781.0393627434672
262079.098476,907.1365745698176,782.1257358241056
262090.972918,907.1365745698176,782.1257358241056
262101.995585,907.1365745698176,782.1257358241056
262109.403023,907.1365745698176,782.1257358241056
262119.160519,920.0187199985622,785.9304280137899
262128.823854,925.6397417608262,790.2830337786298
262139.91581,925.6397417608262,790.2830337786298
262149.171685,925.6397417608262,790.2830337786298
262160.809407,925.6397417608262,790.2830337786298
262169.35392,925.6397417608262,790.2830337786298
262179.439732,925.6397417608262,790.2830337786298
262189.687946,925.6397417608262,790.2830337786298
262200.844116,925.6397417608262,790.2830337786298
262208.887743,925.6397417608262,790.2830337786298
262219.544648,925.6397417608262,790.2830337786298
262228.897841,925.6397417608262,790.2830337786298
262239.270608,925.6397417608262,790.2830337786298
262248.889463,925.6397417608262,790.2830337786298
262258.890193,932.2255620205785,792.4799711043065
262270.707939,932.2255620205785,792.4799711043065
262280.240213,932.2255620205785,792.4799711043065
262289.30705,932.2255620205785,792.4799711043065
262299.350204,932.2255620205785,792.4799711043065
262308.894812,932.2255620205785,792.4799711043065
262318.902595,932.2255620205785,792.4799711043065
262329.439646,932.2255620205785,792.4799711043065
262339.413372,932.2255620205785,792.4799711043065
262348.888821,936.8820196245888,796.2088929761628
262364.800546,936.8903952572133,796.2105893149712
262370.221378,936.8903952572133,796.2105893149712
262380.281136,936.8903952572133,796.2105893149712
262388.823499,940.7360894650952,797.8593302696643
262399.126247,952.323390565575,806.1235456119472
262409.568669,952.3233905904874,806.1235456345648
262420.95647,958.2016267078509,805.4499596403176
262430.841455,958.2016809463909,805.4499891180095
262439.026907,959.4088325521913,806.8378882440367
262449.842749,955.9333601951593,816.2388232081767
262460.067852,956.0168684143907,818.4764374671664
262472.037227,957.7606123177032,817.6472709158661
262482.574121,972.7048228444403,808.0902730604855
262489.182071,979.3202890776231,802.6931442152384
262499.804423,1006.9717857062072,777.1043755240855
262508.992943,1039.9455956562056,743.9601230098514
262518.873223,1060.4801966958987,717.2251648946498
262528.784655,1115.705504393235,758.0895713386097
262540.489007,1185.3635624457308,818.5042961697378
262548.968363,1262.8079778652484,896.8557918688133
262558.927825,1284.4227277152675,918.291613249519
262573.164921,1284.4227277152675,918.291613249519
262580.209167,1322.0196888268138,950.609277556697
262594.691084,1427.7457950018331,1041.8243057756986
262598.911491,1443.0373171491594,1060.1930927489188
262616.286909,1478.7087043694282,1097.1918130517442
262618.780453,1428.1712125289007,1154.6508677520674
262628.812902,1444.073373310388,1175.76481123483
262641.433403,1459.4311769843237,1184.2771628232906
262649.109621,1459.4311769843237,1184.2771628232906
262659.130025,1459.4311769843237,1184.2771628232906
262669.12003,1459.4311769843237,1184.2771628232906
262679.416351,1459.4311769843237,1184.2771628232906
262688.796352,1476.3720445171557,1201.2913250548231
262699.190879,1484.3819871414817,1214.0827974620424
262709.715942,1456.3775822773496,1249.2560316056708
262718.963965,1415.5083377332337,1270.564346009985
262730.337293,1383.8804615363276,1234.1490187701859
262738.878574,1338.9379914197261,1186.5332136785053
262749.277072,1340.5162810859601,1142.4860937660449
262759.521194,1407.4547201489665,1070.6120633357818
262769.514929,1407.4547201489665,1070.6120633357818
262779.73001,1407.4547201489665,1070.6120633357818
262789.402908,1407.4547201489665,1070.6120633357818
262799.232011,1407.4547201489665,1070.6120633357818
262814.134617,1440.5130467965914,1053.1105998887551
262818.87347,1470.9808406258687,1080.9789726058304
262829.125872,1470.9808406258687,1080.9789726058304
262838.823759,1470.9808406258687,1080.9789726058304
262848.879399,1516.6227861925945,1133.7656684340736
262861.392502,1529.01398829867,1151.9326458430678
262868.85,1522.1344897741378,1145.3278851912944
262878.879926,1522.1344897741378,1145.3278851912944
262889.20974,1529.1849571553626,1137.362935261389
262899.774962,1529.1849571553626,1137.362935261389
262909.930047,1529.1849571553626,1137.362935261389
262918.881625,1529.1849571553626,1137.362935261389
262929.169169,1529.1849571553626,1137.362935261389
262939.841947,1529.1849571553626,1137.362935261389
262950.640086,1529.1849571553626,1137.362935261389
262960.65924,1529.1849571553626,1137.362935261389
262968.878452,1529.1849571553626,1137.362935261389
262979.277866,1529.1849571553626,1137.362935261389
262990.159346,1529.1849571553626,1137.362935261389
262998.817118,1529.1849571553626,1137.362935261389
263009.267309,1527.3940881461872,1143.6493152892717
263019.919687,1527.3940881461872,1143.6493152892717
263029.944243,1527.3940881461872,1143.6493152892717
263039.78834,1527.3940881461872,1143.6493152892717
263048.814536,1529.2979268003098,1155.4182110454055
263060.173348,1529.2979268003098,1155.4182110454055
263068.784399,1537.8251361954422,1157.0945223974722
263078.875368,1540.9707834092192,1165.258200534542
263088.887332,1450.1519484024302,1262.4238103116834
263101.184853,1401.8636618502337,1254.3191291517405
263108.903921,1389.5894285667255,1239.9634061738407
263118.911357,1351.5405155581586,1202.2674153555677
263128.957771,1323.5136477749745,1209.1263562389568
263139.613803,1328.2839214374383,1269.955442026044
263148.89007,1323.423936477816,1365.4919410401294
263161.360897,1308.6954647715945,1444.0787935135563
263169.873851,1306.2983351453372,1453.820823452808
263178.787781,1306.2983351453372,1453.820823452808
263190.729297,1299.6431072185499,1466.3347619237186
263200.576777,1297.2358880345673,1508.05162989273
263208.788066,1338.4183153613526,1524.8885819477969
263219.213993,1343.305129940442,1537.8752465629132
263228.981806,1330.2323651220274,1557.5032293555535
263235.996228,1325.3108112969064,1560.8583520486065
263239.107695,1325.3108112969064,1560.8583520486065
263249.226107,1325.3108112969064,1560.8583520486065
263249.803882,1325.3108112969064,1560.8583520486065
263259.623388,1322.5609092003122,1563.3424446215586
263269.232428,1314.66471855516,1566.883187597353
263279.608011,1314.66471855516,1566.883187597353
263288.886227,1314.66471855516,1566.883187597353
263299.581907,1314.66471855516,1566.883187597353
263309.27407,1314.66471855516,1566.883187597353
263319.328883,1309.3544514003593,1568.3324998175165
263328.880594,1267.795078850991,1548.1820595600443
263340.015813,1256.6499197923952,1487.7290836253612
263348.788975,1182.636134451322,1475.2789771586326
263361.129889,1146.4276179239966,1459.9828135089072
263369.944557,1166.276449987109,1396.4099434701127
263379.953915,1139.8977911938944,1349.7957904138466
263389.233329,1048.8456613565854,1329.214390643251
263398.893584,925.7440157114272,1293.4918978357
263408.89956,826.5136191857216,1253.2883933805217
263418.888737,776.9197342025002,1231.5406079563809
263421.052208,764.1819070174865,1223.1430458182733
263431.035804,702.0998957322778,1199.617904544961
263439.40805,702.0998957322778,1199.617904544961
263448.789658,702.0998957322778,1199.617904544961
263460.112248,702.0998957322778,1199.617904544961
263468.821107,702.0998957322778,1199.617904544961
263480.384395,702.0998957322778,1199.617904544961
263490.103497,702.0998957322778,1199.617904544961
263499.239482,702.0998957322778,1199.617904544961
263509.160585,702.0998957322778,1199.617904544961
263519.26754,702.0998957322778,1199.617904544961
263529.18167,702.0998957322778,1199.617904544961
263539.194478,702.0998957322778,1199.617904544961
263548.834558,702.0998957322778,1199.617904544961
263559.753574,702.0998957322778,1199.617904544961
263568.824021,702.0998957322778,1199.617904544961
263579.288139,702.0998957322778,1199.617904544961
263589.346052,702.0998957322778,1199.617904544961
263599.730674,702.0998957322778,1199.617904544961
263609.398158,702.0998957322778,1199.617904544961
263619.350819,694.8253365578237,1205.8266685076428
263629.123383,679.8532843258253,1199.3686415002214
263639.126247,678.4242931353017,1198.6097104317312
263649.126998,678.4242931353017,1198.6097104317312
263659.236257,678.4242931353017,1198.6097104317312
263669.253563,678.4242931353017,1198.6097104317312
263679.952562,678.4242931353017,1198.6097104317312
263689.179177,678.4242931353017,1198.6097104317312
263699.965085,678.4242931353017,1198.6097104317312
263709.15121,678.4242931353017,1198.6097104317312
263718.897401,678.4242931353017,1198.6097104317312
263729.230217,678.4242931353017,1198.6097104317312
263739.186823,677.302709219219,1197.8754545289557
263749.270679,677.302709219219,1197.8754545289557
263759.974211,677.302709219219,1197.8754545289557
263768.881547,677.302709219219,1197.8754545289557
263779.447206,676.8889797500657,1197.380489672606
263789.922164,676.8849828516593,1197.3751982812569
263799.780082,676.8849828516593,1197.3751982812569
263809.873961,676.8849828516593,1197.3751982812569
263820.183265,676.8849828516593,1197.3751982812569
263830.13869,676.8849828516593,1197.3751982812569
263838.807805,677.3174725866519,1197.2613659092478
263849.230969,659.8239012532613,1190.1384181725996
263859.197756,656.8923022345639,1191.1322532163256
263869.173602,655.2344642476982,1190.9220713242933
263879.79917,652.6331650899367,1191.9691755454398
263889.340751,650.8913289027828,1192.2964986858303
263900.755842,650.891291676067,1192.2965278320416
263910.187827,650.891291676067,1192.2965278320416
263920.587407,650.891291676067,1192.2965278320416
263929.406608,650.6591404772873,1193.814187960239
263940.650096,650.6591404772873,1193.814187960239
263948.82227,650.6591404772873,1193.814187960239
263959.74834,650.6591404772873,1193.814187960239
263968.887927,650.6591404772873,1193.814187960239
263980.638829,649.3078525948926,1199.1180036685735
263989.481718,648.7358865695882,1199.865795990094
263999.484876,648.0500586678575,1200.3552200255021
264010.2813,648.0500586678575,1200.3552200255021
264019.596993,648.0500586678575,1200.3552200255021
264032.877776,644.6707647630367,1192.0594505764839
264039.132328,644.6707647630367,1192.0594505764839
264050.312251,644.6707647630367,1192.0594505764839
264058.882885,637.3298485511219,1196.1748028532913
264068.846937,637.3298482191547,1196.1748201362573
264079.156586,637.3298482191547,1196.1748201362573
264088.887494,637.3298482191547,1196.1748201362573
264099.164196,637.3298482191547,1196.1748201362573
264109.341106,637.3298482191547,1196.1748201362573
264120.163315,640.1666742703071,1194.345122927539
264129.849517,640.2313357126922,1193.8556242577065
264138.894161,640.075005389248,1192.916302175051
264149.837847,640.0750052648343,1192.9163020312167
264159.221185,640.0750052648343,1192.9163020312167
264170.279462,640.0750052648343,1192.9163020312167
264178.810318,640.0750052648343,1192.9163020312167
264189.339478,637.0869004944858,1187.7625637275448
264199.199228,638.0247323826262,1187.9309123303103
264208.896978,638.2481907329817,1187.7418770285426
264219.819393,638.3370786184822,1187.6327854655553
264228.79849,638.0741446840132,1187.9762000306646
264238.799515,637.8592152050852,1188.4524967744455
264249.393894,637.8592152050852,1188.4524967744455
264258.847645,637.8592152050852,1188.4524967744455
264268.895671,637.8159039195695,1189.2572285814738
264279.386418,638.173027583076,1189.175072077257
264292.76681,634.0358419416449,1181.2621932659297
264298.897927,626.3301814330025,1181.5094242391142
264308.898013,626.3301814412577,1181.5094242391142
264319.447131,626.3301814412577,1181.5094242391142
264328.80382,631.2124963118828,1182.7712028311948
264340.347435,631.2124963118828,1182.7712028311948
264350.113925,629.2826170270273,1182.7696961353465
264360.260501,629.2826165955586,1182.7696958462664
264370.196339,627.9403748175205,1182.8893097557936
264381.508341,627.0441426217589,1182.2847995867642
264389.99614,626.8605540976315,1182.397676278155
264399.429546,626.0122385850634,1183.051164629275
264409.444487,626.0122385850634,1183.051164629275
264419.342436,626.0122385850634,1183.051164629275
264428.802054,626.1799657098231,1183.714879833794
264438.802617,626.1771849300723,1183.7182686367594
264449.351275,626.1771849300723,1183.7182686367594
264459.426476,626.1771849300723,1183.7182686367594
264469.385928,626.1771849300723,1183.7182686367594
264480.295089,626.0143705270062,1183.7515470987892
264489.388157,626.0143705270062,1183.7515470987892
264499.34663,625.3378854898627,1184.6050375739399
264510.367115,624.735584827556,1185.2102415853262
264519.411905,624.735584827556,1185.2102415853262
264529.42147,624.735584827556,1185.2102415853262
264539.428476,624.735584827556,1185.2102415853262
264549.846715,624.735584827556,1185.2102415853262
264560.189538,624.1372401189702,1185.6176310844041
264569.455604,624.3490501590996,1185.5657353742372
264579.616573,623.8461596449295,1184.0154584223408
264590.311791,623.8461592050589,1184.0154580887324
264599.569789,623.8461592050589,1184.0154580887324
264609.482076,623.8461592050589,1184.0154580887324
264620.849022,623.8461592050589,1184.0154580887324
264628.849646,623.8461592050589,1184.0154580887324
264639.420966,623.8461592050589,1184.0154580887324
264649.600481,623.0659115666431,1184.3449683794256
264660.056757,619.1377177262193,1181.120572796597
264668.891877,619.1377177262193,1181.120572796597
264678.899632,619.1377177262193,1181.120572796597
264689.835429,619.1377177262193,1181.120572796597
264699.516231,618.3356566958688,1181.0540155386723
264709.320262,615.8031903943762,1180.4824063359074
264719.258982,607.6890820364497,1176.0721996123364
264729.150202,607.6890820364497,1176.0721996123364
264739.238997,607.6890820364497,1176.0721996123364
264748.841946,607.6890820364497,1176.0721996123364
264759.189473,607.6890820364497,1176.0721996123364
264769.305186,606.0878974714859,1178.1809461553555
264779.948184,605.2699727265173,1180.9851176829131
264788.841845,606.1714568008919,1179.9713300724238
264798.804833,606.1714568008919,1179.9713300724238
264808.804942,606.1714568008919,1179.9713300724238
264818.841562,606.1714568008919,1179.9713300724238
264829.175478,606.1714568008919,1179.9713300724238
264839.3093,606.1714568008919,1179.9713300724238
264849.343258,606.1046012612281,1180.0300151713718
264859.227741,606.1046012612281,1180.0300151713718
264868.862798,606.4592525894943,1179.7607532695265
264879.499674,606.4592525894943,1179.7607532695265
264890.465462,606.4592525894943,1179.7607532695265
264900.00679,606.4592525894943,1179.7607532695265
264912.170782,606.4592525894943,1179.7607532695265
264918.905312,606.4592525894943,1179.7607532695265
264931.158685,606.4592525894943,1179.7607532695265
264938.945317,606.4592525894943,1179.7607532695265
264949.262957,606.4592525894943,1179.7607532695265
264950.924562,606.4592525894943,1179.7607532695265
264959.219967,606.4592525894943,1179.7607532695265
264969.419215,606.4592525894943,1179.7607532695265
264980.563998,606.4592525894943,1179.7607532695265
264990.170653,598.0202708398119,1174.6423472679724
265000.459576,609.7418214867175,1120.5110834695001
265008.907961,608.1732799004832,1030.762481480661
265019.138907,494.52595131484344,983.9905666105983
265028.901957,434.65566729430583,943.1450722620053
265038.882243,448.76449445442415,867.7911865550932
265052.525504,470.6439014173266,774.8719594412015
265058.841042,454.2592337952946,746.8863931811354
265069.193783,455.43592472131274,718.7078584982846
265078.807993,514.2544384624507,681.5310184723569
265089.311284,585.9782033284953,622.1670603939807
265099.257425,626.001328702545,588.2873642440603
265108.940007,626.001328702545,588.2873642440603
265120.776293,626.001328702545,588.2873642440603
265136.496771,621.2909169767489,597.4264650960007
265139.221702,648.4492535739003,527.932823229373
265150.845974,577.825310985202,442.3010903985404
265158.865006,515.1835578850471,392.0381110935831
265170.116794,416.2024064880127,306.795548438649
265180.149229,335.7128792094613,203.10942175025474
265188.89145,330.46864903232154,132.95652771558954
265201.316105,330.9135395548315,106.9634941948987
265207.784006,348.54297147481844,21.62872140263458
265207.784628,348.54297147481844,21.62872140263458
265209.117707,348.54297147481844,21.62872140263458
265219.108363,348.9895354176339,10.67770081702679
265229.544435,348.9895354176339,10.67770081702679
265242.160726,353.17465862399837,-23.22728698833128
265249.449492,311.6062910209704,-64.91796257476813
265259.378939,232.66457825603297,-67.0124030562926
265269.104336,211.73976413930237,1.399510913472816
265279.334801,173.79609271345953,33.570295199449056
265289.544589,56.13276383403686,0.18768635391060406
265300.286062,-17.275775146946845,-10.356637881980717
265310.873491,-34.77140747345903,-16.020506077222244
265348.20411,-68.47123498394504,-27.56099636912698
265348.210805,-105.41189740804288,-31.79493252385744
265348.861852,-293.91054788777444,-84.48978340433334
265348.862599,-293.91054788777444,-84.48978340433334
265349.974045,-293.91054788777444,-84.48978340433334
265360.015172,-347.0909134878508,-101.86505907981433
265371.205143,-415.6755265170018,-109.39513094655803
265381.189618,-497.13930812915936,-94.91155450018299
265391.587118,-512.5869774553362,-87.93337880541314
265400.549229,-512.5869774553362,-87.93337880541314
265410.703124,-512.5869774553362,-87.93337880541314
265423.049715,-532.5747151280607,-87.58299861646599
265430.585499,-633.1138145339685,-58.17627498377489
265440.714148,-664.6924000966073,-51.274852313282025
265449.985718,-664.6924000966073,-51.274852313282025
265461.199449,-698.9437677747344,-51.13703346606184
265471.155741,-777.1988458227297,-28.445373716846735
265481.471607,-855.4110358066172,8.481301757598898
265491.557617,-967.9680517108245,38.8632572131315
265500.554466,-999.0276359919045,50.44581088838362
265510.851449,-999.0276359919045,50.44581088838362
265522.858451,-1070.1901466882116,57.97898823642104
265530.078142,-1148.2849979428142,103.54098309902153
265540.649952,-1153.88184310428,108.68565297919848
265550.436672,-1239.0462116393812,183.43445163326749
265559.985091,-1308.011720392675,247.83493837431334
265570.025124,-1353.1605507034553,294.8916647097154
265581.388492,-1420.5601813728042,364.5278107690517
265591.159176,-1466.336902831563,406.3286594202922
265600.511082,-1478.9765697373489,416.27779508558837
265610.561662,-1478.9765697373489,416.27779508558837
265620.546014,-1478.9765697373489,416.27779508558837
265630.597273,-1478.9765697373489,416.27779508558837
265640.553491,-1478.9765697373489,416.27779508558837
265650.476576,-1478.9765697373489,416.27779508558837
265668.39585,-1512.6950941767984,450.49531409750927
265670.028136,-1567.2575346797041,505.6379239407948
265680.086083,-1595.110294069566,490.5693082282349
265690.928415,-1602.920660852127,480.21868712829394
265701.106047,-1610.295758333463,472.2417624204795
265711.607567,-1610.295758333463,472.2417624204795
265720.852429,-1610.295758333463,472.2417624204795
265730.389471,-1629.8629286315684,447.80384584780404
265740.339848,-1645.438914887808,402.3691640489867
265750.032458,-1659.6086789573756,357.0253133141789
265760.082195,-1660.9112350106464,354.11597249673235
265770.921445,-1660.9112350106464,354.11597249673235
265780.703847,-1660.9112350106464,354.11597249673235
265790.562685,-1660.9112350106464,354.11597249673235
265802.810219,-1660.9112350106464,354.11597249673235
265811.961246,-1660.9112350106464,354.11597249673235
265836.116759,-1853.5263347268794,300.61978341071824
265836.117488,-1853.5263347268794,300.61978341071824
265837.846763,-1853.5263347268794,300.61978341071824
265847.819733,-1853.5263347268794,300.61978341071824
265857.888008,-2220.854870840456,376.2990137790693
265867.778822,-2341.524673345867,358.3757254023386
265878.609484,-2344.6566834646082,356.571534332757
265888.09762,-2388.1895350736017,332.1820013292952
265897.780719,-2507.008878422374,266.3222791403062
265907.861589,-2547.6878673723813,232.64362153869587
265918.646647,-2501.5296555638715,171.98534954946578
265928.125703,-2421.7774995036557,90.27612049983836
265938.548332,-2381.4968262728507,58.35971145075336
265948.392518,-2322.1506478478927,97.67674725232597
265958.941564,-2295.2615625607605,143.0534268480211
265968.208156,-2292.8983525148005,174.5828518889348
265978.302616,-2303.9424819938313,128.55684547023958
265987.813197,-2226.9199487636943,110.92089968452662
266001.615388,-2176.287218937874,136.4430777204142
266007.869417,-2194.082496158571,206.16852815151063
266018.928455,-2186.593524834493,322.1008433215457
266027.910989,-2164.4025455707683,355.15032668219766
266037.808632,-2136.0341132781305,325.4762155520476
266048.759417,-2117.1395351829315,246.22780892984485
266058.807506,-2083.811513949028,199.81378468178707
266071.095518,-2082.3354823292134,197.11950942164927
266078.171192,-2082.3354823292134,197.11950942164927
266088.094419,-2082.3354823292134,197.11950942164927
266098.493225,-2082.3354823292134,197.11950942164927
266108.22971,-2082.3354823292134,197.11950942164927
266118.168881,-2080.9894838306986,196.97665414678102
266128.200778,-2069.267110184566,131.91637118438686
266138.240479,-2057.2700919237795,10.711862645162872
266148.269983,-2025.7321822895221,-77.95048254599313
266158.21802,-1994.3956319367448,-164.72212324605715
266168.833739,-1943.7227464241114,-323.1224411163829
266178.129777,-1926.9246438825717,-432.0032930805822
266188.107829,-1878.7603778542707,-485.37602717419935
266198.780858,-1880.2829033271553,-580.476314452122
266247.384476,-1809.0289272057744,-934.4121720923035
266247.385283,-1809.0289272057744,-934.4121720923035
266249.008574,-1799.8128626896018,-943.4901977130476
266260.13652,-1813.727486894502,-958.6387754312195
266269.384049,-1864.3959605494654,-979.5953283868246
266280.111005,-1925.430985004683,-1005.5656715004915
266289.433571,-1971.336269589754,-1020.7821859588462
266299.003766,-2052.3963169411036,-1051.3957406131906
266309.376541,-2194.278522229777,-1017.8129182661828
266321.074981,-2278.283308777594,-929.2729900621099
266329.659064,-2402.815299528451,-877.9851720727196
266343.507972,-2565.7841317699354,-879.7581621633959
266348.999559,-2707.390209741523,-892.1520852752636
266362.523577,-2853.1475788073235,-880.4373958039932
266369.061011,-3066.4654966035805,-867.5235468787249
266380.372483,-3198.6764428284882,-861.6511218877134
266390.778387,-3296.2497162164914,-857.446528001194
266400.288764,-3307.1356128824073,-781.6079559715982
266409.323588,-3325.274859324167,-698.6127920446846
266430.056953,-3369.3600548235477,-656.8079404664694
266430.154285,-3406.663180910026,-696.4423170056082
266439.320591,-3434.576408250977,-737.9849557946227
266449.505026,-3471.568565758834,-786.3981369527678
266459.624685,-3487.0641122959823,-805.9451566482238
266470.168902,-3483.9838923610487,-819.832177628441
266479.362873,-3478.7152694884157,-826.785769132341
266490.054326,-3487.0880874951094,-853.1122279837587
266500.06431,-3496.095281966833,-850.9771369345852
266510.705274,-3525.755204290301,-848.8839607941547
266519.39668,-3628.387241933037,-835.1715403666817
266529.436075,-3726.816926703591,-819.2373816918792
266539.455587,-3824.7878159951324,-790.7399063144366
266549.008521,-3965.7335314305733,-735.3828283843083
266559.940461,-4032.6747668530534,-666.2641881530808
266569.110462,-4053.815018019117,-643.1253108576752
266580.18997,-4057.9260891283334,-638.1235472130151
266590.174456,-4092.6827469057735,-599.7496940428651
266599.080518,-4135.780336685215,-554.996338441509
266610.050588,-4148.264169725501,-542.4530201186118
266621.605513,-4148.264169725501,-542.4530201186118
266630.046928,-4151.949176668468,-537.9354787923284
266639.343991,-4197.909581430444,-495.8226101545414
266649.290349,-4228.721821189962,-465.15183664530235
266659.059804,-4228.721821189962,-465.15183664530235
266669.337413,-4253.712454423969,-441.3816942817793
266679.346817,-4270.29015372623,-427.80216601690165
266695.673983,-4289.459579110466,-466.5732896248556
266699.06388,-4333.411314259575,-567.2756234874572
266710.213969,-4359.611718050075,-612.180831669638
266720.076969,-4424.8916440748,-600.5973852295798
281264.890767,4523.568220222665,-715.3976760628238
281275.999249,4498.795750766902,-719.6852061441489
281284.81167,4498.795750766902,-719.6852061441489
281296.694217,4498.795750766902,-719.6852061441489
281302.827471,4467.469606303514,-723.6066700686168
281302.828107,4467.469606303514,-723.6066700686168
281304.486349,4455.83731905898,-716.2464029878422
281316.446557,4449.75071912632,-621.948060770784
281324.499056,4439.375672761979,-532.529778591876
281334.529978,4439.375672761979,-532.529778591876
281346.472145,4439.375672761979,-532.529778591876
281354.579611,4439.375672761979,-532.529778591876
281364.581388,4439.375672761979,-532.529778591876
281374.583622,4439.375672761979,-532.529778591876
281384.932682,4436.304967385105,-520.0617635838545
281394.937533,4393.576331844096,-486.1917475000232
281404.889202,4266.172380580784,-501.05289232869296
281418.067014,4107.269388302712,-524.1791144245507
281424.507779,4058.3013538718183,-530.274387128458
281434.556526,4058.3013538718183,-530.274387128458
281444.586,4058.3013538718183,-530.274387128458
281456.173311,4058.3013538718183,-530.274387128458
281464.581619,4018.4590541312505,-536.9341341401467
281474.619515,3888.899186974448,-570.1080644935791
281485.41602,3807.9267192596217,-589.6024840312319
281495.118323,3786.2919885462325,-594.8467115106363
281505.055767,3767.142019739497,-598.2963728967763
281515.534462,3767.142019739497,-598.2963728967763
281525.357263,3765.0603666056427,-598.396222165182
281535.163468,3737.854515006769,-605.7632569319755
281545.278452,3690.3469639550244,-617.7007697828905
281556.513883,3630.6800053982547,-633.0829206704431
281564.797042,3605.590135312062,-631.9759570792901
281574.526639,3605.590135312062,-631.9759570792901
281584.53593,3573.636669327444,-636.6309207560877
281594.594572,3465.669021329433,-630.5111535562863
281605.368113,3346.299414860861,-628.4480192548511
281618.38093,3227.9026414725663,-620.4383426979999
281624.660419,2992.9327558292875,-603.6006760710238
281636.814195,2864.832276024372,-594.2247324900493
281644.487597,2802.332894450188,-585.2018137469742
281657.470083,2802.332894450188,-585.2018137469742
281664.552305,2784.987093830591,-576.958998156905
281675.823508,2725.570390942357,-534.6578401594371
281684.995225,2710.40011909725,-517.6343154127816
281694.488404,2691.272013483807,-513.2360793098851
281704.528104,2662.4973092761365,-523.5150720210129
281714.523044,2605.278216169048,-545.6241313351862
281725.311487,2524.4843131456587,-529.0568367709365
281735.613889,2393.470554210731,-472.7013115015719
281744.541823,2265.2778055824515,-414.0872981467383
281754.601086,2223.5223582396043,-397.9660951468425
281764.590869,2169.2239696476254,-366.94145384330005
281777.338492,2091.97892588685,-341.3054275989396
281785.496278,2023.7123633444285,-316.28208073049336
281794.537526,1998.5238796572714,-298.87715226613903
281804.588583,1993.040294456293,-295.05926269854785
281814.4955,1958.4524286551994,-284.07510808900844
281824.515406,1904.9820711830632,-254.77884829610736
281834.58544,1836.2561502126614,-206.89088462488627
281846.91957,1765.3697381808308,-148.2590883405457
281857.609649,1666.028190280934,-70.02973806039806
281865.225626,1587.829088327341,-6.875917974039257
281875.594802,1534.150257876694,35.210089437535
281884.597083,1512.5515608084472,64.93669429299202
281897.370704,1393.4487867639325,153.7270467968359
281904.589256,1346.6753572071616,192.6876560913216
281914.589204,1316.0763379939362,221.8313737906328
281925.023605,1288.6282965999096,267.13241242357236
281935.989523,1333.7025230230395,314.0082339256862
281944.681559,1360.0450612319185,343.6085131762356
281954.539954,1360.0450612319185,343.6085131762356
281969.416776,1324.067927466002,319.5154733241514
281975.902827,1312.2455130494343,308.9658244855917
281985.492242,1290.3523259807741,289.5178169968716
281994.505713,1208.4123510558034,187.64930709150403
282004.605156,1157.731248690333,185.96229982017783
282016.177543,1058.344073207943,288.1674026547683
282024.502282,974.5196877972869,339.6715677662797
282034.532862,893.2997775757087,404.1848851787982
282046.850553,825.042813515181,386.11412985988926
282054.964789,750.188817806768,326.6710036317309
282065.536081,744.7799572782171,320.0107918721213
282075.12596,679.5912725048004,258.67159494340984
282084.543415,627.2957496940827,224.00845300905604
282094.959287,575.8836298439545,277.09537758854066
282105.211508,541.2059408509946,318.2340455598318
282115.871787,541.2059408509946,318.2340455598318
282125.506307,239.1346268593108,657.187866045935
282134.591328,180.73513730837294,734.1349338217474
282144.515779,178.17809936341007,740.5262698364099
282154.545687,175.83586345017795,749.2045685380494
282164.549289,124.62199884656073,799.7439371912711
282175.076469,87.73241294972149,835.5555573525231
282184.503176,61.43230006790132,886.1597068694261
282194.538727,4.599101870809777,909.6536099149217
282205.224672,-20.6533893197449,951.6801909132664
282216.06125,-24.947258553169622,967.814517205347
282226.243662,-43.36160486525579,983.6292360631384
282235.081609,-81.25026233528212,973.7424160082982
282247.51824,-135.20835554322062,935.476146051317
282254.533424,-194.8638287716754,899.6156527152937
282264.589833,-240.3384856497719,875.2371613225552
282274.516427,-277.3242157340798,850.607106978534
282285.409951,-320.52714778491367,852.421256461084
282295.461055,-321.90873261385684,853.8532285995767
282304.508619,-326.4981492835322,858.0580367189573
282315.686357,-381.5341519934441,866.9006426189796
282325.708844,-400.87460070185523,865.3452856379337
282335.10037,-400.87460070185523,865.3452856379337
282344.982689,-400.87460070185523,865.3452856379337
282355.053506,-447.9225259227619,871.4597742986961
282364.773165,-471.80216549196297,875.0021105279702
282374.51164,-571.8864239746961,884.941055139348
282384.505856,-620.7538956994604,890.1282013636451
282398.097804,-622.4824551418548,890.4001161520731
282405.034182,-622.4824551418548,890.4001161520731
282414.630464,-622.4824551418548,890.4001161520731
282425.814323,-622.4824551418548,890.4001161520731
282435.845094,-622.4824551418548,890.4001161520731
282444.955656,-622.4824551418548,890.4001161520731
282454.992932,-622.4824551418548,890.4001161520731
282464.942971,-622.4824551418548,890.4001161520731
282475.008124,-627.3858560965996,891.8228429781697
282484.509008,-701.905456410464,901.5776896175363
282494.548748,-800.8929999879638,908.0089646737165
282505.996091,-876.0169661549796,913.8826467930742
282514.602053,-956.7567066035518,921.246086875536
282525.943983,-1001.3552596134303,995.219483914864
282536.278369,-1042.5712046854333,1008.9240549220757
282544.993942,-1079.730754008642,994.458792339643
282556.216975,-1111.7951911930006,1009.2839346568447
282565.23877,-1133.8623117654752,1051.850470554015
282574.971888,-1147.7740904472114,1087.4615332202006
282584.980674,-1168.3986380741985,1138.7226419145823
282595.085624,-1170.1422169612415,1141.844240336964
282605.322702,-1154.8889357720868,1105.1890773927462
282617.324458,-1143.2417066173764,1080.8276172563872
282624.599325,-1139.9875983878408,1066.5849740715137
282634.523611,-1139.9875983878408,1066.5849740715137
282646.568395,-1138.735631796786,1062.4768844980995
282654.631178,-1119.0060462104295,1010.0892799075127
282655.46686,-1119.0060462104295,1010.0892799075127
282664.596306,-1111.9611397144774,987.1444848554198
282675.942895,-1111.9611397144774,987.1444848554198
282686.074479,-1111.9611397144774,987.1444848554198
282695.077874,-1111.9611397144774,987.1444848554198
282705.742979,-1111.9611397144774,987.1444848554198
282715.178335,-1095.6993259911978,983.5855411310018
282725.039199,-1095.6993259911978,983.5855411310018
282734.597692,-1095.6993259911978,983.5855411310018
282744.59798,-1095.6993259911978,983.5855411310018
282755.33938,-1095.6993259911978,983.5855411310018
282764.510565,-1095.6993259911978,983.5855411310018
282776.546297,-1095.6993259911978,983.5855411310018
282785.01006,-1095.6993259911978,983.5855411310018
282794.535826,-1095.6993259911978,983.5855411310018
282804.51164,-1095.6993259911978,983.5855411310018
282814.935437,-1095.6993259911978,983.5855411310018
282825.015611,-1095.6993259911978,983.5855411310018
282834.995699,-1095.6993259911978,983.5855411310018
282845.716676,-1095.6993259911978,983.5855411310018
282856.360126,-1095.6993259911978,983.5855411310018
282864.959533,-1095.6993259911978,983.5855411310018
282874.982365,-1095.6993259911978,983.5855411310018
282887.065966,-1095.6993259911978,983.5855411310018
282895.779235,-1095.6993259911978,983.5855411310018
282906.287483,-1096.6411849904791,974.0375787877392
282914.528208,-1110.159024872407,973.3243123160206
282926.291116,-1110.159024872407,973.3243123160206
282934.535686,-1110.159024872407,973.3243123160206
282944.513635,-1110.159024872407,973.3243123160206
282955.88505,-1110.159024872407,973.3243123160206
282965.600048,-1110.159024872407,973.3243123160206
282974.616497,-1110.159024872407,973.3243123160206
282984.618205,-1110.159024872407,973.3243123160206
282994.615061,-1110.159024872407,973.3243123160206
283006.129326,-1118.2265175748453,972.7457971763613
283015.007309,-1118.2265175748453,972.7457971763613
283024.928332,-1117.448615423417,975.9497383163475
283035.090605,-1117.948614995097,976.1564110571121
283044.985934,-1117.9869513871474,975.8983404668741
283054.992878,-1117.9869513871474,975.8983404668741
283064.947263,-1117.9869513871474,975.8983404668741
283075.608569,-1117.9869513871474,975.8983404668741
283085.05245,-1117.9869513871474,975.8983404668741
283095.03992,-1117.9869513871474,975.8983404668741
283104.559669,-1117.9869513871474,975.8983404668741
283114.595781,-1118.7632039760879,977.2450991657213
283124.613838,-1118.762625865783,977.2487415983256
283135.075134,-1118.291130935862,978.9801408111647
283144.922611,-1118.291130935862,978.9801408111647
283154.967469,-1118.291130935862,978.9801408111647
283164.517509,-1118.291130935862,978.9801408111647
283175.749559,-1118.291130935862,978.9801408111647
283185.658438,-1118.291130935862,978.9801408111647
283195.597848,-1118.291130935862,978.9801408111647
283204.915044,-1118.291130935862,978.9801408111647
283216.228214,-1118.291130935862,978.9801408111647
283224.596479,-1118.291130935862,978.9801408111647
283234.991004,-1123.6530869234523,978.9108938358806
283244.516694,-1123.6559098177263,978.9107155543542
283254.880902,-1123.6559098177263,978.9107155543542
283264.958789,-1123.6559098177263,978.9107155543542
283274.915378,-1123.6559098177263,978.9107155543542
283284.562321,-1123.6559098177263,978.9107155543542
283294.902277,-1123.6559098177263,978.9107155543542
283304.959589,-1128.9279512046146,979.8920780991426
283316.051393,-1138.253485920591,982.6546474281494
283325.345925,-1138.253485920591,982.6546474281494
283334.914046,-1140.0524153593303,980.0768705310378
283346.607531,-1141.3174490101806,978.9014392544459
283354.999272,-1143.1605269964411,978.4307518222857
283365.152902,-1143.1605269964411,978.4307518222857
283375.231207,-1143.1605269964411,978.4307518222857
283385.152857,-1143.1605269964411,978.4307518222857
283395.773863,-1143.1605269964411,978.4307518222857
283404.615521,-1143.6695589551134,974.6841867698345
283415.721005,-1143.9676355795602,971.8261213292433
283425.120899,-1144.0147074074387,970.2084620799106
283436.069233,-1144.8035421208285,968.9346238931922
283445.111284,-1145.370420566906,967.8751746142999
283455.026089,-1144.8310782525384,967.1273271974153
283464.557609,-1144.5121047483503,966.5061144767993
283474.555365,-1144.5121047483503,966.5061144767993
283484.546122,-1144.5121047483503,966.5061144767993
283496.230651,-1144.5121047483503,966.5061144767993
283505.864911,-1144.5121047483503,966.5061144767993
283515.611886,-1147.8365724556238,966.8601816069977
283525.232567,-1147.8365724556238,966.8601816069977
283536.284182,-1151.4990842442303,963.8745991777379
283546.33665,-1151.4990850574895,963.8745989550961
283555.133149,-1153.7343122976724,966.5343772517169
283567.251216,-1153.7343122976724,966.5343772517169
283575.039266,-1154.4396132491513,965.8512686973738
283584.546958,-1155.0603952989802,966.657144971563
283594.869738,-1161.1960653506364,964.6564267573324
283604.526839,-1160.903029384839,964.2903376977732
283620.121127,-1160.903029384839,964.2903376977732
283624.621516,-1160.903029384839,964.2903376977732
283634.969971,-1160.903029384839,964.2903376977732
283647.150008,-1160.903029384839,964.2903376977732
283655.976061,-1160.903029384839,964.2903376977732
283664.845795,-1160.903029384839,964.2903376977732
283674.865577,-1160.903029384839,964.2903376977732
283685.14291,-1160.903029384839,964.2903376977732
283694.883476,-1160.903029384839,964.2903376977732
283704.521516,-1160.903029384839,964.2903376977732
283714.889225,-1160.903029384839,964.2903376977732
283725.887497,-1160.903029384839,964.2903376977732
283734.559729,-1160.903029384839,964.2903376977732
283745.886998,-1160.903029384839,964.2903376977732
283755.555424,-1160.903029384839,964.2903376977732
283766.040868,-1160.903029384839,964.2903376977732
283774.607052,-1160.903029384839,964.2903376977732
283785.516416,-1160.903029384839,964.2903376977732
283794.865705,-1160.903029384839,964.2903376977732
283804.912193,-1160.903029384839,964.2903376977732
283817.435173,-1160.903029384839,964.2903376977732
283824.550522,-1160.903029384839,964.2903376977732
283837.584084,-1160.903029384839,964.2903376977732
283846.152448,-1160.903029384839,964.2903376977732
283854.954489,-1160.903029384839,964.2903376977732
283865.608419,-1161.221253847484,964.2620896398244
283876.317126,-1162.0377809104486,962.7841930278047
283884.865838,-1162.1994775060318,962.7873559322406
283894.550484,-1162.2361560538125,961.2269381115537
283904.331193,-1162.2361560538125,961.2269381115537
283905.202908,-1162.2361560538125,961.2269381115537
283915.432521,-1162.3782477110278,961.3881249777189
283925.221716,-1162.378247428886,961.3881251229651
283935.144822,-1167.6618667956277,954.4769276307887
283945.213791,-1183.3394439699682,932.6363017795934
283954.546624,-1162.2319290481757,872.9779093803595
283966.142942,-1160.7914374535749,870.1573129004099
283975.133404,-1153.6248728636015,829.3173426970319
283988.047768,-1231.199121436085,845.4898495529258
283995.597297,-1309.8724321887055,891.4002803215171
284004.827497,-1371.5261007140562,949.9206177035288
284014.54214,-1413.726522635878,904.7877283086751
284025.071188,-1431.2011395516738,878.4619059284394
284034.525607,-1435.6492201560845,871.1094203613117
284045.480764,-1441.37789963725,865.528061480072
284055.979756,-1451.8784563490146,852.1533905986714
284065.369399,-1471.038031047557,830.5024373100686
284075.87484,-1496.0161865201194,819.8431207120443
284084.526732,-1530.3673007846078,805.2201604953075
284094.556284,-1545.3435054989318,797.5273993781014
284105.86671,-1558.4107003232502,790.9784251757586
284114.991944,-1550.3467891645403,758.2706333288759
284124.990503,-1530.1093682502105,722.9060247974824
284135.066733,-1523.4167648505743,697.8228223411903
284144.965951,-1522.8891556244132,659.1201143726175
284155.168349,-1526.2229949669509,624.2831325342988
284169.021458,-1528.2061194402206,612.329168445106
284174.648372,-1543.8820046509309,547.7404397081286
284184.950981,-1570.7508230854562,521.0333348397775
284195.49022,-1570.7508230854562,521.0333348397775
284205.522285,-1637.6482782942394,176.02673495481042
284214.574655,-1579.0024707787832,80.06134214915531
284224.626766,-1557.1771994236424,48.11593411003708
284234.539145,-1539.4640826605828,16.67486770859022
284244.579336,-1496.3396619230687,-60.31845218875583
284254.579629,-1429.266315355009,-148.22537410471108
284265.494313,-1372.998237465244,-204.98607356888263
284276.341678,-1369.9223458814772,-207.07933460001988
284285.222746,-1369.9223458814772,-207.07933460001988
284295.832475,-1369.9223458814772,-207.07933460001988
284304.557353,-1362.9523691690454,-212.5762227833597
284314.58371,-1323.5832180883324,-252.02711786624621
284327.759662,-1279.0610320630055,-295.68404182763766
284334.546211,-1243.8709075268193,-331.5481426922606
284344.573789,-1220.3203837082824,-360.1064464716269
284355.001866,-1193.7021363299273,-391.5351140382719
284364.641073,-1193.7021363299273,-391.5351140382719
284374.985537,-1177.1135962748376,-409.8401991569328
284386.547139,-1124.7728189758495,-464.57893321027086
284397.009696,-1090.5642645590415,-496.947011993481
284404.925268,-1058.9620521223337,-541.8884242667662
284415.216823,-1099.865911683721,-554.5063281576481
284424.965619,-1125.4312387394548,-548.0281910061344
284434.592293,-1154.9855831065515,-550.2216795587176
284446.904073,-1189.9685437397654,-539.5203281012024
284454.543414,-1211.3867433975713,-530.3665488593151
284464.569264,-1263.0296856108823,-546.0913709991746
284474.882042,-1314.1259799523048,-629.957941168405
284485.799062,-1350.887368818601,-687.1112555186868
284496.557254,-1393.760634453757,-762.7516557387429
284506.371783,-1344.563251634697,-838.1104721729868
284516.432113,-1283.083396400882,-897.5754611737941
284524.625705,-1301.4476039575222,-980.7165705305187
284535.435738,-1369.0513327491567,-1032.8540228489624
284545.097738,-1388.376915396757,-1042.7197873204427
284554.543336,-1411.1066328421052,-1089.4229131263774
284565.025052,-1454.0355145273757,-1149.148941252931
284575.189765,-1403.4857192896932,-1192.5295269928429
284585.508518,-1350.028957975782,-1272.5824744038491
284598.583008,-1406.8766697485962,-1397.98835094135
284604.575438,-1388.0176185908874,-1461.627270792331
284614.755756,-1337.156743228753,-1464.18851364936
284624.664583,-1315.8980491313855,-1407.1155743096945
284638.080464,-1263.1851386401083,-1339.365953746819
284644.653958,-1260.802450957384,-1322.350085908646
284654.655689,-1260.802450957384,-1322.350085908646
284665.120163,-1260.802450957384,-1322.350085908646
284674.530249,-1260.802450957384,-1322.350085908646
284685.235964,-1260.802450957384,-1322.350085908646
284695.052973,-1260.802450957384,-1322.350085908646
284705.723883,-1260.802450957384,-1322.350085908646
284714.627293,-1260.802450957384,-1322.350085908646
284724.598037,-1260.802450957384,-1322.350085908646
284734.629841,-1260.802450957384,-1322.350085908646
284744.618356,-1260.802450957384,-1322.350085908646
284757.952271,-1244.3793628852454,-1303.0112292956362
284764.870295,-1240.6883106656708,-1307.8701042818554
284774.868436,-1209.2728738006742,-1329.0489181768598
284784.900989,-1209.2728738006742,-1329.0489181768598
284794.577275,-1159.4698933296997,-1358.8278957208786
284804.863662,-1120.707836135034,-1394.783081457798
284814.945824,-1120.707836135034,-1394.783081457798
284824.629753,-1120.707836135034,-1394.783081457798
284836.080913,-1095.7492354763044,-1415.2398105040286
284844.899667,-1040.8710359751174,-1400.548790446173
284854.631727,-1004.7313422274995,-1345.2064617574276
284865.109493,-1000.9676167646109,-1339.174534112098
284874.820641,-954.7163502924536,-1266.3620014202281
284884.621735,-913.7880769130633,-1194.3705385202552
284895.315811,-842.4301546895698,-1084.5800919521225
284905.49905,-789.2471945506954,-991.2153368623142
284914.635535,-741.033236170256,-911.2288518733878
284929.588422,-711.7913207925777,-803.3225688572161
284934.658157,-687.5092027022465,-717.952296743545
284944.538933,-680.8634866756295,-631.4331293466048
284954.53809,-669.9482600242948,-552.1671358267832
284965.770633,-643.8765176196254,-481.5001649375007
284976.396729,-629.4422046427729,-435.7328257460856
284984.569976,-620.3876421919769,-421.96741056332235
284995.085879,-620.3876421919769,-421.96741056332235
285004.576654,-615.394603073779,-399.53188360614416
285014.896517,-571.6988174906656,-360.47280598246186
285028.827597,-539.7535045057692,-320.34629393918703
285034.548817,-520.6806626765992,-247.24954182158365
285047.158661,-520.6806626765992,-247.24954182158365
285056.942594,-520.6806626765992,-247.24954182158365
285065.726405,-520.6806626765992,-247.24954182158365
285074.560268,-516.2416641555259,-239.0016563993832
285088.28323,-440.9078220837592,-229.91668225219695
285095.585708,-367.932987517117,-223.2576861752122
285104.568369,-262.67819524891746,-216.4790244465459
285114.567956,-198.92942326900047,-232.64549819173786
285124.567226,-173.57707885397193,-253.8890405451646
285136.280923,-113.03939927233837,-315.1345858635471
285145.876686,-56.627809608348116,-284.30727586684844
285155.799294,-50.421415732347725,-228.0319549998202
285165.008568,-49.507033254582126,-177.62594575570986
285174.905344,-6.812087850941458,-127.35771650071442
285185.211328,-6.696571184021094,-86.56790954066518
285196.656647,-30.778721740376177,-34.320269500080634
285204.545015,-43.96706168760859,-18.88870296105066
285217.380603,-58.65502667599285,22.929313764870695
285224.554052,-64.82333229953967,43.44010499908816
285235.021178,-71.12935459737174,78.77409302099399
285244.602772,-85.3016992095118,118.28659763022928
285254.547328,-110.95369023187469,178.40093776410492
285267.482717,-118.13380605232072,223.10990011207247
285275.452283,-134.23977342335797,269.4443288274768
285286.311843,-150.81517299251624,335.64021834895317
285296.365106,-163.2108141827646,376.5176153550292
285307.117798,-164.979616948782,403.9403979701491
285314.644621,-169.63182462829351,432.6909313720024
285326.09333,-185.08076809586854,458.22409515701844
285337.349172,-195.45490222842201,498.73668544334413
285347.396834,-155.92881790355608,516.7154809754829
285354.647055,-125.7305328070957,528.8338852484527
285365.047706,-97.10158159042851,544.1047300266918
285375.60415,11.417875826607846,580.82343238525
285385.844255,93.41385843066494,611.4661687943778
285395.82369,157.16821841477804,630.9556051340984
285405.879597,174.5516139040394,643.1813265669006
285417.013301,210.5090658205931,648.8886886969312
285424.917227,254.9147563514867,665.7816849244692
285434.546579,346.35784090106665,693.4596988477571
285448.516745,401.63971291307405,712.3640985529998
285455.043478,401.63971291307405,712.3640985529998
285464.884823,401.63971291307405,712.3640985529998
285478.211139,401.63971291307405,712.3640985529998
285484.946983,401.63971291307405,712.3640985529998
285494.913256,426.36427749070083,726.2568800637183
285507.324987,469.6331524325754,736.3885365114204
285514.642466,521.8223349152356,767.0810645182409
285524.572421,513.2805418778183,789.7725024462682
285537.160995,513.2805418778183,789.7725024462682
285551.716025,497.9706794133917,810.9595322436868
285556.30169,443.76371706239456,913.1736930718562
285564.583982,516.9768031428061,997.6763489732247
285574.580866,612.4107071519458,1050.140543613552
285585.030639,623.3787988768528,1115.8500776543224
285594.613598,605.4930318888813,1146.150103205543
285605.351704,673.3789383608088,1191.1789795706297
285614.619573,700.1630327112001,1206.2152617125118
285617.812536,700.1630327112001,1206.2152617125118
285624.579231,676.8773000884278,1198.7912736901706
285636.907739,676.8773000884278,1198.7912736901706
285647.631184,676.8773000884278,1198.7912736901706
285655.061298,676.8773000884278,1198.7912736901706
285665.004896,676.8773000884278,1198.7912736901706
285677.310281,676.8773000884278,1198.7912736901706
285684.972296,676.8773000884278,1198.7912736901706
285694.551019,676.8773000884278,1198.7912736901706
285705.766821,676.8773000884278,1198.7912736901706
285715.661773,676.8773000884278,1198.7912736901706
285725.80116,676.8773000884278,1198.7912736901706
285735.341597,676.8773000884278,1198.7912736901706
285745.325165,676.8773000884278,1198.7912736901706
285755.058077,676.8773000884278,1198.7912736901706
285765.073818,676.8773000884278,1198.7912736901706
285775.004528,676.8773000884278,1198.7912736901706
285785.031056,676.8773000884278,1198.7912736901706
285795.16642,676.8773000884278,1198.7912736901706
285805.7503,676.8773000884278,1198.7912736901706
285814.647988,676.8773000884278,1198.7912736901706
285825.86509,676.8773000884278,1198.7912736901706
285834.98879,676.8773000884278,1198.7912736901706
285846.686757,676.8773000884278,1198.7912736901706
285855.559919,676.8773000884278,1198.7912736901706
285864.907143,676.8773000884278,1198.7912736901706
285874.965534,676.8773000884278,1198.7912736901706
285885.008223,676.8773000884278,1198.7912736901706
285895.028118,676.8773000884278,1198.7912736901706
285904.985907,676.8773000884278,1198.7912736901706
285915.061046,678.0771939282932,1191.3448332310709
285925.154219,678.0771939282932,1191.3448332310709
285934.655588,678.0771939282932,1191.3448332310709
285945.726428,678.0771939282932,1191.3448332310709
285955.838372,678.0771939282932,1191.3448332310709
285964.554926,678.0771939282932,1191.3448332310709
285975.142538,678.0771939282932,1191.3448332310709
285985.054703,662.6780980888075,1188.0098069550154
285995.081531,654.3452945656461,1186.6323033537742
286005.11016,654.3452945656461,1186.6323033537742
286015.055833,654.3452945656461,1186.6323033537742
286025.06682,654.3452945656461,1186.6323033537742
286035.811041,654.3452945656461,1186.6323033537742
286044.602612,657.643389771185,1185.1905681371604
286054.556596,662.0671472817178,1183.4087910008475
286066.08001,662.6537033699245,1183.2941650236683
286076.153536,662.6537033699245,1183.2941650236683
286084.865347,662.6537033699245,1183.2941650236683
286095.033782,662.6537033699245,1183.2941650236683
286105.069634,662.6537033699245,1183.2941650236683
286115.157332,662.6537033699245,1183.2941650236683
286125.096693,662.6537033699245,1183.2941650236683
286135.186434,662.6537033699245,1183.2941650236683
286145.766828,662.6537033699245,1183.2941650236683
286155.807641,662.6537033699245,1183.2941650236683
286164.557373,662.6537033699245,1183.2941650236683
286174.587572,662.6537033699245,1183.2941650236683
286185.248841,662.6537033699245,1183.2941650236683
286196.695084,662.6537033699245,1183.2941650236683
286205.075094,662.6537033699245,1183.2941650236683
286215.050614,662.6537033699245,1183.2941650236683
286225.047294,662.6537033699245,1183.2941650236683
286235.041384,662.6537033699245,1183.2941650236683
286245.046308,662.6537033699245,1183.2941650236683
286255.797976,662.6537033699245,1183.2941650236683
286265.241733,662.6537033699245,1183.2941650236683
286275.093207,662.6537033699245,1183.2941650236683
286284.926333,662.6537033699245,1183.2941650236683
286296.159326,662.6537033699245,1183.2941650236683
286305.410993,662.6537033699245,1183.2941650236683
286316.365829,662.2850530761955,1182.2966095303339
286325.149089,656.1703498795895,1174.6971634924253
286334.658036,656.1703533400334,1174.6971060891592
286345.14593,656.1703533400334,1174.6971060891592
286355.348571,656.1703533400334,1174.6971060891592
286365.919117,656.1703533400334,1174.6971060891592
286375.918328,656.1703533400334,1174.6971060891592
286385.949315,656.1703533400334,1174.6971060891592
286394.559804,656.1703533400334,1174.6971060891592
286404.989264,643.6899972760224,1176.6468019323197
286414.939728,643.6899972760224,1176.6468019439826
286427.665183,632.7609191041734,1177.3642502070015
286434.56075,632.7609186560478,1177.3642508067196
286444.950321,632.7609186560478,1177.3642508067196
286454.651106,632.7609186560478,1177.3642508067196
286465.090625,632.7609186560478,1177.3642508067196
286474.962039,632.7609186560478,1177.3642508067196
286485.74429,632.7609186560478,1177.3642508067196
286495.640368,632.7609186560478,1177.3642508067196
286504.589597,632.7609186560478,1177.3642508067196
286516.330354,632.7609186560478,1177.3642508067196
286524.970428,632.7609186560478,1177.3642508067196
286536.460588,628.7800949550333,1176.8495236040965
286544.606217,628.7800776859788,1176.8495594913888
286555.179241,628.7800776859788,1176.8495594913888
286565.366463,628.7800776859788,1176.8495594913888
286576.023775,628.7800776859788,1176.8495594913888
286585.368468,628.7800776859788,1176.8495594913888
286594.586585,628.7800776859788,1176.8495594913888
286605.908462,628.7800776859788,1176.8495594913888
286615.34033,628.7800776859788,1176.8495594913888
286626.621944,628.7800776859788,1176.8495594913888
286635.061722,628.7800776859788,1176.8495594913888
286645.058671,628.7800776859788,1176.8495594913888
286654.602669,628.7800776859788,1176.8495594913888
286664.56736,628.7800776859788,1176.8495594913888
286675.207118,628.7800776859788,1176.8495594913888
286685.459135,628.7800776859788,1176.8495594913888
286696.797928,628.7800776859788,1176.8495594913888
286706.005981,628.7800776859788,1176.8495594913888
286715.056088,628.7800776859788,1176.8495594913888
286725.842862,628.7800776859788,1176.8495594913888
286735.080332,628.7800776859788,1176.8495594913888
286745.141272,628.7800776859788,1176.8495594913888
286755.064068,628.7800776859788,1176.8495594913888
286765.179565,628.7800776859788,1176.8495594913888
286774.617671,628.7800776859788,1176.8495594913888
286785.205134,628.7800776859788,1176.8495594913888
286795.28107,628.7800776859788,1176.8495594913888
286805.835782,628.7800776859788,1176.8495594913888
286815.043532,628.7800776859788,1176.8495594913888
286825.059864,628.7800776859788,1176.8495594913888
286835.149983,628.7800776859788,1176.8495594913888
286845.084558,628.7800776859788,1176.8495594913888
286855.07022,628.7800776859788,1176.8495594913888
286865.08525,628.7800776859788,1176.8495594913888
286875.115517,628.7800776859788,1176.8495594913888
286885.11564,628.7800776859788,1176.8495594913888
286895.140149,628.7800776859788,1176.8495594913888
286904.581596,628.7800776859788,1176.8495594913888
286915.070037,628.7800776859788,1176.8495594913888
286925.935487,628.7800776859788,1176.8495594913888
286935.97236,628.7800776859788,1176.8495594913888
286939.394077,628.7800776859788,1176.8495594913888
286944.740876,628.7800776859788,1176.8495594913888
286956.115416,628.7800776859788,1176.8495594913888
286965.41112,627.7125939466143,1176.5611398348537
286974.914668,610.8868452545104,1168.2779533312394
286984.901215,610.8868451466063,1168.2779528753545
286994.899914,610.8868451466063,1168.2779528753545
287004.901811,610.8868451466063,1168.2779528753545
287014.976304,610.8868451466063,1168.2779528753545
287025.606343,610.8868451466063,1168.2779528753545
287035.651751,609.378821446087,1167.3779159059266
287045.722747,593.2626945836057,1148.137810845023
287055.810427,599.6533931081275,1052.7191722676582
287064.899741,484.4675272592451,1007.97726347915
287066.0671,628.7800776859788,1176.8495594913888
287078.108622,431.7656676758538,955.0184716987046
287088.764394,431.7656676758538,955.0184716987046
287094.666915,431.7656676758538,955.0184716987046
287107.017004,435.3342070982327,921.0135917852797
287114.59991,459.3093779466657,863.0668595477761
287126.383841,475.0678690134319,821.6032463112181
287135.409866,485.00585151512433,802.5202535804319
287147.079538,485.00585151512433,802.5202535804319
287155.636334,485.00585151512433,802.5202535804319
287164.569231,485.00585151512433,802.5202535804319
287179.731807,460.42916863863104,751.2034837943567
287185.288116,446.51989543160227,746.8947283470188
287194.664388,446.51989543160227,746.8947283470188
287204.663302,397.01395969120756,757.3851169383033
287214.60887,308.78099807905795,713.4728828595721
287225.036334,270.530715011723,679.0183439669104
287235.484244,270.530715011723,679.0183439669104
287245.805465,270.530715011723,679.0183439669104
287255.585528,253.90089557869527,677.8571973746505
287267.310079,227.96842168105653,667.623441153013
287275.853584,245.9073036370935,789.5984457443691
287284.595663,265.302175626111,854.8626548593841
287303.48821,260.41214150837504,868.586867122448
287304.738462,246.2733162080249,875.0280686895592
287321.190289,213.1416273164156,886.8507923548581
287324.681081,213.1416273164156,886.8507923548581
287340.448015,44.20573556210838,1007.0865918160949
287344.587307,15.773436103502421,1129.5093745953757
287354.832162,628.7800776859788,1176.8495594913888
287358.095713,-25.12300175619454,1241.8221090791449
287364.819771,-109.09799777623486,1307.6610064232996
287375.71165,-257.38935044214617,1413.327258528542
287385.688678,-363.9347829544641,1503.1670698470912
287394.606391,-451.2499179650721,1598.0261002330717
287404.766006,-444.1127568083906,1572.9167205060826
287415.016009,-408.722605402177,1508.9348409715901
287424.631115,-448.2717693784425,1558.364592117801
287435.023824,-538.4705097082764,1580.9646632994134
287444.96177,-612.6994568204623,1543.4255360940858
287455.273282,-591.3151479113202,1480.1749258876775
287464.572372,-539.3582790220039,1443.772839838842
287475.214313,-542.8821589613087,1369.8316914028044
287484.622192,-549.0634924885105,1310.6477847313638
287494.692013,-554.9739428880964,1250.2606543606535
287505.674808,-567.1908483345954,1158.73660159773
287514.992405,-570.2444566644502,1109.801949882487
287524.611251,-538.5904772393017,1099.3358512936777
287535.031917,-461.9787347398947,1095.2928397405192
287544.584382,-410.8906733367429,1104.6185157500427
287555.157891,-408.42545598566613,1106.985380860337
287567.411066,-413.088063433119,1135.7646130462922
287576.036611,-420.18035845242537,1163.138722996296
287585.820105,-424.9314286567217,1177.4639723994708
287595.480401,-426.5945395514661,1201.9889849487072
287604.677752,-435.29160059855343,1230.7761521524233
287617.749731,-437.03741619201276,1236.509076944739
287624.607985,-437.03741619201276,1236.509076944739
287635.533729,-425.55386616248063,1239.5073662244617
287645.431936,-425.55386616248063,1239.5073662244617
287655.456353,-425.55386616248063,1239.5073662244617
287664.573568,-425.55386616248063,1239.5073662244617
287674.624476,-425.55386616248063,1239.5073662244617
345583.419078,-750.191087693445,-4540.0669156140675
345593.449058,-734.4785634983095,-4450.000437407263
345605.973013,-734.4785634983095,-4450.000437407263
345613.681259,-734.4785634983095,-4450.000437407263
345624.52491,-728.2050979003842,-4404.598012277203
345633.513653,-713.5324579360104,-4322.952977749919
345647.817032,-695.7352836221071,-4252.3183470251
345654.929924,-652.8621883605789,-4154.855992241256
345663.961461,-566.6378844162,-4070.692928645051
345679.290805,-491.11966054209347,-3964.9198345023733
345683.419702,-422.09443777227335,-3866.571302023375
345693.420606,-397.2947767723141,-3840.5122688506367
345703.509684,-397.2947767723141,-3840.5122688506367
345713.425788,-364.7394552778809,-3802.9251943021623
345723.389356,-333.2098944479929,-3734.5687368548324
345733.417737,-326.8013618832453,-3649.1387028763747
345743.417667,-314.0639792962975,-3532.880908531207
345753.337602,-312.8219730194162,-3525.0849501326015
345763.328314,-312.8219730194162,-3525.0849501326015
345773.920073,-293.5130216218122,-3440.9032842069164
345783.367746,-283.61566601697615,-3330.15945744346
345796.414384,-278.10263217464677,-3272.356835060818
345803.327778,-277.32817924786247,-3270.0120206367847
345813.339612,-277.32817924786247,-3270.0120206367847
345823.336261,-277.32817924786247,-3270.0120206367847
345833.336284,-270.79838099473346,-3187.310571866827
345843.526557,-254.92212138446595,-3065.6472609014427
345853.415774,-240.44761303834224,-2943.203820065048
345863.415921,-217.79998547833242,-2793.801004423377
345873.417189,-203.85262748222783,-2672.127047797099
345883.365797,-190.2582503566601,-2564.074980399923
345894.030543,-165.8772430827945,-2401.6435197254777
345903.36691,-161.45496577563094,-2352.875366709294
345913.545851,-106.90472301261944,-2278.938238213043
345923.346856,-78.0565458947472,-2196.620905319775
345936.423151,-66.69845550114401,-2139.346467978176
345953.159296,39.2000625242705,-1936.9688382861266
345953.159995,39.2000625242705,-1936.9688382861266
345955.478729,55.73842946047482,-1903.010958890982
345965.517844,91.68301290126752,-1852.8508613164202
345975.538973,91.68301290126752,-1852.8508613164202
345985.478898,91.68301290126752,-1852.8508613164202
345995.479134,91.68301290126752,-1852.8508613164202
346005.537266,100.30927334605354,-1846.5519744615046
346015.457396,133.13636101478832,-1807.6278882901008
346025.528661,134.36508738533243,-1804.5796322126018
346035.528805,134.36508738533243,-1804.5796322126018
346045.47887,134.36508738533243,-1804.5796322126018
346055.477523,119.01387290282986,-1772.295067074435
346066.252618,103.40495716139326,-1700.7296134179794
346075.531953,95.72793204574538,-1641.9127923528758
346085.530244,152.06288805994757,-1574.7665260090616
346096.429887,205.3814219026914,-1489.9978504909932
346105.434248,191.94077755028965,-1372.254853716642
346116.811608,172.09584160373376,-1293.7269666414857
346125.509004,187.2247365123851,-1280.67911643517
346135.481398,128.26172456280943,-1230.0991411186794
346145.536091,0.9855454929600048,-1118.2149271495773
346156.681346,-63.960073682862784,-1042.6195095888
346169.21786,-85.53058902501961,-1021.1422892068053
346175.558219,-90.61822986912715,-1017.3447641564
346185.543217,-102.37832067813372,-1003.7158064253011
346197.006644,-120.44515356602844,-989.9521788248785
346206.292533,-98.34196549098824,-923.6434786624042
346216.237493,-119.21308779003643,-850.5735432645005
346225.993903,-148.56174815459912,-768.5389277134492
346235.878224,-169.19020141434143,-692.7739321095579
346245.929663,-190.60348727966286,-623.5754732313212
346256.213312,-198.64346180709222,-538.0686173375971
346265.486147,-146.84115350430474,-437.90456039174745
346275.832085,-110.22483589573356,-410.7913388345435
346287.637955,-84.20194791151484,-380.34334875587683
346295.482826,-58.58300905502527,-295.39891769016367
346305.530491,-51.52916718378294,-243.62905724844904
346315.890081,-57.87210134014405,-216.36513131520678
346325.529313,-19.501768322195005,-150.71594759313524
346335.878405,6.892083634451405,-113.10596895816232
346346.747691,2.9861548242465457,-86.8376529430024
346356.624274,-3.171792654643479,-56.442602785840705
346366.354694,-3.171792654643479,-56.442602785840705
346376.197103,-3.171792654643479,-56.442602785840705
346386.246684,-3.171792654643479,-56.442602785840705
346396.638359,-3.171792654643479,-56.442602785840705
346407.162514,-3.171792654643479,-56.442602785840705
346415.534424,-3.171792654643479,-56.442602785840705
346430.839821,-3.171792654643479,-56.442602785840705
346436.189578,-3.171792654643479,-56.442602785840705
346446.540881,-3.171792654643479,-56.442602785840705
346456.31349,-3.171792654643479,-56.442602785840705
346466.230825,-3.171792654643479,-56.442602785840705
346476.287864,-3.171792654643479,-56.442602785840705
346486.050469,-3.171792654643479,-56.442602785840705
346497.292478,-3.171792654643479,-56.442602785840705
346505.968215,-10.293463322301529,-31.98285644926025
346516.321365,-10.293463322301529,-31.98285644926025
346525.917488,-10.293463322301529,-31.98285644926025
346537.347036,-10.293463322301529,-31.98285644926025
346548.767146,-10.293463322301529,-31.98285644926025
346556.034357,-10.293463322301529,-31.98285644926025
346567.021094,-10.293463322301529,-31.98285644926025
346575.456832,-10.293463322301529,-31.98285644926025
346585.477601,-10.293463322301529,-31.98285644926025
346596.585012,-10.293463322301529,-31.98285644926025
346607.116856,-10.293463322301529,-31.98285644926025
346617.08714,-10.293463322301529,-31.98285644926025
346626.926215,-10.293463322301529,-31.98285644926025
346637.176889,-11.605000097171034,-36.48131376139771
346646.569046,-11.605000097171034,-36.48131376139771
346656.193822,-11.605000097171034,-36.48131376139771
346666.846437,-11.605000097171034,-36.48131376139771
346676.193167,-11.605000097171034,-36.48131376139771
346686.041631,-11.605000097171034,-36.48131376139771
346695.540364,-11.605000097171034,-36.48131376139771
346705.528916,-11.605000097171034,-36.48131376139771
346716.357076,-11.605000097171034,-36.48131376139771
346727.159897,-11.605000097171034,-36.48131376139771
346736.304863,-11.605000097171034,-36.48131376139771
346746.883453,-13.109875124925846,-35.55398304210263
346757.024174,-13.109875124925846,-35.55398304210263
346767.481196,-13.109875124925846,-35.55398304210263
346776.139868,-13.109875124925846,-35.55398304210263
346785.486979,-13.109875124925846,-35.55398304210263
346796.186256,-13.109875124925846,-35.55398304210263
346806.297347,-13.109875124925846,-35.55398304210263
346815.562694,-13.109875124925846,-35.55398304210263
346826.267088,-13.109875124925846,-35.55398304210263
346836.045517,-13.109875124925846,-35.55398304210263
346846.899039,-13.109875124925846,-35.55398304210263
346857.058355,-13.109875124925846,-35.55398304210263
346867.604345,-13.109875124925846,-35.55398304210263
346877.493264,-13.109875124925846,-35.55398304210263
346886.425277,-13.109875124925846,-35.55398304210263
346897.23979,-13.109875124925846,-35.55398304210263
346905.753158,-13.109875124925846,-35.55398304210263
346916.013245,-13.109875124925846,-35.55398304210263
346926.460566,-13.109875124925846,-35.55398304210263
346935.489319,-13.109875124925846,-35.55398304210263
346948.225004,-13.109875124925846,-35.55398304210263
346958.857899,-13.109875124925846,-35.55398304210263
346966.265164,-13.109875124925846,-35.55398304210263
346976.1948,-13.109875124925846,-35.55398304210263
346986.013263,-13.109875124925846,-35.55398304210263
346998.167139,-13.109875124925846,-35.55398304210263
347006.103967,-13.109875124925846,-35.55398304210263
347015.566832,-13.109875124925846,-35.55398304210263
347026.541138,-13.109875124925846,-35.55398304210263
347037.109316,-13.109875124925846,-35.55398304210263
347047.059848,-13.109875124925846,-35.55398304210263
347056.695826,-13.109875124925846,-35.55398304210263
347067.520144,-13.109875124925846,-35.55398304210263
347075.547569,-13.109875124925846,-35.55398304210263
347086.890497,-13.109875124925846,-35.55398304210263
347097.87886,-13.109875124925846,-35.55398304210263
347106.722481,-13.109875124925846,-35.55398304210263
347116.751655,-14.157392165043312,-35.205619411926875
347126.05952,-14.162007744762285,-35.20539954644386
347136.467744,-14.162007744762285,-35.20539954644386
347146.305097,-14.162007744762285,-35.20539954644386
347155.446162,-14.162007744762285,-35.20539954644386
347166.207054,-14.162007744762285,-35.20539954644386
347175.854713,-14.162007744762285,-35.20539954644386
347186.218826,-15.034797276882527,-35.1436874129457
347198.95017,-15.035651691766255,-35.14344247807652
347207.054486,-15.035651691766255,-35.14344247807652
347215.914166,-15.035651691766255,-35.14344247807652
347225.953725,-15.035651691766255,-35.14344247807652
347236.481647,-15.035651691766255,-35.14344247807652
347246.084005,-15.035651691766255,-35.14344247807652
347256.436878,-15.035651691766255,-35.14344247807652
347271.24328,-15.035651691766255,-35.14344247807652
347277.228998,-15.035651691766255,-35.14344247807652
347286.899274,-15.035651691766255,-35.14344247807652
347296.957876,-15.035651691766255,-35.14344247807652
347306.891479,-15.035651691766255,-35.14344247807652
347319.512445,-15.035651691766255,-35.14344247807652
347325.491728,-15.035651691766255,-35.14344247807652
347336.21726,-15.035651691766255,-35.14344247807652
347346.132258,-15.035651691766255,-35.14344247807652
347356.064357,-15.035651691766255,-35.14344247807652
347366.638625,-15.35593697986514,-35.58959460278861
347376.332309,-15.35593697986514,-35.58959460278861
347386.913981,-15.35593697986514,-35.58959460278861
347397.408523,-15.35593697986514,-35.58959460278861
347406.737115,-15.35593697986514,-35.58959460278861
347416.790599,-15.35593697986514,-35.58959460278861
347425.899682,-15.35593697986514,-35.58959460278861
347435.543344,-15.35593697986514,-35.58959460278861
347446.097657,-15.35593697986514,-35.58959460278861
347456.988459,-15.35593697986514,-35.58959460278861
347465.597539,-16.74130738799758,-34.330832667439196
347475.77471,-33.20866487998726,-28.58874663186418
347485.493003,-44.08942985550566,-15.09573531893112
347496.6438,-67.67757254721384,26.27128738063675
347507.916827,-87.22553311323422,84.58419769789033
347515.487399,-107.70311358068992,136.97796739853302
347525.453489,-114.80863783888944,207.46396572795803
347537.070779,-129.71349300139283,256.3069343721305
347545.488317,-143.25788630496075,289.2851442896041
347555.456771,-147.04492556688618,300.09146517553404
347566.068571,-149.4660687250802,330.4255897356488
347576.220863,-146.91054161756813,328.6039747940001
347585.499366,-152.99233831660763,343.1751103537385
347597.963071,-153.66886584228297,360.65498668344816
347608.123962,-157.77298801909072,367.66532423430306
347616.188386,-162.74458769367632,381.4542702112663
347626.551729,-165.46780533011878,400.1072053469309
347635.836716,-179.64594227197128,421.3402885123153
347645.494447,-201.91545403141737,459.453479085257
347655.552288,-203.309910310011,465.04552886064647
347665.818974,-195.45785274433374,478.48179631790003
347675.536307,-159.50135619251117,511.3168100456773
347685.900229,-118.26007240876848,533.2444198611176
347695.839162,-99.98462764676545,536.8709528074925
347705.704679,-80.59324553577385,550.7251408627833
347716.562426,-53.840352114603704,562.4169248532166
347725.928101,-29.057966946820994,573.2416878974583
347736.694278,9.574562856170143,576.910855156489
347746.719835,23.3455867525059,586.5838642852076
347756.785239,53.131815942242525,594.8780498496845
347765.497441,117.62283870670892,623.4022933801916
347775.945329,170.4185050627216,640.7767295123848
347785.947337,205.9412867315458,643.3375005674224
347796.504275,275.33511705067116,670.9695996294244
347806.382905,335.2518693474557,690.3065935802706
347817.446435,411.01070722195266,713.1188460698522
347829.022361,415.3081897320777,715.0564140755413
347835.81364,415.3081897320777,715.0564140755413
347846.430754,415.3081897320777,715.0564140755413
347857.750719,411.90355988164714,722.7361927911915
347865.795669,442.7031803634354,738.5670877003777
347875.57953,496.90263355448764,744.6822011071104
347887.434271,518.764716658043,793.6414816323207
347900.984536,602.4192754471745,822.3489557524632
347905.993966,679.8071937707779,847.3112521620229
347916.320596,741.9009031203209,908.1525268441342
347926.327211,781.2076956843532,932.7116079868742
347936.458147,781.2076956843532,932.7116079868742
347945.556153,790.4317417092182,936.0376075586131
347957.085825,844.2034930353898,963.9903583992335
347965.908626,867.4226963401172,981.678651363107
347977.551788,875.1068108421601,986.1061214395843
347986.632612,875.1068108421601,986.1061214395843
347995.830663,875.1068108421601,986.1061214395843
348005.507972,857.546783800895,1000.5577646941331
348015.840862,928.3974055201154,1029.439561314048
348026.014939,949.5896763809639,1037.6704730466051
348036.015658,926.1897099197265,1108.7533449435036
348046.601473,910.2586545135415,1190.5900742727047
348056.712991,903.5408774629752,1236.4568518028984
348065.562741,903.5408774629752,1236.4568518028984
348076.213016,903.5408774629752,1236.4568518028984
348087.03461,903.5408774629752,1236.4568518028984
348095.931229,854.5915699357008,1256.209341862328
348105.907124,777.6378260850287,1229.5983720285235
348115.519792,694.2630778975229,1198.3861114121191
348125.633622,650.2277768230258,1187.6882507920534
348135.4773,641.7994553484781,1185.6021729869701
348146.05684,615.0895380317154,1170.6165165738516
348155.936374,595.160935274225,1148.2392585053212
348165.508474,602.1837529605513,1111.0884496906963
348175.853196,565.0890560957938,1071.4102222734807
348185.487097,477.4718516680512,1020.9283119092715
348197.052566,439.72369038499727,1038.5318509660901
348206.075373,422.3005267320527,1094.8959709902372
348216.29588,402.11097986974795,1155.4699045254456
348225.827992,398.6098314595936,1184.5078701353912
348236.799974,353.2976415065171,1176.1276493097737
348245.525987,300.33123769752945,1162.749838344255
348256.47784,256.7268256578334,1085.5517292480413
348267.436097,272.3721189774076,1039.2552450064197
348276.06658,277.3944545112284,1037.366265890115
348285.467829,277.3944545112284,1037.366265890115
348296.938766,277.3944545112284,1037.366265890115
348305.484406,277.3944545112284,1037.366265890115
348316.170513,277.3944545112284,1037.366265890115
348326.260161,277.3944545112284,1037.366265890115
348337.794345,277.3944545112284,1037.366265890115
348346.930563,277.3944545112284,1037.366265890115
348356.550765,277.3944545112284,1037.366265890115
348365.510193,277.3944545112284,1037.366265890115
348377.021031,304.72996977899163,1052.1466217497423
348385.560418,304.72996977899163,1052.1466217497423
348395.693711,304.72996977899163,1052.1466217497423
348405.485741,304.72996977899163,1052.1466217497423
348417.430065,304.72996977899163,1052.1466217497423
348425.463696,304.72996977899163,1052.1466217497423
348435.494178,304.72996977899163,1052.1466217497423
348445.925265,304.72996977899163,1052.1466217497423
348456.082942,304.72996977899163,1052.1466217497423
348466.875764,304.72996977899163,1052.1466217497423
348478.157887,304.72996977899163,1052.1466217497423
348487.679874,304.72996977899163,1052.1466217497423
348495.48328,304.72996977899163,1052.1466217497423
348507.161786,304.72996977899163,1052.1466217497423
348515.464267,304.72996977899163,1052.1466217497423
348526.527494,304.72996977899163,1052.1466217497423
348535.545324,304.72996977899163,1052.1466217497423
348546.058971,304.72996977899163,1052.1466217497423
348555.559473,304.72996977899163,1052.1466217497423
348566.127545,304.7345270540184,1052.149539552163
348577.638962,304.7345270540184,1052.149539552163
348588.734866,304.7345270540184,1052.149539552163
348596.060914,304.7345270540184,1052.149539552163
348605.812181,304.7345270540184,1052.149539552163
348616.69436,304.7345270540184,1052.149539552163
348625.557196,304.7345270540184,1052.149539552163
348640.810988,304.7345270540184,1052.149539552163
348646.16552,304.7345270540184,1052.149539552163
348655.561081,304.7345270540184,1052.149539552163
348666.925484,304.7345270540184,1052.149539552163
348675.575274,304.7345270540184,1052.149539552163
348686.308366,304.7345270540184,1052.149539552163
348696.126367,304.7345270540184,1052.149539552163
348705.575555,304.7345270540184,1052.149539552163
348715.887632,304.7345270540184,1052.149539552163
348726.926389,304.7345270540184,1052.149539552163
348736.285147,304.78274928541964,1052.80221231696
348746.368942,307.2433336305906,1053.6222006290911
348756.579052,307.2433336305906,1053.6222006290911
348766.420344,305.43872854009544,1052.8663100492297
348775.522984,305.43872854009544,1052.8663100492297
348786.13512,305.43872854009544,1052.8663100492297
348796.271895,305.43872854009544,1052.8663100492297
348806.220953,305.43872854009544,1052.8663100492297
348816.846395,305.43872854009544,1052.8663100492297
348825.962026,305.43872854009544,1052.8663100492297
348836.858021,305.43872854009544,1052.8663100492297
348846.094169,305.43872854009544,1052.8663100492297
348857.6606,305.43872854009544,1052.8663100492297
348866.059503,305.43872854009544,1052.8663100492297
348878.963746,305.43872854009544,1052.8663100492297
348886.350098,305.43872854009544,1052.8663100492297
348896.075818,305.43872854009544,1052.8663100492297
348905.904965,305.43872854009544,1052.8663100492297
348916.031996,305.43872854009544,1052.8663100492297
348931.345294,305.43872854009544,1052.8663100492297
348936.052567,305.43872854009544,1052.8663100492297
348949.806015,305.43872854009544,1052.8663100492297
348956.691447,305.43872854009544,1052.8663100492297
348965.570406,305.43872854009544,1052.8663100492297
348975.511985,305.43872854009544,1052.8663100492297
348986.479576,305.43872854009544,1052.8663100492297
348995.569236,305.43872854009544,1052.8663100492297
349005.889112,305.43872854009544,1052.8663100492297
349016.043704,305.43872854009544,1052.8663100492297
349027.913018,305.43872854009544,1052.8663100492297
349037.335141,305.43872854009544,1052.8663100492297
349046.554903,305.43872854009544,1052.8663100492297
349055.870663,305.43872854009544,1052.8663100492297
349066.275571,305.43872854009544,1052.8663100492297
349076.032522,305.43872854009544,1052.8663100492297
349085.848845,305.43872854009544,1052.8663100492297
349095.664037,305.43872854009544,1052.8663100492297
349105.920792,305.43872854009544,1052.8663100492297
349115.515779,305.43872854009544,1052.8663100492297
349126.015327,305.43872854009544,1052.8663100492297
349138.787013,305.43872854009544,1052.8663100492297
349146.192927,305.43872854009544,1052.8663100492297
349156.886649,304.0199119399602,1052.4479342468323
349165.662951,300.4513728652141,1051.9713608717764
349176.219888,301.35222596064716,1051.0216672129359
349186.18654,303.49528612174305,1048.7896208796808
349196.089269,303.15940659390606,1048.2835788590335
349206.075041,302.963145882391,1047.917842802554
349216.098717,300.2453994526853,1049.4223416848004
349225.519803,302.0534079458451,1053.0377466595633
349235.871229,303.45122248370694,1052.898713128513
349246.396908,305.04845992529295,1050.6800079940247
349258.880139,303.3168829227366,1050.7408140689265
349265.569012,301.7603505277752,1052.9081715083091
349275.989558,301.59691092909543,1055.1040818195806
349285.488844,302.59229240429187,1055.8736199872408
349297.037689,303.55089913610436,1055.2617219549606
349305.809037,304.1653991666179,1055.145086884362
349316.458969,305.70998753671887,1053.3637728025271
349325.999577,303.21446241850236,1053.7662280448694
349335.998519,301.81314019972876,1053.127475755072
349345.503696,300.3286675486473,1053.5931158332132
349356.187536,297.1287225294819,1052.8758836440827
349366.838333,299.3200243486844,1047.847955060076
349378.395224,302.2397279572149,1047.299199796836
349385.566066,303.5101983547776,1051.209556759454
349397.603797,302.1808428709567,1052.6595532802637
349408.290199,302.7616723777246,1053.0062718273052
349415.994453,301.42944032536485,1054.7320853836068
349426.126502,300.9790984713418,1053.3706003336708
349435.962629,300.2856962248145,1055.154651382038
349446.050507,301.21240974141654,1054.2266018369833
349456.057232,302.9109517140654,1051.70014464375
349466.150919,304.34004922548263,1050.355322918481
349475.517938,304.78907888151747,1050.4865448034284
349485.731514,303.80357980177854,1050.8922650328395
349496.035375,303.3134736030578,1051.1376708625598
349505.807827,303.3134736030578,1051.1376708625598
349519.450533,303.3134736030578,1051.1376708625598
349525.522731,303.3134736030578,1051.1376708625598
349536.805263,303.3134736030578,1051.1376708625598
349546.905422,303.3134736030578,1051.1376708625598
349557.494542,303.3134736030578,1051.1376708625598
349565.966294,303.3134736030578,1051.1376708625598
349576.031964,303.3134736030578,1051.1376708625598
349586.847136,303.3134736030578,1051.1376708625598
349595.585503,303.3134736030578,1051.1376708625598
349606.83408,303.3134736030578,1051.1376708625598
349616.919505,303.3134736030578,1051.1376708625598
349627.139547,303.3134736030578,1051.1376708625598
349635.646311,303.3134736030578,1051.1376708625598
349647.469477,303.3134736030578,1051.1376708625598
349655.58595,303.3134736030578,1051.1376708625598
349665.981204,303.3134736030578,1051.1376708625598
349676.299853,303.3134736030578,1051.1376708625598
349685.851313,303.3134736030578,1051.1376708625598
349696.475342,303.3134736030578,1051.1376708625598
349706.474363,303.3134736030578,1051.1376708625598
349715.570486,303.3134736030578,1051.1376708625598
349726.87586,303.3134736030578,1051.1376708625598
349737.814551,303.3134736030578,1051.1376708625598
349745.909618,303.3134736030578,1051.1376708625598
349755.487404,303.3134736030578,1051.1376708625598
349765.803958,303.3134736030578,1051.1376708625598
349776.170555,303.3134736030578,1051.1376708625598
349785.925208,303.3134736030578,1051.1376708625598
349798.747726,303.3134736030578,1051.1376708625598
349808.181038,303.3134736030578,1051.1376708625598
349817.262677,303.6895438988896,1050.9401887390977
349825.931471,303.76420150837674,1050.9162552483392
349837.531551,304.7862279218894,1049.5513537249515
349845.571428,304.7862279218894,1049.5513537249515
349855.510724,304.7862279218894,1049.5513537249515
349865.813154,305.0451241962561,1049.544390954484
349875.814735,304.80187763656545,1049.641903472241
349886.828229,304.80187763656545,1049.641903472241
349895.94509,304.80187763656545,1049.641903472241
349907.2934,305.6989496093496,1048.3531959436816
349916.709,308.10293198260746,1046.0963201267973
349927.881955,309.44508716754024,1045.6813271102899
349937.026395,309.48326630428465,1045.925575817122
349946.049427,306.9661875516789,1049.4791314268023
349955.567914,302.3127410414988,1052.2438536329928
349966.763173,300.6426278130815,1050.9944034104824
349975.527226,301.05459823063023,1051.0304358484984
349986.310484,301.05459823063023,1051.0304358484984
349996.182405,301.05459823063023,1051.0304358484984
350005.762674,301.05459823063023,1051.0304358484984
350016.327701,301.0811614044362,1051.941466297699
350027.200521,301.0811614044362,1051.941466297699
350037.29269,302.4707083884385,1051.8415173488881
350046.91313,302.31182950842515,1051.7516143727796
350056.071214,302.06609713681314,1051.971953760009
350065.980135,302.06609713681314,1051.971953760009
350076.838819,302.59028844070843,1051.6818900141693
350085.624857,302.59028844070843,1051.6818900141693
350096.07485,302.59028844070843,1051.6818900141693
350109.598622,302.59028844070843,1051.6818900141693
350116.323552,302.5247451488096,1051.3540415221344
350125.532231,302.5209387492236,1051.3581306742203
350138.728041,302.455421290297,1051.4479470492413
350145.86217,302.4554354640412,1051.4479457946766
350156.785188,302.4554354640412,1051.4479457946766
350167.507262,302.81143139577216,1051.2115544363037
350176.123643,302.81143139577216,1051.2115544363037
350186.570223,305.31712873238143,1046.9081747561154
350196.701343,305.9458759927213,1045.9205620060814
350205.534088,305.72478096941916,1045.7309707571844
350216.004249,305.37825942412945,1045.9431633171143
350225.56595,305.39150464327327,1045.7957069718782
350235.664331,306.4010383062853,1043.7246668430366
350245.537008,306.700991505897,1043.544216631591
350256.851174,306.71664418306705,1043.577806575987
350266.913062,305.771255028123,1044.3009178664674
350276.903506,305.7712496756742,1044.3009414247351
350286.012155,305.7712496756742,1044.3009414247351
350296.086447,306.6945571505407,1043.1142103756572
350305.53491,306.69455714213836,1043.1142104194787
350315.745344,306.7596954706555,1043.3570161625157
350326.214596,306.75969552873505,1043.3570161957364
350335.977231,306.75969552873505,1043.3570161957364
350345.691998,306.75969552873505,1043.3570161957364
350357.791612,306.75969552873505,1043.3570161957364
350367.146519,306.75969552873505,1043.3570161957364
350376.859393,306.75969552873505,1043.3570161957364
350386.435867,307.9087005032177,1043.5036367827945
350395.515028,308.0699439716944,1043.9645958698843
350405.812645,307.23597684622024,1045.0533915006845
350415.981297,307.23597684622024,1045.0533915006845
350425.991876,307.23597684622024,1045.0533915006845
350436.156295,306.3865730184924,1045.2820454508433
350446.58294,305.31395262350736,1045.0143625874566
350456.425427,304.2907080250959,1047.0681871978575
350465.503991,303.37693321673976,1050.0087829422096
350475.883427,300.5443103276971,1051.5853641336362
350486.445302,300.89044824466623,1053.1073736303688
350495.999675,300.6409435217342,1054.5455884387427
350507.249273,300.0216451801383,1054.3261618889856
350515.67967,301.07120009920556,1046.9406511870873
350525.989111,303.98256571676245,1044.6531539059158
350535.825508,303.9825657250174,1044.6531539059158
350545.813231,303.9825657250174,1044.6531539059158
350555.847599,303.9825657250174,1044.6531539059158
350566.00921,324.5913577462391,1063.0563571107689
350575.966964,364.15569333757486,1075.7078382640861
350585.52828,417.6007985049863,1095.2343937973833
350588.275008,417.6007985049863,1095.2343937973833
350595.499027,427.2170055538895,1106.2888999272006
350608.363384,406.01540800640316,1180.1231312550678
350615.600322,358.0176281409754,1184.5564639337756
350626.432481,341.78032097191027,1180.2848323394062
350635.517124,341.78032097191027,1180.2848323394062
350646.126884,341.78032097191027,1180.2848323394062
350655.97754,341.78032097191027,1180.2848323394062
350665.51539,341.78032097191027,1180.2848323394062
350675.931614,332.2461809770318,1175.2537914564057
350685.926548,332.2461809770318,1175.2537914564057
350696.718078,332.2461809770318,1175.2537914564057
350707.767867,327.3102011871116,1178.8581552078738
350718.062455,304.97984502684335,1176.59448697238
350728.60563,270.81708866507955,1126.4155511131714
350735.869543,254.89036376545315,1042.167745887577
350746.877821,255.39037249996326,969.5952739131071
350756.371178,270.7322627459146,897.8895525598948
350766.200939,255.0374064088556,859.7456234008973
350775.622395,189.0026042699932,916.7168401873842
350798.132991,177.71476419769922,927.579237208027
350798.183521,90.14207749248843,996.3866028100981
350798.772849,76.98809987635735,1002.7744945580071
350798.773469,76.98809987635735,1002.7744945580071
350800.186535,76.98809987635735,1002.7744945580071
350810.075886,53.47410279763456,1019.9773229910194
350820.512608,25.45690907037609,1097.130289151748
350830.066915,7.681923141073254,1155.2175640186508
350846.424439,-13.648870458782643,1224.461994924309
350852.70601,-83.88508383464715,1286.0175489504675
350860.115136,-125.54179334617498,1315.9183052074839
350866.733846,417.6007985049863,1095.2343937973833
350870.42952,-211.07984642379333,1382.7530338842346
350880.075952,-309.89207319349345,1507.5105369917096
350895.335968,-260.23204418430504,1539.1143529494966
350902.447207,-239.73893189240056,1527.2081204572232
350918.479958,-239.73893189240056,1527.2081204572232
350920.802625,-239.73893189240056,1527.2081204572232
350929.052075,-239.73893189240056,1527.2081204572232
350929.052773,-239.73893189240056,1527.2081204572232
350930.121785,-239.73893189240056,1527.2081204572232
350940.769804,-239.73893189240056,1527.2081204572232
350952.963061,-239.73893189240056,1527.2081204572232
350961.675199,-239.73893189240056,1527.2081204572232
350970.651492,-239.73893189240056,1527.2081204572232
350976.84915,-231.6294148099613,1525.7714478406851
350976.849817,-231.6294148099613,1525.7714478406851
350978.06779,-231.6294148099613,1525.7714478406851
350994.625567,-218.22790308454853,1509.6416202886633
350998.470536,-218.22790308454853,1509.6416202886633
351008.077917,-218.22790308454853,1509.6416202886633
351018.117577,-218.22790308454853,1509.6416202886633
351028.625797,-218.22790308454853,1509.6416202886633
351038.663083,-218.22790308454853,1509.6416202886633
351048.600812,-218.22790308454853,1509.6416202886633
351058.719133,-218.22790308454853,1509.6416202886633
351068.744848,-218.22790308454853,1509.6416202886633
351078.194845,-218.22790308454853,1509.6416202886633
351089.379614,-218.22790308454853,1509.6416202886633
351099.500466,-218.22790308454853,1509.6416202886633
351108.498054,-218.22790308454853,1509.6416202886633
351118.549462,-218.22790308454853,1509.6416202886633
351130.052473,-218.22790308454853,1509.6416202886633
351138.525322,-218.22790308454853,1509.6416202886633
351148.366923,-209.6799624560332,1499.107002409792
351158.432517,-205.84642881266043,1495.6483183126766
351168.071327,-230.81725086099468,1523.6695982218992
351182.254378,-249.5703955888708,1550.2982148217643
351188.076203,-306.30255031290596,1524.4302497771168
351201.76905,-268.5673261080325,1446.4627147417214
351228.69046,-367.73095980996595,1510.8899753927656
351228.691079,-367.73095980996595,1510.8899753927656
351229.90457,-367.73095980996595,1510.8899753927656
351241.018354,-456.70808526851476,1617.2630450104816
351249.990816,-454.6843000018462,1588.1148121757774
351260.346354,-406.46052288519473,1520.3537041635811
351269.872969,-440.50241024933644,1554.7719915242678
351281.226634,-499.61997236417915,1591.8225424850698
351289.961226,-571.2506726387395,1575.733041605688
351301.095516,417.6007985049863,1095.2343937973833
351301.102772,-625.1188076165513,1505.5553185890121
351309.973261,-687.6589749737665,1481.4613517387845
351320.82814,-704.3522209424332,1485.797670803833
351329.956489,-711.645536598328,1499.047448958491
351340.302379,-711.645536598328,1499.047448958491
351349.979018,-722.5484560340365,1515.7159859085014
351361.647862,-729.8252860737025,1551.4512593280188
351369.953568,-749.570531019738,1581.5740063485164
351380.939688,-790.8031115567643,1568.3676719132513
351390.347414,-816.7653035798695,1583.0491926990185
351399.899362,-841.5433768734442,1662.5501511217292
351410.427132,-846.377756916849,1729.2307348061217
351420.222839,-850.678524654218,1743.3388351653687
351431.278465,-853.3964282105175,1749.5913836398877
351440.279637,-867.6908208111365,1793.5119366278861
351449.872574,-900.3099126110156,1884.28706723169
351461.598208,-909.5958620978674,1916.1294069196103
351471.312745,-909.5958620978674,1916.1294069196103
351481.097444,-909.5958620978674,1916.1294069196103
351489.872682,-914.4310897499993,1933.7223477933876
351500.228254,-925.8214802157829,1977.8598216566113
351510.231247,-937.1283982196608,2074.8994802969114
351520.216107,-935.1811963580067,2183.2214669889613
351531.075882,-915.4254000201576,2291.1937577631184
351540.408915,-912.6892953969922,2304.624526025184
351551.692366,-912.6892953969922,2304.624526025184
351561.316152,-908.4081031231152,2312.867497263551
351570.534603,-908.4081031231152,2312.867497263551
351582.715954,-905.6934923771086,2342.243998649714
351589.908148,-903.7888458136276,2366.0294258334384
351603.807838,-903.3275278067473,2392.237272836116
351609.94356,-903.295012026331,2395.0191553093778
351620.306811,-903.295012026331,2395.0191553093778
351630.283033,-903.295012026331,2395.0191553093778
351640.716912,-903.295012026331,2395.0191553093778
351650.416441,-900.0353437519809,2407.2022236550297
351660.694266,-879.6680400949714,2426.6847067470617
351669.893974,-854.0002867370887,2437.53254212741
351679.883211,-854.0002867370887,2437.53254212741
351691.195547,-854.0002867370887,2437.53254212741
351699.905223,-854.0002867370887,2437.53254212741
351710.493576,-854.0002867370887,2437.53254212741
351719.904192,-854.0002867370887,2437.53254212741
351730.401027,-854.0002867370887,2437.53254212741
351740.350361,-844.5656788585923,2437.4178026859936
351750.703314,-783.2903463346001,2450.016830814904
351760.837362,-773.5114459835238,2505.736030198232
351770.555934,-802.6688012175897,2607.0734209092257
351781.225092,-849.397974003611,2764.013955995972
351791.396463,-873.776456129719,2863.8896422260486
351801.244162,-892.6934194701355,2934.1421323202126
351811.752803,-904.4455693949233,2994.169125573922
351819.911319,-904.4455693949233,2994.169125573922
351830.579001,-904.4455693949233,2994.169125573922
351840.716444,-904.4455693949233,2994.169125573922
351854.338352,-904.4455693949233,2994.169125573922
351854.339018,-904.4455693949233,2994.169125573922
351855.681358,-904.4455693949233,2994.169125573922
351866.448958,-904.4455693949233,2994.169125573922
351876.956331,-907.2554819178323,3000.4725878305685
351888.895699,-928.4321959920247,3058.8102114321064
351897.9951,-957.9002168021211,3166.2179103664666
351906.109738,-993.2735196929438,3283.1659375492764
351915.726481,-1034.4727084892995,3414.2380531888484
351926.672284,-1056.9693621399374,3511.0969127058434
351936.802439,-1040.3201445580373,3538.909102854007
351945.71783,-1002.5511848258861,3556.0545732830565
351956.566385,-952.462383596633,3567.9597791837664
351968.730431,-930.4552299981799,3572.420000634973
351975.724713,-930.4552299981799,3572.420000634973
351987.136867,-930.4552299981799,3572.420000634973
351998.143513,-930.4552299981799,3572.420000634973
352006.734059,-930.4552299981799,3572.420000634973
352016.604241,-930.4552299981799,3572.420000634973
352026.116982,-930.4552299981799,3572.420000634973
352035.724969,-930.4552299981799,3572.420000634973
352045.725798,-930.4552299981799,3572.420000634973
352056.712095,-930.4552299981799,3572.420000634973
352065.676882,-930.4552299981799,3572.420000634973
352076.646233,-930.4552299981799,3572.420000634973
352087.351977,-913.5662514787398,3578.233611422414
352096.984492,-857.3220436915266,3602.8440164223484
352108.021395,-829.5269334708081,3612.188058448486
352116.469358,-796.9247318919258,3617.3784487518074
352126.197418,-763.4729634844018,3628.4752866501603
352136.323297,-761.583621320152,3628.83894571474
352146.046308,-761.583621320152,3628.83894571474
352155.764826,-761.583621320152,3628.83894571474
352166.09517,-761.583621320152,3628.83894571474
352176.977955,-761.583621320152,3628.83894571474
352186.278479,-761.583621320152,3628.83894571474
352196.835551,-759.8780834058748,3633.218083072483
352207.133161,-801.7814983679658,3623.1167741177305
352216.061455,-839.6885949084776,3615.4554471981423
352226.089501,-863.1585349461927,3622.523100792487
352236.394519,-890.3919120013608,3634.238725223058
352246.97287,-916.3576455853188,3662.6091215048164
352256.246907,-925.7990368069148,3611.6710339168417
352266.156869,-1015.3686423676913,3551.108119850024
352276.506529,-1059.521087869838,3539.9070884291023
352286.081005,-1059.521087869838,3539.9070884291023
352297.091259,-1065.334814710248,3536.3617170000516
352307.179188,-1108.0479377137185,3519.1596595797973
352317.770509,-1113.300107857654,3517.917343021032
352325.679994,-1113.300107857654,3517.917343021032
352338.739281,-1134.0188520802833,3494.419789611855
352347.086179,-1103.21957256279,3389.532508224624
352355.739578,-1068.8458570837583,3282.2372255613873
352366.24926,-1028.9808664829036,3145.1296232168543
352376.108822,-996.6290992377457,3043.637523849432
352386.47737,-989.4911546979363,3016.276043649239
352395.639123,-989.4911546979363,3016.276043649239
352406.409243,-989.4911546979363,3016.276043649239
352416.029626,-989.4911546979363,3016.276043649239
352429.362381,-986.3961995255486,2998.74490371717
352429.363082,-986.3961995255486,2998.74490371717
352436.907061,-973.5889309547387,2961.247080797437
352448.155327,-936.8006619108975,2845.4256758724214
352456.844995,-926.457049284182,2814.168367871627
352467.363709,-926.457049284182,2814.168367871627
352476.884033,-926.457049284182,2814.168367871627
352487.335562,-926.457049284182,2814.168367871627
352497.26053,-926.457049284182,2814.168367871627
352507.351445,-914.9926632745567,2776.1965204515786
352517.58704,-901.7556354811351,2729.177937110002
352527.754461,-898.1326038444843,2708.9011071952445
352537.587111,-898.1326038444843,2708.9011071952445
352546.886831,-898.1326038444843,2708.9011071952445
352558.377258,-898.1326038444843,2708.9011071952445
352567.498661,-898.1326038444843,2708.9011071952445
352578.4463,-898.1326038444843,2708.9011071952445
352587.215398,-898.1326038444843,2708.9011071952445
352597.376519,-879.6086561237389,2660.0194595642524
352607.257502,-865.7193731538313,2623.09496941373
352617.513313,-846.0173778366675,2544.939436498359
352628.19868,-833.5007482800394,2493.34500553813
352637.478007,-833.5007482800394,2493.34500553813
352647.279287,-833.5007482800394,2493.34500553813
352657.188899,-833.5007482800394,2493.34500553813
352667.931933,-833.5007482800394,2493.34500553813
352678.11011,-833.5007482800394,2493.34500553813
352688.214662,-824.296278640114,2473.5268813730277
352697.391814,-804.9519751601298,2443.739911770591
352707.341369,-763.6123806817277,2444.316441142237
352717.244396,-672.1893477964683,2455.970310939318
352727.914808,-594.3880770825749,2457.4421822844374
352737.324979,-480.3305050205086,2425.7670219114475
352746.956801,-355.49876748276694,2412.363074416672
352759.466439,-261.89496741876565,2336.7087008855046
352766.972615,-222.78870468585308,2260.624221395684
352781.865724,-120.68289838956493,2200.180873040287
352786.875719,-141.01502031751684,2190.827212719644
352796.874026,-188.61211158108313,2154.9857232888394
352806.963248,-143.72873720317753,2091.5310216878074
352817.501164,-168.69060220726917,2048.3360015953967
352828.290432,-185.31308485682686,1960.1151521110353
352836.954574,-205.59283577585703,1880.7973144740502
352855.34067,-189.38802332248943,1872.3952337707592
352856.034411,-92.63396241275791,1850.059919579266
352856.035145,-92.63396241275791,1850.059919579266
352887.548065,191.33357999078692,1701.6829451357632
352887.548831,191.33357999078692,1701.6829451357632
352890.144857,191.33357999078692,1701.6829451357632
352900.597629,299.05382791858733,1611.5144052453768
352910.044196,393.0124047612078,1492.3313838374972
352921.352849,417.99746519442607,1459.6571890131163
352932.762457,417.99746519442607,1459.6571890131163
352940.0537,417.99746519442607,1459.6571890131163
352950.591639,417.99746519442607,1459.6571890131163
352960.541701,417.99746519442607,1459.6571890131163
352971.436032,417.99746519442607,1459.6571890131163
352980.495484,437.25453929499616,1437.9069035159587
352990.675347,472.5590933077749,1368.9185467967677
353001.347667,493.99802670410475,1324.694011053097
353011.868436,544.2485361905883,1235.330960329156
353022.304275,607.2480011254258,1130.9704367801323
353030.02414,625.2508215334409,1096.4647237866905
353042.443798,625.2508215334409,1096.4647237866905
353050.038021,625.2508215334409,1096.4647237866905
353060.442536,627.1383429893621,1048.9833175093997
353071.262726,690.3328645431347,982.4262720110574
353080.064954,760.5801759026368,955.4665811664379
353090.579192,760.5801759026368,955.4665811664379
353100.019113,760.5801759026368,955.4665811664379
353111.077874,760.5801759026368,955.4665811664379
353121.451428,772.4251227372653,956.2415210596504
353130.103159,778.4971249705094,953.5504436513324
353141.213032,807.565328552807,934.09697688299
353150.410754,822.5000431851247,926.5283702102143
353160.307585,822.5000431851247,926.5283702102143
353170.342341,822.5000431851247,926.5283702102143
353180.38506,822.5000431851247,926.5283702102143
353190.03022,822.5000431851247,926.5283702102143
353200.118685,822.5000431851247,926.5283702102143
353210.612255,839.4664447480507,918.4591503273857
353220.574053,849.3078210636088,915.3956467661687
353231.617257,849.3078210636088,915.3956467661687
353241.353029,849.3078210636088,915.3956467661687
353251.921112,849.3078210636088,915.3956467661687
353262.613941,869.2265857874422,904.0276511569251
353270.457886,869.2265857874422,904.0276511569251
353280.053585,876.7959193700889,892.2769540236368
353290.482009,876.7959193700889,892.2769540236368
353300.114559,884.378072279284,883.0886833388994
353310.63966,892.2316565428121,870.7996732626007
353320.524009,893.3811440443767,869.8846473459449
353331.347289,893.3811440443767,869.8846473459449
353340.566543,893.3811440443767,869.8846473459449
353350.532939,903.1932715870779,864.5527396760859
353362.429821,904.1940843595772,863.3727212745142
353370.493467,904.1940843595772,863.3727212745142
353380.541324,904.6323802996527,863.0111943552296
353390.576925,904.6323802996527,863.0111943552296
353400.024976,904.6323802996527,863.0111943552296
353410.434612,910.1337436979303,861.2925219686422
353420.120546,919.673015077798,855.4322078932736
353430.946052,920.5657099329562,854.3794631072982
353441.437683,920.5657099329562,854.3794631072982
353451.115601,920.5657099329562,854.3794631072982
353461.499214,920.5657099329562,854.3794631072982
353471.350239,920.5657099329562,854.3794631072982
353480.708745,928.1493473555189,843.8156141707298
353490.719329,931.6663947591832,839.0065821815749
353503.612491,932.0335972665903,838.419863317752
353510.692246,932.0335972665903,838.419863317752
353520.436778,932.0335972665903,838.419863317752
353530.774588,932.0335972665903,838.419863317752
353540.023645,932.0335972665903,838.419863317752
353550.06191,932.0335972665903,838.419863317752
353560.656763,938.6450784941846,838.6578617673207
353571.885725,953.388595404722,830.2954071434801
353582.128231,959.798651789432,826.8038239201088
353590.146018,962.4085965828339,825.2598787700543
353600.12556,963.0423312080425,823.6871971579217
353617.984792,968.826936512273,815.4665020476074
353621.680851,978.0254073007233,801.0306632793976
353630.115937,1005.7182131601647,765.4503415252049
353640.409311,1048.8598064078224,724.158015487606
353650.149561,1098.2513992588563,641.4593588751063
353660.873524,1149.0708272046406,606.8339486306031
353671.082296,1156.975798337598,598.5632609054086
353681.767681,1209.7854680519795,533.1373852641957
353690.042583,1263.7223441576623,528.4749089284945
353702.315325,1279.6225635382614,539.0752702721968
353710.784648,1279.6225635382614,539.0752702721968
353720.059359,1279.6225635382614,539.0752702721968
353730.473905,1279.6225635382614,539.0752702721968
353741.197055,1341.0681083080742,583.1355617312023
353747.143194,1341.0681083080742,583.1355617312023
353754.158447,1412.405301024291,629.058587250203
353760.085591,1450.4465125986553,657.297700329719
353770.277308,1462.9566393523523,667.7200350616496
353780.581673,1467.3994939349611,674.6315794220941
353790.108911,1485.0901117824603,661.4359227317317
353801.361909,1524.8760940488048,586.1291888052624
353810.993007,1530.6705148930093,573.7001238790181
353820.405882,1531.552763728222,566.4771912436528
353831.151832,1543.5151165973493,545.4162660655826
353841.033146,1548.4506801185305,529.0169393049865
353850.445892,1548.4506801185305,529.0169393049865
353860.471913,1548.4506801185305,529.0169393049865
353870.457283,1548.4506801185305,529.0169393049865
353881.018635,1548.4506801185305,529.0169393049865
353890.124649,1524.8537930661569,491.47443441811913
353900.777125,1498.1200110682819,461.5497830001203
353910.802992,1487.0286135447234,449.6905975202996
353923.10492,1487.0286135447234,449.6905975202996
353932.068342,1471.1463492801972,426.14513835833566
353940.11803,1459.0817744906435,404.2304751700923
353950.502254,1443.2089728423177,407.7491746003535
353960.528611,1437.8744380307087,411.76451778181445
353970.695466,1437.8744380307087,411.76451778181445
353981.192486,1437.8744380307087,411.76451778181445
353990.129731,1437.8744380307087,411.76451778181445
354000.772033,1437.8744380307087,411.76451778181445
354011.225391,1437.8744380307087,411.76451778181445
354025.566761,1410.414125501716,425.38694029553784
354030.060018,1379.3239918704558,391.6398916102168
354040.124441,1379.3239918704558,391.6398916102168
354048.543329,1341.0681083080742,583.1355617312023
354051.582524,1379.3239918704558,391.6398916102168
354060.434183,1360.463471181365,369.30494052124817
354070.724535,1360.463471181365,369.30494052124817
354080.495327,1360.463471181365,369.30494052124817
354092.589836,1360.463471181365,369.30494052124817
354101.611132,1326.0082420312478,322.10444735363023
354110.060076,1302.6327925153726,288.8447692013731
354124.111191,1298.6489112197296,283.69272725754996
354130.056516,1355.962042617466,350.8325122295337
354142.206322,1363.7446587177774,356.31158137923137
354150.465074,1363.7446587177774,356.31158137923137
354160.408643,1363.7446587177774,356.31158137923137
354170.466387,1363.7446587177774,356.31158137923137
354180.762734,1369.6193481295822,365.32169250691464
354190.436731,1413.8400105179453,418.57219775435874
354201.436013,1376.2195201294437,472.9677007384944
354211.350382,1355.8159996619147,492.17142902451866
354222.822546,1328.0125239162562,543.5140585157155
354230.64167,1267.134448335876,594.5421217158873
354242.385152,1174.8009633501447,633.2927861593363
354250.125285,1120.1508502829959,719.8107593967621
354260.113869,1122.5320310304949,763.1717801192958
354270.666738,1185.9921820409832,817.2177270688604
354280.123238,1276.8151544007517,912.538809684601
354292.358382,1303.5275714535685,937.2419031582035
354300.542326,1371.6813487221289,999.7737751880593
354310.031737,1429.3589395263255,1046.5057193859457
354320.547995,1454.468692192215,1067.6625359063003
354332.987209,1482.7868309631392,1087.4412425848038
354340.131084,1512.4135472417743,1111.399682330607
354350.042734,1538.2842250342205,1129.8193449963403
354366.610689,1528.985908495186,1182.6491499701315
354370.032749,1468.2254200496711,1235.946700354726
354380.034404,1441.1684899527818,1267.5295951086664
354390.584927,1454.8760777405412,1300.7661255364198
354400.041086,1540.8438631785623,1353.2729599279123
354409.154224,1341.0681083080742,583.1355617312023
354410.562741,1542.5206025711702,1355.146628361904
354420.539945,1542.5206025711702,1355.146628361904
354431.125086,1557.495317458243,1371.6554825751314
354442.209272,1617.124391820365,1433.446973757029
354451.307278,1675.3119871757613,1486.104439296931
354461.759396,1746.87104091813,1553.3663023900663
354472.920827,1833.069512128792,1634.5457979611747
354501.749338,2147.7794098082213,1922.7669137849066
354501.750883,2147.7794098082213,1922.7669137849066
354504.077828,2147.7794098082213,1922.7669137849066
354514.895528,2209.922220505808,1977.9539375335862
354527.331462,2256.532560350702,2024.0953308641401
354534.099574,2348.032306391034,2110.095747045215
354546.159684,2452.519315001506,2200.5196583182105
354554.079736,2523.2395992258803,2265.66267690736
354564.833264,2524.142685747241,2266.6494253728565
354575.927257,2524.142685747241,2266.6494253728565
354584.487269,2524.142685747241,2266.6494253728565
354594.409944,2525.0765396437196,2267.972147439008
354604.493955,2608.450593337091,2342.8367231366938
354614.270283,2664.9137126596816,2392.614914285961
354624.175371,2682.890871666567,2408.045953593187
354635.215592,2682.890871666567,2408.045953593187
354644.436938,2694.5669904646084,2416.5442427471858
354655.251767,2740.977947704498,2459.1261494437867
354665.668437,2830.4474633904783,2542.8642296160965
354674.122712,2872.023337464169,2606.4324246084984
354685.752426,2877.7743917210264,2622.9184856040047
354694.672751,2877.7743917210264,2622.9184856040047
354704.444343,2877.7743917210264,2622.9184856040047
354714.593023,2906.12790778514,2682.469237169472
354724.191846,2969.884759786358,2780.511669908457
354734.128558,3004.7479362992603,2823.5219758538183
354746.207358,3020.523387622854,2843.81914463682
354757.023739,3119.8525874112897,2965.154337693319
354764.572297,3189.6378300918036,3059.622507810812
354774.409455,3238.102876956286,3112.089296195533
354784.488434,3241.8308895722303,3115.954190391475
354794.174324,3241.8308895722303,3115.954190391475
354804.443101,3255.5848311032364,3129.3014506235577
354814.546955,3362.6611459674345,3257.9816510412415
354824.575102,3453.950286874968,3381.100330802076
354835.3161,3535.2200093254573,3512.7425279864246
354845.152255,3616.4849401130327,3642.7185739406923
354854.132203,3651.303670254369,3701.518474434351
354865.102938,3666.0962061958644,3727.045173184694
354874.182228,3610.113793267995,3736.3601147448553
354884.177788,3537.086541642064,3800.79905324273
354895.730273,3481.698122808438,3856.702168453523
354904.486784,3442.084659582436,3893.3880194558005
354914.515463,3433.2779697759324,3901.1055844184143
354924.616451,3428.501765283667,3905.2035379743033
354934.76316,3419.905300176745,3911.9981065026686
354945.309605,3400.80197619284,3928.494863141392
354955.382352,3399.5085186184333,3928.6331915944315
354965.296157,3383.9940666452053,3929.578723589137
354975.338582,3383.9940666452053,3929.578723589137
354986.678844,3366.48661800068,3925.4631174620113
354996.443591,3347.181603172911,3918.349794092465
355005.716202,3343.5116203119665,3916.1607361697033
355014.178349,3343.5116203119665,3916.1607361697033
355024.570979,3328.456955989037,3912.3046614640725
355034.676888,3320.2877327376973,3915.2417579143444
355044.615044,3312.2072304372073,3920.3972619218316
355054.534829,3287.617895023451,3941.7760001785387
355065.183017,3252.8600626605107,3979.9252537721854
355074.185299,3229.6126846140332,3996.440418101204
355084.492452,3229.6126846140332,3996.440418101204
355094.18657,3229.6126846140332,3996.440418101204
355104.136671,3229.6126846140332,3996.440418101204
355114.68578,3229.6126846140332,3996.440418101204
355125.038073,3229.6126846140332,3996.440418101204
355134.572285,3229.6126846140332,3996.440418101204
355144.556567,3156.826484923085,4059.4853350124486
355154.580785,3085.1170148119445,4124.0480483506735
355165.216883,3026.835528669097,4176.941430566739
355175.70145,2994.5871527367294,4204.007724008475
355185.592144,2956.330434498171,4240.066027740226
355194.17356,2908.45687761012,4273.904242549146
355205.462716,2847.0962433592063,4298.101490511208
355214.435067,2843.0175740741693,4300.6538512355255
355224.201964,2843.0175740741693,4300.6538512355255
355234.455063,2843.0175740741693,4300.6538512355255
355244.546569,2843.0175740741693,4300.6538512355255
355254.528242,2843.0175740741693,4300.6538512355255
355264.463909,2843.0175740741693,4300.6538512355255
355275.574866,2843.0175740741693,4300.6538512355255
355285.622839,2843.0175740741693,4300.6538512355255
355294.484658,2843.0175740741693,4300.6538512355255
355305.168256,2843.0175740741693,4300.6538512355255
355314.684089,2843.0175740741693,4300.6538512355255
355324.514883,2843.0175740741693,4300.6538512355255
355334.421489,2843.0175740741693,4300.6538512355255
355344.136564,2843.0175740741693,4300.6538512355255
355354.572498,2813.652410672444,4315.56081712923
355365.764383,2774.9270556171555,4332.724237528919
355375.192082,2728.1891422140775,4341.99504519451
355384.732025,2677.547157279645,4351.778735740722
355395.225415,2663.0115291916454,4355.064917028383
355405.464227,2663.0115291916454,4355.064917028383
355415.233487,2663.0115291916454,4355.064917028383
355424.492515,2643.1651317442766,4358.074786141749
355434.089249,2627.150546053718,4360.432076427268
355446.073528,2614.3771923243207,4310.0557762826265
355454.089909,2618.011863711272,4243.772863897795
355464.491912,2616.1178761801543,4176.034336430191
355474.684249,2609.065871841531,4077.8234797598902
355484.925525,2606.209156858413,4028.710460566198
355494.134526,2547.54033742248,4029.350275239512
355504.652386,2490.7904469214263,4029.8415343636684
355514.12882,2475.238636480161,4035.7554049347027
355523.020091,2429.146115716669,4042.1098284310137
355525.161258,2429.146115716669,4042.1098284310137
355535.821973,2419.7971089909915,4040.220536640984
355544.546357,2419.7971089909915,4040.220536640984
355554.091838,2419.7971089909915,4040.220536640984
355564.103687,2415.936292962397,4023.235913718706
355574.683252,2415.936292962397,4023.235913718706
355584.737811,2415.936292962397,4023.235913718706
355594.736637,2415.936292962397,4023.235913718706
355605.138363,2415.936292962397,4023.235913718706
355614.897124,2415.936292962397,4023.235913718706
355625.146877,2415.936292962397,4023.235913718706
355635.235002,2415.936292962397,4023.235913718706
355644.525055,2415.936292962397,4023.235913718706
355654.451211,2415.936292962397,4023.235913718706
355664.466927,2415.936292962397,4023.235913718706
355674.441345,2415.936292962397,4023.235913718706
355684.573765,2415.936292962397,4023.235913718706
355694.958981,2415.936292962397,4023.235913718706
355704.751632,2415.936292962397,4023.235913718706
355714.131335,2415.936292962397,4023.235913718706
355725.128134,2415.936292962397,4023.235913718706
355735.502583,2415.936292962397,4023.235913718706
355744.608389,2415.936292962397,4023.235913718706
355754.461825,2415.936292962397,4023.235913718706
355764.504971,2415.936292962397,4023.235913718706
355774.448785,2415.936292962397,4023.235913718706
355784.461304,2415.936292962397,4023.235913718706
355794.45226,2415.936292962397,4023.235913718706
355804.50622,2415.359895523804,4021.133981598778
355814.592501,2415.359895523804,4021.133981598778
355825.29541,2415.359895523804,4021.133981598778
355834.761295,2415.359895523804,4021.133981598778
355845.122066,2415.359895523804,4021.133981598778
355854.57696,2415.359895523804,4021.133981598778
355864.468924,2415.359895523804,4021.133981598778
355874.429034,2415.359895523804,4021.133981598778
355884.551074,2415.359895523804,4021.133981598778
355894.568824,2415.359895523804,4021.133981598778
355904.515308,2415.359895523804,4021.133981598778
355914.472689,2415.359895523804,4021.133981598778
355925.557839,2415.359895523804,4021.133981598778
355938.019265,2415.359895523804,4021.133981598778
355944.564836,2415.359895523804,4021.133981598778
355955.207924,2415.359895523804,4021.133981598778
355965.425808,2415.359895523804,4021.133981598778
355974.571351,2415.359895523804,4021.133981598778
355984.764679,2415.359895523804,4021.133981598778
355994.456409,2415.359895523804,4021.133981598778
356004.505528,2415.359895523804,4021.133981598778
356014.507342,2415.359895523804,4021.133981598778
356024.579785,2415.359895523804,4021.133981598778
356034.779205,2415.359895523804,4021.133981598778
356044.130272,2415.359895523804,4021.133981598778
356054.604204,2415.359895523804,4021.133981598778
356065.551918,2415.359895523804,4021.133981598778
356075.512887,2415.359895523804,4021.133981598778
356084.1933,2415.359895523804,4021.133981598778
356094.817375,2415.359895523804,4021.133981598778
356104.445238,2415.359895523804,4021.133981598778
356114.431377,2415.359895523804,4021.133981598778
356124.488631,2415.359895523804,4021.133981598778
356134.536967,2415.359895523804,4021.133981598778
356144.679806,2415.359895523804,4021.133981598778
356155.261079,2415.359895523804,4021.133981598778
356164.837122,2415.359895523804,4021.133981598778
356175.279366,2415.359895523804,4021.133981598778
356184.471983,2415.359895523804,4021.133981598778
356194.435188,2415.359895523804,4021.133981598778
356204.959205,2415.359895523804,4021.133981598778
356216.538792,2415.359895523804,4021.133981598778
356224.437333,2415.359895523804,4021.133981598778
356234.437842,2415.359895523804,4021.133981598778
356244.472159,2415.359895523804,4021.133981598778
356254.767134,2415.359895523804,4021.133981598778
356264.128828,2415.359895523804,4021.133981598778
356275.431396,2415.359895523804,4021.133981598778
356285.213525,2415.359895523804,4021.133981598778
356295.277518,2415.359895523804,4021.133981598778
356305.297941,2415.359895523804,4021.133981598778
356314.552157,2415.359895523804,4021.133981598778
356324.572227,2415.359895523804,4021.133981598778
356334.129518,2415.359895523804,4021.133981598778
356344.498804,2415.359895523804,4021.133981598778
356354.515453,2415.359895523804,4021.133981598778
356364.621017,2415.359895523804,4021.133981598778
356375.300475,2415.359895523804,4021.133981598778
356385.12996,2415.359895523804,4021.133981598778
356395.405961,2415.359895523804,4021.133981598778
356405.09511,2415.359895523804,4021.133981598778
356414.191483,2415.359895523804,4021.133981598778
356425.445078,2415.359895523804,4021.133981598778
356434.445952,2415.359895523804,4021.133981598778
356444.440577,2415.359895523804,4021.133981598778
356454.200216,2415.359895523804,4021.133981598778
356464.19633,2415.359895523804,4021.133981598778
356474.476893,2415.359895523804,4021.133981598778
356485.164171,2415.359895523804,4021.133981598778
356495.197493,2415.359895523804,4021.133981598778
356505.256147,2415.359895523804,4021.133981598778
356515.264595,2415.359895523804,4021.133981598778
356525.655734,2415.359895523804,4021.133981598778
356534.129595,2415.359895523804,4021.133981598778
356544.618676,2415.359895523804,4021.133981598778
356554.632239,2415.359895523804,4021.133981598778
356567.877361,2415.359895523804,4021.133981598778
356574.146675,2415.359895523804,4021.133981598778
356584.550075,2415.359895523804,4021.133981598778
356594.538119,2415.359895523804,4021.133981598778
356604.475736,2415.359895523804,4021.133981598778
356615.275777,2415.359895523804,4021.133981598778
356625.372123,2415.359895523804,4021.133981598778
356637.195569,2415.359895523804,4021.133981598778
356644.500641,2415.359895523804,4021.133981598778
356654.103249,2415.359895523804,4021.133981598778
356664.52084,2415.359895523804,4021.133981598778
356674.431309,2415.359895523804,4021.133981598778
356684.75893,2416.8557268902637,4017.361504874521
356694.104822,2439.374457896378,4010.1832527699717
356703.5476,2444.336330897747,3945.037628585546
356704.103171,2444.336330897747,3945.037628585546
356714.141034,2433.081924178139,3903.207466391598
356724.225045,2387.1174632031293,3842.2041084039342
356740.576776,2291.507864149473,3747.5022224015033
356744.737859,2233.729980428539,3700.295761169941
356754.107007,2195.989272711613,3662.670683640311
356764.137695,2164.8610184807067,3602.2108627949756
356774.167113,2165.525890477203,3550.7806094279163
356784.120077,2173.9606709971554,3504.164314956206
356794.105578,2160.461089201008,3476.25363135199
356804.179347,2142.05229232703,3449.8554340082387
356814.481197,2115.9699263671487,3413.3066806945826
356824.442768,2068.4360484649883,3346.2616230835
356834.570005,2044.955989272827,3314.466066683919
356847.112073,2017.8178617235383,3276.239978274034
356856.795358,2015.26446498183,3272.872131385123
356864.840939,2004.6963616216904,3258.4846986248976
356876.26771,2000.3787889798393,3252.1484751106673
356884.467004,1963.3714990163046,3200.211861771031
356894.106374,1924.1616461262392,3149.689773195222
356904.624194,1891.947372858533,3106.222918648369
356914.108619,1866.8007331457768,3070.6222244240894
356925.417553,1857.913089096959,3058.9555539026883
356935.809664,1805.8633955609996,2990.5628865089084
356946.268906,1763.1021219703625,2919.185451561018
356954.200469,1726.1599440643456,2856.208667329597
356964.737305,1709.6610686574427,2852.551088349909
356974.141462,1647.3673780341887,2885.4122208704975
356984.722023,1644.9259829498617,2886.769895429452
356994.207499,1644.9259829498617,2886.769895429452
357004.532813,1644.9259829498617,2886.769895429452
357015.673172,1625.4590056677173,2893.5780135231266
357024.50033,1568.8194374375305,2844.430007379436
357035.092801,1504.9259558341205,2763.112319320835
357045.589334,1498.380829274702,2753.649394697043
357054.704237,1473.83548680934,2723.5438048683736
357065.242984,1421.6214826182238,2655.001550910126
357074.141292,1421.6214826182238,2655.001550910126
357084.697623,1421.6214826182238,2655.001550910126
357094.73534,1421.6214826182238,2655.001550910126
357104.579123,1421.6214826182238,2655.001550910126
357114.151717,1421.6214826182238,2655.001550910126
357124.950304,1388.1741112475752,2608.97684096188
357134.871072,1362.577712960989,2579.0186840763536
357145.15652,1362.577712960989,2579.0186840763536
357155.160782,1350.218861880019,2562.5859898429953
357164.444523,1349.7219053026104,2561.127005018798
357174.494557,1349.7219053026104,2561.127005018798
357184.456813,1349.7219053026104,2561.127005018798
357194.45261,1309.2894877292404,2519.580072462598
357204.534974,1266.206282588864,2470.4995564582305
357214.108182,1218.2452441145856,2411.5381630515744
357224.557591,1198.1489745165252,2388.895993130196
357234.109939,1198.1489745165252,2388.895993130196
357244.753113,1194.524840231167,2385.7076294259327
357255.190923,1177.9706965471203,2363.6562495065373
357269.924595,1124.634080150702,2276.410706645712
357274.155811,1161.4444342744805,2220.364198710831
357284.728195,1171.012946213651,2192.355485276108
357294.11287,1171.012946213651,2192.355485276108
357305.029407,1171.012946213651,2192.355485276108
357314.736284,1171.012946213651,2192.355485276108
357324.141599,1171.012946213651,2192.355485276108
357334.606797,1176.7896523914649,2143.2720149115057
357348.022111,1181.8815321571199,2109.0998168091455
357355.888064,1115.0652295002974,2053.3532465927074
357364.651404,1045.9397460569185,1965.7487483275295
357374.785464,995.1216269288668,1895.3241107328877
357384.645827,945.482974379889,1829.0959169090095
357395.763213,905.9228393444927,1777.5695609070576
357404.529706,900.8676093570042,1691.872278934535
357414.149669,905.6302668623416,1616.9968089014028
357424.134118,905.4183429762506,1614.8658793331313
357434.149963,904.4580027202461,1597.609583409124
357444.103687,917.1194428785661,1548.7011169101584
357454.109223,930.8667404743493,1519.1222106458656
357464.121633,930.8667404743493,1519.1222106458656
357475.673006,930.8667404743493,1519.1222106458656
357484.153022,930.8667404743493,1519.1222106458656
357494.113095,930.8667404743493,1519.1222106458656
357504.151613,940.0483497960936,1483.2118480543
357514.476975,947.1705585350487,1434.8638519957542
357524.110439,947.1705585350487,1434.8638519957542
357534.672275,947.1705585350487,1434.8638519957542
357544.1089,947.1705585350487,1434.8638519957542
357554.42098,947.1705585350487,1434.8638519957542
357564.148177,954.3066363854202,1408.7402908822942
357574.115899,968.440868929882,1354.5706087094325
357584.140929,976.3550472556033,1335.7038872729913
357595.188065,976.3550472556033,1335.7038872729913
357604.814911,976.3550472556033,1335.7038872729913
357614.172235,976.3550472556033,1335.7038872729913
357624.1144,976.3550472556033,1335.7038872729913
357634.205239,980.2578356808831,1302.3952697880502
357644.117532,932.5786144146886,1283.6535955474637
357654.158425,872.8280251195874,1265.4040885122472
357664.157344,778.751856610041,1229.915839982264
357674.129131,682.6725089120612,1194.8903254185614
357684.936225,646.9784228163613,1181.9225594294903
357694.716883,646.9784228163613,1181.9225594294903
357704.996372,646.9784228163613,1181.9225594294903
357714.343811,636.9610303219623,1179.6488556978525
357724.117834,597.7366715350668,1162.9500854711073
357734.170196,595.8800724525465,1150.8444880123488
357744.149335,615.7355897138086,1112.2263880338278
357754.157302,619.8688967843624,1103.8090540712926
357764.127797,626.9467420799016,1079.048900776086
357774.398621,577.0503489832506,1022.1538238293592
357784.206035,454.4718631811778,966.558228779016
357794.157868,439.6717925041295,882.6181557531654
357804.213879,482.84104626722575,810.9412825757577
357815.131358,484.1078668810086,805.2877416588473
357824.223576,467.90867977643353,764.7095551465052
357834.208253,453.7907359425388,742.4666009944689
357844.841073,465.9726542484944,708.8675850725718
357854.206913,516.0211489105653,665.5416838332987
357865.393472,588.6758083494101,615.6513739631549
357879.050536,647.6844188294858,572.7968016933871
357884.560136,647.6844188294858,572.7968016933871
357894.159083,647.6844188294858,572.7968016933871
357904.157006,647.6844188294858,572.7968016933871
357915.426066,647.6844188294858,572.7968016933871
357924.142734,665.8958304212981,563.6071373042462
357934.212257,752.7806483114615,498.26025457766485
357946.502509,820.7009018762802,443.4959441187999
357954.170387,843.2149980489181,428.569557695868
357964.212405,843.2149980489181,428.569557695868
357974.601106,843.2149980489181,428.569557695868
357984.161462,847.7829644261556,421.52284077183964
357994.135127,909.4741822851956,370.70787998812614
358005.617255,978.7155229102344,320.626496177569
358015.160015,1038.9406590614285,277.37030020463027
358031.86183,1116.62956389425,218.8348432518154
358034.246604,1097.334366032003,174.73391912610202
358044.584759,1048.6637018980834,102.11062551639158
358054.598874,1019.3082529609266,56.98564859892298
358066.215682,1000.4770649992938,26.647765829636825
358074.686871,930.7447154468783,10.233325644390641
358087.520732,868.2968745219408,-5.418275310355162
358094.956895,832.2256206796724,-7.808588188834227
358104.589114,781.1471443310597,47.27734507529998
358115.019696,728.9579936567397,105.6909232718099
358125.170846,676.2346197940647,164.8585891317638
358136.564978,660.1304445281131,184.86681778984416
358145.719027,660.1304445281131,184.86681778984416
358155.640136,660.1304445281131,184.86681778984416
358166.075801,660.1304445281131,184.86681778984416
358175.074953,660.1304445281131,184.86681778984416
358185.208968,660.1304445281131,184.86681778984416
358195.449637,660.1304445281131,184.86681778984416
358205.169673,660.1304445281131,184.86681778984416
358214.930217,660.1304445281131,184.86681778984416
358224.926758,660.1304445281131,184.86681778984416
358236.03712,660.1304445281131,184.86681778984416
358245.850969,660.1304445281131,184.86681778984416
358255.583047,660.1304445281131,184.86681778984416
358265.74886,660.1304445281131,184.86681778984416
358275.901355,640.2269928028718,200.1056691736784
358285.112854,560.0019950585724,151.07862424640965
358295.029103,462.1181468419819,63.56215840926711
358305.034601,394.1011920124791,10.709439814020971
358314.647833,381.9979672565766,0.25407802416286895
358325.620685,381.9979672565766,0.25407802416286895
358335.080847,381.9979672565766,0.25407802416286895
358346.685618,338.394780071153,-40.21120020100921
358355.324717,319.4733470808129,-65.94518287971167
358365.051276,319.4733470808129,-65.94518287971167
358376.127483,362.74882418130426,-103.03313214851556
358385.029119,352.43002967367477,-160.84169699152932
358395.470703,335.0947352295278,-227.9075125338288
358405.235134,387.8438480965096,-327.06650239597667
358415.536494,429.9037217299163,-352.20644804212543
358425.034657,446.8353074320254,-385.5414121211819
358435.419945,408.178121452253,-399.54587003819955
358445.112537,384.8499468444265,-430.5109826904862
358455.4798,431.0622024600177,-466.3828169766405
358467.651595,530.2646064556789,-529.323836384377
358475.056753,601.7283565567433,-583.7315996851922
358486.96938,658.8384758727545,-619.3729662969052
358495.531265,717.6642070658783,-635.0373585214619
358504.596149,742.0222062422989,-637.8023228549653
358515.408585,742.0222062422989,-637.8023228549653
358526.644375,742.0222062422989,-637.8023228549653
358535.093141,788.2793422295932,-636.2822347713588
358545.451261,872.5966594340514,-676.2420196905168
358554.687373,926.2858086946457,-762.3819251174152
358564.952005,899.4698107631036,-829.5714806991199
358576.166695,898.6508307736639,-830.2162534504403
358586.358917,898.6508307736639,-830.2162534504403
358594.652937,879.6142876971276,-842.5855317540472
358606.354074,765.8753293036456,-851.8555459842389
358616.091461,614.8727668818918,-930.789390274126
358625.027571,605.1367357450148,-971.2702308882054
358635.699195,605.1367357450148,-971.2702308882054
358644.688394,605.1367357450148,-971.2702308882054
358654.688184,602.0196564247426,-1024.3084709101465
358665.52887,584.7096528073163,-1118.5864287246914
358677.799577,549.8769308936456,-1281.1887821834323
358685.119855,541.1220923709719,-1312.8311543935065
358694.675146,541.1220923709719,-1312.8311543935065
358705.199959,541.1220923709719,-1312.8311543935065
358714.677241,541.1220923709719,-1312.8311543935065
358727.040014,538.2410074520645,-1331.348231897203
358735.307986,492.55677665370894,-1420.716629544025
358745.081973,430.21863911057926,-1492.015076198759
358755.146924,373.592492937028,-1553.894252867471
358765.567663,291.582431881705,-1637.09197046586
358776.047925,219.9866078700006,-1712.5373900459433
358785.296362,163.90654202355873,-1770.9142279835942
358794.69173,161.8396489811214,-1772.8283385854788
358804.691043,161.8396489811214,-1772.8283385854788
358815.142598,140.911275997472,-1794.3977758522603
358824.693525,59.79060067964966,-1880.4776552592543
358842.097354,1.331580094625794,-1982.9233523831783
358844.769674,-54.12147381471467,-2103.4550461762306
358854.688017,-108.07808420148538,-2180.172858779953
358865.714849,-156.73094115613193,-2228.2812160802414
358874.743558,-137.97546883253722,-2258.545173672396
358889.563747,-163.890077535579,-2346.4974943143015
358894.642006,-180.34828955640893,-2462.682527636757
358905.075807,-195.26771298112402,-2567.000006486515
358914.687481,-200.0738354847194,-2605.721438363172
358925.14136,-206.32539247399032,-2663.7225752140102
358935.258851,-206.19995235093006,-2669.3118087988846
358945.917099,-206.19995235093006,-2669.3118087988846
358954.672815,-206.19995235093006,-2669.3118087988846
358964.675682,-206.19995235093006,-2669.3118087988846
358974.685536,-212.66678704641222,-2709.5036976321903
358984.69452,-224.36766743630858,-2804.8292319816946
358994.675936,-239.7301533543659,-2935.212510804208
359006.190304,-260.92732693036976,-3093.8542896365184
359014.686673,-275.3064419757203,-3212.521517539917
359024.587085,-292.2347919827404,-3347.4710285091833
359036.192954,-317.872204479848,-3545.637505631295
359045.760166,-332.9590769713526,-3683.56507316734
359054.693654,-340.6861144543542,-3739.899233466996
359064.615796,-340.6861144543542,-3739.899233466996
359074.692991,-340.6861144543542,-3739.899233466996
359085.025242,-340.6861144543542,-3739.899233466996
359094.726904,-340.6861144543542,-3739.899233466996
359104.686924,-340.6861144543542,-3739.899233466996
359117.554247,-340.6861144543542,-3739.899233466996
359124.71632,-340.6861144543542,-3739.899233466996
359135.700074,-340.6861144543542,-3739.899233466996
359145.874332,-340.6861144543542,-3739.899233466996
359155.923262,-342.64831435004396,-3751.3405988542504
359165.046785,-404.6463501341571,-3835.4487550120034
359175.298088,-510.37423096929325,-3959.621054174247
359185.113512,-575.6768264555839,-4077.9175937200243
359194.988602,-662.0815764796064,-4159.558754312393
359205.004245,-710.1561418165824,-4221.913832792987
359214.690746,-730.3674702786071,-4323.1597386912845
359224.671915,-736.865923395566,-4358.376707713431
359234.688758,-745.1322669546704,-4414.020585498003
359244.649977,-772.8210916192521,-4542.435294845552
359255.117097,-798.6548996857196,-4605.00005740207
363253.140424,838.8855270964262,-4557.315318900997
363263.143941,950.6399340424547,-4453.343457385287
363273.142834,1030.6124077643224,-4375.209799071184
363283.652553,1057.8576528338622,-4345.860491244419
363293.715681,1057.8576528338622,-4345.860491244419
363306.064229,1057.8576528338622,-4345.860491244419
363313.237778,1064.9121888328582,-4338.435187466218
363331.760129,1124.5621053001664,-4284.565547608543
363333.099146,1214.7627071742652,-4199.918287695552
363345.915774,1304.5730750406371,-4061.092221024708
363355.412636,1289.8824918582336,-3928.552575319216
363363.271409,1256.922497906746,-3799.1037717652393
363375.441148,1219.677314824828,-3636.9099583976194
363383.589793,1204.6609871824828,-3558.7214625656866
363395.188675,1200.9307091109445,-3532.223355998763
363403.756798,1189.4228669333904,-3497.1151440375647
363414.446717,1170.9936072483526,-3454.3867385503686
363424.080756,1153.7522866935433,-3363.82352639087
363433.755434,1129.0838206991382,-3222.125572296241
363445.705313,1123.4461031192657,-3113.1027243010826
363453.956329,1130.0242848231371,-3024.127987449921
363463.147469,1138.3914214988413,-2877.713019070444
363473.136874,1145.1211132645858,-2781.3134404485304
363483.137317,1149.5378420681348,-2729.390899034181
363493.092138,1149.5378420681348,-2729.390899034181
363503.578418,1149.5378420681348,-2729.390899034181
363513.165473,1149.5378420681348,-2729.390899034181
363523.490934,1149.5378420681348,-2729.390899034181
363533.798295,1149.7964710740969,-2718.7792704865096
363543.141047,1154.8429084429574,-2664.8435332769377
363554.079212,1158.2406454894676,-2552.3271332321874
363563.514854,1156.677735779161,-2492.7211581480874
363573.70018,1156.5896555718884,-2491.0250081367276
363583.533362,1156.5896555718884,-2491.0250081367276
363593.461596,1153.3505381118275,-2473.5030821637424
363604.607661,1099.734885421541,-2454.9974722879274
363613.083733,1072.257072420716,-2459.156967071661
363623.082672,1013.2086331200417,-2400.0117255829114
363633.082609,928.9242744698747,-2321.0141840208357
363649.282093,791.300586065612,-2192.1366012888952
363653.41388,699.7584713335625,-2100.111439193062
363663.393303,607.4263984823139,-2024.6899519955725
363681.169417,599.9509920339304,-1944.284324375685
363683.309644,628.3926127051868,-1859.3927886366932
363683.310391,628.3926127051868,-1859.3927886366932
363685.377796,627.9662420018302,-1826.0858729219792
363695.207666,616.3670952646204,-1735.1960563935188
363707.001375,624.0900124215166,-1658.9386487676188
363716.123498,647.6327637856043,-1578.4227058973254
363730.639429,645.5047625505539,-1565.0656613828512
363735.692237,645.5047625505539,-1565.0656613828512
363745.167242,645.5047625505539,-1565.0656613828512
363755.332333,631.0051682634321,-1534.1491301731294
363765.663922,627.9687760941333,-1529.7749980291585
363775.580771,627.9687760941333,-1529.7749980291585
363785.524236,613.8818537645556,-1492.7822697046588
363797.494296,570.6889049466537,-1428.227206405033
363805.173431,559.8717073068124,-1399.4774472406925
363815.454091,559.8717073068124,-1399.4774472406925
363826.131285,563.2543105193527,-1378.328561329505
363836.487018,506.82480385768633,-1317.4246800951428
363845.445034,417.041988523375,-1249.9134158276368
363855.825467,333.45365339430185,-1189.7016729195495
363865.208435,213.8953835049385,-1103.4318063308058
363876.17568,142.15146240355037,-1053.0967061666615
363885.22165,106.35745039085772,-1025.2918458671315
363895.452344,34.983412377419015,-966.1549679211915
363906.726921,-7.624906181315165,-931.0292506123487
363925.063967,-47.02985486582493,-892.6889564063626
363925.155203,-104.97178847537367,-861.2523320944387
363936.278488,-125.49043283860698,-837.0690658121543
363949.403696,-146.85633244067787,-765.4331885231827
363956.013857,-155.23729289497484,-735.2774912682601
363969.151914,-165.64779181193651,-695.9445797314559
363975.611524,-184.5573853080985,-629.8549600646145
363985.539042,-191.4334980446791,-533.1881902885982
363995.813389,-168.68816920651992,-471.6460950824836
364007.085151,-128.77247777568022,-429.7310841792139
364015.56635,-82.69409116579463,-380.98303646882846
364027.414692,-71.91479430843427,-358.4561280180121
364036.560778,-62.8094147475176,-299.73558025278817
364046.982375,-51.93912353879315,-185.86891675987198
364055.849378,-9.363376609021074,-137.01180378307444
364066.053358,-0.1388428463157354,-99.19460705272373
364075.685355,-20.704413682921327,-44.65218724521843
364085.530376,-27.390660828859406,-28.8519987675484
364095.574419,-27.390660828859406,-28.8519987675484
364105.625195,-23.26524778740758,-16.6925267046273
364115.763665,-22.525724837381787,-16.168497715213817
364127.825458,-21.78865965073551,-15.82292257549036
364136.605801,7.678623037144163,-12.332734415049654
364146.52876,18.749698922647443,-10.617099369392244
364156.539994,18.749698922647443,-10.617099369392244
364165.621115,25.073015153519624,-9.106082453677693
364175.688087,37.90702827414843,-10.583632759255623
364185.643936,59.60837457525119,-10.715731621519467
364195.581322,117.589231740594,5.755933669533549
364209.441985,165.74200409608335,21.790081459545206
364215.496775,198.42266453970205,14.16466154733623
364225.520174,216.02882063005066,-45.418939766370926
364235.597234,230.15417861255037,-83.33968563037647
364248.10605,292.6080991079538,-83.39172019780038
364256.096457,358.0074055843598,-51.189996046888375
364265.467847,384.49215494950556,5.266906045254708
364275.60392,395.8322242392627,14.988002484424714
364285.212053,395.8322242392627,14.988002484424714
364297.181456,427.30784469135295,40.6153378978155
364305.175532,445.49924727183793,58.61922668304165
364315.215922,520.5340662647542,117.28948896021535
364325.142984,574.1075696188618,169.96261691596635
364335.799947,593.3044295737158,191.257391507808
364347.165763,629.936943366182,210.11104014072433
364356.108444,676.695957111886,251.47190296514466
364366.188759,708.9285274953104,272.60642459613933
364376.626791,716.5427874838318,281.7986815800844
364386.319817,746.9380450762416,307.59020312741933
364395.577454,791.0140756295001,275.531492728042
364405.985463,804.8236908988727,258.4107515382865
364415.1506,857.480519989312,296.3856112874767
364425.142401,900.8651601992641,333.3638985383504
364435.840702,956.8259250303296,354.48765239159513
364445.117189,1004.4958814400522,312.8573376398765
364456.69535,1046.8752264416053,335.5380528748154
364470.526977,1114.808402473902,406.94364687686544
364476.016732,1157.0562613392024,450.5706447611631
364485.492793,1194.2420608205991,430.9333830407028
364495.532909,1227.879034298576,387.7366160274996
364505.485613,1227.879034298576,387.7366160274996
364515.458359,1227.879034298576,387.7366160274996
364525.711344,1227.879034298576,387.7366160274996
364535.159264,1227.879034298576,387.7366160274996
364545.788969,1227.879034298576,387.7366160274996
364556.587635,1227.879034298576,387.7366160274996
364565.441873,1227.879034298576,387.7366160274996
364576.06512,1227.879034298576,387.7366160274996
364586.404572,1227.879034298576,387.7366160274996
364595.461673,1226.8253756922973,379.4967136676792
364605.459006,1226.8253756922973,379.4967136676792
364615.994016,1220.5343479543985,370.4235860877661
364625.763562,1225.5368825648325,352.9059797199697
364635.215351,1272.7155852082838,384.5194674707724
364651.59472,1301.0917440219957,429.1757988930445
364655.624401,1301.0917440219957,429.1757988930445
364666.565513,1280.9443812439831,454.55391893393767
364676.468179,1239.3359544302696,503.9276206932668
364688.783881,1257.9998995973274,529.04133332251
364697.200565,1264.8796196775209,531.3528718685147
364705.669299,1284.5661789460896,549.9293932952388
364715.158706,1284.5661789460896,549.9293932952388
364725.152443,1284.5661789460896,549.9293932952388
364735.619305,1284.5661789460896,549.9293932952388
364745.638012,1271.8061755530346,585.7385424028876
364755.613905,1214.624183809794,601.3235981983757
364765.167586,1173.7908624758227,620.4553174025822
364776.532616,1142.1346287864478,648.4696434987583
364785.248015,1114.6503161361816,664.3856175705397
364801.835014,1093.892803071508,640.796268035917
364805.131296,1076.496209846404,598.9356251659011
364817.449426,1068.5135930425856,588.036999267218
364825.48723,1068.5135930176732,588.036999490214
364835.150546,1068.35480371147,587.6473491291656
364845.719701,1068.35480371147,587.6473491291656
364855.688965,1036.2943693099555,561.150684476817
364866.861333,993.6553712400313,540.3353653912842
364875.545948,942.4112113251192,484.4849327010835
364886.076559,862.3563141386663,410.3354593408576
364898.383826,816.273434753262,372.8175430297283
364906.243208,773.5110891094846,331.50594637736117
364915.519879,699.7647637194485,276.7496843316497
364925.561028,655.1287241216859,239.71626117064378
364935.455252,650.6772567350533,235.96012432516696
364945.573195,650.6772567350533,235.96012432516696
364955.414806,650.6772567350533,235.96012432516696
364965.150533,642.1110481529523,228.72551733390898
364975.449799,566.0376223713444,162.8495090153802
364985.118564,492.4955522975211,90.33541538950236
364995.727585,415.9074964614629,27.2987273102115
365006.420675,377.267278134434,-13.536840517407978
365016.561912,343.57837578596644,-40.54339530385384
365026.330833,291.66706636436965,-69.16623251823901
365035.533952,235.7879822536572,-67.20318607975796
365045.713023,214.08862441708771,-12.642038886580258
365055.561244,208.81028337568492,-7.018622978038314
365065.553535,188.86982532060716,20.808410048740487
365076.159989,188.86982532060716,20.808410048740487
365085.479167,182.55310851802645,29.413405023727567
365095.638222,97.34203262413133,19.79686976136485
365107.226483,53.44072328317135,-5.785938901091736
365116.7305,24.696947255813043,2.2846510306507137
365127.607378,-26.39261555660747,-13.92903652773047
365136.321186,-31.61602490213375,-15.365893571055494
365146.320394,-34.832303958515354,-18.915681775382733
365155.69429,-41.853122832629374,-92.67909750993951
365166.156591,-11.777534777829306,-141.20742926542727
365175.443298,2.5546402624690017,-115.08578515927697
365185.563026,4.414510124112157,-86.2625637750387
365195.688749,-10.530896523215505,-50.38558751649671
365206.132416,-13.179993267976203,-40.596423240731056
365218.72039,-4.68709647162357,-22.977555592559273
365226.094003,27.691154148547955,-11.523663484551768
365235.837305,51.2134009479501,-8.590824335771583
365245.505656,55.35857920365347,-10.095578320515559
365255.531643,55.35857920365347,-10.095578320515559
365265.500624,55.35857920365347,-10.095578320515559
365276.489438,55.35857920365347,-10.095578320515559
365285.481491,55.35857920365347,-10.095578320515559
365295.578543,55.35857920365347,-10.095578320515559
365305.660122,55.35857920365347,-10.095578320515559
365315.546412,55.35857920365347,-10.095578320515559
365325.527275,55.35857920365347,-10.095578320515559
365336.481099,55.35857920365347,-10.095578320515559
365345.767892,55.35857920365347,-10.095578320515559
365356.43471,55.35857920365347,-10.095578320515559
365365.59106,55.35857920365347,-10.095578320515559
365375.159298,55.35857920365347,-10.095578320515559
365385.560035,55.35857920365347,-10.095578320515559
365396.207849,55.35857920365347,-10.095578320515559
365405.20838,55.35857920365347,-10.095578320515559
365415.895957,55.35857920365347,-10.095578320515559
365425.544328,55.35857920365347,-10.095578320515559
365435.670474,55.35857920365347,-10.095578320515559
365446.184356,55.35857920365347,-10.095578320515559
365456.670669,55.35857920365347,-10.095578320515559
365465.128875,58.79776444116581,-12.571721391574137
365475.885819,58.79776444116581,-12.571721391574137
365486.87956,58.79776444116581,-12.571721391574137
365495.568162,58.79776444116581,-12.571721391574137
365505.484052,58.79776444116581,-12.571721391574137
365515.181153,58.79776444116581,-12.571721391574137
365525.544044,58.79776444116581,-12.571721391574137
365535.51267,58.79776444116581,-12.571721391574137
365545.594063,58.79776444116581,-12.571721391574137
365556.271313,58.79776444116581,-12.571721391574137
365566.114714,58.79776444116581,-12.571721391574137
365576.308059,41.96219930190014,-4.776707449925423
365585.526384,30.314739520774452,-0.5571310438865653
365596.856002,30.314739520774452,-0.5571310438865653
365605.500341,30.314739520774452,-0.5571310438865653
365615.471789,30.314739520774452,-0.5571310438865653
365625.510839,30.314739520774452,-0.5571310438865653
365635.544012,30.314739520774452,-0.5571310438865653
365645.165054,30.314739520774452,-0.5571310438865653
365655.702941,30.314739520774452,-0.5571310438865653
365667.990855,30.314739520774452,-0.5571310438865653
365677.062658,30.314739520774452,-0.5571310438865653
365686.802023,30.314739520774452,-0.5571310438865653
365695.485697,30.314739520774452,-0.5571310438865653
365707.778969,30.314739520774452,-0.5571310438865653
365715.74174,30.314739520774452,-0.5571310438865653
365725.636082,30.314739520774452,-0.5571310438865653
365735.531492,30.314739520774452,-0.5571310438865653
365747.82977,30.314739520774452,-0.5571310438865653
365755.478607,30.314739520774452,-0.5571310438865653
365765.168214,30.314739520774452,-0.5571310438865653
365776.24503,30.314739520774452,-0.5571310438865653
365786.191794,30.314739520774452,-0.5571310438865653
365795.157695,30.314739520774452,-0.5571310438865653
365806.410516,30.314739520774452,-0.5571310438865653
365815.558915,30.314739520774452,-0.5571310438865653
365825.529848,30.314739520774452,-0.5571310438865653
365835.92223,30.314739520774452,-0.5571310438865653
365845.781038,30.314739520774452,-0.5571310438865653
365855.541503,30.314739520774452,-0.5571310438865653
365865.820978,30.314739520774452,-0.5571310438865653
365876.343035,30.314739520774452,-0.5571310438865653
365885.814872,30.03192251736249,1.9125315867746833
365895.532441,28.277566292927947,2.7603054027609506
365905.517498,28.163278042914563,2.40965237251288
365915.486328,28.163278042914563,2.40965237251288
365925.626258,28.163278042914563,2.40965237251288
365935.4658,28.163278042914563,2.40965237251288
365945.547615,28.163278042914563,2.40965237251288
365955.646085,28.163278042914563,2.40965237251288
365965.623922,28.163278042914563,2.40965237251288
365975.648391,28.163278042914563,2.40965237251288
365985.852889,28.163278042914563,2.40965237251288
365996.378545,28.163278042914563,2.40965237251288
366005.596734,28.163278042914563,2.40965237251288
366016.401875,28.163278042914563,2.40965237251288
366026.494861,28.163278042914563,2.40965237251288
366035.676841,28.163278042914563,2.40965237251288
366045.616637,28.163278042914563,2.40965237251288
366056.476558,28.163278042914563,2.40965237251288
366065.654997,28.163278042914563,2.40965237251288
366075.721707,28.163278042914563,2.40965237251288
366085.625859,28.163278042914563,2.40965237251288
366096.952389,28.163278042914563,2.40965237251288
366106.403343,28.163278042914563,2.40965237251288
366116.393116,28.163278042914563,2.40965237251288
366126.287424,28.163278042914563,2.40965237251288
366136.583374,28.163278042914563,2.40965237251288
366145.645698,28.163278042914563,2.40965237251288
366156.378791,28.163278042914563,2.40965237251288
366168.470707,28.040440598669715,1.9641379481016075
366175.562773,-4.18643241805944,-9.784541780843297
366185.618164,-18.771439329803375,-11.519413818710845
366195.545697,-32.37423809587253,-19.195586974545808
366205.17369,-39.294926185660366,-15.940901089596524
366216.679114,-42.641201013618556,-4.475853889345623
366225.932319,-72.29228578561793,121.20444799508341
366238.136172,-110.18094069089203,199.18905313859406
366245.52181,-129.44195947598723,251.43960271238296
366256.66312,-150.3534601203944,304.0151467785326
366265.457642,-155.1128569568872,338.3896329085621
366275.215728,-155.1128569568872,338.3896329085621
366285.615276,-155.1128569568872,338.3896329085621
366295.764804,-211.01152409481176,452.18712423080734
366305.543717,-180.55620695151535,518.0358682244134
366315.546998,-132.2532747797099,532.9850969228057
366327.114132,-69.67370435965279,548.6524811947799
366336.224866,7.319156402161922,575.7559812952306
366348.35024,58.028702922780056,597.8922674932759
366366.775106,183.61954075571228,638.1108994550223
366368.224973,240.24767706708298,640.3854458475518
366375.544905,259.93812236830274,621.2269734527165
366385.528535,283.40282084685816,587.5142645292641
366395.151369,283.40282084685816,587.5142645292641
366405.597952,283.40282084685816,587.5142645292641
366415.595465,283.40282084685816,587.5142645292641
366425.725756,283.40282084685816,587.5142645292641
366436.463135,283.40282084685816,587.5142645292641
366445.647485,283.40282084685816,587.5142645292641
366456.411787,283.40282084685816,587.5142645292641
366466.339658,283.40282084685816,587.5142645292641
366475.584322,283.40282084685816,587.5142645292641
366485.568004,283.40282084685816,587.5142645292641
366495.752261,283.40282084685816,587.5142645292641
366505.567974,283.40282084685816,587.5142645292641
366515.579578,283.40282084685816,587.5142645292641
366525.582756,283.40282084685816,587.5142645292641
366535.663594,283.40282084685816,587.5142645292641
366546.553062,283.40282084685816,587.5142645292641
366555.536888,283.40282084685816,587.5142645292641
366567.845886,283.40282084685816,587.5142645292641
366575.863353,283.40282084685816,587.5142645292641
366585.914412,283.40282084685816,587.5142645292641
366596.45843,283.40282084685816,587.5142645292641
366605.597736,283.40282084685816,587.5142645292641
366615.588938,283.40282084685816,587.5142645292641
366625.546445,283.40282084685816,587.5142645292641
366635.521177,283.40282084685816,587.5142645292641
366645.704205,283.40282084685816,587.5142645292641
366655.216324,283.40282084685816,587.5142645292641
366666.335625,281.9002311994332,587.7276268730651
366676.241657,282.33187037029,586.7784827443636
366685.565618,283.0196169780552,586.2976633145712
366695.610817,283.48865799644955,586.0916144669569
366705.585632,283.49144247721995,585.896185787046
366715.204373,284.01954616008436,586.1425926778587
366725.587815,284.01954616008436,586.1425926778587
366735.580294,284.01954616008436,586.1425926778587
366745.592731,284.01954616008436,586.1425926778587
366755.992626,284.01954616008436,586.1425926778587
366766.554584,284.01954616008436,586.1425926778587
366776.314255,284.99636148644623,585.2680357075409
366785.550536,284.99633615953144,585.2680252126607
366796.562152,284.99633615953144,585.2680252126607
366806.70406,285.33423181639427,585.7434253668212
366815.534561,284.52775169602234,585.91407259998
366826.272224,284.8455919424366,586.4024156042275
366835.756081,281.819534721142,582.4338571080053
366845.239918,279.8710394537418,582.2224278405854
366855.707519,274.8256205775043,580.7445148893108
366865.524615,273.23222526004633,571.9270261201216
366876.333702,273.23222526830125,571.9270261084594
366886.681315,273.77997522403814,572.2747805567652
366896.370212,274.89019803145766,571.4151658048378
366907.086999,275.93691731815954,573.4615628420154
366916.72138,275.94607753428573,573.4802558674091
366925.455733,275.6147866661816,574.4153424031563
366935.727822,275.87371505554603,577.5028306201465
366945.585264,278.7420500571835,579.0084692686917
366955.637309,279.5191588059322,578.8333179396374
366966.660358,281.38317292070803,578.6551440552083
366976.308356,284.22638426107795,580.5534712422505
366986.306676,284.22638426107795,580.5534712422505
366996.203125,284.22638426107795,580.5534712422505
367007.139135,283.71071992819674,580.236956584887
367016.209184,283.71071992819674,580.236956584887
367025.818599,283.71071992819674,580.236956584887
367035.593474,282.98776444145085,578.6892860319515
367049.533524,282.98776444145085,578.6892860319515
367055.737719,283.74118582974603,579.740412217746
367065.451608,283.74849757026084,579.745186355378
367078.712508,283.74849757026084,579.745186355378
367085.623435,283.74849757026084,579.745186355378
367096.202696,285.65008045555396,580.2923007560522
367106.310966,286.54286142520414,582.0538343748326
367120.237873,286.55032139228564,582.06395716499
367125.610649,286.55032139228564,582.06395716499
367135.619194,286.55032139228564,582.06395716499
367145.568081,286.55032139228564,582.06395716499
367155.611345,286.55032139228564,582.06395716499
367165.59809,286.55032139228564,582.06395716499
367175.892401,286.55032139228564,582.06395716499
367185.589095,286.55032139228564,582.06395716499
367195.121776,286.55032139228564,582.06395716499
367205.124914,274.9545501331683,566.3540734819319
367222.533909,273.43196335505627,559.4306750855037
367225.764631,273.7180065565413,558.517435444577
367236.501424,273.1889545704083,555.6400317925512
367253.281139,269.6689946176087,555.1461732288228
367255.629759,268.0210820688261,559.5182690523361
367265.122415,268.1390670960988,560.3910265318336
367275.167798,269.69839590501954,561.828792240644
367288.471788,269.69839590501954,561.828792240644
367297.029816,269.69839590501954,561.828792240644
367307.140317,269.69839590501954,561.828792240644
367318.99948,269.69839590501954,561.828792240644
367325.671234,269.69839590501954,561.828792240644
367336.612193,269.69839590501954,561.828792240644
367346.500931,269.69839590501954,561.828792240644
367355.662652,269.69839590501954,561.828792240644
367365.637817,269.69839590501954,561.828792240644
367375.588288,269.8393214753441,561.2761145442648
367387.348343,269.8393214753441,561.2761145442648
367395.645695,269.8393214753441,561.2761145442648
367406.35364,269.8393214753441,561.2761145442648
367415.813057,270.54629906920394,562.4446134042615
367427.755,270.54629906920394,562.4446134042615
367435.805337,270.54629906920394,562.4446134042615
367446.375008,270.54629906920394,562.4446134042615
367456.524648,270.54629906920394,562.4446134042615
367465.681002,270.54629906920394,562.4446134042615
367475.743415,270.54629906920394,562.4446134042615
367485.412908,270.54629906920394,562.4446134042615
367496.146281,270.54629906920394,562.4446134042615
367505.168787,270.54629906920394,562.4446134042615
367515.453702,270.54629906920394,562.4446134042615
367525.552375,270.54629906920394,562.4446134042615
367536.235185,270.54629906920394,562.4446134042615
367550.541786,270.54629906920394,562.4446134042615
367555.455309,270.54629906920394,562.4446134042615
367567.447096,270.54629906920394,562.4446134042615
367576.663672,270.54629906920394,562.4446134042615
367585.449829,281.89461033918764,561.3760878056534
367595.221435,279.56108764743533,561.1797418051157
367605.48303,269.68585573751506,559.5995322506775
367615.755912,266.3799578949936,555.0008672501815
367625.55045,266.2264951859922,554.7983094082562
367635.66785,269.5059645548064,555.0151285383445
367646.232873,269.5059645630613,555.0151285500087
367655.481104,269.5059645630613,555.0151285500087
367665.497684,269.5059645630613,555.0151285500087
367675.633618,269.5059645630613,555.0151285500087
367686.954306,269.5059645630613,555.0151285500087
367695.497208,269.5059645630613,555.0151285500087
367705.117984,269.5059645630613,555.0151285500087
367715.473992,272.01850798198103,556.6220621325981
367725.175056,287.88938782592163,568.9684957251175
367735.512207,284.75206369785894,568.8590642909859
367745.465386,289.818359238942,568.8836661017829
367756.412933,290.06611072712894,571.5934664296956
367766.177111,287.4017387432923,579.6375915383405
367775.487986,290.8319802451253,582.2317478623859
367785.524232,293.46910758788647,580.5608594329408
367795.468078,295.3272119243915,583.0884695308135
367805.515407,294.029637328493,583.76051305108
367815.502367,290.0404937405165,585.6654922194975
367825.492631,290.55953078857334,586.6557931368375
367835.551625,292.1114964981884,586.742674873795
367845.515094,290.8737582627006,587.2681724680502
367855.547969,290.87374349975954,587.2681623046574
367865.526683,290.87374349975954,587.2681623046574
367876.28253,290.87374349975954,587.2681623046574
367885.123533,290.87374349975954,587.2681623046574
367896.184976,290.87374349975954,587.2681623046574
367905.776575,290.87374349975954,587.2681623046574
367915.975766,303.4984344723259,571.0281408048412
367925.562916,303.4984344723259,571.0281408048412
367935.558458,303.4984344723259,571.0281408048412
367945.227067,303.4984344723259,571.0281408048412
367955.475052,608.3731142903375,246.44415373571618
367965.121624,613.9293988937654,231.43562920964646
367976.659784,613.9293988937654,231.43562920964646
367986.291594,623.1846702815154,202.82956085751152
367995.511618,568.8993327079635,156.9698541804703
368005.509308,494.0495397285722,89.40707098091117
368016.475734,395.5572223094877,6.126732198407382
368025.287366,384.47123135698877,-3.867106191640546
368035.628685,384.47123135698877,-3.867106191640546
368046.440897,384.47123135698877,-3.867106191640546
368055.511171,384.47123135698877,-3.867106191640546
368065.561691,362.16757864118057,-21.414137287724362
368077.414722,321.13294837790215,-67.67000886881607
368085.218266,321.44433278411645,-69.72920534931085
368095.690474,323.24293995855805,-76.10533274553747
368107.133584,363.9433174190665,-109.33351968351988
368116.635106,348.74906113187484,-157.59979714505454
368126.755539,337.2591864835312,-222.8237840746189
368135.768407,389.6058335420971,-304.5518419247552
368145.449341,417.5939963215717,-343.77126858985565
368155.452169,453.03164416101043,-384.57412626084465
368165.572504,394.4730379248761,-415.475722573483
368175.450436,431.6880938811766,-471.9869705740387
368185.548072,514.4272740026512,-524.0573502546581
368198.44948,625.0379879398704,-611.2384439915613
368207.234421,676.1419682043157,-632.3009450763926
368216.44804,676.1419682043157,-632.3009450763926
368228.259712,739.9759469060454,-641.732925787501
368235.157405,821.1727644937123,-662.4070255401147
368245.429407,883.0269513542411,-696.9746538216428
368258.771392,930.0623151884608,-748.385651320083
368265.132983,898.2783091702727,-837.3748948879545
368275.143448,804.8153876453246,-859.0129721823365
368285.141063,663.5044951097289,-887.0339306672427
368296.030452,609.2672311161612,-981.3819138543591
368305.119664,584.3741414230553,-1109.7288616352082
368315.171318,558.8180094125826,-1235.4948162414187
368325.232414,548.8724206869142,-1280.368572372533
368335.189103,541.1375862826534,-1325.2437875639696
368345.263899,527.0235960734193,-1369.078536435968
368355.1717,527.0235960734193,-1369.078536435968
368367.233199,527.0235960734193,-1369.078536435968
368375.222221,519.8265474142564,-1381.261243689757
368385.172315,535.0132014273167,-1437.3410176670252
368395.221765,586.5038373810047,-1487.1720332726902
368406.397272,640.9081578985,-1575.4139436605708
368416.349295,615.1182347491996,-1672.16400545375
368425.236147,607.337560262841,-1775.9467947683797
368440.261592,619.4534439964614,-1892.931383827282
368445.294979,587.3114034419407,-1963.9532735195835
368462.219037,574.6541498520851,-1980.613035933165
368465.583647,564.6243992224327,-2012.092726374354
368475.176497,653.4760275863464,-2080.9080907476673
368487.064167,766.5689209527443,-2182.3321428807253
368496.124178,903.351492135516,-2308.163958904746
368505.177694,992.3975309845958,-2391.915705311979
368515.52051,1070.0016788605344,-2465.3415640023077
368526.571053,1147.7944377882004,-2580.1474767944837
368536.988354,1148.1810747836528,-2601.0976694652522
368547.463392,1148.1810747836528,-2601.0976694652522
368557.776416,1148.1810747836528,-2601.0976694652522
368565.275212,1148.1810747836528,-2601.0976694652522
368575.263569,1146.856070545409,-2654.826745565792
368585.623602,1134.1200812197908,-2831.8587751931655
368595.580329,1121.991174409849,-3005.883716627841
368605.629838,1110.9696333775153,-3190.3876660813125
368615.581297,1149.981684712968,-3401.3556175007157
368625.171715,1178.432369751192,-3520.482634036128
368635.874515,1182.5060504846288,-3533.841331709443
368645.151988,1186.2028767380284,-3551.763638823808
368656.400997,1211.6745203729574,-3648.224438956346
368665.511852,1241.742208283386,-3788.680148622918
368675.547549,1283.170711517336,-3974.7476476410648
368685.358561,1276.844358608707,-4111.812205770543
368695.830063,1215.1709719171072,-4194.683846607794
368705.211971,1189.014945720698,-4213.511146389773
368715.49797,1189.014945720698,-4213.511146389773
368725.854826,1189.014945720698,-4213.511146389773
368735.816249,1189.014945720698,-4213.511146389773
368746.316449,1189.014945720698,-4213.511146389773
368755.751839,1189.014945720698,-4213.511146389773
368765.507126,1182.5806188606985,-4216.841546375513
368776.460527,1102.9553181240274,-4291.196779655102
368786.862454,1005.9005488199352,-4383.60643144925
368795.885729,896.9428835184234,-4489.064638383373
368805.56216,789.8794377820668,-4592.3134190995825
371277.861198,-755.310599025007,-4549.815435647201
371287.432023,-735.6544515833189,-4469.595095029271
371299.580498,-734.2640188510802,-4460.524659555854
371307.596639,-722.1639948950527,-4395.278314692577
371319.474472,-703.3716858531585,-4290.8605313766975
371327.43165,-681.9137266045661,-4191.725704009019
371337.546813,-568.4672112739239,-4071.641132691824
371347.506099,-495.2313490860681,-3967.066593518292
371357.515927,-429.69473573758916,-3873.691017637726
371367.751246,-391.91583298295205,-3830.133438289465
371378.639845,-391.91583298295205,-3830.133438289465
371387.441045,-391.91583298295205,-3830.133438289465
371397.602649,-355.6467998718961,-3785.006202041172
371410.168215,-333.04100909433987,-3713.5285486744287
371417.510432,-319.76862669466163,-3623.8531161836313
371427.511868,-305.8129501361046,-3520.2392224016826
371444.406251,-298.38236165659475,-3478.3239865504765
371447.513116,-288.5166263567223,-3406.7000929659453
371457.512793,-281.9696373451766,-3299.6874349450277
371467.532917,-270.1300931152371,-3212.218814181065
371478.527525,-253.80878283111707,-3106.901812760397
371487.530432,-237.55811756524247,-2973.582474662705
371497.889992,-226.93167218885316,-2884.722052465372
371509.021836,-221.04050696038468,-2827.591839487543
371519.307318,-222.37709913368113,-2762.804053773801
371528.873719,-222.37709913368113,-2762.804053773801
371537.524003,-222.37709913368113,-2762.804053773801
371552.831092,-222.37709913368113,-2762.804053773801
371557.460023,-222.37709913368113,-2762.804053773801
371567.471,-222.37709913368113,-2762.804053773801
371580.071681,-222.37709913368113,-2762.804053773801
371587.431078,-222.37709913368113,-2762.804053773801
371597.519008,-222.37709913368113,-2762.804053773801
371607.878366,-206.54434673422747,-2731.02797677955
371618.716543,-207.6664679086265,-2680.757555973184
371627.477558,-193.88693689222137,-2544.8636428305053
371640.325368,-185.22056770985037,-2479.5875958224387
371647.465472,-167.72460068412792,-2379.9402575610375
371649.7659,-167.72460068412792,-2379.9402575610375
371649.766594,-167.72460068412792,-2379.9402575610375
371651.035979,-167.4224822410348,-2376.464645627608
371661.525508,-167.4224822410348,-2376.464645627608
371671.096532,-167.4224822410348,-2376.464645627608
371681.030404,-165.56591762848976,-2367.5959797489268
371692.027495,-165.56591762848976,-2367.5959797489268
371701.573215,-165.56591762848976,-2367.5959797489268
371711.56126,-148.89416587520714,-2338.075487619881
371721.606029,-120.31990433183006,-2296.383299468017
371731.308869,-120.31990433183006,-2296.383299468017
371741.077116,-120.31990433183006,-2296.383299468017
371751.390201,-120.31990433183006,-2296.383299468017
371761.070166,-109.66524133026752,-2285.761862686861
371771.554446,-80.0041012736768,-2220.7610366087947
371781.571238,-79.762759146,-2187.3002148885234
371793.334914,-65.50394007312141,-2136.0471469440567
371801.122994,-4.840311372888993,-2030.5500349019185
371811.078269,21.28814710979741,-1973.8990090646726
371821.826691,62.19447158055062,-1890.7139479119994
371831.055659,124.48256832187013,-1817.741592669931
371841.07612,126.82447396596163,-1812.4562152587066
371851.43579,126.82447396596163,-1812.4562152587066
371861.526119,117.5766269116449,-1764.0167968626986
371871.073469,105.22622835891511,-1688.9814826352265
371882.472976,100.04736386116821,-1636.148204595569
371891.075856,174.29775563268322,-1544.8259486918023
371901.003252,199.40689474781993,-1426.008050233224
371911.339084,170.77176500978155,-1336.1308173847788
371922.404179,183.41265702164222,-1290.751492729676
371931.086088,122.77300264495531,-1231.9815709157172
371941.083004,34.60630963202852,-1158.1289391899456
371951.378272,-41.43089547799186,-1077.2336994433156
371961.41542,-117.96439721705472,-998.6601728215121
371972.236428,-117.93360317044554,-968.1499640757247
371981.337932,-108.75610993447863,-875.8334271356232
371990.997372,-145.81299843289915,-746.8591221841943
372002.163814,-181.26578735694176,-637.8791875041551
372011.084287,-192.60353962000795,-515.5682187286304
372021.357729,-105.57645873082885,-396.06002711272686
372031.007158,-73.05619194449451,-342.1088117193547
372041.016059,-56.72380891017853,-270.3156022083698
372051.174334,-53.31700153302741,-212.25041578862226
372061.507719,-26.42442836024132,-164.0686443881863
372071.669519,8.726971895407292,-128.94502347345085
372081.426554,2.1818174584606123,-77.59248753970265
372091.319409,-0.42107899273525795,-51.940270994907074
372102.232841,-7.083250444733202,-31.822197233887724
372111.025324,13.405266087176148,-10.981004472369728
372122.656572,41.292426949009275,-1.3473542580845947
372132.890603,80.92765415814605,7.95911028964469
372141.45583,104.9819997129857,-11.074445841353413
372151.365707,144.49140984989975,-51.96494935361488
372161.548671,209.3360299303929,-56.36142558072779
372171.364371,220.8771626525222,-56.83270331288784
372181.320418,282.64097154586784,-82.853983403944
372191.000562,359.2876966700574,-48.56416829235101
372201.343936,402.8313886338284,0.9677066178486985
372210.924567,402.8313886338284,0.9677066178486985
372211.016978,406.5766500261896,3.816942514494333
372220.993727,410.2101847122452,18.3242460225419
372231.693046,334.9525214023464,-41.68908431372257
372242.174939,317.6081203077813,-63.661774297304895
372251.371195,318.7552377375906,-69.83754204458691
372261.452375,332.991747625246,-74.21389536580085
372271.396753,341.75692053809325,-71.40057188135519
372281.724908,363.61077201043713,-124.21022890944097
372290.964483,402.8313886338284,0.9677066178486985
372292.022832,361.4788581959198,-150.50223862022398
372301.455205,361.4788581959198,-150.50223862022398
372312.390838,361.4788581959198,-150.50223862022398
372322.532286,361.4788581959198,-150.50223862022398
372332.528801,361.4788581959198,-150.50223862022398
372341.03338,356.8930502905776,-164.08106449825777
372351.165221,333.5002322208118,-198.44419150891417
372361.033117,340.0328581974919,-259.26004620502636
372371.658185,385.94432457524806,-330.9930729642877
372380.986011,428.4598793403956,-350.3061776007816
372391.016434,441.05132305587034,-387.93634632009247
372403.072729,415.5046086782123,-398.0785560152419
372411.58437,284.42205323632203,-346.52295411536164
372421.437509,190.77366332174142,-274.5766981066482
372431.197186,121.74584407418791,-222.69774367067967
372432.907489,402.8313886338284,0.9677066178486985
372442.164803,35.133273807406475,-144.45593824662117
372451.477602,10.832511102195795,-128.0480749875341
372461.549404,4.416265242463529,-94.313822104928
372471.085322,-3.2657767735332635,-25.61160865968635
372482.26221,45.54762194445393,0.8261551979840727
372491.431766,118.1753125866578,17.073558743392702
372501.040871,184.17022829839982,37.59221286965264
372512.160742,197.5698540810822,-3.060011075216649
372521.904421,219.47895192260228,-68.20824539613477
372532.305438,312.53119160391486,-71.7369652295968
372542.338425,348.6632863948514,-60.65394689631523
372551.451534,354.9834752599618,-17.14487175534122
372565.967481,360.664919129377,6.6298532479119
372571.037869,358.6583996553562,38.95735162337948
372587.072237,358.94246202918373,41.02870959677317
372591.861342,365.9863448748839,51.45247348347732
372591.862021,365.9863448748839,51.45247348347732
372593.304524,365.9863448748839,51.45247348347732
372604.304587,332.1616624899405,201.16882504622757
372613.352147,368.47326864297395,305.4855855181814
372623.306046,447.9286721232686,355.25444377187904
372639.094871,523.2263777245508,417.41514707307044
372644.633321,567.2762295516158,458.66354578258705
372653.273428,601.6582046890534,485.9247937764851
372663.246406,601.6582046890534,485.9247937764851
372674.68035,601.6582046890534,485.9247937764851
372684.147726,604.8398054985277,486.811131639644
372694.633304,665.9581142548053,539.4079870034855
372703.28448,726.5270961176616,591.5799800520844
372713.248303,789.9152353932125,665.4832920325379
372723.298911,831.1850136961208,708.5329345221339
372733.349724,874.7704279901213,747.142983652079
372744.521985,908.7302515911789,795.2917284536373
372754.300838,965.6406190607842,810.1220448744187
372767.244262,984.3261368354584,801.6833711840948
372773.332866,995.7391637360556,791.9483966010955
372783.334479,995.7391637360556,791.9483966010955
372793.623821,995.7391637360556,791.9483966010955
372803.687141,995.7391637360556,791.9483966010955
372814.332879,979.9164508244651,791.4057492763424
372823.349219,979.9164508244651,791.4057492763424
372834.555953,979.9164508244651,791.4057492763424
372844.428397,979.9164508244651,791.4057492763424
372853.748674,979.9164508244651,791.4057492763424
372865.662758,979.9164508244651,791.4057492763424
372873.345376,979.9164508244651,791.4057492763424
372883.347114,979.9164508244651,791.4057492763424
372893.281412,979.9164508244651,791.4057492763424
372903.352842,979.9164508244651,791.4057492763424
372913.332191,979.9164508244651,791.4057492763424
372923.643999,979.9164508244651,791.4057492763424
372933.353179,979.9164508244651,791.4057492763424
372943.348512,979.9164508244651,791.4057492763424
372953.310032,979.9164508244651,791.4057492763424
372963.35181,979.9164508244651,791.4057492763424
372973.351276,983.7268640642703,788.6812762206654
372983.348314,983.7268640642703,788.6812762206654
372993.348793,983.7268640642703,788.6812762206654
373003.646682,983.7268640642703,788.6812762206654
373013.6814,987.581654232665,782.5741261566225
373024.266508,1001.4681638338716,765.8326735204232
373034.332689,1061.868434109045,711.4287258267975
373043.794181,1087.7971858240562,646.4089904290468
373058.199066,1051.33765248167,599.3090193241468
373063.282205,993.0665175904946,539.4034757722839
373073.405399,941.1037268268838,486.0855434908171
373083.442986,892.0155931912423,451.8356669086251
373094.590208,817.3016770313866,406.54657570718365
373105.990557,757.7312283990846,356.92586874981765
373113.351919,690.5063500331114,298.9889356609706
373123.25514,667.2100168343292,250.11271066975783
373133.291897,667.2100168343292,250.11271066975783
373144.657896,667.2100168343292,250.11271066975783
373154.612649,667.2100168343292,250.11271066975783
373163.281199,637.9246917859049,259.5082713104073
373174.30882,580.7324315795223,182.78025724995885
373183.294966,513.602508693714,123.72026688852715
373195.42691,446.6829903963695,69.97052967019754
373203.703074,415.0030236316166,36.193800794454646
373213.289401,370.30380015171687,-7.8027249027813514
373223.677854,346.1816695073544,-14.590209071083928
373233.716097,340.1812050639934,-38.66433052496759
373243.258099,324.41354305538795,-46.70743245064009
373257.835226,282.8212041923958,-65.89234566388849
373263.609006,225.50249836502374,-74.49250758262073
373273.939437,202.75594634699533,7.64081912031456
373284.896857,142.0591940270663,41.72435181627715
373293.351506,69.3702229736276,6.40449641043444
373303.287762,19.481710737595737,-17.861370643759642
373315.244375,-26.117813726792374,-18.82728808467154
373323.706742,-47.942098024376975,-27.350404515523152
373333.901479,-58.685507191162785,-19.51968044927001
373336.019114,-58.685507191162785,-19.51968044927001
373343.289895,-58.27797108227251,21.99019989472264
373353.686905,-68.200004351261,61.78827182182902
373363.296932,-80.63607352071433,107.98855402030439
373374.491226,-80.63607352071433,107.98855402030439
373384.486482,-80.63607352071433,107.98855402030439
373394.381201,-125.80786910063901,254.51821054033357
373404.152632,-144.53353635184175,310.2290480827672
373413.642583,-157.5906496867798,360.9779016184551
373423.65989,-160.36591645126273,374.0643858300582
373433.6291,-182.5117163444852,429.9928112787266
373443.679622,-201.68834079404635,468.32938508848173
373453.265779,-120.96501953630653,526.565880826247
373465.711365,-63.18229862795949,553.3064526868218
373475.016719,-21.272626668178834,560.1092954184525
373483.612024,-9.709100799469326,510.424443183409
373493.939141,-10.886978725561836,466.1198797138603
373503.667189,-22.433112524124574,466.34700999133463
373513.820573,-61.30771187025668,470.0821667499598
373523.67835,-68.8544709843158,465.95498256654963
373534.171128,-68.8544709843158,465.95498256654963
373543.433618,-84.61731994784623,453.27901977225974
373553.661381,-128.08216567427374,440.0005111769112
373563.696306,-175.59713718758977,419.87250594208575
373574.123479,-177.65134020086145,406.7582648238701
373583.307403,-193.53838967470622,434.2580781526128
373593.287928,-182.85065636732074,500.3541418195968
373604.2648,-130.170051061643,527.9178694005891
373614.543253,-23.946755003225128,571.2198132128462
373623.67676,101.95557050571841,609.230647248257
373634.2331,207.71636905387277,643.2684784147602
373643.277025,277.0205501892307,668.8897019006781
373653.697692,367.89260191837116,703.1080254410845
373663.455684,413.0165971767536,722.6450259570704
373673.519241,413.0165971767536,722.6450259570704
373684.134739,413.0165971767536,722.6450259570704
373694.601515,413.0165971767536,722.6450259570704
373708.032674,422.9784273992252,733.0735768607211
373716.150403,469.1878586977384,718.6889585992628
373723.87328,530.7713035106405,642.5776293335264
373725.863088,-58.685507191162785,-19.51968044927001
373733.801688,496.57621519394803,628.1922725398032
373743.791934,496.57621519394803,628.1922725398032
373753.307854,383.80367047016637,587.4000400046793
373763.680424,383.80367047016637,587.4000400046793
373774.107389,383.80367047016637,587.4000400046793
373783.606704,377.38548557619964,598.7819025877916
373794.541461,377.38548557619964,598.7819025877916
373803.814693,366.82255246912615,594.8319062201037
373813.723635,313.6641252122177,587.749753925949
373824.2729,293.0557974049515,583.3097901487804
373834.587431,293.0557974049515,583.3097901487804
373844.251341,271.9449159492154,615.77781901007
373853.74227,289.4914138448611,648.4959323326339
373863.697046,293.943683021598,662.124461449022
373874.996649,322.59179489761294,672.442453099459
373883.711183,415.11406321128135,696.9773809759218
373893.73862,417.74858565893106,698.8308584605727
373903.756585,-58.685507191162785,-19.51968044927001
373904.490465,452.74833679516223,718.6648730535244
373914.51801,511.95387772561617,742.1652157147303
373923.617958,516.4855148492877,774.0263637392995
373933.613865,516.4855148492877,774.0263637392995
373944.508204,516.4855148492877,774.0263637392995
373953.792181,508.3002495649165,789.652232456675
373963.928752,479.8980703370712,825.2561305867257
373973.839497,437.5335500978418,915.6269585312142
373984.064282,504.07944883536715,988.9983910338616
373993.35948,586.5542460667465,1034.0562833031947
374004.254475,604.9644454867145,1035.1290094089798
374013.93478,604.9644454867145,1035.1290094089798
374023.266922,604.9644454867145,1035.1290094089798
374033.314941,630.4670857079051,1088.8458219732902
374043.90227,623.3133345362003,1105.0112283020246
374053.335197,613.5269111199522,1112.881832660589
374063.972887,540.7981735813212,1100.1918116197976
374075.57763,517.6827277815664,1080.0638477440586
374083.269128,504.97320815664517,1096.426045589164
374093.28258,483.49415026420183,1169.7208089324806
374103.660839,472.76803000743456,1198.768095058993
374113.787235,441.8759761037109,1214.6709108317295
374125.556403,438.6217584670178,1215.4093103426515
374133.605814,427.6091164704014,1221.990855124678
374144.680446,427.6091164704014,1221.990855124678
374153.666047,427.6091164704014,1221.990855124678
374164.407432,427.6091164704014,1221.990855124678
374174.029695,427.6091164704014,1221.990855124678
374183.692269,427.6091164704014,1221.990855124678
374195.080795,427.6091164704014,1221.990855124678
374204.341113,427.6091164704014,1221.990855124678
406268.598387,-1548.7015482142704,313.72849053175025
406268.599055,-1548.7015482142704,313.72849053175025
406275.589615,-1548.7015482142704,313.72849053175025
406286.102973,-1539.3980386000842,305.29804906477375
406296.247583,-1539.3980386000842,305.29804906477375
406307.184673,-1435.4830309971953,324.33390041725517
406317.47811,-1372.1394979133622,313.0051200753583
406326.158111,-1368.2793461281774,307.406682923764
406336.011801,-1368.2793461281774,307.406682923764
406345.941829,-1341.3539510098306,271.67591505247105
406355.619088,-1261.5179088077969,191.84586806654363
406366.033472,-1212.8985544735963,144.04130944354006
406375.583795,-1207.1695729377288,136.12102222451776
406386.079188,-1137.9654481337152,77.82306636014074
406395.582241,-968.4566824555473,25.9265674330236
406406.766911,-864.492922165697,-5.12902170001022
406417.231471,-825.8270012736174,-12.869434552513312
406427.17222,-784.2748665962819,-27.77409035855012
406436.602283,-670.7318765772519,-55.14042392096995
406447.733254,-541.3772567821984,-80.27045256226391
406455.581311,-449.85229491406056,-117.91028565198147
406465.936134,-404.75092812289284,-113.20424652152826
406476.09321,-372.80181128087423,-112.1909868963605
406486.060388,-295.41931491314307,-141.31141663166903
406496.493834,-225.53393217916846,-214.68489257071576
406505.583982,-150.3131158811335,-218.03604167013265
406517.112222,-96.99538380576523,-321.16539329907533
406526.601351,-54.25085938591362,-258.6992360872504
406536.216155,-36.70767732483101,-166.06164716462723
406545.61254,-0.4289358902517645,-81.33188244797356
406556.115851,7.396315607192865,-11.360990631209384
406565.97741,102.4985394358783,7.21272007941167
406576.056027,205.20478607058695,12.794716560097543
406586.029196,228.9186265739595,-77.51359713741567
406596.262418,311.0990987734681,-83.57355836935255
406606.686365,355.7242719693217,-58.16573477614424
406620.085623,353.6460863213393,-42.80014028861187
406628.313123,350.04471428377235,39.91245825138629
406635.616378,335.9588571400867,196.62811235478247
406646.162588,388.32161769627487,310.2379693886649
406655.996525,497.96462071974724,408.04779595529516
406665.584059,603.4024059460812,500.7746415441403
406675.966701,640.4116391530567,537.3811286085959
406687.245316,695.3940840113122,588.1033626089358
406695.627138,807.438484144331,687.697115059461
406708.226865,885.7067031998088,764.7925813517619
406715.69581,938.9365430774876,782.8681796083197
406725.633246,1002.8853183461648,780.4634817831687
406735.920508,1070.708761701624,698.9197534369299
406745.683786,1101.443727187919,632.2624961563927
406755.693177,1191.9989417221286,559.7833851968577
406786.953185,1259.8270119296458,525.4483948247438
406786.959923,1294.601744660782,548.0102842000708
406787.553918,1294.601744660782,548.0102842000708
406787.554647,1294.601744660782,548.0102842000708
406789.09799,1294.601744660782,548.0102842000708
406799.555695,1306.1283232636054,553.7989132598008
406810.233352,1383.3606971662455,602.8954331947704
406819.197616,1481.4725065279133,673.0134906831464
406831.886356,1519.9378333122766,598.0107893047806
406839.195131,1552.1944688089723,506.8939711760484
406849.490709,1544.7155184449393,491.8773753843392
406859.550445,1544.7155184449393,491.8773753843392
406869.48926,1525.1999224088972,478.4033938839537
406879.188564,1480.400865984187,439.3885258010801
406889.748826,1460.0404591898853,408.1376062745881
406900.238404,1398.5910388029222,447.217982128759
406910.550333,1338.596291779586,513.7932494629795
406919.633148,1333.617003413318,523.7480889368655
406930.527108,1333.617003413318,523.7480889368655
406939.09704,1333.617003413318,523.7480889368655
406949.114439,1315.206182794709,546.9025559053076
406959.132769,1236.304528988975,606.7497681688275
406969.131546,1152.1174394588893,652.7244447151204
406970.95843,1152.1174394588893,652.7244447151204
406979.196922,1122.5044107941376,685.0595821896785
406989.545918,1120.302312754048,685.4951473049837
406999.141392,1120.302312754048,685.4951473049837
407009.73541,1120.302312754048,685.4951473049837
407019.484051,1120.302312754048,685.4951473049837
407029.671987,1120.302312754048,685.4951473049837
407040.245173,1120.302312754048,685.4951473049837
407049.560664,1120.302312754048,685.4951473049837
407059.642255,1120.302312754048,685.4951473049837
407069.199827,1120.302312754048,685.4951473049837
407075.924479,1120.302312754048,685.4951473049837
407079.139667,1120.302312754048,685.4951473049837
407089.199998,1120.302312754048,685.4951473049837
407100.001633,1118.7637217318218,670.942055544367
407113.075227,1072.8509413852137,602.0725321832524
407119.098231,1052.302845129167,573.8292717406745
407130.401619,1052.302845129167,573.8292717406745
407140.630514,1052.302845129167,573.8292717406745
407150.152932,1001.0422066835121,533.271857779644
407159.516816,1000.2698953930682,532.5099700974744
407166.387626,1120.302312754048,685.4951473049837
407169.523928,1000.2698953930682,532.5099700974744
407179.430347,1000.2698953930682,532.5099700974744
407189.443614,1000.2698953930682,532.5099700974744
407199.510312,1000.2698953930682,532.5099700974744
407209.129881,980.3895180171486,520.0786704537949
407219.678868,929.6038745136021,470.8399011764987
407230.339367,881.585177450645,427.25389204341565
407239.664432,879.3634776395888,424.46086429749397
407250.227708,880.9679513447443,385.8594184854003
407259.93056,965.8022318422868,316.67928646302624
407264.942505,1120.302312754048,685.4951473049837
407269.097729,1088.0648181478189,232.34259072913642
407283.304028,1161.8920657843178,174.15660466096733
407289.765221,1203.1072080052313,158.08168833628125
407299.800108,1252.5621325558798,221.94026911437868
407313.023754,1337.7395774350402,328.10967856478084
407319.738976,1406.8805433488872,438.7528643225049
407329.531775,1345.7400649082335,516.714022520509
407339.554047,1337.0988601535691,533.9596771375163
407349.961485,1337.0988601535691,533.9596771375163
407359.579126,1337.0988601535691,533.9596771375163
407370.281024,1337.0988601535691,533.9596771375163
407381.320092,1333.3001247408768,571.811488268874
407389.524065,1389.1640303583301,611.2657416496886
407399.617692,1421.6101653822675,634.2558475695092
407409.616836,1422.8897206566883,635.0046340901963
407420.050483,1422.8897206566883,635.0046340901963
407431.411144,1422.8897206566883,635.0046340901963
407439.570633,1457.9717615480229,662.6098010529599
407449.621946,1489.7560074436792,654.713249194427
407459.858435,1542.2011391367164,552.3582879260534
407469.906593,1549.7527807052127,506.4901331857783
407480.555017,1549.7527807052127,506.4901331857783
407489.8825,1549.7527807052127,506.4901331857783
407499.909711,1549.7527807052127,506.4901331857783
407510.276341,1545.9169205854305,499.9199218501104
407519.625818,1545.9169205854305,499.9199218501104
407530.167657,1505.1311894569435,470.40550537828136
407539.63542,1475.398139207077,429.99194601012164
407549.974114,1452.4349949142718,407.2796302600406
407559.532313,1434.7583546597098,422.0521134451023
407569.620864,1434.7583546597098,422.0521134451023
407580.952972,1434.7583546597098,422.0521134451023
407591.026987,1434.7583546597098,422.0521134451023
407600.21969,1434.7583546597098,422.0521134451023
407610.161173,1393.0721822084633,455.1813550825442
407620.014685,1301.9624096910125,576.7470504450557
407630.010653,1192.0593788225585,625.6011853749766
407639.619472,1123.418288234942,703.0929125772441
407649.61989,1128.5286118901695,770.549871719294
407659.934641,1130.498203243628,773.0977130531278
407670.871731,1130.498203243628,773.0977130531278
407679.886678,1130.498203243628,773.0977130531278
407689.526646,1130.498203243628,773.0977130531278
407699.561094,1130.498203243628,773.0977130531278
407710.471766,1130.498203243628,773.0977130531278
407719.966108,1179.302210896997,809.9245272268723
407729.95045,1150.7061862035873,876.8196581675012
407740.805806,1067.6017542774348,930.0913029470595
407749.526025,979.2583667569244,855.4068295252945
407764.218976,973.8849449044764,803.384874345118
407769.718466,1063.3461964863054,698.6310913187251
407779.571186,1079.9818442873388,608.4530900237393
407789.535635,1011.0753413803088,532.9027701416752
407800.049266,906.6727613156235,451.0837424473071
407810.102369,830.9473693502799,388.45451859189575
407819.553233,751.3444750521619,320.28143127164344
407829.553386,648.835856613042,228.29003562300306
407841.653003,536.2820172247915,127.89314310729782
407850.23377,419.48659076793894,23.76993761600155
407860.131713,284.88633034892894,-75.96939223059181
407869.558648,219.62108429234664,-66.78519694175078
407880.277591,203.64828432163222,12.47044949693345
407889.561474,149.67194352743581,19.212834171297967
407899.629285,69.24254606621328,-4.926480120599849
407909.533461,-26.112874035297143,-27.848324824474542
407919.525583,-165.1782256189073,-61.16134784614477
407929.569167,-314.59298236314083,-103.70695472828969
407939.558878,-453.54007065917324,-116.69160268834896
407950.044271,-496.05533332167914,-103.28762770460308
407957.670947,-496.05533332167914,-103.28762770460308
407959.579043,-500.49224871238664,-101.0327609961963
407969.975783,-506.78167335357904,-107.97439617731129
407980.075355,-506.78167335357904,-107.97439617731129
407990.078178,-506.78167335357904,-107.97439617731129
408000.642889,-506.78167335357904,-107.97439617731129
408009.568552,-506.78167335357904,-107.97439617731129
408020.363468,-506.78167335357904,-107.97439617731129
408030.72874,-506.78167335357904,-107.97439617731129
408042.490183,-506.78167335357904,-107.97439617731129
408049.53581,-506.78167335357904,-107.97439617731129
408060.669063,-506.78167335357904,-107.97439617731129
408069.980008,-506.78167335357904,-107.97439617731129
408079.53398,-506.78167335357904,-107.97439617731129
408089.926192,-506.78167335357904,-107.97439617731129
408099.532381,-506.78167335357904,-107.97439617731129
408110.724625,-506.78167335357904,-107.97439617731129
408119.957195,-506.78167335357904,-107.97439617731129
408130.149881,-506.78167335357904,-107.97439617731129
408140.606461,-506.78167335357904,-107.97439617731129
408149.581544,-506.78167335357904,-107.97439617731129
408159.922494,-506.78167335357904,-107.97439617731129
408169.888018,-506.78167335357904,-107.97439617731129
408179.533964,-506.78167335357904,-107.97439617731129
408189.879794,-506.78167335357904,-107.97439617731129
408199.862086,-506.78167335357904,-107.97439617731129
408210.023847,-506.78167335357904,-107.97439617731129
408220.658583,-506.78167335357904,-107.97439617731129
408230.654907,-506.78167335357904,-107.97439617731129
408239.924805,-506.78167335357904,-107.97439617731129
408250.764343,-505.4057873987734,-108.24815644239766
408260.638023,-505.4057873987734,-108.24815644239766
408269.571995,-505.4057873987734,-108.24815644239766
408280.05855,-505.4057873987734,-108.24815644239766
408291.953259,-505.4057873987734,-108.24815644239766
408299.579152,-505.4057873987734,-108.24815644239766
408309.934818,-505.4057873987734,-108.24815644239766
408319.97582,-505.4057873987734,-108.24815644239766
408329.589414,-505.4057873987734,-108.24815644239766
408340.0432,-505.4057873987734,-108.24815644239766
408349.567274,-505.4057873987734,-108.24815644239766
408360.68607,-505.4057873987734,-108.24815644239766
408370.052307,-505.4057873987734,-108.24815644239766
408379.535924,-505.4057873987734,-108.24815644239766
408390.09278,-505.4057873987734,-108.24815644239766
408400.111834,-505.4057873987734,-108.24815644239766
408410.074432,-505.4057873987734,-108.24815644239766
408419.535121,-505.4057873987734,-108.24815644239766
408430.224621,-505.4057873987734,-108.24815644239766
408440.722012,-505.4057873987734,-108.24815644239766
408449.567939,-505.4057873987734,-108.24815644239766
408460.736596,-505.4057873987734,-108.24815644239766
408469.569639,-505.4057873987734,-108.24815644239766
408481.071141,-505.4057873987734,-108.24815644239766
408493.325353,-505.4057873987734,-108.24815644239766
408499.535986,-505.4057873987734,-108.24815644239766
408512.52388,-505.4057873987734,-108.24815644239766
408519.570223,-505.4057873987734,-108.24815644239766
408529.950551,-505.4057873987734,-108.24815644239766
408540.541419,-505.4057873987734,-108.24815644239766
408550.053382,-505.4057873987734,-108.24815644239766
408560.54738,-505.4057873987734,-108.24815644239766
408571.120076,-505.4057873987734,-108.24815644239766
408580.66748,-505.4057873987734,-108.24815644239766
408589.551365,-505.4057873987734,-108.24815644239766
408599.953079,-505.4057873987734,-108.24815644239766
408610.016301,-505.4057873987734,-108.24815644239766
408620.571974,-505.4057873987734,-108.24815644239766
408630.226822,-505.4057873987734,-108.24815644239766
408639.65087,-505.4057873987734,-108.24815644239766
408649.995866,-505.4057873987734,-108.24815644239766
408663.8953,-505.4057873987734,-108.24815644239766
408669.909338,-505.4057873987734,-108.24815644239766
408679.875401,-505.4057873987734,-108.24815644239766
408690.611421,-505.4057873987734,-108.24815644239766
408700.683332,-505.4057873987734,-108.24815644239766
408709.87181,-505.4057873987734,-108.24815644239766
408721.416743,-505.4057873987734,-108.24815644239766
408730.202924,-505.4057873987734,-108.24815644239766
408740.799915,-505.4057873987734,-108.24815644239766
408750.097334,-505.4057873987734,-108.24815644239766
408760.197201,-505.4057873987734,-108.24815644239766
408770.686501,-505.4057873987734,-108.24815644239766
408780.762014,-505.4057873987734,-108.24815644239766
408789.951721,-505.4057873987734,-108.24815644239766
408800.755252,-505.4057873987734,-108.24815644239766
408811.226879,-505.4057873987734,-108.24815644239766
408819.568097,-505.4057873987734,-108.24815644239766
408830.040676,-505.4057873987734,-108.24815644239766
408839.568584,-505.4057873987734,-108.24815644239766
408850.152224,-505.4057873987734,-108.24815644239766
408860.368675,-505.4057873987734,-108.24815644239766
408869.538222,-505.4057873987734,-108.24815644239766
408880.955693,-505.4057873987734,-108.24815644239766
408890.273441,-505.4057873987734,-108.24815644239766
408900.130471,-505.4057873987734,-108.24815644239766
408909.61969,-505.4057873987734,-108.24815644239766
408921.370057,-505.4057873987734,-108.24815644239766
408930.039413,-505.4057873987734,-108.24815644239766
408940.134508,-505.4057873987734,-108.24815644239766
408949.987637,-505.4057873987734,-108.24815644239766
408959.540505,-505.4057873987734,-108.24815644239766
408970.043919,-505.4057873987734,-108.24815644239766
408979.959892,-505.4057873987734,-108.24815644239766
408989.571006,-505.4057873987734,-108.24815644239766
409000.647826,-505.4057873987734,-108.24815644239766
409011.509444,-505.4057873987734,-108.24815644239766
409020.796686,-505.4057873987734,-108.24815644239766
409029.570182,-505.4057873987734,-108.24815644239766
409040.078607,-505.4057873987734,-108.24815644239766
409053.282348,-505.4057873987734,-108.24815644239766
409060.046399,-505.4057873987734,-108.24815644239766
409069.541612,-505.4057873987734,-108.24815644239766
409080.01981,-505.4057873987734,-108.24815644239766
409090.157462,-505.4057873987734,-108.24815644239766
409102.389103,-505.4057873987734,-108.24815644239766
409111.746482,-505.4057873987734,-108.24815644239766
409120.724622,-505.4057873987734,-108.24815644239766
409129.542974,-505.4057873987734,-108.24815644239766
409141.558084,-505.4057873987734,-108.24815644239766
409149.96831,-505.4057873987734,-108.24815644239766
409159.56951,-505.4057873987734,-108.24815644239766
409170.004871,-505.4057873987734,-108.24815644239766
409183.07837,-505.4057873987734,-108.24815644239766
409189.579405,-505.4057873987734,-108.24815644239766
409200.303584,-505.4057873987734,-108.24815644239766
409210.380779,-505.4057873987734,-108.24815644239766
409220.071873,-505.4057873987734,-108.24815644239766
409230.304613,-505.4057873987734,-108.24815644239766
409239.72964,-500.61162064825527,-109.21159218101425
409249.991954,-499.81307526501473,-109.67263596811655
409262.709358,-499.83835595760235,-109.94485229631643
409270.806025,-501.052355564506,-110.88081612338264
409279.580151,-503.7451913027565,-111.68339906595321
409290.158516,-502.6272551362133,-109.53510787419175
409300.185103,-501.123415147965,-107.03013843328661
409309.54208,-500.8193231634399,-106.32884858898782
409320.823396,-504.8254027463246,-109.96953063236325
409329.59162,-501.38622346096287,-109.73968294778818
409340.755771,-499.18840412015464,-107.84636629791083
409350.867431,-502.9310713057078,-108.32514525510081
409359.579569,-509.1908624526681,-104.63080169815798
409370.201168,-506.88756320816185,-109.58434048892738
409379.582883,-502.4670418933018,-110.08511234312732
409390.049125,-501.92670087781045,-110.19502135808675
409400.243939,-501.79687373055503,-107.44751395418314
409410.103225,-502.9981599482919,-107.16082107258597
409420.050745,-502.7050672203912,-107.46747297072358
409431.447006,-504.3355236344643,-108.12015995104859
409440.724603,-506.2311197643653,-105.33816209988971
409449.569726,-504.4026132728011,-109.69768272601291
409460.055945,-500.41307720381786,-106.48699982033195
409470.057157,-501.7951773899338,-105.10893355801221
409479.545167,-502.1902920814393,-104.66752220232752
409490.089164,-501.82718746378765,-104.47599267027186
409499.551473,-501.6574383014746,-105.27050246202519
409509.546226,-501.779516679822,-105.37134620618373
409519.579718,-501.779516679822,-105.37134620618373
409529.553762,-501.779516679822,-105.37134620618373
409540.842563,-501.779516679822,-105.37134620618373
409552.950919,-501.779516679822,-105.37134620618373
409559.577872,-501.779516679822,-105.37134620618373
409569.545544,-501.779516679822,-105.37134620618373
409579.544115,-501.779516679822,-105.37134620618373
409589.580503,-501.779516679822,-105.37134620618373
409600.961162,-501.779516679822,-105.37134620618373
409610.05656,-501.779516679822,-105.37134620618373
409623.707687,-501.779516679822,-105.37134620618373
409629.590065,-501.779516679822,-105.37134620618373
409640.05602,-501.779516679822,-105.37134620618373
409649.578887,-501.779516679822,-105.37134620618373
409661.017055,-501.779516679822,-105.37134620618373
409670.823618,-501.779516679822,-105.37134620618373
409680.114597,-501.779516679822,-105.37134620618373
409690.153448,-501.779516679822,-105.37134620618373
409700.089165,-501.779516679822,-105.37134620618373
409710.070587,-501.779516679822,-105.37134620618373
409720.106226,-501.779516679822,-105.37134620618373
409729.569371,-501.779516679822,-105.37134620618373
409740.023894,-501.779516679822,-105.37134620618373
409750.767379,-501.779516679822,-105.37134620618373
409760.931724,-501.779516679822,-105.37134620618373
409772.894953,-501.779516679822,-105.37134620618373
409781.218407,-501.779516679822,-105.37134620618373
409790.135842,-501.779516679822,-105.37134620618373
409799.587748,-501.779516679822,-105.37134620618373
409810.19599,-501.779516679822,-105.37134620618373
409819.579738,-501.779516679822,-105.37134620618373
409830.038561,-501.779516679822,-105.37134620618373
409840.087618,-501.779516679822,-105.37134620618373
409849.582484,-501.779516679822,-105.37134620618373
409860.331725,-501.779516679822,-105.37134620618373
409869.579915,-501.779516679822,-105.37134620618373
409880.807376,-501.779516679822,-105.37134620618373
409891.130335,-501.779516679822,-105.37134620618373
409900.820821,-501.779516679822,-105.37134620618373
409911.258058,-501.779516679822,-105.37134620618373
409919.55069,-501.779516679822,-105.37134620618373
409930.157352,-501.779516679822,-105.37134620618373
409939.547362,-501.779516679822,-105.37134620618373
409950.19879,-501.779516679822,-105.37134620618373
409960.434783,-501.779516679822,-105.37134620618373
409969.875845,-501.779516679822,-105.37134620618373
409980.832742,-501.779516679822,-105.37134620618373
409990.96342,-501.779516679822,-105.37134620618373
410000.793046,-501.779516679822,-105.37134620618373
410010.828823,-501.779516679822,-105.37134620618373
410021.851346,-501.779516679822,-105.37134620618373
410030.049999,-501.779516679822,-105.37134620618373
410043.249153,-501.779516679822,-105.37134620618373
410052.889087,-501.779516679822,-105.37134620618373
410059.547732,-501.779516679822,-105.37134620618373
410070.065426,-501.779516679822,-105.37134620618373
410080.226359,-501.779516679822,-105.37134620618373
410090.908675,-501.779516679822,-105.37134620618373
410100.735535,-501.779516679822,-105.37134620618373
410110.88447,-501.779516679822,-105.37134620618373
410120.806059,-501.779516679822,-105.37134620618373
410132.226088,-501.779516679822,-105.37134620618373
410139.59163,-501.779516679822,-105.37134620618373
410150.091717,-501.779516679822,-105.37134620618373
410160.048938,-501.779516679822,-105.37134620618373
410169.579234,-501.779516679822,-105.37134620618373
410180.056505,-501.779516679822,-105.37134620618373
410189.560487,-501.779516679822,-105.37134620618373
410200.563416,-498.83754294312564,-106.01826919974056
410210.589109,-495.6086763370489,-107.43225800438346
410219.580108,-495.6086763370489,-107.43225800438346
410230.581471,-495.6086763370489,-107.43225800438346
410240.377254,-495.6086763370489,-107.43225800438346
410249.880285,-495.6086763370489,-107.43225800438346
410260.176644,-495.6086763370489,-107.43225800438346
410269.878488,-495.6086763370489,-107.43225800438346
410279.893477,-495.6086763370489,-107.43225800438346
410289.588942,-495.6086763370489,-107.43225800438346
410300.072802,-495.6086763370489,-107.43225800438346
410309.549627,-495.6086763370489,-107.43225800438346
410320.510469,-495.6086763370489,-107.43225800438346
410330.590432,-495.6086763370489,-107.43225800438346
410339.548415,-495.6086763370489,-107.43225800438346
410351.279832,-495.6086763370489,-107.43225800438346
410359.580006,-495.6086763370489,-107.43225800438346
410369.87807,-495.6086763370489,-107.43225800438346
410379.875753,-495.6086763370489,-107.43225800438346
410389.578959,-495.6086763370489,-107.43225800438346
410399.884602,-495.6086763370489,-107.43225800438346
410410.495947,-495.6086763370489,-107.43225800438346
410420.508856,-495.6086763370489,-107.43225800438346
410429.875024,-495.6086763370489,-107.43225800438346
410439.549315,-495.6086763370489,-107.43225800438346
410449.550267,-495.6086763370489,-107.43225800438346
410459.877021,-495.6086763370489,-107.43225800438346
410469.579383,-495.6086763370489,-107.43225800438346
410479.559575,-495.6086763370489,-107.43225800438346
410489.578089,-495.6086763370489,-107.43225800438346
410499.878171,-495.6086763370489,-107.43225800438346
410509.578601,-495.6086763370489,-107.43225800438346
410519.990589,-495.6086763370489,-107.43225800438346
410530.745794,-495.6086763370489,-107.43225800438346
410540.543817,-495.6086763370489,-107.43225800438346
410550.581031,-495.6086763370489,-107.43225800438346
410560.707195,-495.6086763370489,-107.43225800438346
410569.889032,-495.6086763370489,-107.43225800438346
410579.876641,-495.6086763370489,-107.43225800438346
410591.097889,-495.6086763370489,-107.43225800438346
410599.879409,-495.6086763370489,-107.43225800438346
410609.88767,-495.6086763370489,-107.43225800438346
410620.056734,-495.6086763370489,-107.43225800438346
410629.760819,-495.6086763370489,-107.43225800438346
410640.500596,-495.6086763370489,-107.43225800438346
410650.58045,-495.6086763370489,-107.43225800438346
410659.882366,-495.6086763370489,-107.43225800438346
410669.95049,-495.6086763370489,-107.43225800438346
410679.578954,-495.6086763370489,-107.43225800438346
410689.878447,-495.6086763370489,-107.43225800438346
410699.915823,-495.6086763370489,-107.43225800438346
410709.593021,-495.6086763370489,-107.43225800438346
410719.884668,-495.6086763370489,-107.43225800438346
410729.590616,-495.6086763370489,-107.43225800438346
410740.000013,-495.6086763370489,-107.43225800438346
410750.590481,-495.6086763370489,-107.43225800438346
410760.622083,-495.6086763370489,-107.43225800438346
410770.589284,-495.6086763370489,-107.43225800438346
410779.580972,-495.6086763370489,-107.43225800438346
410790.640887,-495.6086763370489,-107.43225800438346
410800.074225,-495.6086763370489,-107.43225800438346
410809.878697,-495.6086763370489,-107.43225800438346
410819.873952,-495.6086763370489,-107.43225800438346
410829.203922,-495.6086763370489,-107.43225800438346
410830.191616,-495.4570429096453,-107.7613142993066
410839.878453,-454.6835875151525,-115.42949731391364
410849.57942,-356.4588539910047,-102.87253024232629
410859.557011,-262.7477627409937,-168.56268768239744
410870.703247,-242.13503819904173,-201.64513264807184
410879.57703,-238.00282014492353,-210.03269485574262
410890.947354,-238.00282014492353,-210.03269485574262
410900.030295,-238.00282014492353,-210.03269485574262
410909.885607,-231.08641998040437,-218.70417042504425
410920.002804,-143.04802684451107,-217.95278314234267
410929.578941,-107.04579014572606,-307.7961419812004
410939.980121,-55.61538807393029,-264.0977361014178
410949.545984,-12.00568265535447,-139.01526879160045
410962.889287,-10.08909159013415,-51.98454430380837
410970.073709,44.48712502779119,-8.998672893197487
410980.626793,169.70593889791212,27.595279184006767
410990.093037,216.5255166304381,-25.182355423349964
411000.19133,237.87683049136692,-92.91375507521592
411010.044953,349.9285416258714,-70.67366653039659
411019.90237,355.17622563525697,-59.276530668407446
411030.521452,354.83427142264253,-40.761537012421485
411040.851987,355.4535572751861,33.44284971514407
411049.966639,337.62942508096864,102.59423168038869
411060.791408,326.50371690924504,179.05592944488689
411070.690485,389.38689947219234,313.4630080425078
411080.594181,468.557524030433,384.72685096569256
411090.053626,541.9102523490798,449.1283248226651
411099.585078,649.2049098621521,546.7711122919554
411109.895451,737.0503128841679,632.4336266177316
411121.252265,824.94891565873,713.0471217417305
411129.95263,918.169834974828,780.3163683207467
411140.149467,965.9029169366477,806.408726623216
411149.599179,1010.019992805266,771.5149779181746
411159.943459,1076.1726541303606,715.1663112811614
411169.64812,1091.2052887922305,732.0407942208195
411179.988247,1121.4535657871568,761.0125119435282
411192.386782,1204.488452394686,837.1906591816324
411199.96683,1267.4315294967762,893.6285878589273
411210.614568,1288.7419461438594,914.4990887442627
411220.958559,1288.7419461438594,914.4990887442627
411229.656234,1292.7606975267258,918.2908005187033
411239.647299,1337.2774182337987,913.7177264164667
411249.650834,1411.5893204890579,828.3591630356095
411259.647139,1456.1640849761839,777.1805367285707
411269.648655,1466.4154937065398,763.9870649728734
411279.601065,1466.4154937065398,763.9870649728734
411289.600258,1475.5319874088807,754.7119876681058
411300.036805,1475.5319874088807,754.7119876681058
411310.072244,1475.5319874088807,754.7119876681058
411319.650409,1475.5319874088807,754.7119876681058
411329.649866,1475.5319874088807,754.7119876681058
411341.320139,1475.5319874088807,754.7119876681058
411350.154105,1475.5319874088807,754.7119876681058
411360.081344,1475.5319874088807,754.7119876681058
411370.13522,1475.5319874088807,754.7119876681058
411380.107598,1475.5319874088807,754.7119876681058
411390.326463,1475.5319874088807,754.7119876681058
411400.306704,1475.5319874088807,754.7119876681058
411410.090991,1475.5319874088807,754.7119876681058
411420.818896,1475.5319874088807,754.7119876681058
411430.813164,1475.5319874088807,754.7119876681058
411440.909696,1475.5319874088807,754.7119876681058
411450.069488,1475.5319874088807,754.7119876681058
411460.111191,1475.5319874088807,754.7119876681058
411469.987593,1475.5319874088807,754.7119876681058
411479.974288,1475.5319874088807,754.7119876681058
411490.075231,1475.5319874088807,754.7119876681058
411500.064263,1475.5319874088807,754.7119876681058
411510.427399,1475.5319874088807,754.7119876681058
411520.645933,1475.5319874088807,754.7119876681058
411530.921531,1475.5319874088807,754.7119876681058
411540.142833,1475.5319874088807,754.7119876681058
411550.214258,1473.855683766083,765.1046875444501
411560.263347,1473.8556837743379,765.104687555052
411570.141715,1474.1749308771589,767.5529667591937
411580.269766,1473.8633747282133,767.7529912855935
411590.403866,1473.8634029346306,767.7530199755597
411600.108509,1473.8634029346306,767.7530199755597
411610.535743,1473.8634029346306,767.7530199755597
411622.283713,1473.8634029346306,767.7530199755597
411630.321791,1473.8634029346306,767.7530199755597
411640.657512,1474.4279576857646,768.5884906661765
411650.002638,1474.4294822073196,768.5929522496621
411660.931958,1474.4294822073196,768.5929522496621
411671.338775,1474.4294822073196,768.5929522496621
411680.069558,1474.2616449796976,770.858943676722
411690.079514,1474.224574032347,771.9055237818525
411700.194953,1474.2254259079452,771.9104953507513
411710.048525,1473.7238366813688,772.2181602112496
411720.317574,1473.7238366813688,772.2181602112496
411730.512263,1474.1038171965686,773.210105253756
411740.718217,1474.1038171965686,773.210105253756
411752.694326,1477.2885303605394,776.7295742754939
411760.028802,1477.602607158294,776.9438551430662
411770.888747,1485.8678466936065,773.8526091442328
411779.991933,1501.1116811551185,749.5333449980404
411790.055075,1501.1105932720582,749.5219887787744
411799.904164,1500.922535445562,745.4476029091165
411809.980801,1467.0029525291027,700.4979351196025
411819.651451,1442.4773715379974,680.4367236749271
411829.882546,1442.4773715379974,680.4367236749271
411839.988089,1442.4773715379974,680.4367236749271
411850.711857,1380.2763899102076,628.2109722308443
411864.151534,1341.464765186983,598.7755586904007
411871.839384,1278.4926936823806,581.4172598018538
411880.744212,1156.695453363481,634.8111884985266
411893.340046,1098.2463055234302,654.5258637629751
411906.679286,1067.617881840737,591.5844529304707
411909.96888,1039.5969156065812,565.7375966031477
411919.90057,975.7032373754574,515.8442094372451
411929.927122,900.8572340513072,453.7588000053899
411940.012609,802.6590871391926,374.72014213879794
411949.981374,719.168117407253,304.36542409839194
411961.037225,632.1398625325864,223.9206878384267
411970.069892,508.9198254060322,112.37471855649655
411980.841768,407.3725717772062,25.612234024719168
411989.984635,342.4445701038812,-34.589286442910506
412000.056855,277.3087686919157,-70.54373904577689
412013.788087,230.58554099756537,-75.96536947219298
412020.192571,208.8676523881452,-11.991942735888186
412029.890914,159.09884233640133,26.3200505403589
412040.035049,87.68017537245093,-2.6975139624614184
412049.945649,24.008389592434973,-2.125335627780271
412061.032209,-36.71140946173446,-20.77526469870607
412070.771612,-54.47994989894043,-70.65967322800785
412082.977666,-32.305992875902014,-134.3646871294772
412089.966255,40.202394808118335,-157.15021468044162
412099.996305,101.99547650472809,-212.20487866712233
412110.091955,159.1716651873577,-262.91537031407404
412119.600602,267.5633491333175,-344.02786416163076
412129.645956,349.71235632847333,-409.1233266788418
412139.578871,427.539255288407,-464.5794496031622
412150.001624,553.2816612950027,-550.0968272930995
412160.026289,648.8449764822223,-618.9356588250342
412170.30118,684.3659219873718,-633.3957355430271
412180.128368,718.8274935996815,-635.3557010387947
412192.676786,815.628514206191,-647.1030993001685
412200.064209,916.0443233794914,-707.0191149560294
412210.668537,905.3291552685098,-827.9092124986403
412220.96192,899.6708660097355,-833.8454767919012
412229.899702,899.6708660097355,-833.8454767919012
412239.601591,899.6708660097355,-833.8454767919012
412249.98272,899.6708660097355,-833.8454767919012
412263.413813,899.6708660097355,-833.8454767919012
412269.991773,795.4543375662557,-852.5904029895808
412283.547182,667.2262713221869,-878.7433313593262
412297.717398,603.5636158638397,-1000.0983436527038
412299.683585,561.8604742259697,-1218.3723861718563
412310.803557,545.3432930015967,-1304.7245817301196
412320.646051,542.2929849414269,-1322.2975579429474
412332.909004,542.2929849414269,-1322.2975579429474
412340.149184,542.2929849414269,-1322.2975579429474
412350.010697,531.4237139329292,-1360.7419126988123
412359.613165,520.1276110602277,-1387.1256327557512
412373.574047,520.1276110602277,-1387.1256327557512
412379.883969,520.1276110602277,-1387.1256327557512
412389.956047,520.1276110602277,-1387.1256327557512
412400.922314,519.7657148602675,-1395.1915865443364
412411.119462,574.5863785224428,-1466.7242034080982
412419.679502,687.5516307275814,-1573.364379581587
412429.652616,778.6210874580165,-1647.1771710447758
412442.517564,882.3380036740907,-1734.2607794903267
412449.986687,1017.4627652830554,-1844.6406706565776
412459.919255,1039.2428679069067,-1967.2093771230018
412469.655734,1029.4705891103597,-2144.2550715487514
412479.558236,1090.0522625912913,-2356.9654402011697
412490.242945,1120.9846346828278,-2433.8785130081737
412500.088241,1122.9087272179822,-2439.234788389559
412510.853139,1122.9087272179822,-2439.234788389559
412520.855036,1122.9087272179822,-2439.234788389559
412530.635027,1122.9087272179822,-2439.234788389559
412543.276046,1138.5768899244545,-2509.973867247523
412549.680786,1134.6549549198141,-2640.436761725361
412563.213392,1122.9712168193332,-2802.0209505458556
412569.979519,1106.5529265058226,-3040.0356035307755
412580.806566,1104.0684948797536,-3226.54321888984
412589.64988,1134.928223746125,-3412.637064253364
412600.135564,1171.3283817391714,-3596.1049503500885
412610.19684,1189.3589027088587,-3640.0734641644676
412622.585979,1213.9152414482578,-3739.459172089383
412629.91347,1260.644204136405,-3943.697617806201
412653.388903,1264.8508017615795,-4102.287710161924
412653.418787,1148.6934979714106,-4228.765796750504
412655.756999,1057.6124451726632,-4313.155401993526
412655.757746,1057.6124451726632,-4313.155401993526
412656.855621,1008.9836751742711,-4360.924790571503
412667.18533,864.0526613890873,-4501.716837108019
429275.962712,-748.3941013294798,-4520.040702607817
429285.897328,-738.4807119450087,-4475.705798721652
429295.976763,-737.8213502169198,-4471.986803592455
429305.955648,-732.7899915710586,-4441.113077703422
429315.976939,-717.3398023782821,-4365.617163912859
429325.956684,-704.5692271039035,-4302.82018386281
429336.388117,-688.7402050825208,-4216.757633811341
429345.898901,-619.7866627727093,-4119.377630943649
429355.958886,-523.2659486909059,-4016.788021858889
429367.206844,-416.9772757303169,-3854.392127134084
429375.952541,-397.04909568489586,-3829.493989062757
429385.912521,-397.04909568489586,-3829.493989062757
429395.952488,-366.0667908234805,-3799.980716962576
429406.011324,-334.8745475733619,-3731.945615145132
429415.953476,-324.8392495276808,-3633.5506775811955
429425.912552,-310.25955060386815,-3533.81273640026
429435.952585,-310.25955060386815,-3533.81273640026
429445.973044,-299.815413619936,-3469.2335304705557
429457.372546,-284.73846046799827,-3310.142987004598
429467.691587,-280.86016050048306,-3277.81479901896
429477.109945,-280.86016050048306,-3277.81479901896
429487.268946,-280.86016050048306,-3277.81479901896
429496.210159,-280.86016050048306,-3277.81479901896
429506.055465,-280.5697722813645,-3259.1712577240255
429516.69951,-259.87558315866323,-3089.0075310258626
429526.020565,-240.3787612361723,-2952.293780549329
429536.319949,-221.77608403072816,-2829.6676304885445
429545.90962,-213.29274145288554,-2743.7491069371113
429556.237138,-213.29274145288554,-2743.7491069371113
429566.264564,-213.29274145288554,-2743.7491069371113
429575.962903,-213.29274145288554,-2743.7491069371113
429585.931161,-213.29274145288554,-2743.7491069371113
429596.215118,-213.29274145288554,-2743.7491069371113
429607.131989,-213.29274145288554,-2743.7491069371113
429616.351384,-213.29274145288554,-2743.7491069371113
429628.364001,-213.29274145288554,-2743.7491069371113
429637.737915,-203.77882859463372,-2672.3958158466194
429646.498116,-189.9736069429872,-2559.1382063329916
429655.963536,-173.70264807571112,-2434.0505274670886
429665.963629,-110.21123189403312,-2282.8696655489866
429676.700847,-79.18582919710221,-2198.2302812225357
429689.211985,-66.59709353656511,-2142.897490825811
429695.903622,-7.2028805200928545,-2022.3959897136162
429705.928108,1.9295966587318962,-2004.0476959383273
429716.909557,26.8855139621023,-1959.15053874497
429725.95956,68.88352874166638,-1876.7101907313333
429736.779947,108.58099814248457,-1833.5147074830065
429747.891969,125.28019871205076,-1807.9483564619957
429756.439879,124.72344419376776,-1783.99782443768
429766.248387,110.41236578535124,-1712.258211885804
429775.970336,103.21076618663025,-1619.655319260645
429788.810291,183.72293448343373,-1533.4776443564365
429795.989982,200.56471717195274,-1474.640838543744
429809.899552,190.66805848492228,-1394.3967672764718
429820.143978,164.5864452767273,-1313.0764021108396
429827.872661,191.854835740932,-1279.788992724494
429837.673966,140.3786940075048,-1238.8363621515202
429845.919368,-2.468794565599959,-1128.8271730047675
429855.890778,-105.45118510753578,-1010.0437735072059
429866.293938,-122.67854466911041,-975.7787489606461
429876.341534,-100.03036404134357,-928.3157195255563
429886.047924,-120.04779497816675,-837.9993387153343
429896.107878,-144.5831036512579,-759.1372110295323
429906.667491,-167.8438743583301,-693.2197560239922
429916.696021,-180.02945754778943,-660.0426578595424
429925.901627,-197.593306919519,-593.9568685707826
429938.539323,-172.68416114263144,-479.72190656068557
429946.376686,-117.84065501130269,-416.5467591141128
429957.553105,-78.29027278332438,-371.55867732633277
429965.903098,-54.73651430559284,-288.969709496976
429976.296315,-49.124819371880825,-225.9326072104934
429988.491652,-48.674626541224605,-199.02622624063747
429995.973348,-13.229627942356615,-152.70059646455059
430004.954766,5.8110468529365935,-143.88092800064152
430006.317996,5.8110468529365935,-143.88092800064152
430016.539601,42.43349287182343,-149.55833328032978
430026.373308,69.34091129263061,-130.9832675286357
430036.791875,41.2968463205762,-98.68690330769219
430046.994515,18.803419579142492,-104.07902820300735
430056.859603,12.578872368075102,-98.88860810438743
430066.986519,12.578872368075102,-98.88860810438743
430076.274327,8.15057363526003,-87.43002935695212
430086.443241,5.182596717775504,-79.72750231338311
430095.877227,5.182596717775504,-79.72750231338311
430104.553545,5.182596717775504,-79.72750231338311
430106.100826,5.182596717775504,-79.72750231338311
430115.903284,-7.208596081829576,-66.1811758974829
430126.301341,-47.95350003722168,-92.42762273269499
430136.731779,-51.83268248555466,-171.884683219283
430147.107331,-143.56764577030688,-229.39555969679955
430156.971769,-138.14499660109865,-278.3488356122082
430165.978173,-114.01933593793287,-308.9236513716787
430176.598184,-80.08565335351481,-342.6588985146529
430186.351251,-88.7036811643823,-381.1012541614859
430195.975321,-133.68989858770738,-432.53887958466066
430205.962802,-185.80940953555813,-492.84014197706557
430216.423755,-209.3819377871464,-605.947827805065
430226.4675,-166.4082195915312,-752.234236830895
430236.230383,-127.19797332463354,-859.2312817369906
430248.412505,-127.19797332463354,-859.2312817369906
430256.961274,-123.92499651591726,-865.8938403663319
430266.373608,-123.92499651591726,-865.8938403663319
430277.092064,-123.92499651591726,-865.8938403663319
430287.209551,-123.92499651591726,-865.8938403663319
430296.42025,-123.92499651591726,-865.8938403663319
430306.211937,-119.0673354449643,-881.9563818564192
430316.029553,-107.91005856529935,-929.2995818329066
430326.205004,-111.48018238405719,-942.4771690070212
430336.223775,-111.48018238405719,-942.4771690070212
430347.143034,-111.48018238405719,-942.4771690070212
430356.29331,-111.48018238405719,-942.4771690070212
430366.213074,-111.48018238405719,-942.4771690070212
430376.211221,-111.48018238405719,-942.4771690070212
430386.996439,-111.48018238405719,-942.4771690070212
430396.241347,-111.48018238405719,-942.4771690070212
430406.294123,-114.54572586188159,-949.2971009068079
430416.503856,-126.9931708124829,-1018.4407354007099
430426.254763,-39.675353847286836,-1083.2622478590513
430437.080291,42.00484862163097,-1166.4953898912663
430446.82618,158.19944213023206,-1277.1708402673762
430456.305641,259.77881752976754,-1349.4525304207757
430465.930606,341.43185769312305,-1414.2957923068664
430477.304528,419.24367882596806,-1481.6131402058454
430486.583193,467.78218435013196,-1486.9038937732962
430496.726528,500.28315324696536,-1454.096845910973
430507.233463,593.7725733156055,-1486.0234641090237
430516.617276,641.5515876990877,-1618.2464071870381
430525.967129,608.5726803338256,-1778.8955368671313
430535.967349,577.235312731911,-1976.215402218453
430539.134926,5.182596717775504,-79.72750231338311
430552.627156,527.9928602242055,-2022.361847798825
430559.087964,525.437292920679,-2032.1271356576879
430565.966022,525.437292920679,-2032.1271356576879
430576.245173,525.437292920679,-2032.1271356576879
430589.715342,519.6075809472856,-2027.9822280566334
430595.984091,481.37447343458626,-2071.8076357619693
430606.156922,478.31680758555166,-2074.5375888568706
430615.975612,437.52197768505806,-2122.8704171915783
430625.986889,347.8017957180323,-2226.4942540886327
430635.97652,251.63845539050473,-2267.3080733093916
430645.976411,142.72254679576525,-2262.078200692092
430655.986673,10.49595664627167,-2248.5067771923373
430668.364619,-51.0530928788895,-2242.923346349991
430676.424508,-77.43166169552167,-2204.1637170165714
430685.995712,-77.644849565974,-2187.6336793307646
430698.208355,-116.87253997697317,-2181.0469981041633
430707.472327,-153.33216936708925,-2212.204394762401
430717.700032,-129.63698015282537,-2277.3592974029316
430728.224051,-143.43476711515913,-2308.9093799660036
430737.617548,-186.2537827172252,-2393.0803107501315
430746.495601,-202.204554607654,-2500.445896188735
430756.836973,-202.89415244633216,-2502.7766122855605
430759.960773,5.182596717775504,-79.72750231338311
430765.936478,-202.89415244633216,-2502.7766122855605
430776.428618,-202.89415244633216,-2502.7766122855605
430787.318016,-202.89415244633216,-2502.7766122855605
430796.697665,-202.89415244633216,-2502.7766122855605
430807.338214,-202.89415244633216,-2502.7766122855605
430818.186669,-202.89415244633216,-2502.7766122855605
430826.484144,-202.89415244633216,-2502.7766122855605
430835.998666,-202.89415244633216,-2502.7766122855605
430848.107068,-202.85294791687838,-2512.336807104622
430856.008624,-284.8313798813364,-2508.147675081205
430865.97726,-381.09402047258374,-2475.1924145491753
430875.993621,-382.16161092209603,-2449.9780088548823
430885.992502,-302.63703764240034,-2405.314201456101
430895.979318,-209.77600664412876,-2344.0110521705597
430906.218149,-207.76604411690326,-2342.951151888689
430915.984483,-163.860241874913,-2343.729426895752
430926.352471,-112.2533519666712,-2289.832035318041
430935.981165,-105.09808190141541,-2280.3491153097857
430946.435213,-80.28259178148552,-2223.2394071133026
430957.836527,-50.90334599204236,-2107.2976343942946
430966.460032,13.378344852528631,-1981.774555109108
430975.993244,77.4535726105257,-1866.1369800998095
430986.610818,119.56408093718953,-1826.1851790383346
430996.602978,119.56408093718953,-1826.1851790383346
431011.317462,129.0766913073997,-1817.0293964568198
431015.938449,136.75304088078127,-1799.2119563571248
431026.59254,136.75304088078127,-1799.2119563571248
431035.941794,136.75304088078127,-1799.2119563571248
431046.483349,136.75304088078127,-1799.2119563571248
431055.942549,125.60958512322637,-1782.6660878146172
431067.872519,106.37771035771928,-1689.2399838533897
431079.064323,125.5525352104587,-1601.3358887196393
431085.989123,197.52213475947704,-1519.0688316394771
431095.939201,202.40702505287064,-1405.8103042262644
431106.344408,167.9931218454868,-1301.7315562230579
431116.595717,185.3875881486385,-1277.2082438244615
431126.640201,113.59662044470024,-1222.3523945786292
431136.010468,23.129517110389823,-1148.8016948200773
431146.648913,-34.1424625692016,-1083.2618303758031
431155.906812,-94.14006552542114,-1015.0069767449153
431166.001282,-111.03984507031824,-1000.602804344891
431184.016887,-123.2379801369771,-978.6725918886135
431185.182218,-101.03092488369316,-929.799696645225
431185.18288,-101.03092488369316,-929.799696645225
431186.424018,-101.03092488369316,-929.799696645225
431196.551662,-129.8961205588979,-809.8046915817908
431206.450858,-161.26216926943306,-710.155827502624
431216.451009,-164.11265909858503,-701.2595146883976
431227.556071,-165.04234981889684,-696.6732259069856
431239.188671,-183.35500853455645,-643.0755260261985
431247.819231,-184.35626759044365,-513.9087434703202
431256.519688,-144.40654610655636,-443.8638323078637
431266.473257,-81.55758373783792,-378.00810226655113
431282.679949,-63.22309250121784,-312.8928614969401
431286.424297,-56.57484689736178,-222.24421276910937
431296.852547,-38.81388571712919,-165.4261706807032
431306.419171,-4.5357431991961485,-86.08015088656309
431316.451155,-38.74259894745919,-41.36664095910966
431327.021394,-45.379142110314426,-38.64946125728807
431336.579033,-83.07165805899402,-42.20554508455195
431347.536887,-154.72644137070557,-53.60686369661552
431358.828972,-232.86590846338623,-80.32209447078804
431366.526753,-328.4336446334501,-107.43264633281483
431376.465362,-355.4516679213717,-107.31083569907874
431386.813186,-395.2100218530807,-107.91317239732898
431396.907028,-478.5513020791242,-101.94437553517308
431407.156512,-534.556389925014,-82.4752334236831
431419.988589,-597.0665703075871,-57.549745738800354
431427.149167,-643.005921837191,-51.68055437899179
431436.451636,-643.005921837191,-51.68055437899179
431447.878091,-643.005921837191,-51.68055437899179
431458.810667,-667.4943096141205,-49.496801036788234
431466.52704,-687.4539646941153,-30.31811842498597
431476.476074,-694.3832836350124,-3.641130678577285
431486.761112,-704.5028498361412,78.88720624191888
431496.525167,-725.3677149588136,109.44823769251876
431507.064826,-768.5747236558334,108.34505170016587
431516.972826,-778.9342594789713,105.35569629096486
431526.802563,-811.6377152444686,94.87552835717399
431536.893498,-847.5267469441305,100.29299448987412
431546.475871,-867.2199893154011,98.52245977819084
431556.956548,-868.8844147706722,98.39700602296097
431566.952511,-868.8844147706722,98.39700602296097
431576.76231,-868.8844147706722,98.39700602296097
431586.577072,-868.8844147706722,98.39700602296097
431597.057567,-868.8844147706722,98.39700602296097
431607.029652,-877.7859758972904,104.6035143868153
431616.916906,-877.7859758972904,104.6035143868153
431627.564149,-876.0993510155415,96.98647909898803
431637.765438,-871.6535923812064,77.7211768515662
431646.483093,-834.2294282813787,18.61877914993037
431658.76033,-841.3107779828085,1.6929155815761143
431666.450498,-815.8931257018442,-18.726246997500123
431676.530932,-745.3613163901783,-43.026265898470264
431688.631218,-657.1880904757048,-53.54020156138259
431696.89628,-543.0813200579636,-80.41779235311391
431706.485073,-543.0813200579636,-80.41779235311391
431718.183082,-543.0813200579636,-80.41779235311391
431727.328786,-529.3497594903524,-89.90055355315391
431738.096669,-496.3557786015228,-114.4469589140675
431746.433494,-414.4029694374094,-115.95509976642917
431756.909843,-303.2975016768649,-131.88298502943962
431766.474962,-282.3124801372861,-151.97235679680793
431777.993711,-262.0361894753926,-183.53594220628491
431787.015165,-259.2397071880766,-187.2458791420145
431796.533347,-239.64839636965192,-204.64990821995835
431806.533373,-239.64839636965192,-204.64990821995835
431816.923934,-239.64839636965192,-204.64990821995835
431828.925138,-239.64839636965192,-204.64990821995835
431837.691132,-239.64839636965192,-204.64990821995835
431848.429134,-239.64839636965192,-204.64990821995835
431857.557476,-231.44361935918684,-215.53603243278525
431866.562594,-159.4730029969594,-211.7165930535513
431877.616327,-112.05046837578502,-299.3455915146724
431886.53337,-70.01732854049865,-301.15956760400746
431896.782956,-55.37687891496008,-245.5387102741086
431906.87019,-53.78124053101099,-200.59533111191908
431916.437678,-21.975550561020107,-160.95533718046357
431926.470622,52.74645838951312,-156.83756283766968
431936.920044,103.08651701303111,-209.51742142891248
431946.436783,108.85651924720611,-220.16603680726178
431956.904823,170.68384573374468,-268.37677993077034
431968.726402,257.53167263026506,-332.56714421527556
431977.706737,309.49285507643066,-372.733307433238
431986.482726,358.0809199768323,-414.2032825587547
431998.331269,426.670163936558,-462.3129072027318
432007.193517,462.3590378832597,-484.9829023646009
432017.01654,487.53557162556314,-503.5677879044658
432027.125216,577.7591911846433,-567.1121292373165
432036.451022,640.0365993899304,-613.9535757906989
432046.438281,666.0674611949395,-624.0877939516027
432058.200686,666.0674611949395,-624.0877939516027
432066.488345,679.077889934266,-628.4270733078848
432077.621185,719.7839437092008,-636.7330286159041
432093.576452,852.0102453385313,-660.1739850974506
432096.536832,930.6454421978669,-708.5186280715523
432106.441314,933.6978157501063,-710.0329030404475
432117.812224,933.6978157501063,-710.0329030404475
432126.532137,933.6978157501063,-710.0329030404475
432139.994393,933.6978157501063,-710.0329030404475
432146.534862,933.6978157501063,-710.0329030404475
432157.004489,933.6978157501063,-710.0329030404475
432166.950268,933.6978157501063,-710.0329030404475
432177.112794,933.6978157501063,-710.0329030404475
432187.003528,933.6978157501063,-710.0329030404475
432197.725954,933.6978157501063,-710.0329030404475
432207.052883,938.0919035556345,-711.0829841781338
432216.530824,956.6699090351221,-717.9333378302717
432226.54163,956.6699090351221,-717.9333378302717
432236.537843,952.0450536042325,-737.7428612218415
432246.538908,933.2200549474272,-804.814663615407
432256.92729,929.4124108189787,-815.2860670778703
432266.471138,929.4124108189787,-815.2860670778703
432276.926021,929.4124108189787,-815.2860670778703
432287.421748,929.4124108189787,-815.2860670778703
432296.523288,929.4124108189787,-815.2860670778703
432307.015605,929.4124108189787,-815.2860670778703
432316.532035,928.0082964958619,-827.5569585809941
432327.298202,906.1774494448299,-853.5153692482636
432336.490448,922.7194021328477,-808.149882778237
432348.403485,945.3201957598616,-743.3592566316956
432356.485464,945.3201957598616,-743.3592566316956
432366.507213,945.3201957598616,-743.3592566316956
432377.03362,945.3201957598616,-743.3592566316956
432386.44805,945.3201957598616,-743.3592566316956
432396.823019,945.3201957598616,-743.3592566316956
432406.531425,945.3201957598616,-743.3592566316956
432416.588912,945.3201957598616,-743.3592566316956
432427.604346,952.9982302551426,-712.3745191950607
432440.560291,909.6797324275921,-685.7352630937847
432446.540002,816.2465183733045,-646.6715902710376
432456.902037,775.0382011784764,-637.7203352807209
432466.897901,775.0382011784764,-637.7203352807209
432476.537699,775.0382011784764,-637.7203352807209
432486.538312,734.9629438695849,-635.0176132990782
432497.281647,681.9754290997844,-627.3734768080045
432506.584988,578.5943351435757,-561.5765963899894
432516.594278,487.6318187019334,-491.9398232366022
432526.480845,413.7316631943107,-434.61046776456135
432537.409256,409.506384538486,-430.3941334812465
432548.566457,409.506384538486,-430.3941334812465
432556.546684,409.506384538486,-430.3941334812465
432566.496868,409.506384538486,-430.3941334812465
432579.036815,409.506384538486,-430.3941334812465
432586.495372,409.506384538486,-430.3941334812465
432597.201542,409.506384538486,-430.3941334812465
432606.788415,402.93028979775846,-425.54119550792507
432617.629812,337.5717684530423,-376.81086145722554
432626.499536,213.8270992824141,-285.7071967040483
432637.895034,120.04327845678107,-214.8474134723052
432646.548368,53.177902099224305,-148.84349734448142
432658.493307,8.81395939857311,-103.94053565372326
432667.569402,-2.707753391734837,-57.46425867821884
432676.471576,-9.177275070533376,-36.404346709854764
432686.448911,-9.177275070533376,-36.404346709854764
432699.821263,-9.177275070533376,-36.404346709854764
432707.021409,-9.177275070533376,-36.404346709854764
432716.955794,-9.177275070533376,-36.404346709854764
432728.932227,-9.177275070533376,-36.404346709854764
432736.998992,-9.177275070533376,-36.404346709854764
432747.913942,-9.177275070533376,-36.404346709854764
432756.479472,-9.177275070533376,-36.404346709854764
432766.489915,-9.177275070533376,-36.404346709854764
432776.481351,-9.177275070533376,-36.404346709854764
432787.549168,-9.177275070533376,-36.404346709854764
432796.480788,-9.177275070533376,-36.404346709854764
432806.986211,-9.177275070533376,-36.404346709854764
432816.991795,-9.177275070533376,-36.404346709854764
432826.935905,-9.177275070533376,-36.404346709854764
432837.658988,-9.177275070533376,-36.404346709854764
432846.453057,-9.177275070533376,-36.404346709854764
432857.9318,-9.177275070533376,-36.404346709854764
432867.334974,-9.177275070533376,-36.404346709854764
432876.558901,-9.177275070533376,-36.404346709854764
432886.552069,-9.177275070533376,-36.404346709854764
432896.482915,-9.177275070533376,-36.404346709854764
432906.501363,-9.177275070533376,-36.404346709854764
432917.137303,-9.177275070533376,-36.404346709854764
432928.206588,-9.177275070533376,-36.404346709854764
432937.313245,-9.177275070533376,-36.404346709854764
432947.713335,-9.177275070533376,-36.404346709854764
432958.058901,-8.293003271562144,-36.60160272068771
432966.554808,-8.293003271562144,-36.60160272068771
432977.233072,-8.293003271562144,-36.60160272068771
432987.905373,-8.293003271562144,-36.60160272068771
432996.563056,-8.293003271562144,-36.60160272068771
433007.120174,-8.293003271562144,-36.60160272068771
433019.053964,-8.293003271562144,-36.60160272068771
433026.553888,-8.293003271562144,-36.60160272068771
433037.093398,-8.293003271562144,-36.60160272068771
433047.938813,-8.293003271562144,-36.60160272068771
433056.87448,-8.293003271562144,-36.60160272068771
433068.947958,-8.293003271562144,-36.60160272068771
433078.085443,-8.293003271562144,-36.60160272068771
433086.556247,-8.293003271562144,-36.60160272068771
433101.32659,-8.293003271562144,-36.60160272068771
433107.029659,-8.293003271562144,-36.60160272068771
433116.472412,-8.293003271562144,-36.60160272068771
433127.154763,-8.293003271562144,-36.60160272068771
433138.955019,-8.293003271562144,-36.60160272068771
433146.554961,-8.293003271562144,-36.60160272068771
433157.182703,-8.293003271562144,-36.60160272068771
433166.555939,-8.293003271562144,-36.60160272068771
433176.489952,-8.293003271562144,-36.60160272068771
433187.685482,-8.293003271562144,-36.60160272068771
433197.823867,-8.293003271562144,-36.60160272068771
433206.627725,-8.293003271562144,-36.60160272068771
433217.927203,-8.293003271562144,-36.60160272068771
433227.235262,-10.577581096642383,-25.965609528353824
433237.239248,6.738075187333866,-15.9071061860953
433247.402466,70.0361660232812,5.581650207095685
433256.557078,155.04449168345613,-41.018518167561936
433266.507214,213.61206728451697,-44.169642533671215
433277.789433,237.4105299720948,-70.93302969749793
433286.45806,273.1080379429961,-78.98167968066657
496709.638777,276.9153660581348,3368.0831843778365
496709.63941,276.9153660581348,3368.0831843778365
496717.530813,277.79809824872325,3361.1137926883844
496728.355967,319.93968074394024,3224.4245129819633
496737.269552,395.96441122841793,3196.3361659931666
496747.676151,511.58210898026647,3159.380288861476
496757.258978,604.7246679789248,3078.892352038868
496769.933752,701.2998690047201,2950.997276252505
496777.256527,742.9362070077157,2893.6827160658668
496787.561578,742.9362070077157,2893.6827160658668
496797.55059,742.9362070077157,2893.6827160658668
496807.715866,740.4886662573655,2893.0954385246355
496818.638627,740.6548084146808,2891.529367320903
496828.494943,789.4239519960488,2817.8719501165383
496837.675723,789.6633205569991,2690.7080601796956
496847.267526,683.986171204425,2527.4426209247317
496859.337125,622.6243584664753,2455.523685733003
496868.493183,658.0020836556182,2427.8185937513435
496878.802199,817.9291327145919,2299.2564203196807
496892.752041,913.1659457449733,2221.5738945269673
496901.596943,952.8231119410959,2112.8890358420185
496907.254872,922.8340315974676,1930.3541848118218
496917.254831,871.6235624460169,1829.881805930656
496927.626418,820.2858156304361,1737.3221604517523
496938.773327,710.3532965015179,1565.0828191680434
496948.490348,539.0418698404061,1452.9251736152212
496958.09916,475.20958734946294,1429.807893966169
496968.488942,465.99255811299645,1426.8817161915658
496978.607692,485.86399340908906,1329.776260185699
496987.675651,569.2142336658894,1176.1742725875192
496997.262089,654.9288296844913,1006.1513082899746
497007.585963,741.2401293891448,947.2949689577549
497017.260673,741.2401293891448,947.2949689577549
497027.552795,741.2401293891448,947.2949689577549
497037.659422,741.2401293891448,947.2949689577549
497048.249686,741.2401293891448,947.2949689577549
497058.934921,758.2306896190318,955.2598071234493
497068.321874,857.713687513558,917.959307618297
497078.796322,866.9196931171823,910.3066014526412
497088.930055,866.9196931171823,910.3066014526412
497097.776502,906.1476433350157,863.81012917763
497112.16203,1004.1314890889272,780.1336966782145
497117.340534,1094.0337659095799,673.1582901691156
497128.26778,1148.943012651558,595.60543746739
497137.734082,1224.2217256452736,517.3016188614713
497147.565068,1173.0737535356782,436.66140395890307
497158.312919,1242.5496280738546,382.1606520714427
497180.261007,1294.5626149138186,330.84077778268204
497180.270069,1253.5517820015327,247.29998481452526
497214.992811,1169.301487337998,305.46225348473666
497214.993483,1169.301487337998,305.46225348473666
497216.414335,1169.301487337998,305.46225348473666
497227.444427,1169.301487337998,305.46225348473666
497237.87643,1165.486945963888,300.2062854009069
497247.464823,1173.9246273781039,289.03321239229865
497256.749517,1122.9661810567795,395.20541321979266
497267.035187,1180.633687480629,437.0531393472923
497276.85805,1218.6762536654255,401.7108161623904
497286.741853,1251.271731867934,370.7752100274001
497307.84147,1310.6630179450933,310.0294387733066
497308.113004,1246.0390085149063,233.82626398411486
497308.113681,1246.0390085149063,233.82626398411486
497339.515474,1225.9764397414133,338.6313067560921
497339.516176,1225.9764397414133,338.6313067560921
497340.514758,1225.9764397414133,338.6313067560921
497340.515476,1225.9764397414133,338.6313067560921
497341.657534,1225.9764397414133,338.6313067560921
497351.96988,1225.9764397414133,338.6313067560921
497361.715588,1206.9557460388787,342.606938063456
497371.995478,1206.9557460388787,342.606938063456
497382.850586,1206.9557460388787,342.606938063456
497391.943685,1206.9557460388787,342.606938063456
497401.977652,1206.9557460388787,342.606938063456
497412.147689,1206.9557460388787,342.606938063456
497422.057062,1206.9557460388787,342.606938063456
497431.630249,1254.9770104133083,376.38385078639055
497442.250324,1308.5132828987064,328.7640520094317
497453.846287,1291.435815716247,278.686178158634
497464.956391,1246.5004766561767,233.16547640124998
497471.635377,1246.5004766561767,233.16547640124998
497482.647201,1233.7787532061295,226.10013061725581
497493.239304,1165.3186077595542,133.2722975184632
497502.357713,1088.92249654749,41.049959055672616
497512.027112,1012.7577201856927,-56.07217661645451
497522.071681,908.4206287102962,-189.87056731239966
497532.148083,862.6770658893563,-257.6771532396072
497542.054701,753.4866865716727,-304.57877073307844
497552.02584,693.2809609859687,-359.8338300161108
497562.169431,728.770778908664,-488.06850886156053
497572.83319,770.9742239763808,-599.5515492937777
497583.231763,900.0475474429552,-655.4533005957728
497593.292952,962.0489047127362,-689.6236640414769
497603.323069,964.2734700463698,-694.3838050640983
497612.065811,964.2734700463698,-694.3838050640983
497622.031007,929.7296124256633,-757.7979000293695
497631.948307,897.5560633337291,-836.5202971371489
497641.954136,881.3181536339938,-840.8525299565329
497651.99232,753.5974884924818,-856.4132786690424
497662.037292,638.0962939216762,-906.6972017491515
497672.799385,581.6171407963475,-1113.8022435551618
497682.760157,551.6140008766915,-1274.9158099707722
497692.745404,542.8609676532001,-1319.2900515962626
497702.619932,536.1645751972388,-1345.2068827155858
497712.442247,518.4363613105988,-1391.7673592411481
497722.131192,518.4363613105988,-1391.7673592411481
497732.142925,518.4363613105988,-1391.7673592411481
497742.104024,518.4363613105988,-1391.7673592411481
497752.007324,518.4363613105988,-1391.7673592411481
497761.621137,591.117322845742,-1493.5190462099115
497774.932738,650.3532384803245,-1604.866188323778
497781.715708,603.2862397943272,-1741.208378784317
497791.948618,601.210766581365,-1937.3319079880648
497802.619491,560.449684467835,-2010.9369526324415
497812.678406,640.3895849158308,-2074.7875742993624
497821.696332,810.4745104422719,-2222.137493364254
497831.709062,939.1639489751095,-2331.8445055099387
497841.709347,1075.4357877346713,-2464.1923175734937
497851.735397,1150.9280014057829,-2636.2965803672696
497861.730903,1131.2720606311757,-2837.293960493651
497874.951398,1116.140843916722,-3057.599335234222
497881.653981,1132.246608905906,-3343.356117063459
497896.763163,1184.3789925529488,-3572.35818032359
497901.742506,1236.5569807829884,-3787.192753703035
497913.595126,1290.676587303785,-4059.397347444671
497923.840073,1194.6168220540915,-4215.5375103580955
497932.025495,1028.909893809143,-4363.13130229027
497941.611543,794.7103213317628,-4584.148821312197
501030.299113,896.6437318649689,-4515.993885221356
501042.314833,1056.6056371571565,-4362.737816390481
501050.291469,1134.6275963993323,-4343.178476290572
501060.823788,1164.089685010676,-4305.2726687262075
501071.352572,1205.7174573060884,-4211.838846604328
501082.472228,1301.784117002867,-4090.45348907351
501090.857016,1303.39400690854,-4082.7476859386084
501100.727852,1303.39400690854,-4082.7476859386084
501110.698712,1307.09279553936,-4070.8830148548313
501120.675849,1312.8582475197202,-3970.317599995587
501130.680534,1271.100389151906,-3778.5503257663436
501140.731853,1195.820168694426,-3468.7378205546725
501150.616273,1163.2101258694424,-3287.7516311155723
501163.008108,1139.5881510692307,-3103.1801204348094
501170.822986,1153.6914850596495,-2820.5229070411497
501180.2398,1163.6404165438112,-2672.467888832784
501190.848237,1171.337231751605,-2559.1285113043673
501200.632195,1110.160163168284,-2291.797784565501
501211.665133,1060.8244272505979,-2072.3399459700518
501220.734269,1094.9585201554507,-1901.5743409863599
501248.622582,1240.7690544611748,-1682.2691095979915
501249.321909,1505.8015408954934,-1420.8330009109875
501249.322621,1505.8015408954934,-1420.8330009109875
501250.380587,1505.8015408954934,-1420.8330009109875
501260.470833,1657.3323550837338,-1277.7735819655297
501270.411064,1709.6732856093367,-1223.0094383863086
501295.007722,1794.7252415363805,-1136.09428946296
501295.243137,1818.4460852637876,-1063.6267500802714
501295.628528,1778.0351433327337,-973.8141514162043
501295.629241,1778.0351433327337,-973.8141514162043
501297.428765,1778.0351433327337,-973.8141514162043
501307.23526,1725.9717682593675,-860.7232460887235
501316.78122,1723.9154326053224,-854.0022229158216
501329.60872,1723.9154326053224,-854.0022229158216
501336.789515,1723.9154326053224,-854.0022229158216
501347.413935,1723.9154326053224,-854.0022229158216
501357.29609,1775.2740186034662,-806.2132677458156
501367.555569,1917.413072097681,-751.1915165681035
501376.790658,2063.510644040128,-660.0823835512424
501388.29712,2142.0825939608394,-559.9958849271396
501397.958428,2162.018103011911,-532.9120219167017
501407.354084,2235.519755999728,-430.3311326713517
501418.324739,2286.1994986845157,-353.7705639051219
501432.922076,2258.1954388026857,-218.11189421072825
501432.922787,2258.1954388026857,-218.11189421072825
501435.367047,2237.0459232588705,-202.7002701557817
501447.185978,2240.8118252969552,-166.48186733808794
501457.136466,2333.2556534764267,-11.54630570841583
501470.315989,2209.4656351657827,130.3787898324935
501475.800594,2203.320486648378,144.25349534759866
501485.741366,2203.320486648378,144.25349534759866
501495.958357,2210.2953254353856,168.28132143197385
501505.41308,2182.5609456556454,262.7102845321523
501515.808044,2130.539512065473,382.88954892813865
501526.065127,2116.075955302483,418.38383299855127
501536.397764,2116.075955302483,418.38383299855127
501546.545351,2112.835973079524,426.1649337392739
501556.782023,2065.0442740988833,537.052342261445
501569.455618,2030.6417744768703,620.0585094714838
501575.371243,2001.168618661616,738.1828868997264
501588.350322,1941.723300775798,877.1055003849623
501595.421806,1910.2524695988968,908.2498659677304
501605.420306,1869.8047395566039,896.8992253106866
501615.370562,1869.8047395566039,896.8992253106866
501625.713185,1861.1942784876442,903.3764619043411
501635.671292,1861.1942784876442,903.3764619043411
501645.804882,1861.1942784876442,903.3764619043411
501656.402433,1861.1942784876442,903.3764619043411
501665.717655,1861.1942784876442,903.3764619043411
501676.480816,1861.1942784876442,903.3764619043411
501685.756519,1861.1942784876442,903.3764619043411
501695.672959,1861.1942784876442,903.3764619043411
501705.67994,1861.1942784876442,903.3764619043411
501715.654283,1829.364437882229,934.9686217944867
501725.657936,1807.5857837874655,962.339793298462
501735.871903,1849.503604810896,1007.8174171880812
501746.06245,1849.503604810896,1007.8174171880812
501756.155282,1849.503604810896,1007.8174171880812
501766.404486,1879.0797205372537,1021.5432399166743
501776.564352,1916.854919057981,942.6513076744122
501791.360505,1951.6029079602595,841.7514272517292
501795.420476,1996.6688416508068,724.5237812694896
501808.888162,1993.4602596374816,668.7432143847554
501815.658971,1998.1304084737876,645.4383790547774
501825.421369,1937.0929034769683,565.4760761921764
501836.700786,1845.8251622753182,476.59096462063235
501845.354702,1824.140806057257,436.94467625469485
501858.088509,1928.379047342277,343.9869289538578
501868.362913,2010.3333108444463,266.9950958276911
501875.419397,2031.310593889117,252.8653693860649
501885.665123,2031.310593889117,252.8653693860649
501895.732808,1952.496548241045,0.06115564855538987
501906.333092,2055.2826928378713,-76.62024959761122
501915.372685,2155.652453314629,-153.3415656907615
501925.563537,2140.6505821638325,-218.68208743024812
501935.79139,2197.672742155876,-274.02703327876935
501945.409211,2249.6459107734986,-318.8513677822635
501955.838036,2273.4112639548616,-375.7025737509156
501965.369922,2265.433001516633,-392.6786372715391
501975.319616,2233.090989350426,-454.188379029061
501985.69251,2179.3744426563367,-514.2668827347159
501996.531353,2179.3744426563367,-514.2668827347159
502006.30636,2179.3744426563367,-514.2668827347159
502016.431219,2179.3744426563367,-514.2668827347159
502027.319811,2168.6808316099573,-525.2667760521986
502035.74982,2111.3218092017473,-602.4399707833091
502045.665411,2018.8378190954559,-716.5066276046048
502055.764474,2016.3338760638862,-717.9990366422477
502065.745148,2016.3338760638862,-717.9990366422477
502075.77115,2016.3338760638862,-717.9990366422477
502086.035473,2016.3338760638862,-717.9990366422477
502096.494167,2016.3338760638862,-717.9990366422477
502106.414077,2016.3338760638862,-717.9990366422477
502115.990056,2016.3338760638862,-717.9990366422477
502126.495582,2002.2631398535916,-731.3098093309537
502135.83958,2032.1950717623652,-865.2737788223216
502145.357091,2038.4129022667748,-878.7986091947943
502155.365818,2038.4129022667748,-878.7986091947943
502165.740039,2038.4129022667748,-878.7986091947943
502175.851027,2036.213929880049,-884.6663713386274
502185.769532,2061.055452946095,-956.3226887241824
502195.864234,2020.2208750569457,-1004.2987593771854
502206.494876,1945.8294737807241,-1039.8495685521398
502215.324216,1915.4417491053098,-1056.071803816104
502227.016353,1915.4417491053098,-1056.071803816104
502235.735126,1915.4417491053098,-1056.071803816104
502245.334535,1915.4417491053098,-1056.071803816104
502256.417349,1852.2240777594402,-1079.7945630306374
502265.418235,1845.3328311713162,-1081.3851601180438
502275.873269,1845.3328311713162,-1081.3851601180438
502285.912303,1845.3328311713162,-1081.3851601180438
502295.714724,1839.418798217547,-1085.1036131861001
502305.863977,1785.8396508957373,-1115.3225729646722
502315.702637,1732.848210517959,-1197.6943590691842
502330.705157,1640.9119120506812,-1280.0568495805287
502350.997988,1516.1085965852383,-1400.7938868839888
502351.006656,1330.138920044809,-1577.3985879624147
502351.316405,1290.2547071573426,-1614.0093201638126
502351.317126,1290.2547071573426,-1614.0093201638126
502352.781684,1252.9772430654857,-1648.65966629913
502363.114476,1157.4673991572465,-1810.2936876959955
502373.74657,1043.6369027414214,-1998.080071342791
502397.04839,1132.7233789831114,-2418.3481762517386
502397.049022,1132.7233789831114,-2418.3481762517386
502398.026781,1132.7233789831114,-2418.3481762517386
502408.952267,1136.1345782366254,-2428.6448862334537
502418.338282,1136.1345782366254,-2428.6448862334537
502428.949894,1136.1345782366254,-2428.6448862334537
502439.60085,1140.6232604394168,-2447.8123313030965
502448.999563,1149.6340844638405,-2600.3972989642416
502458.086338,1137.0973629856444,-2782.5503757422484
502468.098226,1122.628682082652,-2992.667276929416
502478.09774,1123.9898065172174,-3287.256780555695
502488.554107,1155.6907348106463,-3424.9216078390155
502498.561063,1197.9497945995938,-3609.7919403815467
502508.556871,1235.6620206730936,-3762.0671662295267
502519.738288,1265.8192426881428,-3893.1419169594847
502528.106349,1295.0651982350485,-4038.5750674852234
502539.258025,1189.1650563521264,-4229.3981919973985
502548.594735,1028.1481963794954,-4359.971962713397
502558.440066,850.253604732947,-4529.372599356242
511479.799189,-4505.1954904178965,173.3330781630039
511490.213323,-4503.651903629298,173.29448507889725
511500.396198,-4503.651903629298,173.29448507889725
511510.887174,-4503.651903629298,173.29448507889725
511520.926302,-4503.651903629298,173.29448507889725
511530.200875,-4503.651903629298,173.29448507889725
511540.233731,-4503.651903629298,173.29448507889725
511550.31285,-4503.651903629298,173.29448507889725
511560.184891,-4503.651903629298,173.29448507889725
511570.180543,-4503.651903629298,173.29448507889725
511579.790193,-4503.651903629298,173.29448507889725
511590.312152,-4503.651903629298,173.29448507889725
511599.841008,-4503.651903629298,173.29448507889725
511611.136821,-4503.651903629298,173.29448507889725
511619.797777,-4503.651903629298,173.29448507889725
511631.037618,-4503.651903629298,173.29448507889725
511641.232628,-4503.651903629298,173.29448507889725
511649.794913,-4503.651903629298,173.29448507889725
511660.72696,-4503.651903629298,173.29448507889725
511670.832911,-4503.651903629298,173.29448507889725
511680.247503,-4503.651903629298,173.29448507889725
511690.248305,-4503.651903629298,173.29448507889725
511699.791631,-4503.651903629298,173.29448507889725
511709.725313,-4503.651903629298,173.29448507889725
511719.719261,-4503.651903629298,173.29448507889725
511730.281499,-4503.651903629298,173.29448507889725
511740.518247,-4503.651903629298,173.29448507889725
511750.992205,-4502.574726660322,173.74472266595566
511760.280467,-4502.574726660322,173.74472266595566
511770.248582,-4502.574726660322,173.74472266595566
511780.258267,-4502.574726660322,173.74472266595566
511789.812352,-4502.574726660322,173.74472266595566
511800.26241,-4502.574726660322,173.74472266595566
511810.29222,-4502.574726660322,173.74472266595566
511820.676384,-4502.574726660322,173.74472266595566
511830.757707,-4502.574726660322,173.74472266595566
511841.095255,-4502.574726660322,173.74472266595566
511851.533511,-4502.574726660322,173.74472266595566
511860.292402,-4502.574726660322,173.74472266595566
511871.552413,-4502.574726660322,173.74472266595566
511880.308633,-4502.574726660322,173.74472266595566
511890.380341,-4502.574726660322,173.74472266595566
511900.238306,-4499.245388011872,173.7569657902151
511910.152197,-4496.497134142297,173.50594658842732
511920.186334,-4496.497134142297,173.50594658842732
511930.18173,-4496.497134142297,173.50594658842732
511940.881722,-4496.497134142297,173.50594658842732
511950.15893,-4496.497134142297,173.50594658842732
511961.045344,-4496.497134142297,173.50594658842732
511969.823317,-4496.497134142297,173.50594658842732
511981.555287,-4496.497134142297,173.50594658842732
511989.792163,-4496.497134142297,173.50594658842732
512000.224396,-4496.497134142297,173.50594658842732
512010.223173,-4496.497134142297,173.50594658842732
512020.270991,-4496.497134142297,173.50594658842732
512030.156134,-4496.497134142297,173.50594658842732
512040.17572,-4496.497134142297,173.50594658842732
512050.89213,-4496.497134142297,173.50594658842732
512060.920389,-4496.497134142297,173.50594658842732
512070.831005,-4496.497134142297,173.50594658842732
512080.935756,-4496.497134142297,173.50594658842732
512090.449056,-4496.497134142297,173.50594658842732
512100.716176,-4496.497134142297,173.50594658842732
512109.792393,-4487.314772473485,169.99935410796684
512120.030995,-4487.314772473485,169.99935410796684
512130.036713,-4487.314772473485,169.99935410796684
512140.038694,-4487.314772473485,169.99935410796684
512150.105615,-4487.314772473485,169.99935410796684
512159.806508,-4487.314772473485,169.99935410796684
512170.031419,-4487.314772473485,169.99935410796684
512180.76299,-4487.314772473485,169.99935410796684
512190.03162,-4487.314772473485,169.99935410796684
512201.355935,-4487.314772473485,169.99935410796684
512210.03699,-4487.314772473485,169.99935410796684
512220.805586,-4487.314772473485,169.99935410796684
512229.804868,-4487.314772473485,169.99935410796684
512240.042273,-4487.314772473485,169.99935410796684
512250.046934,-4487.314772473485,169.99935410796684
512260.337522,-4487.314772473485,169.99935410796684
512266.015705,-4484.519066360652,174.08956151733616
512270.268348,-4434.69988558759,175.48835394962094
512279.793462,-4322.615369428233,164.65188346574186
512289.899928,-4248.401701709714,167.33863178479103
512300.919349,-4173.2413729765885,196.4763525811707
512310.206756,-4091.8186122178035,222.01093142235976
512320.314517,-4039.8597371423284,238.89023621575197
512330.095951,-3951.115150108506,269.1125014625553
512342.289361,-3863.3810089598096,304.14455393801427
512349.75029,-3812.0348014426168,339.2690848423899
512360.731195,-3809.468727999033,340.8360117934397
512370.185101,-3774.6707379555905,360.1972508167351
512380.24868,-3709.754165401473,414.59280210811096
512390.85732,-3593.3123622007984,529.565848742718
512406.87028,-3530.081996151371,579.0026526283714
512409.750851,-3450.208725695958,604.8761154342047
512420.449362,-3302.043260989167,648.2703642868099
512430.387528,-3197.3708114749165,715.5735541760191
512442.073622,-3173.786154532235,727.5957414220582
512450.294944,-3158.2532859330217,740.7889023004457
512460.175697,-3086.829480576572,782.1254729180989
512469.743263,-2993.0191247903094,844.6165456004821
512479.759504,-2900.374083580219,924.9198514227388
512493.371867,-2838.947779389282,1006.0480081903818
512500.484978,-2787.3306051018844,1074.1361808557085
512510.905002,-2739.316020818691,1132.9336093129718
512520.817856,-2703.0933329848453,1168.2899492748488
512529.810283,-2668.003827799457,1179.2392359323185
512542.336212,-2668.003827799457,1179.2392359323185
512552.591306,-2668.003827799457,1179.2392359323185
512561.126798,-2668.003827799457,1179.2392359323185
512570.560989,-2554.3338249254225,1220.503820283948
512580.789769,-2415.8753622803315,1261.631707152712
512589.749687,-2327.8906398538925,1288.9908364224812
512600.448872,-2304.9454957318044,1296.1783393811495
512610.025986,-2304.9454957318044,1296.1783393811495
512619.816798,-2304.9454957318044,1296.1783393811495
512629.716509,-2304.9454957318044,1296.1783393811495
512639.727654,-2255.7991914857557,1308.1690842692728
512649.797174,-2152.186254736395,1342.588740025739
512659.747864,-2080.1405645657323,1366.2442025629796
512670.1406,-2080.1405645657323,1366.2442025629796
512679.804226,-2080.1405645657323,1366.2442025629796
512690.081112,-1970.085751680746,1410.7270518342848
512700.152853,-1837.4539252299937,1454.4126317938803
512709.735127,-1702.917450414716,1493.742547477365
512719.706997,-1524.8566173048005,1553.6846485256226
512729.70633,-1429.5097694740011,1587.5734661736924
512740.733187,-1339.7705263484868,1614.7322428028936
512749.8039,-1206.250791464162,1659.4961113585962
512760.232367,-1153.8770665265752,1656.6769924957352
512772.103532,-1128.1213774637224,1571.3137120212568
512780.571737,-1056.186374626143,1468.1012824670427
512789.719544,-1007.029998884895,1398.977809021936
512799.748983,-918.2127797185364,1396.0552575872796
512810.395009,-823.0092012060327,1430.5945820863574
512819.708285,-822.4379356019972,1430.8623228810343
512829.719891,-822.4379356019972,1430.8623228810343
512840.826913,-822.4379356019972,1430.8623228810343
512850.848377,-822.4379356019972,1430.8623228810343
512859.711082,-822.4379356019972,1430.8623228810343
512870.250752,-780.2614459996992,1448.5414630696753
512880.174013,-694.2062968291361,1477.498896187769
512890.456993,-611.938492232482,1501.8751965815627
512900.603611,-549.6014780436757,1478.0195333174486
512913.766969,-539.4454808154263,1421.7357190650182
512923.623265,-547.0409949399464,1322.9221796693341
512932.593204,-560.9724850870407,1205.3254115002733
512940.285023,-561.6968095406231,1202.5220687454957
512950.15643,-559.1681257971261,1190.7992294879157
512960.84116,-574.7340708832987,1134.4575604786667
512971.192575,-579.8512691209027,1086.866861165232
512980.131599,-533.3308777704557,1064.2039325608366
512990.156689,-496.13758457750305,1064.443017341644
513000.05363,-496.13758457750305,1064.443017341644
513009.714198,-496.13758457750305,1064.443017341644
513020.049872,-426.79926242334193,1059.2704671496294
513029.759407,-384.49374153500406,1060.3607217867666
513042.453438,-379.888276137634,1062.5424054017249
513050.229173,-333.55679624399033,1081.3033963361079
513060.085005,-306.9624091344472,1087.4062924788502
513070.579555,-261.55025957878684,1099.0502676391218
513081.295384,-207.47453331900346,1117.1947242801823
513090.070729,-184.04509203079974,1125.0605325998501
513100.144437,-205.82933984279896,1156.8697366703132
513110.106974,-231.46897327714743,1189.4093858943759
513120.097504,-260.7700418721916,1221.3074132494498
513130.208101,-272.8017695452266,1239.6713336375103
513140.45864,-243.25625032152433,1256.4104823570385
513150.703813,-223.22562258908397,1242.7721106898314
513160.808917,-200.77500522998193,1215.049608627974
513170.032921,-185.71083381124038,1194.6808212049855
513180.73521,-185.71083381124038,1194.6808212049855
513191.399376,-185.71083381124038,1194.6808212049855
513200.173928,-185.71083381124038,1194.6808212049855
513210.032768,-185.71083381124038,1194.6808212049855
513220.385908,-156.92017123685648,1156.746415910956
513230.124015,-181.36253585786227,1132.6298072665948
513240.068818,-196.2758980910574,1144.9699068898017
513250.563266,-218.6527681538783,1175.1826877105166
513260.726098,-228.0657544330755,1186.235753443149
513270.664153,-228.0657544330755,1186.235753443149
513280.222508,-242.84485395635454,1203.2243214911982
513290.71389,-276.21069195139626,1239.759363508013
513300.15168,-302.66038930628633,1270.341101126608
513310.135351,-349.470644555685,1319.844545182905
513320.191014,-398.23156467674244,1379.2742053108884
513330.675844,-433.3469053911674,1415.7982937547204
513340.215317,-463.9364958120952,1449.0509440736816
513350.278508,-480.59998349718654,1470.6529960962423
513361.538631,-478.2660002679585,1500.6697265959579
513370.315081,-452.8425643733264,1560.5191039546391
513380.295679,-545.713013245681,1583.616608856895
513392.081154,-611.1401184113173,1542.0125907351505
513400.192602,-653.4915058802525,1488.1987050035987
513410.225816,-709.6687285591348,1482.9426889979666
513420.264613,-739.1726591437132,1534.5648564250148
513430.315302,-784.6341958583756,1514.0897839297556
513440.187629,-777.6707150624793,1477.9084709729284
513450.441735,-791.5077958115623,1447.6359128788758
513460.294914,-880.2525627598598,1419.5170539511425
513470.795686,-983.5247557382477,1407.7621846931495
513480.457428,-975.3551960478281,1455.9344816994392
513490.915735,-939.438049827537,1437.5009520542842
513500.99132,-856.1597267304803,1263.9935464595683
513511.307493,-771.5783719858665,1117.6919917081923
513520.936109,-757.2758489076898,931.9941149381343
513530.079908,-863.5300087895994,755.8520676064559
513541.110905,-998.3565060336858,693.8060561837457
513549.744346,-1078.9355458583402,684.6168288434051
513560.534851,-1119.894985526353,784.6653802002345
513570.053525,-1184.5728268605599,833.8846947250402
513580.143509,-1272.7148184248254,860.2544713129083
513590.723341,-1333.3154570819602,907.7962952412512
513601.327952,-1357.7864256608902,933.2516705323504
513610.044551,-1391.5722917242256,934.1066399648415
513620.758106,-1485.0893536127455,820.5890990582394
513629.951449,-1557.1513916397032,783.2732361500141
513640.274337,-1551.6478318089842,762.6426337279617
513650.044777,-1525.104156210664,629.0344651652714
513661.679931,-1550.7414789992417,541.3282586454984
513669.768785,-1550.7414789992417,541.3282586454984
513680.161268,-1550.7414789992417,541.3282586454984
513690.255926,-1550.7414789992417,541.3282586454984
513700.977506,-1550.7414789992417,541.3282586454984
513710.997548,-1550.7414789992417,541.3282586454984
513720.908407,-2512.4214893009353,281.86759551014035
513731.186476,-2650.2120579537964,160.5122822045916
513741.34102,-2688.856390908967,76.92143326266563
513750.076396,-2702.9001383398268,34.40565803973265
513760.577836,-2779.771213055236,-97.77295002380531
513769.713271,-2890.2688300146633,-185.34645578123266
513780.495689,-3030.391945928467,-174.4713035141404
513793.488014,-3108.750455588937,-143.28836681735365
513799.762545,-3108.750455588937,-143.28836681735365
513812.135951,-3108.750455588937,-143.28836681735365
513820.832982,-3154.0904252226724,-122.3304460694401
513831.01631,-3263.0115434741933,-83.56784333032631
513840.977145,-3358.0147876416336,-48.85783152171181
513851.975012,-3507.351796595105,-69.49494177849633
513860.221679,-3571.595846828609,-119.87164311586989
513871.147686,-3615.043441030845,-168.53195801042287
513880.286777,-3654.208427503186,-201.96843234830754
513890.144261,-3661.213229441526,-210.20609324239837
513900.143688,-3723.6051692491455,-272.2767690605869
513912.102319,-3759.3234410355403,-307.04416456088495
513920.357769,-3759.3234410355403,-307.04416456088495
513930.701631,-3759.3234410355403,-307.04416456088495
513941.004256,-3761.872935865797,-311.1918290859694
513950.936216,-3825.643217326412,-355.3034047626555
513959.756006,-3946.817610037938,-397.33793070013826
513969.804356,-4127.829047754655,-339.4283406995188
513980.241065,-4270.459948771293,-277.5195679146442
513989.985681,-4389.278834591095,-228.81235201389106
514000.046595,-4424.599496477672,-194.96993873206745
514010.039742,-4424.599496477672,-194.96993873206745
514020.144754,-4424.599496477672,-194.96993873206745
514030.885394,-4460.218890275011,-225.02272136107214
514041.095476,-4488.452898329617,-338.62147225028957
578010.63116,-739.7136214957042,-4498.744538157976
578020.597614,-713.1583031345524,-4373.606205457438
578031.887899,-693.364131342982,-4258.991515233893
578042.647988,-589.9549809717826,-4100.47191596582
578053.501928,-497.31920678030707,-3979.0453010240226
578060.601703,-415.6838301109287,-3858.85231764824
578072.36079,-380.0540711633871,-3816.9543469504656
578080.615566,-380.0540711633871,-3816.9543469504656
578090.616479,-368.590532694206,-3803.0254371552296
578100.650616,-333.2517270443274,-3715.9443848688406
578110.622198,-318.2807886392283,-3604.561372166534
578120.574264,-304.396537849009,-3485.1403928837935
578130.555751,-279.166940519731,-3317.0789749364358
578142.190353,-266.1766508682473,-3202.8841737875327
578150.699973,-255.91092342278955,-3103.2539110035623
578161.419076,-243.3790348631862,-2995.9022673207637
578173.878932,-230.22258725348846,-2903.941003394592
578180.616946,-220.85098375416558,-2823.0596325103515
578191.571136,-211.74635497838472,-2766.0926021109854
578200.8488,-211.00813667476984,-2764.6181077703645
578210.848425,-211.00813667476984,-2764.6181077703645
578222.88128,-211.00813667476984,-2764.6181077703645
578230.599262,-211.00813667476984,-2764.6181077703645
578240.599382,-211.00813667476984,-2764.6181077703645
578250.607348,-203.89874250115344,-2692.1713550227237
578260.994351,-196.9350390816529,-2613.5854323330964
578272.103359,-184.032325921707,-2517.6864124424787
578285.709337,-157.28510216534664,-2349.655049861482
578290.619437,-91.76621304148993,-2263.5170352126297
578300.608429,-80.0685903410382,-2191.0584459392676
578312.232409,-41.27967798455623,-2095.407047703502
578320.948213,12.213302626208023,-1989.0349339490226
578330.643342,63.47280696692996,-1886.593584649841
578340.931035,126.32184487680523,-1810.316921453401
578350.657552,109.13575849772748,-1728.8069573998282
578360.607319,98.06821737112293,-1634.3346209857348
578370.865454,173.2059217859863,-1544.370344937951
578381.546261,204.0599870068263,-1457.8639219511142
578390.59453,181.66043190097227,-1359.876976470055
578400.612581,188.0140764450195,-1278.5943977718266
578413.160303,119.03644321961613,-1220.174732164001
578420.544393,11.900885563034487,-1132.6754146015282
578430.544465,-82.51574418028721,-1032.1717521763183
578440.638686,-124.43076803877702,-993.5816581397069
578450.637092,-103.47936983438007,-914.0450560260389
578460.637151,-141.2040594512937,-769.2133432731879
578470.594847,-167.70925678325096,-688.4196431452925
578486.095523,-197.94163552303812,-581.6840214601106
578490.552496,-143.1395321053839,-433.384541834205
578500.581303,-78.59511387588199,-355.97478322990526
578511.880455,-55.64684644315593,-272.63708830104565
578522.168512,-33.2543716076133,-161.02686487968867
578532.260422,5.152061872818493,-106.31688281616529
578541.267263,-11.810177333365825,-31.101908443685552
578551.011514,90.94903815868138,3.7009847599525405
578560.551803,176.5916700321138,24.98147901195382
578570.523494,214.20631642676625,-31.06251783688723
578580.938669,266.4028825216235,-81.93700924635534
578590.94657,340.855916983777,-75.760483155137
578601.628897,347.1914640813177,-73.06195858843675
578611.694187,347.7748171577972,-60.550364927526076
578620.564391,377.5180986400307,-5.5422572845728295
578632.868952,434.9543916204135,40.58561062332235
578642.032855,509.57679107841415,99.55439615719045
578650.856665,513.7004810722966,103.23032621138456
578663.889375,513.7004810722966,103.23032621138456
578670.557091,513.7004810722966,103.23032621138456
578680.533328,493.70427358691745,94.15491398481731
578690.534735,412.16145757241105,20.571124828361587
578701.241444,375.43016022632133,-9.50361321057764
578711.932497,375.43016022632133,-9.50361321057764
578721.506754,375.43016022632133,-9.50361321057764
578731.057025,375.43016022632133,-9.50361321057764
578740.995783,375.43016022632133,-9.50361321057764
578754.28896,331.632630735402,-46.451627441214015
578760.52465,240.44562486661985,-77.34431208310943
578770.897902,207.87257806275596,-8.985479590291437
578780.552281,155.85007584721504,36.1262959072764
578790.892769,11.99497537900376,-7.192900237871312
578801.149366,-50.46446722735148,-75.01763301772895
578811.158002,2.9005742870387814,-151.13976954892985
578812.285684,30.08998439097583,-156.0598145618432
578822.240777,60.13039559043162,-151.0482016717486
578831.759082,60.43441332071232,-97.4162432659149
578841.597931,38.712778879501904,-94.54418781951881
578851.549724,38.712778879501904,-94.54418781951881
578862.09925,38.712778879501904,-94.54418781951881
578870.880945,38.712778879501904,-94.54418781951881
578880.908437,38.712778879501904,-94.54418781951881
578890.886268,38.712778879501904,-94.54418781951881
578900.562007,38.712778879501904,-94.54418781951881
578910.869802,38.712778879501904,-94.54418781951881
578921.05956,38.712778879501904,-94.54418781951881
578930.908635,38.712778879501904,-94.54418781951881
578941.732973,38.712778879501904,-94.54418781951881
578951.593015,38.712778879501904,-94.54418781951881
578960.876425,38.712778879501904,-94.54418781951881
578970.874314,38.712778879501904,-94.54418781951881
578980.875657,38.712778879501904,-94.54418781951881
578990.852633,38.712778879501904,-94.54418781951881
579000.947202,38.712778879501904,-94.54418781951881
579010.880313,38.712778879501904,-94.54418781951881
579020.528138,38.712778879501904,-94.54418781951881
579030.928491,38.712778879501904,-94.54418781951881
579041.89907,38.712778879501904,-94.54418781951881
579051.536877,38.712778879501904,-94.54418781951881
579060.537614,38.712778879501904,-94.54418781951881
579072.396764,38.712778879501904,-94.54418781951881
579081.137742,38.712778879501904,-94.54418781951881
579090.844755,38.712778879501904,-94.54418781951881
579100.865233,38.712778879501904,-94.54418781951881
579110.874547,38.712778879501904,-94.54418781951881
579120.900407,38.88063834773477,-89.74193506610246
579130.884999,41.95346665414698,-87.2115884947863
579140.915215,41.27388445897178,-87.89458175628451
579150.625172,37.57527444467086,-92.69593920143912
579160.857073,37.043870002243956,-95.78113250652635
579170.868352,38.63788044120393,-94.24743575236548
579180.544117,35.97255870129033,-90.0989864483537
579191.215197,32.66268446522217,-90.47730522330376
579200.885015,32.40219133172178,-90.91346418397707
579210.935628,32.08169430909534,-94.09994639478168
579221.084865,36.03244645392435,-94.37023737717442
579230.927416,32.743294631423666,-95.17696402152812
579240.906107,34.110973786097375,-96.91987277708702
579250.972559,35.79424179754475,-95.82129687664454
579261.681077,32.86175581438334,-94.53052927653069
579270.529071,33.37784354993949,-95.29577584409837
579281.655283,34.88487995427073,-94.78897931586562
579290.529101,37.20118071918183,-96.30389203022524
579300.560175,33.90370629942113,-101.03564875899933
579311.640761,36.23186844508229,-102.89453344848897
579320.911075,38.20493388550219,-100.47334603656789
579330.919333,38.26415090894457,-98.04098930084258
579340.900529,36.58025760235578,-94.99497009845312
579350.935789,35.3823328547918,-94.2231375358067
579361.140331,37.700624944667695,-92.3426688304746
579371.569721,34.47549244029221,-88.95708908696307
579381.640469,33.22090769810878,-86.72971531973245
579390.563673,34.94192150227302,-92.45191327558018
579402.137697,32.2633740611488,-97.72597420996401
579410.566888,30.210130919115606,-97.30733729099975
579420.859634,32.97000349448487,-91.7462503945143
579431.887147,35.95334224567974,-86.61160543232752
579440.871327,39.83236057609302,-84.81805911264809
579450.881832,36.507950457397655,-87.35410563743929
579461.357549,32.171088249769966,-86.43673891632274
579471.088643,29.72988143224287,-89.30736647768194
579481.619091,33.00702666800213,-91.51339398227454
579491.042476,33.22713884158154,-89.03851771077237
579500.885895,34.31503703236576,-88.47951145020674
579510.575033,39.372856871069565,-87.98654637792137
579521.649983,38.714402193913955,-88.63393355500186
579530.534017,33.95340177649863,-89.99578579003743
579540.879608,31.811619897022524,-89.11109321951251
579550.564364,33.11232409752921,-93.97125274014539
579560.921932,36.16130513278359,-90.86522735427097
579570.928505,39.410485124690226,-84.71271249062649
579580.976589,36.846394449776284,-84.19839940761985
579591.679271,31.574186828925274,-90.22274923931398
579601.630252,31.348142255312453,-93.43588550438268
579610.892606,35.94524585534361,-96.57147839227237
579621.603575,33.717979916291,-96.46031523832879
579631.89879,33.03381506124031,-96.70259715468907
579642.410825,27.83616229849975,-95.09109916935779
579650.925708,35.16514471672835,-91.66467397001664
579660.872979,39.706728203115304,-91.18193146575285
579670.532249,38.82956010289734,-89.07294413755619
579680.867297,36.86336198877814,-87.21382941320697
579691.052416,37.47228086724616,-92.63643945728832
579701.632349,39.08994383815344,-94.68004759360016
579711.570346,36.63499433552253,-94.46443156504513
579721.658305,28.643909597925614,-92.28025608660151
579731.552506,29.27223055967349,-92.7364835018923
579741.796833,29.656381155264725,-92.79331364815121
579750.899283,32.56069400228599,-88.62812956946917
579763.277927,32.48166808985587,-87.99742861790912
579770.976418,33.87874655694957,-86.66189575848178
579781.90304,33.243711433253644,-87.4816878700652
579790.576344,30.163251191369252,-88.17567579989385
579802.092371,28.40897926232689,-89.69963661688128
579813.102013,33.03580901688009,-88.28059286157578
579821.967189,37.7213449351133,-86.46277317778657
579831.548515,35.787209797284966,-85.7071017075335
579841.885795,37.907387795372784,-87.56728957390733
579850.967142,40.13095194491688,-89.25979907520987
579865.082015,41.55594087779774,-88.76499785076734
579871.077012,41.55594087779774,-88.76499785076734
579880.56959,41.55594087779774,-88.76499785076734
579894.218075,41.55594087779774,-88.76499785076734
579900.536215,40.42380028410981,-88.74594310805557
579910.799697,31.126252657187905,-91.53526869144937
579921.609407,30.91125364544616,-97.75460255072208
579931.133746,32.70917745282508,-96.94004269808728
579942.42482,32.89544459483767,-96.16524787771318
579951.528162,34.20600121708772,-95.62954402022311
579962.716416,31.59024226216643,-95.2468806966672
579970.934397,32.464306773662976,-92.62449206498744
579980.872888,34.7490854373251,-88.71305259577883
579990.857963,37.16937004827258,-82.60526696698557
580003.012086,36.9373491596348,-77.68016210056754
580010.942567,41.722917973704725,-73.07180585674843
580020.554385,44.35646833595943,-74.71938581309283
580031.563342,44.70999403190089,-75.2062342663886
580040.885928,41.475991482521046,-77.49897702660049
580051.625046,40.741280303858424,-90.05578411279632
580061.696718,39.53823321598836,-91.06493573532218
580072.017029,39.53823321598836,-91.06493573532218
580080.856594,39.53823321598836,-91.06493573532218
580090.870296,39.53823321598836,-91.06493573532218
580101.046989,39.53823321598836,-91.06493573532218
580110.939128,39.53823321598836,-91.06493573532218
580121.101785,39.53823321598836,-91.06493573532218
580131.359456,29.10242262778209,-96.41976083040103
580140.562754,29.102422785510544,-96.41976068656861
580151.999804,29.102422785510544,-96.41976068656861
580152.740921,29.102422785510544,-96.41976068656861
580152.74157,29.102422785510544,-96.41976068656861
580154.223522,29.102422785510544,-96.41976068656861
580169.42937,29.102422785510544,-96.41976068656861
580175.107824,29.102422785510544,-96.41976068656861
580187.1193,29.102422785510544,-96.41976068656861
580194.640351,29.102422785510544,-96.41976068656861
580204.723898,29.102422785510544,-96.41976068656861
580215.564246,29.102422785510544,-96.41976068656861
580224.699551,29.102422785510544,-96.41976068656861
580234.251554,29.102422785510544,-96.41976068656861
580244.792725,29.102422785510544,-96.41976068656861
580254.863689,29.102422785510544,-96.41976068656861
580264.239298,29.102422785510544,-96.41976068656861
580275.412013,29.102422785510544,-96.41976068656861
580285.61242,29.102422785510544,-96.41976068656861
580295.499818,29.102422785510544,-96.41976068656861
580304.69897,29.102422785510544,-96.41976068656861
580314.727649,29.102422785510544,-96.41976068656861
580324.689233,29.102422785510544,-96.41976068656861
580334.669168,29.102422785510544,-96.41976068656861
580344.661542,29.102422785510544,-96.41976068656861
580354.669798,29.102422785510544,-96.41976068656861
580364.837593,29.102422785510544,-96.41976068656861
580375.482726,29.102422785510544,-96.41976068656861
580384.730698,29.102422785510544,-96.41976068656861
580395.433394,29.102422785510544,-96.41976068656861
580406.225271,29.102422785510544,-96.41976068656861
580414.699792,29.102422785510544,-96.41976068656861
580424.702996,29.102422785510544,-96.41976068656861
580434.700316,29.102422785510544,-96.41976068656861
580444.681137,29.102422785510544,-96.41976068656861
580454.693276,29.102422785510544,-96.41976068656861
580464.56122,29.102422785510544,-96.41976068656861
580475.298967,9.810893411077034,-95.87632708037722
580485.44539,6.180274361120043,-88.56463583593344
580495.696071,6.180274361120043,-88.56463583593344
580505.351185,6.180274361120043,-88.56463583593344
580515.65999,6.180274361120043,-88.56463583593344
580524.215493,6.180274361120043,-88.56463583593344
580534.571424,6.180274361120043,-88.56463583593344
580544.641632,6.180274361120043,-88.56463583593344
580554.652116,6.056428400113158,-81.93473928316307
580564.599757,6.056463187197221,-81.93460072266923
580574.673829,6.056463187197221,-81.93460072266923
580585.044318,6.056463187197221,-81.93460072266923
580595.435635,6.056463187197221,-81.93460072266923
580605.513937,6.056463187197221,-81.93460072266923
580614.26233,6.056463187197221,-81.93460072266923
580625.476805,6.056463187197221,-81.93460072266923
580634.31192,6.056463187197221,-81.93460072266923
580644.648038,6.056463187197221,-81.93460072266923
580655.726576,4.732045104415266,-76.5892367218909
580664.573283,4.732045104415266,-76.5892367218909
580674.628315,4.732045104415266,-76.5892367218909
580684.560496,4.732045104415266,-76.5892367218909
580694.705429,4.732045104415266,-76.5892367218909
580705.331239,4.732045104415266,-76.5892367218909
580715.300321,4.732045104415266,-76.5892367218909
580726.055906,4.732045104415266,-76.5892367218909
580734.734481,4.732045104415266,-76.5892367218909
580745.561119,4.732045104415266,-76.5892367218909
580754.262776,4.732045104415266,-76.5892367218909
580764.569219,4.732045104415266,-76.5892367218909
580774.260967,4.732045104415266,-76.5892367218909
580784.604025,4.732045104415266,-76.5892367218909
580794.661852,4.732045104415266,-76.5892367218909
580804.821258,4.732045104415266,-76.5892367218909
580815.25721,4.732045104415266,-76.5892367218909
580832.130526,4.732045104415266,-76.5892367218909
580834.575989,4.732045104415266,-76.5892367218909
580844.979174,4.732045104415266,-76.5892367218909
580854.626512,4.732045104415266,-76.5892367218909
580864.553294,4.732045104415266,-76.5892367218909
580874.59029,4.732045104415266,-76.5892367218909
580884.249015,4.732045104415266,-76.5892367218909
580894.248446,4.732045104415266,-76.5892367218909
580904.262738,4.732045104415266,-76.5892367218909
580914.665229,4.732045104415266,-76.5892367218909
580925.400141,4.732045104415266,-76.5892367218909
580935.258747,4.732045104415266,-76.5892367218909
580945.373303,4.732045104415266,-76.5892367218909
580955.262423,4.732045104415266,-76.5892367218909
580965.818961,4.732045104415266,-76.5892367218909
580974.578861,4.732045104415266,-76.5892367218909
580984.247316,4.732045104415266,-76.5892367218909
580994.554504,4.732045104415266,-76.5892367218909
581004.250279,4.732045104415266,-76.5892367218909
581014.250406,4.732045104415266,-76.5892367218909
581025.153052,4.732045104415266,-76.5892367218909
581035.249345,4.732045104415266,-76.5892367218909
581044.569078,4.732045104415266,-76.5892367218909
581054.766526,4.752761318959713,-75.85394369777215
581065.329562,4.752761318959713,-75.85394369777215
581074.591977,4.752761318959713,-75.85394369777215
581084.601507,4.752761318959713,-75.85394369777215
581094.558836,4.752761318959713,-75.85394369777215
581104.237763,4.752761318959713,-75.85394369777215
581114.54518,4.752761318959713,-75.85394369777215
581124.218581,4.752761318959713,-75.85394369777215
581134.52841,4.752761318959713,-75.85394369777215
581148.04446,4.752761318959713,-75.85394369777215
581154.85427,4.752761318959713,-75.85394369777215
581165.326515,4.752761318959713,-75.85394369777215
581175.312476,4.752761318959713,-75.85394369777215
581184.562451,4.752761318959713,-75.85394369777215
581195.595104,4.752761318959713,-75.85394369777215
581205.127393,4.752761318959713,-75.85394369777215
581214.57195,4.752761318959713,-75.85394369777215
581224.570702,4.752761318959713,-75.85394369777215
581235.123499,4.752761318959713,-75.85394369777215
581245.920772,4.752761318959713,-75.85394369777215
581254.231823,4.752761318959713,-75.85394369777215
581265.319881,4.752761318959713,-75.85394369777215
581274.221283,4.752761318959713,-75.85394369777215
581285.654942,4.752761318959713,-75.85394369777215
581295.029903,4.752761318959713,-75.85394369777215
581304.220943,4.752761318959713,-75.85394369777215
581314.572155,4.752761318959713,-75.85394369777215
581324.80297,4.752761318959713,-75.85394369777215
581335.030928,4.752761318959713,-75.85394369777215
581344.975967,4.752761318959713,-75.85394369777215
581354.234662,4.752761318959713,-75.85394369777215
581364.58671,4.752761318959713,-75.85394369777215
581375.215954,4.752761318959713,-75.85394369777215
581386.125671,4.752761318959713,-75.85394369777215
581395.220016,4.752761318959713,-75.85394369777215
581404.663857,4.752761318959713,-75.85394369777215
581414.605145,4.752761318959713,-75.85394369777215
581424.582732,4.752761318959713,-75.85394369777215
581434.570552,4.752761318959713,-75.85394369777215
581444.577082,4.752761318959713,-75.85394369777215
581454.638449,4.752761318959713,-75.85394369777215
581465.99011,4.752761318959713,-75.85394369777215
581474.252063,4.752761318959713,-75.85394369777215
581485.389762,4.752761318959713,-75.85394369777215
581494.308754,4.752761318959713,-75.85394369777215
581504.310013,4.752761318959713,-75.85394369777215
581514.611834,4.752761318959713,-75.85394369777215
581524.604167,4.752761318959713,-75.85394369777215
581534.851052,4.752761318959713,-75.85394369777215
581544.682719,4.752761318959713,-75.85394369777215
581554.647345,4.752761318959713,-75.85394369777215
581565.153276,4.752761318959713,-75.85394369777215
581575.600044,4.752761318959713,-75.85394369777215
581584.567788,4.752761318959713,-75.85394369777215
581594.236752,4.752761318959713,-75.85394369777215
581605.30007,4.752761318959713,-75.85394369777215
581614.228172,4.752761318959713,-75.85394369777215
581624.221849,4.752761318959713,-75.85394369777215
581634.575744,4.752761318959713,-75.85394369777215
581644.557151,4.752761318959713,-75.85394369777215
581654.576402,4.752761318959713,-75.85394369777215
581664.606802,4.752761318959713,-75.85394369777215
581674.239735,4.752761318959713,-75.85394369777215
581684.8003,4.752761318959713,-75.85394369777215
581694.630662,4.752761318959713,-75.85394369777215
581700.05266,4.752761318959713,-75.85394369777215
581705.044909,1.585801828962406,-71.57850952205573
581715.570974,-12.952304185816468,-49.33652341060573
581724.27918,-10.034325256495904,-26.757641352581118
581734.258438,0.25239576392182056,-19.060214976612894
581744.222035,30.370594733231673,-7.724981270219968
581754.757232,70.8234695620935,-4.638288429676506
581764.679366,78.87010741593113,-2.1726347007972286
581774.222591,88.77545388185386,-0.3703003053589699
581784.762508,140.34281047439424,24.291554181302853
581795.270554,203.59806590221154,11.245784320445392
581806.565162,229.0275662851299,-62.15236280952667
581817.720077,279.4343829842733,-78.62386851954972
581824.265093,353.3510358686705,-60.88177345783328
581834.587389,353.7462878828174,-60.71543327659439
581845.819303,353.7462878828174,-60.71543327659439
581855.137759,351.0470545255339,5.478540823632588
581866.804253,352.7364298921509,11.67866469399081
595485.200084,896.0823096954092,-833.8645387642215
595485.200775,896.0823096954092,-833.8645387642215
597379.245408,-785.6751545131846,-4619.421948913858
597392.132593,-750.4046254172538,-4522.993320110741
597399.248207,-732.7380887443427,-4444.6475216254485
597409.253421,-737.3412529239062,-4432.799319523175
597419.364158,-737.3412529239062,-4432.799319523175
597429.348006,-737.3412529239062,-4432.799319523175
597440.192533,-731.1795751833964,-4415.028114636633
597449.279503,-711.8464445811286,-4333.325551481548
597459.39922,-693.6187845871286,-4232.782031248368
597469.229971,-639.2529431538907,-4140.345618412671
597480.634942,-542.1656698790948,-4049.4648005514373
597489.795036,-462.6439697669667,-3916.2418058363555
597499.262381,-414.48032234444634,-3856.1720542113417
597509.261168,-402.94530387737916,-3843.544598956572
597519.260057,-402.94530387737916,-3843.544598956572
597529.215144,-402.94530387737916,-3843.544598956572
597541.415207,-402.94530387737916,-3843.544598956572
597549.488343,-402.94530387737916,-3843.544598956572
597559.71331,-393.8624414354591,-3834.126261831789
597569.377832,-355.94110281832053,-3790.7074716982356
597583.670005,-332.1402639284041,-3724.0423394871236
597589.266478,-324.4375582370311,-3646.391203216634
597601.047779,-310.5439365916916,-3545.48751358786
597610.465172,-288.65472817793193,-3392.282270749372
597619.247298,-281.8397850286802,-3312.9311005429045
597629.248,-281.8252223504952,-3308.41915427868
597639.246482,-273.8936205778674,-3254.567291546172
597649.246084,-262.0827347928664,-3154.3748298744304
597663.4261,-250.65497621561283,-3046.565099899735
597669.240946,-238.6397708288563,-2950.34850456516
597679.491035,-225.02778082884288,-2861.856497405383
597691.361056,-212.6398340204923,-2798.7237644326633
597699.649963,-211.78241499430158,-2797.4106880310023
597709.253693,-211.78241499430158,-2797.4106880310023
597721.808129,-211.78241499430158,-2797.4106880310023
597729.479822,-211.78241499430158,-2797.4106880310023
597739.566821,-211.78241499430158,-2797.4106880310023
597749.519866,-211.78241499430158,-2797.4106880310023
597759.584784,-203.1067853176578,-2698.51878289395
597769.923188,-190.73951239338427,-2599.8502171667487
597779.526588,-175.69046933178353,-2497.7538532135395
597791.738513,-164.32072800646716,-2405.9690086958026
597801.691779,-164.32072800646716,-2405.9690086958026
597809.568398,-164.32072800646716,-2405.9690086958026
597819.73875,-159.45657732079277,-2357.26358073071
597829.640162,-108.64704306645108,-2282.1298049093093
597840.150785,-80.28197790499893,-2205.4242178010327
597849.19211,-79.4389937359872,-2172.493630559157
597859.647928,-49.498705686369256,-2101.457007264618
597869.246758,-5.475326505610766,-2017.551313909466
597879.255975,18.148902674190012,-1967.4808290114354
597893.337558,33.407918769761416,-1932.4957780553987
597899.207264,86.10893886063505,-1853.1435738229172
597911.307413,129.61901714223734,-1806.8144101149412
597921.219151,129.61901714223734,-1806.8144101149412
597929.598853,128.52633783473215,-1801.6922961826256
597940.467801,106.03830292561008,-1723.4772894058876
597949.254787,101.5087787707596,-1625.797811468122
597959.39683,170.41019851455277,-1560.9149973365472
597969.557152,201.3245815876479,-1427.1997362382012
597979.495757,163.52649038054437,-1320.2352731802146
597989.509609,165.71051421772654,-1301.428604988461
597999.672911,188.9506054635328,-1282.5546787146088
598009.849684,161.9337839405895,-1254.1503164904375
598019.237922,88.60614150741092,-1203.8708773789556
598032.985605,-1.1065240636030818,-1121.599285004597
598039.574493,-47.39541819300662,-1061.0649483749983
598049.653636,-66.20963164245542,-1038.6771112631493
598060.643713,-66.20963164245542,-1038.6771112631493
598069.66461,-83.32293341844961,-1020.6880002387828
598079.629515,-116.59058923857764,-995.2138357324318
598090.197011,-102.76686643057467,-929.9323193720849
598103.747369,-130.7651125871331,-825.274274163011
598109.20148,-152.9046977435034,-735.0326369963869
598119.202567,-196.24171342944865,-601.0341019155966
598129.255102,-177.44199060427593,-479.08061453602755
598139.197162,-114.77694177760274,-405.7483137932836
598150.245597,-67.45833028983655,-343.74198709462
598160.404518,-58.643838074020266,-263.79640967777004
598169.6551,-52.93286043917692,-182.08835830573318
598180.387979,-0.6654017346020255,-113.26577588009455
598191.881591,-28.84984721940752,-39.85483182243595
598199.788639,-41.275073109734734,-28.301193290762946
598210.217127,-64.07249839537558,35.55372602343601
598219.683333,-86.3574723349938,101.16889770034139
598229.583593,-100.16071286138342,150.29272239469725
598239.566637,-116.34267500981521,213.64001293790466
598249.15569,-128.12114964271723,239.6881045355798
598259.795473,-140.2574962588831,284.03687038473424
598269.723304,-147.62515071536808,320.985530791707
598280.199033,-147.62515071536808,320.985530791707
598289.700694,-149.0365130167197,329.64315034471923
598299.81263,-159.84499142686136,388.3227127197289
598309.177219,-160.98333578745482,390.11219760094247
598319.177614,-184.56489499929697,421.52552414522773
598330.866274,-199.97057140330207,472.33342500826416
598339.564009,-191.91723483154684,499.15000636761357
598349.163424,-160.2238371167447,519.3974085636851
598362.675727,-120.65910205422891,527.0651349247385
598369.200633,-75.8795616671513,548.252502530922
598380.833252,-20.824813470921484,571.6638563844186
598389.563948,63.169002522960355,594.6821467371637
598399.729386,132.50190445780552,619.1094274611377
598409.855623,193.4199480760294,642.2889751155119
598419.834184,217.2260756276798,647.0037853951619
598431.287217,223.44659251355122,647.3779584802552
598439.68821,235.71650968209002,675.9470113368566
598449.167107,239.12259061401866,755.304689937536
598461.726616,247.02136689255235,800.299535929225
598469.152977,256.60044907338795,838.3947052389681
598480.131937,268.83158417382094,848.8548986164961
598491.261567,316.1002187924373,832.4394712991567
598499.578483,375.8119401256874,794.8388039753578
598509.952273,415.00128231347384,810.3906480338104
598519.520214,413.0475533166075,817.4209406058172
598531.358571,413.0475533166075,817.4209406058172
598539.736431,396.9262277771427,841.3009628413708
598550.159085,367.93808794938224,873.4633053031026
598560.327071,356.47916799725004,888.4938579162662
598570.208325,322.393597140954,934.6153721788921
598581.195794,374.39602914695223,960.5414135385798
598591.179164,448.8022708266892,997.3301528696071
598599.595061,440.4727569715671,1071.3641254031782
598611.530379,433.7035665418285,1087.4551723353634
598620.749837,427.2145712254213,1094.3847976754657
598629.559195,414.88280986948917,1149.0997915083165
598639.520389,386.2348417519208,1189.0850676384925
598649.163785,331.55135322588546,1178.0568760697133
598660.173135,330.54607364611553,1177.4146421189603
598669.76502,296.0160989856612,1161.7106031296205
598680.486927,265.71535958148667,1128.8194148554317
598690.31842,265.6102255147269,1042.330039013105
598700.41211,276.63054875093405,1041.6595888939466
598709.987,276.63054875093405,1041.6595888939466
598720.043762,276.63054875093405,1041.6595888939466
598731.688662,276.63054875093405,1041.6595888939466
598740.56045,276.63054875093405,1041.6595888939466
598753.038688,276.63054875093405,1041.6595888939466
598759.907954,276.63054875093405,1041.6595888939466
598769.906821,276.63054875093405,1041.6595888939466
598781.239309,276.63054875093405,1041.6595888939466
598789.836115,276.63054875093405,1041.6595888939466
598800.947081,276.63054875093405,1041.6595888939466
598810.719138,276.63054875093405,1041.6595888939466
598820.573615,276.63054875093405,1041.6595888939466
598829.907902,276.63054875093405,1041.6595888939466
598839.575294,340.2616887704267,1068.7801050186815
598849.234138,417.45192950116297,1100.2139499081095
598859.672003,491.9841340071371,1124.7105579540241
598869.723056,556.6086584712017,1144.0689740166458
598879.632277,589.7144772930927,1147.4511466534339
598889.384514,610.293964324964,1113.4323988892754
598901.213166,616.2866465113073,1096.6526785124177
598921.835561,616.2866465113073,1096.6526785124177
598927.84769,616.2866465113073,1096.6526785124177
598930.072023,616.2866465113073,1096.6526785124177
598930.240623,616.2866465113073,1096.6526785124177
598932.239192,616.2866465113073,1096.6526785124177
598950.561199,616.2866465113073,1096.6526785124177
598953.244133,616.2866465113073,1096.6526785124177
598964.322824,616.2866465113073,1096.6526785124177
598972.266335,616.2866465113073,1096.6526785124177
598982.172311,616.2866465113073,1096.6526785124177
598994.532853,616.2866465113073,1096.6526785124177
599002.489181,616.2866465113073,1096.6526785124177
599014.548479,616.2866465113073,1096.6526785124177
599023.527862,627.766111133795,1088.6189038317173
599032.425905,627.766111133795,1088.6189038317173
599045.210236,612.8884710754315,1051.6704999017345
599052.848333,514.196781959107,997.1387237247908
599065.367761,445.03053651455366,948.7914280041916
599072.161048,438.8213878608272,885.0274918306371
599084.217021,440.884552615714,876.8675590661356
599092.691134,440.884552615714,876.8675590661356
599102.850189,440.884552615714,876.8675590661356
599112.648021,444.6150762660516,865.3004988476364
599122.568773,480.96885373267287,808.189083765559
599132.629582,471.9881144388316,769.935265218716
599142.680581,466.22606685238844,762.3052953657934
599153.155928,466.22606685238844,762.3052953657934
599167.066105,466.22606685238844,762.3052953657934
599172.161869,450.0421901721474,723.1235132896571
599182.564429,478.9654171848519,700.1914126517232
599193.38687,523.5574194984346,664.1598010425232
599202.984526,595.829584533318,599.3304430626065
599212.161363,610.7309247739913,589.2159935341144
599222.161811,610.7309247739913,589.2159935341144
599234.097062,610.7309247739913,589.2159935341144
599242.579858,610.7309247739913,589.2159935341144
599252.741102,626.3909505786609,610.1038466037062
599263.758909,657.2368009951455,584.9579303657538
599272.235273,657.2368009951455,584.9579303657538
599284.173105,657.2368009951455,584.9579303657538
599292.221329,657.2368009951455,584.9579303657538
599305.181611,657.2368009951455,584.9579303657538
599312.779247,657.2368009951455,584.9579303657538
599325.705497,657.2368009951455,584.9579303657538
599334.746719,601.2115218382658,497.5868611627705
599344.060949,539.3506131542869,437.02412418774594
599352.129975,428.78001571308545,324.3390256727056
599363.281684,344.15370123302415,244.13251748425435
599408.711783,322.9408364111312,-67.1011859330327
599408.712532,322.9408364111312,-67.1011859330327
599410.090159,322.9408364111312,-67.1011859330327
599424.077449,362.7617543338817,-88.25470267117211
599430.081755,350.517211051452,-160.324838471203
599440.372794,335.5439818895263,-198.5379537697965
599452.155369,352.4389308046005,-256.1952327656379
599460.048063,399.14376461675874,-337.23397133592
599470.483032,440.1346546756353,-359.50415897349313
599480.043387,443.13569210610365,-389.1739490553951
599490.050729,403.3784633210673,-405.1338130692938
599500.073026,403.3784633210673,-405.1338130692938
599510.061103,403.3784633210673,-405.1338130692938
599521.860386,403.3784633210673,-405.1338130692938
599531.46586,403.3784633210673,-405.1338130692938
599540.935728,403.3784633210673,-405.1338130692938
599551.513849,397.2584513476234,-409.6346465644489
599560.933793,412.3417950114724,-455.6502367382618
599570.091164,479.0347230854408,-497.2148819422809
599580.31797,575.598428510309,-561.1583965873301
599590.038489,653.8278699947266,-619.0109068351269
599600.46064,743.7420111616688,-646.240351724128
599610.412847,758.9288567249879,-650.3239154090828
599621.477476,758.9288567249879,-650.3239154090828
599631.401014,758.9288567249879,-650.3239154090828
599641.180861,817.3647564107657,-652.5830567864681
599651.834489,907.9084264926963,-699.8366641589378
599661.160342,928.2725732409016,-746.5627906814915
599670.398675,912.7432392065599,-806.3002681940059
599682.744915,881.186915371661,-839.33728985673
599690.13522,791.8908789376856,-848.6346739617893
599700.494408,647.8571847871963,-895.2823803065316
599710.809203,610.4831262753843,-969.7005093085505
599720.764664,609.8142314491865,-980.785884057647
599730.586561,609.8142314491865,-980.785884057647
599740.490233,609.6722571314257,-986.4771027733435
599754.219424,591.9151848362075,-1073.0734463533267
599760.140104,556.0150683835527,-1248.5028916598023
599776.982581,543.7164035195194,-1313.5912990011047
599780.133335,537.2242871147158,-1345.2229634270202
599790.133572,521.6340526732511,-1386.4701893851056
599800.08989,521.6340526732511,-1386.4701893851056
599810.139751,521.6340526732511,-1386.4701893851056
599821.39164,521.6340526732511,-1386.4701893851056
599830.563091,521.7977271507525,-1401.9533722746348
599840.667719,556.5141896493096,-1453.1999244413616
599851.212014,624.2236634200054,-1535.6592077897014
599861.223921,639.4936663593,-1603.4931368780892
599870.159453,604.8454668467785,-1712.8328805243857
599893.545655,582.0706897119227,-1965.759991836255
599893.547109,582.0706897119227,-1965.759991836255
599894.646022,580.7694128043164,-1968.173178767303
599905.038584,559.4235958063322,-1982.7699828367017
599914.659455,616.7497745395077,-2043.2403609048322
599929.124785,757.3871397554503,-2163.0367324907274
599935.490656,854.2838102104503,-2254.929721437905
599944.709177,946.593147153745,-2338.1488975269162
599954.713497,1056.0320294622222,-2443.960766209532
599964.964178,1109.3276468518004,-2490.2870063876517
599974.662385,1144.9591292942323,-2549.0012727424055
599984.69258,1146.6134656045701,-2623.904826467402
599995.036909,1146.6134656045701,-2623.904826467402
600004.720676,1146.6134656045701,-2623.904826467402
600015.049514,1146.6134656045701,-2623.904826467402
600025.731755,1146.6134656045701,-2623.904826467402
600034.618212,1146.6134656045701,-2623.904826467402
600048.238525,1143.7471547818823,-2663.030616584554
600054.704789,1135.236347199545,-2799.961109554063
600065.720534,1124.079010456593,-2968.3793126010046
600078.501693,1109.6615276680627,-3208.1237029708213
600084.708562,1138.2434138477097,-3364.650420543828
600094.685871,1175.6525852962545,-3518.126169012918
600107.415099,1196.2919080212803,-3599.6938449046606
600115.198112,1205.7093031753748,-3655.36423688732
600124.704523,1233.150917207188,-3771.7803984161387
600135.321787,1274.9014105021752,-3950.424443559295
600146.619477,1281.261784584898,-4093.100787788375
600154.968131,1208.9087197975484,-4198.113997654959
600164.628661,1103.6292366538567,-4291.748289244491
600175.355951,956.2157064610525,-4430.203563769981
600184.707872,832.7953206185839,-4548.279736598862
602776.163665,-4495.194356120488,174.87783287148372
602784.966083,-4437.672200092454,173.6294815237255
602794.967865,-4390.835980133214,160.70973814991348
602805.256353,-4310.322283467141,103.67527805324674
602817.209134,-4235.7493554673,52.526845129797934
602824.899886,-4142.678840989931,47.83341241944848
602835.218026,-4020.982946991662,60.964377479119165
602848.43232,-3932.4538719539373,46.267550431228784
602855.527332,-3860.919956299733,58.46540012771516
602866.41254,-3773.297900742935,97.63927428310085
602876.128214,-3694.0878767118884,134.00778008518552
602885.354067,-3587.352260142315,161.2768904212392
602895.141435,-3400.752263713759,187.6360713557256
602907.598095,-3293.6383799230566,190.15562965168058
602915.695232,-3260.9425197391606,221.89766994218
602925.232686,-3218.0159425175525,295.32406446983856
602935.372125,-3179.6490967717887,365.24679988532813
602944.912811,-3127.200504667011,439.8639908578152
602954.855429,-3078.2343659176854,493.92862722937383
602968.64596,-3072.158495519433,561.2853148203633
602975.001477,-3007.4643302653376,606.0538800071162
602985.799628,-2912.102854193918,689.3027664698592
602996.573994,-2838.4482382314563,780.7255762002197
603005.474867,-2807.585145509282,885.3094826614897
603015.315786,-2728.511180050572,964.8547600948086
603025.309731,-2687.337961655592,1043.6485582877467
603038.283847,-2641.097244975371,1068.9807155873775
603052.106598,-2545.799247456379,1073.993578715949
603054.919244,-2480.350819130362,1091.663811997759
603065.568896,-2446.2296302439418,1107.1316896057033
603075.295924,-2354.9566142290805,1138.3749150589083
603085.485289,-2328.9468095640354,1145.1502447595142
603094.905,-2325.2145148938052,1141.4950406168002
603105.31977,-2322.4741481353685,1134.1387681462895
603116.452607,-2322.4741481353685,1134.1387681462895
603124.953477,-2283.1435195710487,1139.1233014624286
603135.705086,-2253.4543446409857,1130.8121575214689
603145.686842,-2238.506581026616,1050.064181069259
603154.975284,-2176.376194868806,1019.4366947966957
603166.064947,-2068.4306433807137,989.9610567692048
603174.931078,-2041.8875723865856,982.9500886437595
603184.9166,-1995.0743077540378,990.3094521377927
603194.88445,-1979.505963755151,992.4601390800011
603206.23651,-1961.8585794860805,1011.1617417569237
603216.326232,-1920.5768674415642,1012.7392296061211
603227.087027,-1891.9972876129514,1008.8146573548169
603236.915298,-1877.9650067606667,1005.3733104477718
603244.865437,-1830.9743252420596,999.1256038808798
603254.89624,-1724.4927756626332,990.8388673235487
603265.294992,-1685.136557579673,987.1927447588113
603274.894527,-1685.136557579673,987.1927447588113
603285.352765,-1641.5146249343522,985.2073175983476
603297.141032,-1641.5146249343522,985.2073175983476
603304.994341,-1641.5146249343522,985.2073175983476
603315.373264,-1641.5146249343522,985.2073175983476
603326.700997,-1641.5146249343522,985.2073175983476
603338.794182,-1602.6726921374122,978.4563934012257
603344.986616,-1512.2498708730827,968.567964756104
603360.453254,-1450.5615090362987,970.8064616825152
603376.726093,-1446.7462057982295,969.1692450090651
603380.571065,-1392.6560443035632,959.2344195198082
603384.985316,-1339.8918521829899,949.9982183269191
603394.993694,-1295.4701293564754,948.6918774085472
603405.928155,-1259.0518284035718,947.7425497171976
603414.95907,-1242.1953723743889,945.0977503629631
603426.585054,-1211.574154087881,945.3137879160959
603437.651114,-1172.8089891834854,945.0650800963732
603444.912976,-1109.6658155758992,968.7609869578768
603455.532304,-1110.8823490314348,1009.5363646967025
603464.91642,-1132.1992264178332,1079.922508931549
603474.897108,-1063.6213561438715,1103.2869081429985
603485.27995,-1026.926325795162,1114.599806399233
603497.364648,-1002.916820165963,1127.4561773058833
603505.756623,-980.9894432525817,1162.2997660762212
603515.768155,-967.8287970967193,1225.0553507119823
603525.67586,-895.9158258087443,1262.432319488188
603536.185829,-884.3906805935662,1270.2781363237566
603548.085745,-856.1971263125652,1247.6288879873543
603555.969862,-850.2701088459708,1239.3132238282262
603567.128288,-850.2701088459708,1239.3132238282262
603576.255868,-850.2701088459708,1239.3132238282262
603585.313674,-832.5458330324088,1204.2728541566046
603594.910701,-792.8632213164148,1145.378252910095
603606.163221,-773.357637520687,1077.0089754113683
603615.592723,-766.2958923241374,984.4821568176936
603624.97086,-763.2823677393984,967.1864472098707
603634.970813,-763.2823677393984,967.1864472098707
603646.585357,-763.2823677393984,967.1864472098707
603655.528055,-763.2823677393984,967.1864472098707
603666.665497,-763.2823677393984,967.1864472098707
603674.919259,-763.2823677393984,967.1864472098707
603686.840519,-763.2823677393984,967.1864472098707
603695.023258,-763.2823677393984,967.1864472098707
603705.469164,-763.2823677393984,967.1864472098707
603714.995334,-763.2823677393984,967.1864472098707
603726.474652,-763.2823677393984,967.1864472098707
603737.123847,-763.2823677393984,967.1864472098707
603746.596371,-763.2823677393984,967.1864472098707
603755.984044,-763.2823677393984,967.1864472098707
603765.428054,-763.2823677393984,967.1864472098707
603775.580796,-763.2823677393984,967.1864472098707
603785.40478,-763.2823677393984,967.1864472098707
603795.594494,-763.2823677393984,967.1864472098707
603805.519732,-763.2823677393984,967.1864472098707
603814.92223,-763.2823677393984,967.1864472098707
603825.673277,-763.2823677393984,967.1864472098707
603834.954636,-763.2823677393984,967.1864472098707
603844.917033,-763.2823677393984,967.1864472098707
603858.692429,-763.2823677393984,967.1864472098707
603864.983579,-763.2823677393984,967.1864472098707
603874.972201,-763.2823677393984,967.1864472098707
603886.111028,-763.2823677393984,967.1864472098707
603895.488824,-763.2823677393984,967.1864472098707
603905.565538,-763.2823677393984,967.1864472098707
603915.544033,-763.1362065057748,966.0073222326159
603924.921546,-763.1362065057748,966.0073222326159
603936.520838,-763.1362065057748,966.0073222326159
603945.429739,-763.1362065057748,966.0073222326159
603956.486508,-763.1362065057748,966.0073222326159
603966.36228,-771.3860036041958,914.4381012927233
603975.609974,-684.280582619426,884.3522135682971
603985.536864,-673.8623410108013,883.3477680611161
603994.946223,-673.8623410108013,883.3477680611161
604006.431184,-665.0217269331049,884.1780605527437
604015.205344,-603.4279750923091,880.8398475930401
604025.285326,-534.2655651256243,879.5736311623484
604034.990896,-466.24082353125925,872.6331281741527
604035.806357,-441.61392030914686,870.8668122242918
604044.972229,-406.44314088107933,866.5228113221643
604055.857043,-406.44314088107933,866.5228113221643
604066.794278,-406.44314088107933,866.5228113221643
604075.382065,-406.44314088107933,866.5228113221643
604085.759563,-399.9409583181888,867.2687848896052
604094.978177,-399.9409583181888,867.2687848896052
604105.419986,-399.9409583181888,867.2687848896052
604114.911565,-399.9409583181888,867.2687848896052
604125.291075,-399.9409583181888,867.2687848896052
604134.909937,-399.9409583181888,867.2687848896052
604145.444037,-399.9409583181888,867.2687848896052
604155.559692,-399.9409583181888,867.2687848896052
604164.898685,-399.9409583181888,867.2687848896052
604176.152067,-399.9409583181888,867.2687848896052
604184.911404,-399.9409583181888,867.2687848896052
604201.889904,-399.9409583181888,867.2687848896052
604201.890522,-399.9409583181888,867.2687848896052
604203.399134,-399.9409583181888,867.2687848896052
604213.396978,-399.9409583181888,867.2687848896052
604223.431105,-399.9409583181888,867.2687848896052
604234.062705,-399.9409583181888,867.2687848896052
604245.641014,-399.9409583181888,867.2687848896052
604255.323737,-399.9409583181888,867.2687848896052
604263.431397,-399.9409583181888,867.2687848896052
604274.223875,-399.9409583181888,867.2687848896052
604283.400475,-394.2352659904062,864.1416581254979
604293.87986,-394.2352659904062,864.1416581254979
604305.985145,-394.2352659904062,864.1416581254979
604315.727208,-394.2352659904062,864.1416581254979
604323.449246,-394.2352659904062,864.1416581254979
604334.304333,-394.2352659904062,864.1416581254979
604345.065653,-389.9974146866488,865.7403505898357
604354.286406,-389.93722190032787,867.2056762218733
604363.431761,-389.93722190032787,867.2056762218733
604374.797119,-389.37819979411154,865.9013451788949
604384.278762,-389.3781999850072,865.9013449124316
604394.25785,-389.3781999850072,865.9013449124316
604404.948353,-389.4883508605128,865.640200565243
604415.362673,-389.4866625693492,865.6430624437892
604424.872608,-389.4866625693492,865.6430624437892
604436.471685,-389.4866625693492,865.6430624437892
604443.51072,-389.4866625693492,865.6430624437892
604455.183856,-389.4866625693492,865.6430624437892
604463.446712,-389.2903124421925,866.2035810251494
604476.479651,-389.2245999950871,868.8195250701879
604483.411555,-389.2328740382199,868.956341784984
604494.554744,-388.7776401922132,869.225445235154
604504.322105,-389.67275183457787,866.5521930926011
604514.633116,-386.85131924902544,866.3277895433625
604523.432101,-381.0878860474637,864.668801883328
604533.431868,-381.17530709378565,864.4664883868525
604545.208867,-381.85001506352836,864.3271269702456
604553.431917,-383.38126850010997,865.2054465580298
604565.015517,-384.8240756022051,866.083834688976
604575.316914,-387.06447796690986,866.5669685927784
604583.40696,-387.7346819791429,867.0952449810795
604593.931712,-386.55093330272246,867.9528440524529
604604.052178,-386.4500845880402,869.0271123045657
604613.774972,-383.34394600207736,870.4430305275298
604623.830926,-381.63491641273504,871.1505962866974
604633.982485,-381.1291964482246,871.481015854805
604644.539837,-381.074185327417,872.8238274202646
604654.805708,-381.19778818579,873.3313967330281
604666.073718,-381.1566819596469,873.8317740599674
604673.653716,-381.24517639998123,875.7143984388101
604684.121841,-381.3560955112304,877.9737381138413
604694.73718,-385.60019516935574,872.919441664743
604704.446761,-389.5855221996949,868.9529450866187
604718.286411,-368.6439770708712,862.2214673007088
604726.799774,-345.57998392428874,858.2514313531273
604733.447418,-342.5839279177839,863.2883688297896
604744.431706,-342.88665316708233,866.6974678977408
604754.822771,-342.59725495097047,868.3976532030517
604764.836411,-347.55789834555344,869.4134518760983
604774.768418,-346.544096151479,874.0406648533977
604787.362742,-348.6941987189239,880.6484046436058
604796.248771,-351.6969544149477,880.716278109884
604805.359956,-353.0958350937076,873.1756199228915
604815.491935,-354.49874770678537,864.1002601785939
604824.088421,-355.2202932316842,861.9008804230883
604833.92927,-352.0645041544073,866.5645279859862
604843.98217,-350.43687379588863,874.1717039899053
604853.406859,-349.4263327777754,877.1125752807609
604867.100459,-349.1068189036684,878.3923166411984
604873.962017,-348.02171623924147,880.0084426133383
604884.736434,-347.4718115458807,881.6361737806183
604894.001265,-347.8747599908086,881.3545217522598
604903.405605,-348.2773956180545,880.9614159242166
604913.401381,-348.2801850282072,880.9597732665944
604925.536475,-348.2801850282072,880.9597732665944
604933.442427,-348.2801850282072,880.9597732665944
604944.013989,-348.2801850282072,880.9597732665944
604953.430283,-348.2801850282072,880.9597732665944
604964.056575,-348.2801850282072,880.9597732665944
604973.499903,-348.2801850282072,880.9597732665944
604985.199073,-348.2801850282072,880.9597732665944
604994.626501,-348.2801850282072,880.9597732665944
605004.242645,-348.3007850565765,879.8799784235007
605014.172126,-353.3438504387233,873.0719136569667
605023.51293,-354.79009909997654,871.808190750715
605033.871751,-354.36872555464396,872.1524915069862
605043.449715,-354.2012847091273,872.5749316171331
605053.439684,-354.73499745158404,872.9262756917425
605064.360264,-355.6757135435591,872.654714562596
605073.408079,-352.1771592478665,873.7933542613448
605083.443813,-351.3637773464576,873.5624708024416
605096.645655,-351.03191409392286,872.3248245583509
605103.881099,-351.03191409392286,872.3248245583509
605113.864216,-351.03191409392286,872.3248245583509
605123.994482,-351.03191409392286,872.3248245583509
605133.864915,-351.03191409392286,872.3248245583509
605143.813582,-351.03191409392286,872.3248245583509
605154.495272,-345.5941580117466,861.9311367587642
605163.430023,-342.20492220922654,852.4084139497876
605175.418234,-342.5293334860638,852.0616304678014
605184.226656,-340.8807721826435,851.1819552382947
605193.427278,-336.80602833257575,848.9870727879623
605205.174725,-338.0697992147574,845.5479514512418
605211.241627,-340.0424603550339,843.9078601038916
605213.461452,-340.68147933178653,843.4017542469695
605223.470808,-340.6850931994724,841.8236851271425
605235.255996,-333.43069626278816,847.4276291757334
605247.403133,-302.2566155242021,798.6499184686653
605254.036313,-290.3851279152505,754.6184599168083
605263.501204,-272.6858145883979,720.4529206563687
605276.16655,-259.07820267590324,678.7960594712628
605285.671675,-255.79313880278175,663.1264536949117
605293.500684,-257.34485408228716,662.471529235204
605304.316476,-256.18041974957265,656.6550573853071
605315.029395,-257.6464721632323,653.5111205343127
605326.960266,-261.63375106865726,657.6535296365302
605335.100586,-252.65097501226518,622.0703959277922
605344.597975,-232.75801496873183,570.7721770048131
605353.858795,-222.34239690723382,541.8817835088261
605363.812962,-202.19136522054825,495.4445999704962
605374.39622,-190.23997013027312,439.7070815698821
605383.50007,-165.24230507564369,376.52038372990756
605393.41316,-139.84832818028494,320.3457813404312
605403.872079,-134.12180352414475,283.6664908537252
605413.736412,-125.46567265682864,247.62971910391505
605425.067906,-115.2047882994737,223.93031556718313
605433.507499,-109.12711514948613,190.68268116246924
605443.449071,-84.14215640404676,118.4741252198497
605453.423273,-61.896923482407054,48.46802156266875
605463.805721,-60.65915538882456,45.858320078679746
605473.755742,-60.65915538882456,45.858320078679746
605483.530954,-60.65915538882456,45.858320078679746
605494.053803,-59.23918542250323,35.06588449527615
605503.534613,-57.49642479650919,11.502630012946073
605513.465172,-44.39536691361015,-19.17776590938475
605524.318313,-54.712629550338626,-46.009891384976704
605534.710625,-129.717867470175,-59.34324659564491
605546.004534,-251.75217607751026,-93.13138468320707
605554.142389,-347.4775149007601,-111.21802912237165
605563.459797,-440.88087018641824,-110.96704506508354
605583.974054,-572.2329626642785,-74.75524271785747
605584.155769,-658.097635016353,-49.59753623999903
605594.083623,-752.49880767705,-38.73564059533923
605603.897978,-809.7927499178717,-13.31871430366808
605613.847864,-809.7927499178717,-13.31871430366808
605623.953059,-822.0664161835538,-3.6774890420071076
605633.480864,-907.5882432509869,22.26833263730486
605644.678429,-986.4504771893326,43.721698298667064
605653.784762,-1061.5042554592947,65.71735367399756
605663.515859,-1147.988482519169,98.299032683156
605674.471734,-1152.283580620132,100.12443805022266
605685.508088,-1187.7904282361312,127.14604796507892
605696.636665,-1241.1487285906278,183.60028008364586
605703.497557,-1241.1487285906278,183.60028008364586
605713.804306,-1241.1487285906278,183.60028008364586
605723.779485,-1241.1487285906278,183.60028008364586
605733.900882,-1241.1487285906278,183.60028008364586
605744.04175,-1243.6141643231178,184.97507786762426
605753.41227,-1269.6856972265914,207.3444038955324
605764.693524,-1238.1967143328502,183.82499861244898
605779.040968,-1204.3096371127108,139.3215149585371
605783.75709,-1135.9254423584694,89.97144810688783
605793.44536,-1067.1826579556775,64.91886549609941
605803.978821,-984.5626168694977,41.84849168744875
605813.560228,-881.6175479669914,6.515673722215378
605823.871528,-813.9945751493863,-15.096018605672235
605833.777582,-725.5041829348029,-41.345749017461046
605846.808388,-609.5547289910911,-58.20021413092151
605854.044986,-511.2475256014628,-100.68673195226076
605864.230175,-442.45300273752474,-115.90059775270068
605873.867847,-338.24450718000315,-111.24545715934461
605883.415457,-288.00055202317634,-139.29121360249215
605894.109415,-283.0812513182779,-147.30392811353462
605904.639647,-283.0812513182779,-147.30392811353462
605914.693895,-283.0812513182779,-147.30392811353462
605923.99145,-273.8189782292684,-176.1691487689204
605933.547789,-240.16953948529238,-203.8947118875003
605943.989616,-201.09037358912897,-219.47891562408037
605953.82541,-145.39935555754704,-207.24160745820575
605963.465019,-130.9373209401443,-261.561313095104
605973.738016,-112.77146757359736,-299.2427983349694
605984.603207,-74.45279682835469,-313.4826663453877
605993.422978,-54.765233528448064,-219.71229786787939
606003.420609,-32.892781196451324,-158.99679836401455
606013.936715,-4.917542201673506,-132.801381836357
606024.136311,1.3696517002274986,-99.84912673833726
606033.448372,-17.065080233511313,-35.1666204216785
606043.410572,36.74927405463758,-7.657529780287725
606053.455936,78.37525764236997,-1.8175529727674922
606064.055063,78.37525764236997,-1.8175529727674922
606073.511275,78.37525764236997,-1.8175529727674922
606083.963963,149.87470963744792,17.33359448405224
606094.504244,203.76179656017425,19.733375906192126
606104.643386,214.05016640331374,-8.568433365511268
606113.637974,220.53893552309688,-40.62630042596766
606123.507944,238.77640667392245,-84.1146050101903
606133.860417,320.4531794763346,-79.19400787166538
606143.520298,345.505059661295,-75.20450052254768
606159.429585,356.54311457113937,-45.50548649192964
606163.509528,355.8586907388564,-1.4578204244639077
606183.282135,350.7003436100144,40.843096231255146
606186.026198,344.1646354548191,81.95274240805091
606197.586075,334.3776082962254,156.397482038275
606197.586719,334.3776082962254,156.397482038275
606202.941304,331.3512226814215,192.8767723774742
606212.766696,384.8571433859745,308.99384023015193
606222.674032,470.3576028980961,376.66004836470177
606233.795085,542.2877150718049,439.9624783315816
606244.93184,600.8887855918042,495.68689263296864
606252.553637,620.3136062845722,513.373134280921
606262.252431,650.6613961487989,543.2296629088253
606273.046333,705.2527380747676,594.6170419983589
606282.252232,781.3094148546388,665.9994087352595
606295.431692,836.8753564394535,714.1744789775797
606302.21297,893.889021027804,768.149132881639
606312.203165,953.575769797283,795.3187439992387
606323.683609,963.7138801873417,801.7343447155906
606334.264085,977.8571978797358,801.1061908024996
606342.212762,987.2624046975241,780.8265240700199
606352.173056,1009.9453546475532,762.4227216102224
606362.207768,1024.2941115205977,753.8556369689667
606372.174276,1055.049299580075,725.2228860119562
606382.164819,1072.9733382569834,710.1236645415514
606392.173706,1075.4722929779634,709.0813087843974
606402.664455,1089.5080841578877,728.962649602357
606412.503033,1110.547623202383,749.0523608923144
606422.185273,1152.3648452253008,787.1231135888981
606432.213459,1244.9121429152804,873.1030029397946
606442.403517,1309.4005435816362,933.039851053376
660952.405954,1394.7619559503582,638.0867031954798
660952.406668,1394.7619559503582,638.0867031954798
660960.597045,1354.928151408781,606.5086234317789
660960.597662,1354.928151408781,606.5086234317789
660966.255623,1308.7214260849166,582.2906460192955
660966.281005,1308.7214260849166,582.2906460192955
660976.286696,1196.6921117915624,612.936131105066
660986.325722,1137.060341637915,651.0729824992666
660996.279685,1088.776277731406,646.2349375542017
661011.323548,1049.9389586372663,574.4055369770433
661016.268015,1048.40761232007,571.4196721153953
661026.562033,1048.40761232007,571.4196721153953
661036.555838,991.5809027630052,514.2232992674628
661046.654184,911.5498023365387,454.01434731858984
661057.069605,832.3385836117425,384.6266723609046
661066.665057,727.8019185020501,295.42554438314744
661077.574722,652.861767854017,239.76125758649997
661088.307236,576.2149216828375,172.16545102717242
661098.283347,467.4363536246171,70.73771292176892
661106.762944,382.8674245528125,-6.320060812163895
661116.624319,308.64392804354077,-63.09167393879414
661128.328168,218.40870755953017,-45.29507248104866
661139.475149,194.32888023478063,43.633539516844785
661146.277606,104.72378727086569,16.715842861441256
661157.2836,-1.3630036685126534,-16.181278077179357
661166.841068,-62.203756696533766,-36.19918868834515
661177.11233,-146.07868076690022,-54.2113762649621
661186.866652,-236.95975037587908,-78.90303010327878
661197.833923,-360.7204935145606,-113.20559233977765
661207.455941,-475.65617478500656,-108.59939362286605
661216.828228,-580.5976097635936,-66.07149188459941
661226.673806,-740.4018941650976,-29.64979176382377
661236.678651,-841.0345861744291,8.226011075280326
661247.740237,-949.12414865425,42.329186316225446
661256.692651,-1103.0426363526897,86.98742010596999
661266.684073,-1175.9915077585108,117.54976862002455
661281.710762,-1210.3583220746193,151.63503183741966
661286.232194,-1240.0486251030068,184.3776794342819
661297.348752,-1243.2341355105834,183.9507893208559
661307.42079,-1210.1711398983423,138.65023803354705
661317.553925,-1137.0589959061265,84.51460373265591
661327.45393,-1073.492796947058,55.616362894279604
661337.933666,-997.5052854570342,34.33001580332979
661346.55372,-880.9878153020036,-0.4626877096580065
661356.610184,-778.1978840756238,-31.397215391332356
661366.952314,-727.6644215787494,-49.63542871653302
661376.683005,-696.3034904742927,-55.254886488690175
661390.355538,-611.1096491405923,-85.71183851929352
661397.703758,-518.4567027431619,-113.03763641727826
661407.56575,-515.8628918903769,-125.11554384412466
661417.657886,-515.8628918903769,-125.11554384412466
661427.686087,-515.8628918903769,-125.11554384412466
661437.684443,-515.8628918903769,-125.11554384412466
661448.260527,-515.8628918903769,-125.11554384412466
661456.888058,-515.8628918903769,-125.11554384412466
661466.805438,-515.8628918903769,-125.11554384412466
661476.81072,-515.8628918903769,-125.11554384412466
661486.813449,-515.8628918903769,-125.11554384412466
661496.771953,-515.8628918903769,-125.11554384412466
661506.872357,-515.8628918903769,-125.11554384412466
661517.642178,-515.8628918903769,-125.11554384412466
661527.707111,-515.8628918903769,-125.11554384412466
661537.604429,-515.8628918903769,-125.11554384412466
661547.536429,-515.8628918903769,-125.11554384412466
661558.459169,-515.8628918903769,-125.11554384412466
661566.833216,-515.8628918903769,-125.11554384412466
661576.792572,-515.8628918903769,-125.11554384412466
661586.27041,-515.8628918903769,-125.11554384412466
661596.79512,-515.8628918903769,-125.11554384412466
661606.794835,-515.8628918903769,-125.11554384412466
661617.043185,-515.8628918903769,-125.11554384412466
661627.616786,-515.8628918903769,-125.11554384412466
661637.777943,-515.8628918903769,-125.11554384412466
661647.713872,-515.8628918903769,-125.11554384412466
661657.732366,-515.8628918903769,-125.11554384412466
661668.957231,-515.8628918903769,-125.11554384412466
661676.744619,-521.7939051502025,-206.606416423262
661686.763016,-494.7647908674637,-230.32027018601477
661696.694493,-385.9083195364036,-226.44864739423377
661706.872659,-230.53429594590315,-221.2342640198689
661716.223802,-171.2137188914114,-251.9572595103871
661728.543427,-120.81096167198564,-294.4770537505542
661737.716794,-84.19106709834,-380.09721979459414
661747.879639,-153.60005199723844,-457.9388455326677
661757.494429,-207.0991972434744,-559.9068081359803
661766.645143,-175.95438488819892,-718.6482343261091
661782.337088,-132.984778398563,-842.8977121196606
661786.296415,-109.5708306720734,-952.8728194224489
661796.356181,-119.08450042844343,-972.5769643259149
661806.356331,-119.08450042844343,-972.5769643259149
661820.364973,-119.08450042844343,-972.5769643259149
661826.251711,-119.08450042844343,-972.5769643259149
661851.802684,-119.08450042844343,-972.5769643259149
661851.803406,-119.08450042844343,-972.5769643259149
661852.859831,-119.08450042844343,-972.5769643259149
661862.966877,-120.71387939981723,-1021.0194798190576
661875.146902,-37.77618494223778,-1091.9897854114572
661882.958337,92.73717117675096,-1222.6165506599928
661894.149411,205.1591278223533,-1312.7685455066135
661903.416443,344.4416418875753,-1414.8148619861488
661913.360963,444.06994239136014,-1487.8354307690215
661922.956239,508.401631752726,-1442.2431860932654
661933.353485,577.1387726213046,-1468.855807134217
661945.233495,645.263615253729,-1600.9233713932128
661953.244244,606.5721807179136,-1722.8145613696604
661963.004066,617.5108064941834,-1859.7176072778636
661976.12417,565.8487319704799,-1998.2642756765874
661983.490163,605.7025076712994,-2045.5469696791258
661996.818743,722.5564811989099,-2131.7926350247317
662002.94616,872.9649974161581,-2275.5484568411393
662012.962042,997.2956830076427,-2390.540984194408
662022.945718,1099.2983128172145,-2488.1863072634433
662033.654771,1137.3069214032894,-2563.791963871507
662042.950087,1134.4451452089015,-2619.741576191966
662053.41924,1134.1245975669237,-2622.6480598580893
662064.573171,1134.1245975669237,-2622.6480598580893
662074.959459,1134.1245975669237,-2622.6480598580893
662085.093003,1133.684501108126,-2636.642805780326
662093.216357,1126.131135552806,-2759.393965455647
662102.870952,1114.275411978577,-2895.3078031369373
662114.017018,1102.0385490696553,-3046.7846272072184
662123.30068,1103.408837039848,-3261.824234925869
662133.283743,1137.8832312832492,-3420.275537242327
662143.171358,1177.4027747143132,-3579.586092714459
662153.695038,1228.4650455186334,-3797.603165652892
662163.281102,1264.5818660863183,-3956.0784046691538
662172.8642,1266.885170385232,-4110.1191730523005
662184.046197,1140.7259423024875,-4231.84898019692
662194.285937,1139.9032263764832,-4232.070927565712
662204.033257,1139.9032263764832,-4232.070927565712
662214.126469,1139.9032263764832,-4232.070927565712
662223.350179,1139.9032263764832,-4232.070927565712
662233.409289,1139.9032263764832,-4232.070927565712
662243.42793,1139.9032263764832,-4232.070927565712
662253.355922,1127.7826971164657,-4249.901788399425
662263.241815,1048.0930756057985,-4319.517827793051
662273.250036,913.9627495350314,-4451.333796367999
662282.892738,847.6821867460244,-4513.05869922108
662293.746204,803.1816571196159,-4550.79799981188
666845.306605,901.0363980918111,-4513.4230134401205
666859.993497,997.5791910291792,-4421.895990397139
666865.334296,1065.4892695793123,-4359.113457749334
666875.394982,1080.9032317678618,-4344.354519261945
666885.846856,1080.9032317678618,-4344.354519261945
666895.822547,1080.9032317678618,-4344.354519261945
666905.843775,1091.061411378671,-4334.743944126191
666915.734516,1121.6320108346936,-4301.815533950135
666926.437266,1188.855416260717,-4238.637992132178
666936.479722,1285.6447939584773,-4135.659728118538
666945.340048,1315.5391551313794,-4034.440163678064
666955.363706,1296.2125333779886,-3916.534364903296
666968.881422,1256.1543825702843,-3752.9527557839747
666975.475252,1227.9214113881258,-3633.496038698359
666985.395113,1200.8499561040794,-3517.544281114168
666996.136207,1168.224980898507,-3373.4091244097444
667005.816864,1136.9862821381853,-3231.0860526120046
667016.391151,1136.2557842252213,-3045.5632147211777
667025.29424,1142.3896390286764,-2962.9318677860856
667035.92801,1150.0762981514197,-2848.016592037316
667045.301044,1160.507390947052,-2713.6949175392137
667055.992399,1171.2592531431012,-2495.980232365865
667066.417712,1121.3105640076963,-2313.519844353557
667075.797132,1060.3901861819777,-2146.504913170506
667085.901247,1060.9692092762148,-1993.3915846222214
667098.364476,1089.6622061354317,-1917.6866948594288
667105.469155,1171.3014174939822,-1823.9470886457168
667122.40577,1202.394015128659,-1762.356418101059
667125.586455,1236.3302168440698,-1695.2784373499794
667141.742334,1279.7261988496948,-1630.6797831571696
667145.333042,1364.758615341342,-1552.6255411199954
667155.794142,1412.9371072326724,-1512.6908041645888
667165.630998,1490.0105446249797,-1438.362562778593
667176.447273,1607.9768059354387,-1326.0146962424237
667185.691168,1677.4151186441702,-1260.5969996061847
667195.638017,1747.5897463408382,-1187.9754717833905
667205.760721,1786.19833148373,-1141.1141657708183
667215.807289,1786.19833148373,-1141.1141657708183
667225.860873,1786.19833148373,-1141.1141657708183
667235.845998,1786.19833148373,-1141.1141657708183
667245.992919,1786.19833148373,-1141.1141657708183
667256.414854,1795.5594297506143,-1126.232031955531
667266.750332,1812.2673660955763,-1050.914415038783
667276.373119,1787.6275038692643,-991.2504550915094
667285.294356,1753.8842221941409,-923.4883805583975
667298.353175,1717.9273280384639,-835.8736815764288
667305.298475,1668.1303054489247,-753.8623431091655
667315.412155,1616.8675412770845,-649.3159008869548
667325.408652,1560.4269602948002,-530.6507196329266
667338.35503,1525.9804329297422,-425.2354962536303
667345.319193,1485.6640632799506,-305.28353465434805
667355.898833,1481.9081191768018,-290.00299491733637
667365.908724,1481.9081191768018,-290.00299491733637
667376.642201,1481.9081191768018,-290.00299491733637
667386.253551,1481.9081191768018,-290.00299491733637
667396.092096,1479.5179839616246,-286.9853312755058
667406.878905,1455.2430020583454,-226.39369984955437
667415.689792,1411.9665034700918,-122.56020731370275
667425.736126,1398.4350986641502,-82.11366907722747
667435.873006,1385.1206838106884,-23.626876021947325
667445.784169,1389.8639701397476,11.224227960688737
667455.814468,1385.9965373521368,56.35759464294025
667465.726832,1338.5823951918132,118.42996630280773
667475.714272,1201.341332094075,217.07772480208178
667487.944455,1182.4735456416217,285.04159713291074
667495.832249,1232.9336839181785,341.0357111581464
667506.32233,1254.8993640739798,369.3194979546152
667515.422958,1282.576172405465,403.7779716882575
667525.425746,1301.2718582242046,430.18492488545144
667535.390962,1233.1592319126878,486.0999968527285
667549.228054,1272.8574329081343,532.7344682618414
667555.710749,1325.813683162782,570.1638216718302
667565.342372,1414.3123455968848,639.4552608716566
667577.540922,1470.187776194991,682.545908915425
667586.492447,1470.187776194991,682.545908915425
667595.65486,1504.0369045995456,703.0521054426877
667605.679591,1504.0369045995456,703.0521054426877
667615.788469,1504.0369045995456,703.0521054426877
667627.966972,1567.6901540174451,765.7277420545325
667635.386778,1651.1187150255205,833.8706759782566
667645.386775,1676.429067111365,853.8526076550867
667656.530553,1676.429067111365,853.8526076550867
667665.539527,1702.5228138067737,879.797818427195
667685.539775,1751.3166292682802,915.129277197773
667685.636229,1834.9884654016662,833.653548352427
667695.413237,1837.8715140230545,827.0221784160572
667705.756083,1837.8715140230545,827.0221784160572
667716.42155,1837.8715140230545,827.0221784160572
667725.664902,1837.8715140230545,827.0221784160572
667735.302619,1837.8715140230545,827.0221784160572
667745.403619,1837.8715140230545,827.0221784160572
667755.331461,1837.8715140230545,827.0221784160572
667765.724266,1837.8715140230545,827.0221784160572
667776.089995,1837.8715140230545,827.0221784160572
667786.06593,1837.8715140230545,827.0221784160572
667796.247548,1837.8715140230545,827.0221784160572
667806.769465,1837.8715140230545,827.0221784160572
667817.025194,1837.8715140230545,827.0221784160572
667826.88396,1837.8715140230545,827.0221784160572
667836.729164,1837.8715140230545,827.0221784160572
667846.019718,1837.8715140230545,827.0221784160572
667856.085956,1837.8715140230545,827.0221784160572
667865.940872,1837.8715140230545,827.0221784160572
667875.871322,1837.8715140230545,827.0221784160572
667885.346262,1837.8715140230545,827.0221784160572
667895.887854,1837.8715140230545,827.0221784160572
667905.703416,1837.8715140230545,827.0221784160572
667917.65702,1818.440935522405,817.6073623302916
667925.324809,1804.368748097589,805.1229720900636
667935.797057,1804.368748097589,805.1229720900636
667946.564091,1804.368748097589,805.1229720900636
667955.873488,1804.368748097589,805.1229720900636
667965.777006,1804.368748097589,805.1229720900636
667975.837133,1804.368748097589,805.1229720900636
667985.857291,1804.2336304517162,805.562594870965
667995.802995,1804.2336304517162,805.562594870965
668006.230807,1804.2336304517162,805.562594870965
668015.986943,1804.2336304517162,805.562594870965
668027.023329,1804.2336304517162,805.562594870965
668036.694299,1802.5293519769086,806.4589785783226
668046.561156,1801.586413248427,806.2686390788386
668056.634324,1799.6936755439615,800.6894361972115
668065.81212,1803.719533074408,799.8259362472855
668075.295784,1802.7724975510541,798.3915265559048
668085.327694,1802.7724975510541,798.3915265559048
668095.313821,1803.157779136905,797.1300433985202
668105.35288,1803.157779136905,797.1300433985202
668115.345102,1803.4822180202,797.1374857844734
668125.296392,1803.482218036857,797.1374861385799
668135.341205,1803.482218036857,797.1374861385799
668147.498905,1803.467463764561,798.5675725727382
668156.363546,1803.467463764561,798.5675725727382
668169.35219,1803.467463764561,798.5675725727382
668175.686966,1803.467463764561,798.5675725727382
668185.341662,1803.467463764561,798.5675725727382
668195.389918,1803.467463764561,798.5675725727382
668205.401302,1803.467463764561,798.5675725727382
668215.391228,1803.2640645356328,799.3130325539249
668225.377575,1796.464232851279,811.9424017671246
668235.684199,1793.6974389988256,815.8717331924065
668246.297226,1795.6011487078488,804.2344440768836
668256.586118,1787.8008234059298,799.0867438245521
668266.446242,1786.1339755985043,804.6654290224104
668276.414014,1785.7212638934,804.0767152367691
668286.358046,1775.6957515508636,795.8408385167508
668295.348052,1755.7894748479148,769.2462090466345
668305.51632,1721.5805970766896,737.0821161852615
668315.389387,1669.8765834612498,782.3017905435888
668325.801217,1662.5033660513309,808.5012304315306
668335.386659,1673.9515655075545,862.2352258303484
668345.346257,1612.9825313543022,804.9931761454687
668355.830363,1557.5455667141655,760.2455667631293
668365.765682,1522.897085797069,733.3066818197829
668376.59633,1522.897085797069,733.3066818197829
668386.573285,1522.897085797069,733.3066818197829
668395.341319,1522.897085797069,733.3066818197829
668405.401229,1522.897085797069,733.3066818197829
668415.380293,1522.897085797069,733.3066818197829
668425.738056,1484.0143559216835,702.8597818726696
668435.801648,1377.597437443518,621.9480639086036
668445.732,1291.6125169477564,580.0365868287995
668459.842562,1142.5294544010615,642.731295141068
668465.437628,1087.4480164410106,630.3385038377792
668483.362429,1058.2565387553689,586.9108935412677
668486.884134,1048.5884963349774,576.2758803838503
668496.415342,1048.5884963349774,576.2758803838503
668506.494566,1026.0061870041086,547.1449894359977
668515.637124,957.3258442570204,501.2409703380325
668525.426546,848.79322807582,409.55633785178554
668535.335266,776.5719130154368,346.02617135230855
668545.806813,658.7492936417907,246.57299596345646
668555.984251,582.800919280237,174.71915340536017
668565.754542,542.2122153623785,146.17648707674374
668576.008456,542.2122153623785,146.17648707674374
668586.445446,542.2122153623785,146.17648707674374
668596.376555,528.4219375775709,131.5513804890123
668606.293688,441.6523952850542,50.15250612949625
668616.862887,381.61987030937337,-3.3939363993938696
668625.689427,375.6837649886261,-7.884019271822848
668637.425274,375.6837649886261,-7.884019271822848
668645.996301,375.6837649886261,-7.884019271822848
668655.947599,366.28819061498484,-15.582791523207435
668665.920174,326.31999165166604,-50.471131311995215
668678.282033,357.0223886435873,-88.19253646221807
668687.340397,353.46544500188315,-123.68029563951288
668696.396218,346.4138890852781,-173.6023099490291
668706.585749,337.8224524162301,-240.6438688408735
668715.698069,365.08664405842194,-281.5697381807742
668725.756786,392.01270426748476,-331.3552060090337
668735.328419,432.1117571630305,-353.6873674622154
668747.047646,454.86397721774193,-386.88240283520605
668755.788899,403.8349084228168,-404.63473621577947
668765.730252,403.8349084228168,-404.63473621577947
668776.082104,403.8349084228168,-404.63473621577947
668785.78333,403.8349084228168,-404.63473621577947
668795.333528,399.62842911846207,-404.996945469176
668806.476084,399.00717221397525,-446.22475302990256
668815.750097,493.3847091174503,-505.02003407643946
668826.485969,635.0571480835608,-610.1995646837079
668837.587916,723.8987612489651,-638.1422890958942
668846.999296,888.8834013586986,-686.7881322695359
668856.066711,928.2689850402115,-780.4312683153881
668865.856967,816.4828908682612,-860.0021266477846
668875.809852,661.3916060750574,-885.9515833004311
668885.333856,585.346618776456,-1095.2096300604067
668896.03598,553.0115493907832,-1248.4050266791721
668906.746437,529.6496068018523,-1357.9124705583688
668916.736987,520.5382616700222,-1386.1141105252807
668925.95346,520.5382616700222,-1386.1141105252807
668936.534408,519.9041677880463,-1388.849994213416
668945.773702,549.335747006406,-1451.9360716954247
668959.685196,621.512086345566,-1536.4120769686394
668965.345887,616.5525795075731,-1672.1844780369563
668989.645233,593.3027610494661,-1949.4678867232901
668989.645953,593.3027610494661,-1949.4678867232901
668990.522229,593.3027610494661,-1949.4678867232901
668990.522826,593.3027610494661,-1949.4678867232901
668991.703255,593.3027610494661,-1949.4678867232901
669001.712255,575.8213342680627,-2022.8865440141667
669011.742063,674.8925650379516,-2093.2056946975645
669021.796285,773.271412211948,-2188.284766020711
669036.376603,881.7294476540432,-2281.423466095604
669041.81484,980.7250634742223,-2377.9581009429503
669051.823078,1070.1266439228427,-2464.784155220225
669062.525835,1150.8921767749307,-2599.3718927542172
669072.36332,1149.3393313284068,-2613.9836723586777
669082.253574,1149.3393313284068,-2613.9836723586777
669092.343362,1140.1565035907554,-2688.1151830886465
669102.490499,1129.1181926395946,-2849.570894786236
669124.078813,1118.1277146229388,-3032.0640802326266
669124.219338,1122.483629287449,-3282.093599862117
669124.450015,1136.8306318716238,-3338.2091042538127
669124.450739,1136.8306318716238,-3338.2091042538127
669125.427819,1136.8306318716238,-3338.2091042538127
669135.884716,1165.9083070686177,-3464.0554845016695
669146.236075,1182.0877718408512,-3536.1678621414926
669157.19346,1182.0877718408512,-3536.1678621414926
669166.780297,1182.0877718408512,-3536.1678621414926
669175.764996,1198.8661329483623,-3606.4399451909803
669185.954192,1232.6285798163324,-3751.685019485133
669196.019454,1268.1470181426805,-3914.6725607145204
669205.799268,1277.4891642375671,-4103.753075364583
669215.955928,1226.75999351464,-4178.896550162862
669226.240961,1200.74571173759,-4199.832309928235
669236.372555,1200.74571173759,-4199.832309928235
669246.483486,1200.74571173759,-4199.832309928235
669255.746061,1200.74571173759,-4199.832309928235
669266.553942,1200.74571173759,-4199.832309928235
669275.798102,1200.74571173759,-4199.832309928235
669285.78667,1194.8480889797138,-4204.984367303788
669295.893745,1102.8094600573963,-4292.521461153304
669305.782086,1021.7536511194068,-4369.952734674581
669315.725443,939.0739361459165,-4448.061886004552
669327.077061,804.0243324610311,-4578.483953225093
674265.311905,824.9981904798362,-4585.829700379186
674276.309302,914.4922040024975,-4500.926956553357
674285.819355,1049.96535184253,-4374.445681799759
674295.442847,1064.6034337109188,-4360.694104042221
674306.339957,1064.6034337109188,-4360.694104042221
674315.389215,1070.1328072432111,-4356.847735165324
674325.98819,1070.1328072432111,-4356.847735165324
674335.370902,1075.4342902493904,-4347.427250177679
674350.941232,1138.2120609847682,-4286.165530554115
674355.380904,1204.4094400006034,-4225.221018513741
674365.381467,1277.207229325472,-4150.147346574686
674377.079328,1362.9714208011358,-4125.591853665737
674387.522021,1424.692577615713,-4145.498924482224
674400.744859,1444.767983655861,-4153.178231251213
674405.933187,1444.767983655861,-4153.178231251213
674416.682578,1444.767983655861,-4153.178231251213
674426.648815,1444.767983655861,-4153.178231251213
674435.328755,1444.767983655861,-4153.178231251213
674445.388451,1444.767983655861,-4153.178231251213
674455.9174,1444.767983655861,-4153.178231251213
674465.940959,1444.767983655861,-4153.178231251213
674476.108885,1444.767983655861,-4153.178231251213
674485.905061,1444.767983655861,-4153.178231251213
674496.696082,1444.767983655861,-4153.178231251213
674505.508261,1444.767983655861,-4153.178231251213
674515.370179,1444.767983655861,-4153.178231251213
674525.380068,1428.048906906994,-4148.898412066946
674536.495197,1401.320136396567,-4142.460750250694
674546.538737,1404.69962368345,-4113.3049933394095
674555.291566,1396.536485821325,-4110.916262193823
674565.454573,1396.536485821325,-4110.916262193823
674575.39073,1375.832023308983,-4106.250486140366
674586.199185,1350.4316597231682,-4091.8984440854647
674595.376286,1325.1523674380717,-4069.8884306801924
674605.476351,1324.6477757387372,-4034.6026838798884
674616.109159,1335.4131699865022,-4016.4040530939287
674617.589811,1335.4131699865022,-4016.4040530939287
674625.334019,1335.4131699865022,-4016.4040530939287
674635.849844,1335.4131699865022,-4016.4040530939287
674646.65653,1335.4131699865022,-4016.4040530939287
674655.909914,1335.4131699865022,-4016.4040530939287
674665.485764,1335.4131699865022,-4016.4040530939287
674675.640505,1335.4131699865022,-4016.4040530939287
674685.79525,1335.4131699865022,-4016.4040530939287
674695.742633,1338.016676800848,-4013.529145569815
674705.739641,1338.016676800848,-4013.529145569815
674715.82073,1338.016676800848,-4013.529145569815
674725.673605,1338.016676800848,-4013.529145569815
674736.093551,1338.016676800848,-4013.529145569815
674745.819598,1338.016676800848,-4013.529145569815
674755.276208,1338.016676800848,-4013.529145569815
674768.680512,1338.016676800848,-4013.529145569815
674775.689922,1338.016676800848,-4013.529145569815
674785.732579,1338.016676800848,-4013.529145569815
674796.167597,1397.1507253612194,-4051.628746243441
674805.952393,1370.7615907979277,-4081.028157349297
674815.818468,1355.3030623704192,-4087.0858002120835
674826.298349,1355.3030623704192,-4087.0858002120835
674836.90776,1355.3030623704192,-4087.0858002120835
674843.77552,1355.3030623704192,-4087.0858002120835
674845.569336,1355.3030623704192,-4087.0858002120835
674855.419229,1321.0673822021242,-4066.4874428531725
674868.193152,1298.0427439380203,-4034.936336661893
674877.13536,1270.5034532702118,-3876.5661409037552
674886.393592,1256.006073428984,-3797.454474903712
674895.381493,1254.1615485044506,-3771.9007829115985
674905.380379,1226.865538768343,-3636.936443037475
674917.110563,1202.9964153291721,-3530.4160496267104
674925.380208,1187.9864570805805,-3481.822684231913
674936.050619,1179.436582912746,-3434.994701892479
674946.62463,1171.9768404297217,-3412.551908092321
674957.163564,1165.9095076112174,-3381.4370330727447
674965.383354,1163.915474611573,-3371.722730342819
674976.816148,1163.915474611573,-3371.722730342819
674985.472674,1163.915474611573,-3371.722730342819
674996.385248,1163.915474611573,-3371.722730342819
675005.623012,1163.915474611573,-3371.722730342819
675015.392553,1163.915474611573,-3371.722730342819
675025.382456,1163.915474611573,-3371.722730342819
675035.627391,1163.915474611573,-3371.722730342819
675050.906214,1163.915474611573,-3371.722730342819
675055.466293,1153.8316089512377,-3321.055087649642
675066.419909,1069.2638662527172,-3287.710349643173
675075.385402,994.8536364197275,-3274.166507650136
675085.370932,953.6437489611889,-3278.545266681673
675097.302595,937.9979071720135,-3279.365892993254
675105.619082,937.9979071720135,-3279.365892993254
675115.385666,937.9979071720135,-3279.365892993254
675125.80428,937.9979071720135,-3279.365892993254
675135.697802,900.8640683081287,-3284.171766703429
675145.333031,832.3132340172033,-3283.9799635390737
675155.945164,779.4781570194162,-3286.021531275354
675166.559134,747.4932624585115,-3291.678279471555
675176.996212,734.211684597097,-3290.7495246753215
675186.500437,650.0148622699627,-3289.465109918847
675197.044809,594.9535140176707,-3281.690649224547
675207.517271,500.7532405149937,-3284.9309132935405
675215.991833,449.66181216008727,-3282.2451500132815
675225.383852,401.78450553617677,-3284.8047072574304
675235.324981,347.9709877236545,-3277.059501996661
675248.862074,358.7121698202899,-3180.0558492964033
675255.422333,372.0262345888024,-3123.4981254950567
675266.09786,454.946883053877,-3126.7406154067194
675277.347576,469.0770921946842,-3135.597800907124
675287.608546,474.22870677083256,-3121.3071586095066
675296.318671,515.5534007051006,-3128.4644934083417
675305.77198,535.7390848163593,-3169.503701482783
675315.536209,593.5222594460182,-3169.522410768551
675325.386065,621.5407359028319,-3173.60753691396
675335.386166,621.5407359028319,-3173.60753691396
675345.757611,621.5407359028319,-3173.60753691396
675355.668832,636.7731714661048,-3128.876399922363
675365.386471,569.2772902081584,-3119.3321540706525
675375.646736,537.9737454783933,-3115.9335401152116
675385.408442,537.9737454783933,-3115.9335401152116
675396.642822,537.9737454783933,-3115.9335401152116
675406.376201,537.9737454783933,-3115.9335401152116
675416.385908,533.8177962090996,-3116.005073992021
675426.027993,535.1562311064828,-3027.550164156844
675435.313887,553.3071782938493,-2935.1405940363697
675445.313788,454.89597315102185,-2900.723963603921
675456.242045,293.0520673676061,-2866.6151060681823
675467.860054,201.97052197988447,-2848.1210940298106
675475.335116,137.18334153945082,-2805.016665599206
675485.681025,14.010901574741693,-2781.721975776787
675497.9532,-86.33465350508892,-2758.085966674306
675507.083985,-149.03886124903894,-2744.8342355389227
675515.290565,-149.03886124903894,-2744.8342355389227
675527.422337,-149.03886124903894,-2744.8342355389227
675535.958665,-149.03886124903894,-2744.8342355389227
675545.670823,-170.03224902211815,-2731.7521778233663
675555.379775,-225.37863017257527,-2723.172120021871
675565.379295,-300.8648987077529,-2726.330490533174
675575.377977,-348.4589490015556,-2729.07657125245
675585.753317,-413.7631190740676,-2726.144163957712
675595.808268,-435.6266262258871,-2725.6704998275595
675605.688594,-497.2591889415359,-2725.6756436060564
675617.593751,-562.6767548857091,-2729.278254465732
675625.816185,-679.9392860829605,-2733.1706830013986
675635.307711,-772.3844734559506,-2741.433753947075
675648.782525,-829.9480960446102,-2755.297574247399
675657.837082,-877.4325658489624,-2770.6683127826645
675665.89646,-928.5857985790358,-2785.3685484842154
675675.373592,-999.7940479849676,-2807.336885456518
675688.883101,-1141.274067968099,-2846.517931083788
675695.494766,-1240.8576444660735,-2873.3763912340205
675707.451541,-1313.3004751979645,-2897.183522560785
675715.971007,-1335.4732753736243,-2908.991405660762
675726.42563,-1335.4732753736243,-2908.991405660762
675735.396671,-1335.4732753736243,-2908.991405660762
675746.255593,-1347.1726110095508,-2918.268187719411
675755.378217,-1417.4962213756687,-2986.628479629816
675765.376313,-1457.0584647006685,-3028.681289516788
675775.39844,-1489.7712666922023,-3166.1878157518786
675785.416126,-1528.9970170919162,-3284.4019400657035
675795.336673,-1540.6922918988814,-3334.5403597745885
675807.290802,-1614.5609617503776,-3323.5070658094974
675817.85834,-1661.4777851439585,-3252.1481332842727
675826.403612,-1690.6712288907718,-3202.458653849412
675836.789641,-1717.6466225483389,-3158.614195031746
675845.965872,-1717.6466225483389,-3158.614195031746
675855.332498,-1729.3899620643922,-3145.6204886159708
675866.731804,-1764.5177703431107,-3069.704347560158
675875.345023,-1839.5376840137972,-2927.6755775845895
675885.395896,-1876.3502437739173,-2869.731900418101
675895.395858,-1885.2347093555873,-2856.4546335284294
675907.579612,-1885.2347093555873,-2856.4546335284294
675915.388147,-1885.2347093555873,-2856.4546335284294
675925.346608,-1885.2347093555873,-2856.4546335284294
675935.974783,-1885.2347093555873,-2856.4546335284294
675947.661763,-1885.2347093555873,-2856.4546335284294
675955.985623,-1885.2347093555873,-2856.4546335284294
675966.078908,-1885.2347093555873,-2856.4546335284294
675975.400064,-1885.2347093555873,-2856.4546335284294
675985.402842,-1928.6283338721962,-2810.7245387954413
675998.629416,-2011.7907438116224,-2853.4369758522203
676005.40052,-2137.3560669357967,-2882.6308286926374
676015.34049,-2257.949816023099,-2911.2772696158136
676025.921552,-2321.888961486351,-2928.006554875329
676035.361976,-2402.1180678389883,-2945.7606792205347
676045.387872,-2408.35117287717,-2946.607233766845
676055.843183,-2408.35117287717,-2946.607233766845
676066.681388,-2408.35117287717,-2946.607233766845
676075.823875,-2415.344050124063,-2949.2084533957873
676085.733553,-2451.9009883820536,-2958.097747107592
676095.342076,-2430.570809146521,-2979.5700789815437
676105.390838,-2357.514222955113,-2957.288832671159
676118.871742,-2357.514222955113,-2957.288832671159
676125.391835,-2335.8753082859967,-2946.2268843621678
676135.518822,-2311.3677631150267,-2942.9873817111793
676145.713558,-2266.8626566483076,-2938.5799897569686
676156.645985,-2262.3561715958317,-2949.4968610490396
676165.492816,-2254.3114448889514,-2964.6325412073033
676175.673328,-2212.507311427745,-2953.0188935653955
676185.885352,-2188.7558015589784,-2978.2185079270403
676195.828285,-2171.543319818925,-3026.4616327506733
676205.702923,-2146.5285355501333,-3037.2637013040635
676215.993147,-2107.8578216478327,-3035.0895839554973
676225.392822,-2074.003329167708,-3027.237833552861
676236.488887,-2060.845227377543,-3053.3444955140903
676245.391332,-2042.2615495734378,-3130.3775184933825
676255.697437,-2038.8882303801688,-3140.526598016888
676266.709434,-2060.7455800859175,-3150.601295963021
676275.731941,-2089.805614054475,-3153.6085994260866
676285.761983,-2089.805614054475,-3153.6085994260866
676295.404738,-2089.805614054475,-3153.6085994260866
676306.477436,-2128.072005610238,-3160.172555545219
676315.71688,-2151.13996605054,-3159.7366914844347
676325.752202,-2151.383320545216,-3151.4621727303597
676336.005628,-2187.539515573391,-3145.9640543726105
676345.438854,-2262.2932221290785,-3184.3347427974445
676355.654566,-2253.997077258247,-3208.211043656176
676367.200078,-2310.004035724955,-3201.5604182033167
676375.398578,-2357.6530315103937,-3207.4148641286247
676385.416178,-2372.1892752810577,-3139.5813288692034
676395.740628,-2373.150168881742,-3090.1707898863824
676406.416517,-2377.315506245379,-3053.2870055837
676415.524824,-2399.7605327535875,-3013.2777449972355
676425.396216,-2434.957244556421,-2994.361722388434
676435.397166,-2471.4840535719263,-3046.359450317474
676445.397085,-2472.655853949219,-3046.5964973694563
676455.407655,-2472.655853949219,-3046.5964973694563
676465.395801,-2464.1977243918986,-3023.354776934951
676478.19141,-2462.060742731109,-3018.471920268185
676485.751751,-2462.060742731109,-3018.471920268185
676496.179531,-2462.060742731109,-3018.471920268185
676506.537977,-2462.060742731109,-3018.471920268185
676516.917526,-2462.060742731109,-3018.471920268185
676525.785886,-2462.060742731109,-3018.471920268185
676535.673978,-2462.060742731109,-3018.471920268185
676545.647178,-2455.587026324636,-3003.389510495504
676585.955327,-2375.3856310848246,-2960.321475300481
676585.955975,-2375.3856310848246,-2960.321475300481
676591.282637,-2375.3856310848246,-2960.321475300481
676602.251635,-2375.3856310848246,-2960.321475300481
676611.19726,-2375.3856310848246,-2960.321475300481
676621.200452,-2375.3856310848246,-2960.321475300481
676631.197334,-2375.3856310848246,-2960.321475300481
676641.197363,-2375.3856310848246,-2960.321475300481
676651.196351,-2348.2387807108435,-2956.3267513136007
676661.404335,-2325.7850790745233,-2953.6785027071905
676671.474863,-2325.7850790745233,-2953.6785027071905
676684.870162,-2325.7850790745233,-2953.6785027071905
676691.498112,-2288.8209240905176,-2944.2572226725756
676702.148338,-2271.7055703397295,-2940.776436515946
676711.999969,-2252.0226614720495,-2935.247127931266
676722.19117,-2203.8151912931703,-2919.4424137879623
676731.511971,-2188.705129191177,-2917.66503559307
676741.180871,-2149.4259402180687,-2907.229933249045
676752.781087,-2085.8379088526553,-2894.599751304831
676763.359354,-2053.074348924174,-2889.5690164368893
676771.69035,-2049.04124693003,-2888.1089265634228
676782.854127,-2043.5739440358911,-2886.5265053200546
676791.882863,-2042.1131102056952,-2885.971964133559
676802.824897,-2024.991913824138,-2884.3148168305524
676812.966085,-2023.0448274009736,-2888.957692106582
676821.514269,-2019.00954769782,-2885.1909374110833
676831.185676,-2021.4004418016987,-2884.697361741823
676841.462399,-2026.628694358259,-2884.5813684610034
676853.03451,-2023.257153543467,-2883.5888864554286
676861.184046,-2013.3035477606445,-2880.160740728886
676871.184302,-1961.85638532264,-2855.5292374099
676881.183453,-1965.8130971646701,-2856.207822951554
676891.436896,-1967.4147637801061,-2858.033982573403
676902.650496,-1967.4144763970978,-2858.0334186229215
676911.414781,-1967.4144763970978,-2858.0334186229215
676921.195021,-1967.4144763970978,-2858.0334186229215
676933.109268,-1967.4144763970978,-2858.0334186229215
676941.44388,-1967.4144763970978,-2858.0334186229215
676951.191149,-1967.4144763970978,-2858.0334186229215
676962.999856,-1967.4144763970978,-2858.0334186229215
676971.665246,-1967.4144763970978,-2858.0334186229215
676981.461169,-1967.4144763970978,-2858.0334186229215
676991.202838,-1924.6844303600171,-2842.3940856493773
677001.205299,-1892.3818013778603,-2865.5665239143245
677011.574742,-1884.542109888678,-2873.214802095911
677021.553448,-1881.4425158211084,-2878.1227014521814
677032.344982,-1877.0378560989598,-2886.8657820749095
677044.79467,-1866.9405939513122,-2901.979030002126
677051.188924,-1860.31020580068,-2911.9406345921643
677064.836135,-1858.4126104191055,-2919.2541583364373
677071.204153,-1841.8003064169986,-2941.2379395801145
677084.759784,-1821.5735828365378,-2969.1927612318777
677091.422817,-1818.261721476598,-2969.9531682519655
677101.4278,-1814.2691309341465,-2968.2704459686615
677111.190219,-1818.9964376035666,-2963.329653803212
677122.14551,-1812.644752436913,-2981.0507872667777
677132.083591,-1813.31946724758,-2982.0452045397683
677141.253471,-1789.9935732681272,-3024.9912756555386
677151.445283,-1768.9532400572734,-3070.855712223034
677162.243688,-1765.9427341042642,-3080.3223497745835
677171.551641,-1766.0490418671513,-3081.3554938616458
677181.663587,-1766.1712948187799,-3081.150929739992
677191.430461,-1766.1712948187799,-3081.150929739992
677201.771173,-1755.074443440082,-3102.0331331721213
677211.177862,-1744.415298610103,-3127.4791720359444
677221.556895,-1744.4152986018491,-3127.4791720472526
677231.184791,-1715.2489206445748,-3187.6149654450624
677241.121231,-1705.9269973611977,-3208.757612905235
677251.534357,-1705.9269973611977,-3208.757612905235
677262.179737,-1699.6802508843639,-3219.5988116415924
677271.916308,-1693.8333737077244,-3231.214392906031
677281.974287,-1676.5861259531532,-3256.387319053135
677295.937651,-1643.4062234741475,-3309.741338299718
677301.480265,-1635.7751351525164,-3321.0755150285786
677311.150201,-1635.7751351525164,-3321.0755150285786
677321.188925,-1635.7751351525164,-3321.0755150285786
677331.188868,-1635.7751351525164,-3321.0755150285786
677341.432144,-1635.7751351525164,-3321.0755150285786
677351.136888,-1635.7751351525164,-3321.0755150285786
677362.166187,-1609.1340995347898,-3354.5424089806424
677371.453347,-1570.3055042005583,-3396.6195696664104
677381.136782,-1552.4574728805953,-3415.7614054247956
677391.687547,-1548.819717640315,-3420.4656958860114
677403.027334,-1548.819717640315,-3420.4656958860114
677411.666566,-1548.819717640315,-3420.4656958860114
677421.186608,-1536.40263113268,-3434.8805989817197
677431.138381,-1519.7015920082551,-3446.005258455318
677442.20838,-1472.3049171465113,-3490.834437151811
677458.139301,-1458.9395648550292,-3509.756921417273
677461.292892,-1472.477263360499,-3559.438483537468
677461.293571,-1472.477263360499,-3559.438483537468
677462.892154,-1474.5531125910475,-3569.4373639438127
677473.437173,-1475.350965001446,-3577.22254424709
677482.950821,-1494.6375164978374,-3625.0086952197507
677493.878705,-1500.1759083696097,-3645.239771009841
677504.798037,-1513.1166891802122,-3677.0119114323993
677513.360346,-1514.045291738533,-3678.9297109378886
677523.408663,-1514.045291738533,-3678.9297109378886
677533.327612,-1518.5322325457525,-3688.8563919507837
677544.240134,-1544.131984374634,-3765.594973468821
677553.391135,-1549.4495125077888,-3780.0416992234414
677562.939851,-1551.1763136282852,-3780.966290920957
677573.227563,-1601.2599723294898,-3846.240011389995
677582.896471,-1641.493013717409,-3920.5322440590317
677594.297864,-1683.637953779072,-4024.818007892427
677602.947591,-1821.6969827059756,-4180.982914633664
677612.94741,-1918.6778066076308,-4286.688874304692
677623.72534,-1969.4311574323158,-4405.5641126946675
677634.042603,-1992.6096761544047,-4528.000161440126
678452.955343,-3524.2308354785746,-4619.025621123437
678463.760057,-3525.6981202477277,-4534.512787245917
678472.912527,-3489.9196187738125,-4400.351593011229
678485.234376,-3464.090490426024,-4360.880951669694
678492.986542,-3427.182052898297,-4316.547223505778
678503.309893,-3366.188094015158,-4254.968173042648
678514.301237,-3351.6418253284533,-4241.549432071484
678522.891051,-3344.0274436784994,-4235.988354076202
678533.370577,-3344.0274436784994,-4235.988354076202
678543.3718,-3344.0274436784994,-4235.988354076202
678552.904307,-3344.0274436784994,-4235.988354076202
678564.303947,-3344.0274436784994,-4235.988354076202
678576.154309,-3328.239264142112,-4219.8811875924375
678596.143308,-3290.6966359140342,-4139.785413877641
678596.160271,-3274.7333550076946,-4007.179657729913
678597.008091,-3273.044707225373,-3991.664040599627
678597.008705,-3273.044707225373,-3991.664040599627
678599.941051,-3273.044707225373,-3991.664040599627
678609.90539,-3267.6289674899344,-3958.1281037137796
678618.446534,-3264.5553518510455,-3921.8568707377285
678631.419719,-3259.349746355929,-3870.832113420414
678641.303883,-3254.931524383962,-3849.658799227572
678648.773024,-3254.931524383962,-3849.658799227572
678658.760616,-3254.931524383962,-3849.658799227572
678668.485807,-3254.931524383962,-3849.658799227572
678678.97319,-3251.8794361800387,-3802.391312603959
678688.908534,-3240.2033421651154,-3727.1917335968533
678698.444062,-3232.1062665575705,-3663.0089221063054
678708.790166,-3222.744637830578,-3594.1314226384325
678721.254823,-3218.785031641921,-3562.7581547929917
678729.220435,-3215.4805702421745,-3536.341668193728
678739.484781,-3213.880396340959,-3504.209041423726
678750.154872,-3214.736520250812,-3484.718594880971
678758.488045,-3214.736520250812,-3484.718594880971
678768.846061,-3212.699828226065,-3472.740296452466
678778.925611,-3212.700349633127,-3465.9178670571887
678788.462088,-3208.5333047076574,-3417.5326659755983
678798.746054,-3207.2632197711187,-3400.9950678858877
678809.901497,-3206.3100054424917,-3364.8301922506084
678818.853231,-3206.3372542902393,-3361.972314171229
678830.396417,-3206.3372542902393,-3361.972314171229
678838.934931,-3206.3372542902393,-3361.972314171229
678848.505157,-3206.3372542902393,-3361.972314171229
678858.83284,-3207.1341538006914,-3345.9967133632854
678868.802737,-3210.1426828231815,-3317.9123023239654
678878.86323,-3210.701697770446,-3300.300052011023
678889.025173,-3211.4669998803924,-3291.224670001379
678894.177534,-3211.4669998803924,-3291.224670001379
678898.498404,-3211.4669998803924,-3291.224670001379
678908.750368,-3213.678180413863,-3282.0745997614945
678918.86341,-3213.678180413863,-3282.0745997614945
678929.371332,-3213.678180413863,-3282.0745997614945
678940.432775,-3212.336919070397,-3263.5635772713545
678949.52643,-3218.565643188399,-3228.2555305827486
678959.691712,-3221.1779148096775,-3219.6083778512757
678968.415822,-3223.7183437427443,-3206.5675307133542
678978.467729,-3224.518007410881,-3203.2801085589344
678988.737576,-3224.518007410881,-3203.2801085589344
678998.745784,-3224.518007410881,-3203.2801085589344
679008.735245,-3225.4845182671033,-3201.8669348583426
679018.737912,-3225.4845182671033,-3201.8669348583426
679028.818261,-3225.4845182671033,-3201.8669348583426
679043.333019,-3229.4982897487184,-3181.3439361929904
679048.800251,-3237.1695282447445,-3128.9404197822037
679059.012457,-3238.2465855349,-3121.8417450885204
679068.497356,-3238.2465855349,-3121.8417450885204
679079.504378,-3238.2465855349,-3121.8417450885204
679088.760601,-3238.2465855349,-3121.8417450885204
679100.024449,-3238.2465855349,-3121.8417450885204
679109.504477,-3238.293894680379,-3119.0971950763915
679118.854052,-3249.6102325212905,-3072.2168368639987
679128.738154,-3253.6052159529304,-3043.50993719993
679138.729728,-3253.60178673376,-3043.5073742755217
679151.081446,-3253.60178673376,-3043.5073742755217
679158.729958,-3253.60178673376,-3043.5073742755217
679168.739229,-3253.60178673376,-3043.5073742755217
679178.743193,-3253.60178673376,-3043.5073742755217
679188.607058,-3253.60178673376,-3043.5073742755217
679198.883498,-3254.0325371811828,-3033.08171976558
679208.75495,-3267.6131255175114,-2980.633823672804
679218.521013,-3272.3021928179974,-2932.851050037613
679228.968817,-3276.5873491401394,-2896.7597386441275
679239.016723,-3274.1949004886715,-2870.0942467839654
679248.985168,-3272.6612103902994,-2839.218689273407
679259.504437,-3271.1844246819983,-2790.559617413367
679268.738513,-3267.581595583441,-2772.9602692232543
679279.895673,-3267.5714657621324,-2772.9579713693415
679288.497434,-3267.5714657621324,-2772.9579713693415
679298.858111,-3267.5714657621324,-2772.9579713693415
679308.609761,-3266.9087039505202,-2767.557911091478
679318.83966,-3270.09298779459,-2749.3741468013955
679328.839557,-3268.9725671726865,-2737.25542358086
679338.440604,-3267.6780992365616,-2717.0731253162267
679348.444846,-3272.9937552923006,-2676.270962656866
679359.78778,-3274.000569009965,-2674.7259097054543
679369.788963,-3274.000569009965,-2674.7259097054543
679383.113923,-3274.000569009965,-2674.7259097054543
679391.195565,-3274.000569009965,-2674.7259097054543
679400.573218,-3274.000569009965,-2674.7259097054543
679408.899674,-3274.000569009965,-2674.7259097054543
679419.000726,-3274.000569009965,-2674.7259097054543
679428.850078,-3274.3694149962894,-2652.5969635231677
679438.50062,-3278.4162380260777,-2611.701519588405
679448.940972,-3276.9457283473503,-2578.118116830094
679458.981076,-3276.8768113710926,-2575.4846864842357
679469.85475,-3276.8768113710926,-2575.4846864842357
679479.336817,-3276.8768113710926,-2575.4846864842357
679488.816939,-3276.1032760388593,-2569.094938974272
679499.631449,-3276.1032760388593,-2569.094938974272
679508.502094,-3276.1032760388593,-2569.094938974272
679518.514652,-3276.1032760388593,-2569.094938974272
679528.993029,-3276.1032760388593,-2569.094938974272
679539.030796,-3275.4632046717247,-2533.9329814303474
679548.80599,-3271.8412527826267,-2495.9292900883693
679558.497318,-3273.6611528402564,-2470.684210880263
679568.821935,-3273.6612464466366,-2470.684139849717
679579.121132,-3273.6612464466366,-2470.684139849717
679588.489712,-3273.6612464466366,-2470.684139849717
679599.517142,-3273.6612464466366,-2470.684139849717
679609.509874,-3273.6612464466366,-2470.684139849717
679618.89349,-3273.6612464466366,-2470.684139849717
679628.781991,-3273.6612464466366,-2470.684139849717
679638.754008,-3273.6612464466366,-2470.684139849717
679649.004901,-3276.8158445832137,-2455.9875898989535
679658.845737,-3277.430752639763,-2394.325278466099
679668.904736,-3276.4867834294846,-2374.6841280177514
679679.169644,-3277.5853726523096,-2371.582164386555
679690.104714,-3277.5853726523096,-2371.582164386555
679699.567309,-3277.5853726523096,-2371.582164386555
679708.532885,-3277.5853726523096,-2371.582164386555
679719.723527,-3277.5853726523096,-2371.582164386555
679728.891012,-3277.5853726523096,-2371.582164386555
679739.010785,-3277.5853726523096,-2371.582164386555
679748.984005,-3277.5853726523096,-2371.582164386555
679758.940074,-3277.9694553897284,-2368.41046030909
679768.516621,-3281.6012401071275,-2316.723750008223
679778.823843,-3288.9077351727096,-2285.2847007395867
679788.953482,-3289.736079532281,-2283.95652717723
679799.063476,-3289.736079532281,-2283.95652717723
679813.712143,-3289.736079532281,-2283.95652717723
679820.564007,-3289.736079532281,-2283.95652717723
679829.799664,-3289.736079532281,-2283.95652717723
679839.399863,-3289.736079532281,-2283.95652717723
679848.756652,-3289.736079532281,-2283.95652717723
679858.742706,-3289.736079532281,-2283.95652717723
679869.293146,-3289.736079532281,-2283.95652717723
679878.508045,-3297.011389819415,-2252.8419829200416
679888.521445,-3339.7749029125994,-2158.9105839315494
679898.819573,-3369.1794129779746,-2094.1762092882154
679908.84121,-3387.2242519074252,-2057.9541624730023
679919.226565,-3446.7359912018696,-1976.697605929823
679930.155314,-3453.7031343583676,-1944.5876865880236
679939.144194,-3453.7031343583676,-1944.5876865880236
679950.748282,-3453.7031343583676,-1944.5876865880236
679961.120421,-3453.7031343583676,-1944.5876865880236
679970.897176,-3453.7031343583676,-1944.5876865880236
679978.921902,-3453.7031343583676,-1944.5876865880236
679988.525443,-3453.7031343583676,-1944.5876865880236
679998.790502,-3452.2316770860375,-1920.0855018948478
680009.893046,-3454.1477406051285,-1841.4611530501738
680020.88744,-3485.033054865947,-1702.9808242952456
680030.849059,-3511.6446792219585,-1556.9278245475275
680039.15609,-3511.0183345177106,-1378.0519203067543
680048.437332,-3499.255748178579,-1174.1956783777316
680058.498715,-3495.759400241728,-1049.4674566325502
680070.064201,-3478.3656086980786,-932.6128465039475
680078.508466,-3474.133614801348,-861.6789449612305
680088.518439,-3438.342143610019,-858.9655061338568
680101.573469,-3288.185399514959,-865.1925132631332
680108.670086,-3163.3405486084944,-871.3929179074968
680118.510711,-3028.26654428952,-878.3137624897845
680129.185866,-2842.0000035985368,-884.0842742243593
680138.927845,-2702.13985310762,-901.0035984881998
680150.473022,-2560.5754672877083,-895.1048809613001
680158.89901,-2421.985209285476,-893.8378792598479
680170.646789,-2329.4775590041017,-918.9590088005107
680178.507601,-2249.7612119951796,-960.055122434462
680188.516164,-2160.320081203981,-1040.9966522585812
680202.004594,-2066.7205322658133,-1064.1504178001455
680211.921083,-2013.4849655211244,-1043.1991671579392
680218.514396,-2031.0225373581504,-978.6713808691095
680228.514614,-2038.9894725225645,-906.4068676386705
680241.072503,-2036.4009552395457,-827.0469207367123
680265.76545,-2022.3606341969323,-695.8545852898749
680265.786125,-2012.7457915274792,-533.1470728444675
680266.90212,-2026.7132460383964,-374.95490876117265
680266.902725,-2026.7132460383964,-374.95490876117265
680268.466705,-2026.7132460383964,-374.95490876117265
680278.397153,-2103.4912178567124,-225.4750556553786
680288.384829,-2126.059159790065,-139.90627538172365
680298.355801,-2133.930268560262,-54.97105112572436
680310.223725,-2147.3230825408245,38.94017669108549
680319.143147,-2163.31700708491,86.67629425161437
680329.49953,-2173.831634584007,116.91234239539546
680338.352954,-2198.396951386066,202.5754286729846
680348.458112,-2198.798645435375,287.0972216203918
680358.478991,-2166.4194272662844,357.6346310520689
680377.893136,-2141.022580514506,359.19460033988935
680377.893809,-2141.022580514506,359.19460033988935
680379.169835,-2141.022580514506,359.19460033988935
680389.570365,-2141.022580514506,359.19460033988935
680404.923458,-2141.022580514506,359.19460033988935
680409.744286,-2141.022580514506,359.19460033988935
680423.091034,-1803.0843790891347,288.6627851423086
680430.398246,-1737.4018709862974,294.6108706349153
680439.507515,-1723.0464794698191,295.61654382763936
680449.199996,-1723.0464794698191,295.61654382763936
680459.499112,-1723.0464794698191,295.61654382763936
680469.659971,-1723.0464794698191,295.61654382763936
680479.559214,-1723.0464794698191,295.61654382763936
680489.370007,-1723.0464794698191,295.61654382763936
680499.8126,-1723.0464794698191,295.61654382763936
680509.660393,-1671.9082454290665,302.3675324467641
680521.328337,-1610.0801199540101,313.45743601598275
680529.502711,-1580.3974803551873,314.4987065023924
680539.613513,-1565.9877351431471,314.37217156987543
680549.350783,-1505.1621314062356,319.4744669522235
680560.79222,-1442.6855698670647,327.3462240007356
680569.273256,-1405.4329411700803,327.8128183046379
680579.548877,-1405.4329411700803,327.8128183046379
680589.642687,-1405.0322078358993,327.8510279572528
680600.441298,-1351.3375977620371,287.8398614340425
680609.232735,-1309.168222821824,239.22111887908616
680621.810502,-1289.493763649756,222.78674466634857
680629.219073,-1235.7911374740806,173.01250190738827
680640.862389,-1203.8333989071002,132.0600319768978
680649.822615,-1142.4159566850938,91.50763713784443
680659.577333,-1019.2507753553681,37.80581899742445
680671.023712,-908.7340403649717,6.463832889665497
680679.36109,-838.0551736158226,-10.484937273167793
680690.818886,-830.9240082345144,-11.888365312344781
680700.089324,-830.9240082345144,-11.888365312344781
680709.647399,-812.2080097079585,-17.051977935634774
680720.539423,-738.8508643876745,-44.68862249961316
680729.904882,-686.9017463651041,-51.91151995066783
680741.558996,-618.2472217637312,-53.856287380042176
680749.339757,-530.9301194884725,-89.76895997037656
680761.888492,-489.1281813214291,-115.80373293892764
680769.751636,-459.2657291388964,-114.05514421697663
680778.214684,-508.8046249095546,-97.53650846627538
680779.507437,-515.3704381980695,-105.23503072052178
680817.690395,-516.4516005590316,-110.85500447257216
680872.011286,-469.84611036165956,-118.55072892361714
680872.011864,-469.84611036165956,-118.55072892361714
680880.040916,-469.84611036165956,-118.55072892361714
680890.043785,-469.84611036165956,-118.55072892361714
680901.419245,-469.84611036165956,-118.55072892361714
680910.040219,-469.84611036165956,-118.55072892361714
680920.010782,-469.84611036165956,-118.55072892361714
680930.045014,-469.84611036165956,-118.55072892361714
680940.042702,-469.84611036165956,-118.55072892361714
680950.340543,-469.84611036165956,-118.55072892361714
680960.813293,-469.84611036165956,-118.55072892361714
680970.340544,-469.84611036165956,-118.55072892361714
680980.416754,-469.84611036165956,-118.55072892361714
680990.052008,-469.84611036165956,-118.55072892361714
681000.033296,-469.84611036165956,-118.55072892361714
681010.369028,-469.84611036165956,-118.55072892361714
681020.980499,-469.84611036165956,-118.55072892361714
681030.356658,-469.84611036165956,-118.55072892361714
681040.341818,-469.84611036165956,-118.55072892361714
681050.584491,-469.84611036165956,-118.55072892361714
681060.344361,-469.84611036165956,-118.55072892361714
681070.343411,-469.84611036165956,-118.55072892361714
681080.365697,-468.2812530878806,-118.38672010964274
681090.365748,-468.2812530878806,-118.38672010964274
681100.984067,-468.2812530878806,-118.38672010964274
681111.070763,-468.2812530878806,-118.38672010964274
681120.403795,-468.2812530878806,-118.38672010964274
681128.372355,-468.2812530878806,-118.38672010964274
681130.009962,-468.2812530878806,-118.38672010964274
681140.346123,-467.3750135302351,-118.23553300597584
681150.472506,-475.3661311666947,-101.62535342872744
681161.418115,-499.7809809205335,-92.37305808512274
681170.430992,-505.0412576581165,-90.26154965381014
681180.693788,-536.1446047710386,-63.40056133423917
681190.010476,-530.6811504959503,12.29672306737881
681200.48427,-502.7278252145656,83.81599368398422
681210.054944,-460.43647954082405,91.08385343916248
681220.469969,-414.8903148140906,108.81930136708986
681225.75973,-468.2812530878806,-118.38672010964274
681230.339847,-379.55037088783763,100.01231962553955
681241.181178,-321.30042376153665,73.52628302190016
681250.037391,-318.77593293223384,74.96226698978928
681263.389899,-318.77593293223384,74.96226698978928
681270.00801,-311.777424361966,76.18207022029473
681280.00985,-276.08804436697693,87.30693120060221
681290.468221,-209.9877894406077,98.86641349455682
681300.539612,-189.76188897393024,39.701533106187064
681310.392875,-216.11212733868393,5.939459438948785
681321.331981,-211.06863008018772,-63.39134756065834
681330.009522,-223.56552177794057,-79.80846370479762
681341.065252,-295.2479935215006,-100.91041291994163
681351.23106,-302.73360826644426,-120.30196302834301
681361.345145,-309.3637366318107,-141.8324449273872
681370.025243,-286.91877933708054,-175.05713793662812
681381.475675,-269.4414039965181,-184.47510840922178
681393.230242,-263.68214629116477,-189.1442978137079
681400.4318,-263.68214629116477,-189.1442978137079
681410.392304,-263.68214629116477,-189.1442978137079
681420.433285,-251.2907541485384,-195.29495940639353
681431.075229,-239.3814048334968,-198.08842003886787
681441.29165,-226.26887812887966,-205.09922547934252
681451.353091,-205.67460212949678,-215.92562545396038
681462.226543,-171.62938682482425,-202.34248944215767
681470.848424,-148.17710096411224,-214.01560423794714
681480.507521,-132.92627327262014,-266.45430793070483
681490.011664,-108.1942161389432,-309.22936394339155
681500.022818,-67.56478950012549,-305.7186178535174
681510.378423,-52.83057728235132,-256.86062326483477
681520.421441,-57.386952467000334,-225.34362465403373
681530.711475,-35.73805088867236,-158.64819973143727
681540.56112,-16.22944136372169,-141.77824896209998
681550.167877,-468.2812530878806,-118.38672010964274
681550.976661,-3.6377899824508853,-125.77696593746035
681561.850948,-2.397167576835368,-116.71505623056532
681570.123175,-5.784381633385303,-101.463588837752
681581.93852,-21.00735437625433,-44.15332945102913
681590.843059,-13.897807062749635,-18.432680130340305
681600.82086,33.23158232009994,4.065417038818108
681610.568976,124.7761366330678,22.65776952632723
681620.957611,210.3198683610699,8.287044168665016
681632.522149,234.37297700712514,-73.95693227237427
681640.44772,274.2386510773358,-81.23675989107205
681652.266318,359.44327120559143,-68.02006736060804
681660.368367,360.3751899883653,-56.867960288289886
681671.006875,372.7203069918996,-10.202415008475
681680.531449,454.77127906546406,63.77665147172348
681691.160574,527.6591707192409,116.93043616783885
681700.712479,577.2635520231752,154.08741321930907
681710.116469,639.0351699600855,212.22804578537568
681720.750286,686.5359005928252,254.13467900466708
681730.062837,725.3804294598782,285.4850940780515
681740.358021,726.7243590390934,287.07759320514884
681750.059834,726.7243590390934,287.07759320514884
681761.187776,744.0940176134271,316.5109827858358
681771.095933,784.9264597966969,351.3043959353754
681781.069887,795.0875469181397,360.2231330953714
681790.946398,822.2626608955188,385.2600690954084
681801.342285,839.8381394128025,402.5098311312766
681810.042453,839.8381394128025,402.5098311312766
681820.402414,839.8381394128025,402.5098311312766
681830.594523,839.8381394128025,402.5098311312766
681840.367506,839.8381394128025,402.5098311312766
681851.375413,839.8381394128025,402.5098311312766
681860.054683,834.1341567439538,424.9043373706622
681870.329964,881.66746060554,471.6816770648497
681881.074575,957.3392707718742,509.5133200444739
681891.173653,1006.7397884187477,545.663902190955
681900.569228,1006.7397884187477,545.663902190955
681910.016358,1006.7397884187477,545.663902190955
681920.012529,1023.8089879175401,576.2332594939558
681933.701096,1058.3743927418327,597.2302359870898
681949.884361,1199.211740785138,552.0461607123646
681949.885808,1199.211740785138,552.0461607123646
681950.995167,1199.211740785138,552.0461607123646
681950.995844,1199.211740785138,552.0461607123646
681952.973129,1201.5583195337028,548.7177389058768
681963.569163,1204.5846537298112,544.2311664083456
681985.861956,1235.5139312410226,516.7934595440081
681985.901581,1262.4754011230723,523.3863837297909
681987.493735,1262.4754011230723,523.3863837297909
681987.494458,1262.4754011230723,523.3863837297909
681988.99875,1262.4754011230723,523.3863837297909
682002.419547,1262.4754011230723,523.3863837297909
682009.91556,1262.4754011230723,523.3863837297909
682019.290634,1262.4754011230723,523.3863837297909
682029.326598,1262.4754011230723,523.3863837297909
682039.87215,1262.4754011230723,523.3863837297909
682049.042335,1262.4754011230723,523.3863837297909
682059.032037,1262.4754011230723,523.3863837297909
682070.694766,1284.9304785117704,540.4922630757156
682079.027446,1347.2257518958143,585.4501325229502
682089.00883,1397.5642831591172,619.0039285442901
682101.585493,1420.217905423456,635.9257228346638
682109.05449,1452.8296231250472,660.2895780348405
682120.219091,1468.2530140048696,673.9012318934043
682129.010804,1493.7286966052425,645.6324813739446
682143.910714,1544.1918832716842,548.4979348910036
682149.3987,1551.6807423041357,530.028464474428
682159.037213,1551.6807423041357,530.028464474428
682169.034353,1551.6807423041357,530.028464474428
682181.459292,1551.6807423041357,530.028464474428
682189.826388,1551.6807423041357,530.028464474428
682199.427813,1551.6807423041357,530.028464474428
682210.25332,1551.6807423041357,530.028464474428
682220.040025,1550.090903894784,526.2616560529165
682228.969878,1527.9312404863117,489.7300502471396
682241.344374,1504.0989672050569,470.73736484658735
682249.686986,1481.3522173087997,442.55133663858294
682259.715552,1465.2784253189227,421.91695523232323
682269.91184,1465.2784253189227,421.91695523232323
682279.431976,1462.475881580556,415.4689554493514
682289.048129,1474.900860468411,446.0357049552724
682299.60789,1516.4154683687204,486.7689267518183
682309.399765,1516.4154683687204,486.7689267518183
682320.046439,1520.2570538019243,471.49805601553453
682330.471868,1520.2570538019243,471.49805601553453
682339.099725,1520.2570538019243,471.49805601553453
682349.202443,1503.7547240377644,467.2660226547373
682361.930789,1503.7547240377644,467.2660226547373
682369.625357,1497.4483394568467,456.512354006836
682379.429038,1497.4483394568467,456.512354006836
682389.42571,1497.4483394568467,456.512354006836
682400.055609,1497.4483394568467,456.512354006836
682410.314884,1497.4483394568467,456.512354006836
682421.580071,1497.4483394568467,456.512354006836
682429.846847,1494.871921076777,445.49797312289996
682439.507504,1494.871921076777,445.49797312289996
682451.112107,1494.871921076777,445.49797312289996
682461.330051,1494.871921076777,445.49797312289996
682470.208497,1494.871921076777,445.49797312289996
682479.096629,1482.4166695431052,437.82494640845766
682489.04729,1481.4091089453282,437.5001822849357
682499.047298,1481.4091089453282,437.5001822849357
682510.879996,1464.1533361330728,429.78696300848407
682519.596099,1464.1533361330728,429.78696300848407
682528.973547,1460.3442358739694,418.0686662710048
682539.466871,1460.3442358739694,418.0686662710048
682550.296938,1460.3442358739694,418.0686662710048
682559.358552,1460.3442358739694,418.0686662710048
682570.403025,1446.9409802347482,412.9361189122777
682579.048116,1404.8323134988202,443.28535073159037
682588.95857,1338.1938952567716,507.64153787302246
682599.068126,1289.732081653395,575.5675337770036
682609.066642,1197.8442942653146,616.8856482451446
682620.464364,1139.0242105834097,654.5070931848429
682630.076242,1101.9589260270213,658.0309324521937
682639.073694,1081.2166515215547,610.6677029548133
682650.14468,1053.3965620615604,573.8743851819279
682660.178907,1016.8009551779693,536.8130135465797
682670.147568,953.4157264567731,482.2137402439656
682680.144556,880.3157011576716,424.63268748795014
682688.955409,811.3884296254291,372.67347873730984
682702.271615,737.4241376239177,301.170934326163
682711.179564,647.5951950317648,234.29963097164406
682718.994103,642.3591700579553,231.12995951801057
682729.863477,613.1322797790118,230.3636927452713
682739.453803,514.099392130518,343.1197130225495
682750.182213,514.099392130518,343.1197130225495
682759.054341,514.099392130518,343.1197130225495
682770.303464,292.09310093176657,607.2931985219498
682780.767142,292.09310093176657,607.2931985219498
682789.409825,292.09310093176657,607.2931985219498
682799.373536,236.30204333772326,653.7739668522418
682809.458831,186.61818348381738,638.8741093021904
682819.059048,141.7253089195928,617.0127946987153
682829.088239,129.58771291646045,616.5060605358324
682839.110307,85.44114398253866,609.6734363626998
682849.361619,11.168218819305098,586.6196528192136
682859.490743,-53.016241070280664,549.5964591035134
682869.463304,-113.46467363701659,553.6432605517285
682879.910827,-112.83221257919365,566.6002948560067
682890.224619,-112.83221257919365,566.6002948560067
682899.426696,-163.08434865552712,567.4699013029096
682909.297449,-178.08297929717963,564.0560800416039
682919.390785,-178.08297929717963,564.0560800416039
682929.006448,-192.4620428353407,564.3099085368148
682939.057921,-209.63771696301143,550.8361744116359
682948.961662,-209.02730494761457,548.109337022318
682959.331355,-230.62542534605586,568.7592584560443
682969.011172,-236.50342092920908,584.061956102288
682979.007914,-236.50342092920908,584.061956102288
682990.284266,-236.50342092920908,584.061956102288
683002.655662,-236.50342092920908,584.061956102288
683010.336254,-244.18494229222495,608.0483077400826
683018.964167,-306.9499273960485,594.6417248932856
683029.829918,-362.8912643150526,606.739652365227
683039.313662,-384.5776131594224,610.6181388365037
683048.961771,-411.04133655287416,614.0202270000041
683059.380337,-461.68025916749576,615.9787434348648
683069.330955,-520.7939085354532,609.5431624965724
683079.569103,-541.5685936936351,602.6481245746721
683091.201819,-546.6191279948365,597.786453826308
683102.041108,-560.684845200889,581.4604998922459
683110.284578,-550.9910969328537,549.6228300368543
683119.38754,-548.6280643614494,537.4778749316346
683130.467983,-542.8264643484447,514.2159687460381
683139.340107,-532.4477185678228,495.99102989980025
683149.420386,-524.6979380890452,479.1662732798509
683159.46727,-524.6979380890452,479.1662732798509
683169.407925,-524.6979380890452,479.1662732798509
683179.446387,-524.6979380890452,479.1662732798509
683189.297478,-524.6979380890452,479.1662732798509
683198.992319,-525.7571658761663,463.01567681960586
683209.057839,-500.9556734844155,457.3839037194563
683219.426146,-489.2469125354313,460.8744079669251
683231.041499,-489.2469125354313,460.8744079669251
683240.641933,-489.2469125354313,460.8744079669251
683249.472216,-485.03606540167743,473.12577618356
683259.353838,-465.9333784158024,491.28887196934494
683269.01527,-430.24151407116614,500.79209273306725
683279.015149,-418.27801830236103,581.6726621850645
683289.460927,-407.71554194189764,615.9863274778183
683305.032759,-486.67165526743065,613.7342302436141
683309.66755,-545.232796147884,592.9410046114937
683319.069036,-568.7231757535689,593.097087589607
683329.009345,-592.9232447635126,636.7807492480308
683340.863332,-616.1228618556615,665.9316938228533
683349.074155,-618.0152014810178,678.3525144463274
683359.073392,-665.672120977142,675.077717715599
683373.688332,-686.7798080230086,657.2612433761174
683379.067708,-714.6456758870438,709.4903194650163
683389.024587,-716.3104798348407,710.2882842063727
683399.51684,-716.3104798348407,710.2882842063727
683409.729773,-716.3104798348407,710.2882842063727
683420.623312,-712.6185672658415,726.1135374108628
683430.049051,-706.049185157432,736.4289521990124
683439.001074,-700.2636065403348,748.6478284643
683449.36137,-695.5141299291932,758.3652617865013
683460.94437,-695.5141299291932,758.3652617865013
683469.436387,-695.5141299291932,758.3652617865013
683480.520051,-695.5141299291932,758.3652617865013
683489.468528,-681.6650198010688,782.4080262562035
683499.063279,-657.5337947578006,841.3475921593099
683509.490858,-646.3765004379296,882.9989253105219
683519.020143,-704.2579936049095,898.6245704549576
683529.380322,-737.6906086240167,901.934104384346
683539.06831,-797.7844161318328,904.6606709786405
683550.08555,-871.4793225154194,909.5945822194954
683560.149857,-879.2345562248518,911.1281836451233
683572.219229,-879.2345562248518,911.1281836451233
683583.747183,-931.7669919150827,916.5224278548635
683590.934288,-978.9066264612263,946.8369080501816
683599.030445,-994.9951650035927,990.1787547125607
683649.970159,-1027.439290671552,1008.4038403818811
683651.646074,-1152.0910055582247,955.5233160177407
683651.646785,-1152.0910055582247,955.5233160177407
683653.669968,-1152.0910055582247,955.5233160177407
683663.404733,-1178.981646367691,949.8181789175521
683673.395326,-1193.5769793913366,952.8707682983315
683683.309291,-1215.3436468986592,1007.9753394439288
683700.675945,-1222.3712034765827,1029.417691565814
683703.393643,-1222.3712034765827,1029.417691565814
683715.485225,-1222.3712034765827,1029.417691565814
683724.688301,-1261.3258167811452,1071.3626170634118
683735.843604,-1261.939257564357,1099.5917811422173
683743.752975,-1300.1828702879502,1098.22753914586
683753.7881,-1306.2869155648334,1098.4396209076365
683764.556692,-1306.2869155648334,1098.4396209076365
683773.345592,-1306.2869155648334,1098.4396209076365
683784.204915,-1306.2869155648334,1098.4396209076365
683794.20086,-1306.2869155648334,1098.4396209076365
683803.348852,-1306.2869155648334,1098.4396209076365
683813.875785,-1340.8353212758805,1099.667673770389
683823.408073,-1327.3477490812932,1044.202091076049
683833.38729,-1306.358287691831,998.7135959952832
683843.407896,-1291.3328605195902,969.9195275468485
683853.982916,-1299.0449849846195,942.4118279713325
683863.88645,-1313.1386834194536,944.8189965388912
683873.297837,-1313.1386834194536,944.8189965388912
683884.34491,-1313.1386834194536,944.8189965388912
683893.728407,-1313.1386834194536,944.8189965388912
683905.820469,-1342.3558837943128,954.3487195554341
683913.395509,-1376.4689743800764,959.4796882735977
683923.631756,-1408.3870197840563,921.0783258232017
683935.250778,-1451.171649971904,863.4012856262774
683943.345054,-1531.9298806865977,801.4228698341176
683953.724381,-1543.2827406118813,746.346954626505
683964.750438,-1528.0165096325677,718.8003140499586
683973.7992,-1528.0165096325677,718.8003140499586
683984.293416,-1525.814466226896,656.4409593243412
683995.7002,-1527.850130962465,594.1396166496019
684003.818272,-1565.178921931661,532.6200225049482
684013.304842,-1589.6977736766198,506.4943403028849
684024.795961,-1589.6977736766198,506.4943403028849
684033.397806,-1633.2861648655094,172.01606474465743
684045.821597,-1581.493676913369,78.19262165683462
684053.42044,-1556.1241122248223,33.82505198300758
684063.491656,-1553.7073961701115,26.640153869517295
684073.319951,-1522.8308858258201,-23.415779502431928
684084.146666,-1484.680504138245,-84.34977330594324
684093.720169,-1405.4756852577223,-177.60956971025053
684105.826363,-1363.022879528779,-220.21117310576267
684113.830843,-1361.73675034376,-222.1113886448588
684123.760279,-1361.73675034376,-222.1113886448588
684134.210458,-1361.73675034376,-222.1113886448588
684143.399646,-1350.3583911471108,-235.12127817090743
684153.352172,-1287.4419953549868,-297.72982785098355
684163.718524,-1218.1300219679415,-366.64874668306527
684173.316311,-1190.9714725612098,-396.0060140262678
684184.254868,-1190.9714725612098,-396.0060140262678
684193.976749,-1186.3091532992855,-401.17034603531454
684206.352469,-1170.0833806366993,-419.8098004338967
684213.831507,-1134.0609449235792,-460.48075952452905
684224.492105,-1090.519675489322,-509.5196326063
684233.71224,-1024.4675289879444,-577.7955337607801
684244.119783,-932.2412990595924,-652.9744536805804
684253.304097,-888.6281992729441,-678.6927145743904
684263.732929,-864.9913874408079,-687.119370778957
684273.313475,-785.3072456512507,-702.5576731214142
684283.81967,-766.7432094486942,-711.0043429541661
684293.417414,-766.7432094486942,-711.0043429541661
684304.509142,-766.7432094486942,-711.0043429541661
684314.369435,-766.7432094486942,-711.0043429541661
684323.784064,-752.8057786613956,-712.8768384079865
684333.303735,-691.4643615507813,-728.4778283678817
684343.854996,-679.5564156206285,-732.9962827437623
684353.352986,-661.7746683725064,-740.195553658677
684364.343667,-655.1807302723452,-741.0037797890864
684374.617872,-655.1807302723452,-741.0037797890864
684383.679843,-629.6237769466364,-744.6729331288791
684393.830112,-568.0499548215931,-761.381386161049
684404.485459,-560.3269792176708,-766.3017206120622
684414.286921,-560.3269792176708,-766.3017206120622
684424.996057,-480.614914476316,-800.1875125964009
684433.335259,-411.1355169795262,-840.7266654780942
684467.383275,-370.94936323080674,-878.8433748140944
684467.393032,-319.31310442826685,-988.7196637062565
684476.649061,-451.16944090580455,-1244.656706534302
684476.649694,-451.16944090580455,-1244.656706534302
684478.029342,-481.9806641782936,-1279.4243272890758
684489.551277,-575.7089568483802,-1370.4255254338932
684498.080446,-649.1478107562956,-1440.0280816320753
684508.841053,-655.6111212507553,-1452.5966147586066
684531.771478,-655.6111212507553,-1452.5966147586066
684531.780367,-655.6111212507553,-1452.5966147586066
684538.080551,-648.6127833682101,-1493.9611296229014
684548.086145,-585.3449239130285,-1556.0888581108302
684558.004294,-513.0046477006622,-1628.4659276999869
684570.975863,-445.7040172539516,-1753.4635233402914
684583.59184,-408.64740428698786,-1835.8798546372357
684588.045327,-358.7121019640353,-1924.0274934757483
684600.000509,-321.6109603584467,-2000.1994881827186
684610.158235,-321.6109603584467,-2000.1994881827186
684618.031889,-321.6109603584467,-2000.1994881827186
684628.08203,-299.10618027985475,-2040.8456271720202
684638.082218,-248.93670013100248,-2122.820830559649
684648.071639,-174.1893406563578,-2189.9576178967977
684658.444163,-144.36004342632114,-2247.882718455899
684668.362822,-81.8303083041151,-2284.6039032230096
684678.088282,-41.18703506667261,-2316.120515806899
684688.038261,30.445977551039924,-2333.4670956058435
684698.390336,95.51902873885857,-2343.8077654268554
684708.380793,147.0931513168197,-2391.2162030427035
684718.126402,185.765373315438,-2422.8685357209847
684728.086536,239.2545538027461,-2461.1624798494795
684738.105211,240.63199412923024,-2462.7347991909296
684748.105597,240.63199412923024,-2462.7347991909296
684758.035373,242.372901399673,-2463.783949237248
684768.397673,307.2620734406877,-2503.582447729166
684778.086985,429.96735824120327,-2597.625756765556
684788.780722,531.0752142822494,-2673.4765697012203
684798.030901,632.455104124654,-2737.900997039228
684810.138511,782.2939050180541,-2799.895881887139
684821.457289,927.9266953393558,-2830.1898616108365
684828.982858,1092.0900224461104,-2849.397165828664
684838.407525,1306.24068864174,-2861.886303916827
684848.373606,1430.6888467582107,-2867.2804236040665
684858.090594,1471.9174928380623,-2869.540194705067
684868.091653,1475.942059317242,-2870.316583274587
684878.141628,1497.070559412087,-2871.3195044996833
684888.090053,1515.0519509188464,-2870.558417297912
684898.089733,1519.095681812766,-2870.5711302147583
684908.431274,1535.531142418127,-2871.681177075868
684919.027809,1580.9784527491336,-2872.776838901543
684928.122247,1652.7913060386845,-2864.9289585550346
684940.288737,1687.0549678802697,-2853.387197814771
684948.339443,1687.0549678802697,-2853.387197814771
684959.442595,1687.0549678802697,-2853.387197814771
684968.465542,1687.0549678802697,-2853.387197814771
684978.578764,1687.0549678802697,-2853.387197814771
684988.094955,1687.0549678802697,-2853.387197814771
684998.811734,1687.0549678802697,-2853.387197814771
685008.038214,1710.479258009433,-2837.0074825780544
685018.03691,1750.7495266009835,-2801.643660189887
685028.470995,1758.0450895421818,-2790.1716482807265
685038.091111,1758.0450895421818,-2790.1716482807265
685048.042032,1758.0450895421818,-2790.1716482807265
685058.371655,1769.9737631523672,-2780.0573499276
685070.298177,1769.9737631523672,-2780.0573499276
685078.340634,1769.9737631523672,-2780.0573499276
685088.345571,1776.221436784382,-2771.485851492643
685098.402428,1776.221436784382,-2771.485851492643
685108.696258,1776.221436784382,-2771.485851492643
685118.381716,1776.221436784382,-2771.485851492643
685128.023973,1794.0520291069433,-2754.8963708850392
685138.099703,1831.2099786263786,-2702.2219755360525
685148.480313,1851.2696845062617,-2674.5617735417422
685159.082578,1851.7537622136792,-2673.879454082204
685170.441261,1851.7537622136792,-2673.879454082204
685179.873991,1851.7537622136792,-2673.879454082204
685188.341534,1851.7537622136792,-2673.879454082204
685198.56242,1851.7537622136792,-2673.879454082204
685208.694325,1857.390529227745,-2666.108330900359
685218.660284,1857.390529227745,-2666.108330900359
685228.58624,1878.9454869982146,-2640.242469647345
685239.09484,1930.093688722981,-2566.7475674822167
685248.083573,1966.3280851456182,-2520.631565089603
685258.084305,1972.4388551736272,-2513.4743195779683
685268.725057,1982.6546517348472,-2504.3001241863994
685280.728215,1982.6546517348472,-2504.3001241863994
685289.217431,1982.6546517348472,-2504.3001241863994
685298.379884,1982.6546517348472,-2504.3001241863994
685308.64207,1982.6546517348472,-2504.3001241863994
685318.554959,1982.6546517348472,-2504.3001241863994
685328.459516,1993.3400506481353,-2499.1062554227265
685338.439097,2023.6472164859522,-2444.2077306570613
685348.628957,2036.462559389482,-2428.4691895848428
685359.464862,2036.462559389482,-2428.4691895848428
685368.833013,2060.0341324988945,-2393.146684044204
685378.60468,2070.963086563294,-2347.125030449656
685388.095136,2096.2076762060283,-2281.5135479700357
685401.774169,2090.5353424150994,-2217.6128703560703
685408.096176,2017.1156316199078,-2163.1401412020873
685418.106064,1954.4945128928432,-2117.638112998292
685431.686116,1887.5276778714417,-2076.600836311956
685438.095279,1835.95534907336,-2125.125669731259
685450.175304,1794.3107831359637,-2192.5332249631606
685458.05361,1761.7572812403105,-2251.493696784301
685472.244197,1729.1201677928657,-2319.242464489952
685478.056683,1725.5951400458885,-2320.8303496670574
685489.351794,1725.5951400458885,-2320.8303496670574
685498.098769,1725.5951400458885,-2320.8303496670574
685512.472647,1725.5951400458885,-2320.8303496670574
685518.816645,1725.5951400458885,-2320.8303496670574
685528.491953,1725.5951400458885,-2320.8303496670574
685538.100689,1725.5951400458885,-2320.8303496670574
685552.179269,1727.5168210815848,-2330.874079761334
685558.099026,1807.5266271603452,-2377.823291188756
685568.72316,1856.8686708913442,-2376.345006520103
685579.326117,1906.2764118353746,-2308.1326448249447
685589.188774,1960.9577634516183,-2209.4962094993393
685604.933397,1983.084219737463,-2164.045891485583
685608.268043,2000.0918050957134,-2133.3789814600786
685621.370611,2037.4761162718369,-2074.1724458278986
685628.110946,2037.9734548231309,-2036.0335634655237
685638.106088,2023.949501525438,-1962.857737135595
685649.27804,1999.4747020106731,-1912.037559877825
685658.047564,1952.1581706059949,-1928.2176211123935
685668.42795,1943.0269390492106,-1911.8642660408652
685678.547969,1960.7620610104236,-1827.6285574150097
685688.408716,1977.0587682565647,-1809.6374111846756
685698.65709,1977.0587682565647,-1809.6374111846756
685708.659721,1977.0587682565647,-1809.6374111846756
685718.103042,1977.0587682565647,-1809.6374111846756
685728.103123,1977.0587682565647,-1809.6374111846756
685738.112303,1992.2707990285621,-1817.528440979221
685748.102703,2011.6577786631967,-1822.5042096354916
685758.693882,2074.4743803768233,-1834.4269364051363
685769.533192,2134.346029207569,-1863.1059644818454
685769.591113,2134.346029207569,-1863.1059644818454
685778.101568,2134.346029207569,-1863.1059644818454
685788.223004,2134.346029207569,-1863.1059644818454
685798.202972,2134.346029207569,-1863.1059644818454
685810.180365,2134.346029207569,-1863.1059644818454
685819.880434,2134.346029207569,-1863.1059644818454
685830.660515,2134.346029207569,-1863.1059644818454
685838.527363,2134.346029207569,-1863.1059644818454
685848.108352,2134.346029207569,-1863.1059644818454
685858.057375,2134.346029207569,-1863.1059644818454
685868.108762,2134.346029207569,-1863.1059644818454
685878.138804,2134.346029207569,-1863.1059644818454
685890.794389,2134.346029207569,-1863.1059644818454
685898.053002,2134.346029207569,-1863.1059644818454
685909.300341,2134.346029207569,-1863.1059644818454
685919.249476,2134.346029207569,-1863.1059644818454
685929.293011,2134.346029207569,-1863.1059644818454
685938.104312,2134.346029207569,-1863.1059644818454
685949.071137,2134.346029207569,-1863.1059644818454
685959.205464,2134.346029207569,-1863.1059644818454
685968.445576,2134.346029207569,-1863.1059644818454
685978.110009,2134.346029207569,-1863.1059644818454
685988.100425,2134.346029207569,-1863.1059644818454
686001.91986,2134.346029207569,-1863.1059644818454
686008.857131,2134.346029207569,-1863.1059644818454
686018.111752,2134.346029207569,-1863.1059644818454
686030.262354,2134.346029207569,-1863.1059644818454
686039.95122,2137.509755476628,-1851.1727203645555
686048.532376,2137.509755476628,-1851.1727203645555
686058.521088,2137.509755476628,-1851.1727203645555
686068.689055,2132.1943768814886,-1847.1205114297798
686078.450957,2132.1943768814886,-1847.1205114297798
686088.476303,2132.1943768814886,-1847.1205114297798
686098.062593,2132.1943768814886,-1847.1205114297798
686112.34907,2132.1943768814886,-1847.1205114297798
686118.107061,2132.1943768814886,-1847.1205114297798
686131.074552,2132.1943768814886,-1847.1205114297798
686138.05434,2132.1943768814886,-1847.1205114297798
686148.921082,2132.1943768814886,-1847.1205114297798
686159.629719,2132.1943768814886,-1847.1205114297798
686168.86932,2132.1943768814886,-1847.1205114297798
686178.57011,2132.1943768814886,-1847.1205114297798
686188.655755,2132.1943768814886,-1847.1205114297798
686198.44243,2132.1834948321102,-1847.1479586858184
686208.456337,2131.8157253542454,-1845.1151828691711
686218.062786,2131.8157253542454,-1845.1151828691711
686228.468827,2131.8157253542454,-1845.1151828691711
686238.017263,2131.8157253542454,-1845.1151828691711
686248.051634,2131.8157253542454,-1845.1151828691711
686259.25571,2131.8157253542454,-1845.1151828691711
686268.115695,2131.8157253542454,-1845.1151828691711
686281.221296,2131.8157253542454,-1845.1151828691711
686288.430186,2131.8157253542454,-1845.1151828691711
686298.469065,2131.8157253542454,-1845.1151828691711
686311.09287,2131.8157253542454,-1845.1151828691711
686318.107369,2131.8157253542454,-1845.1151828691711
686328.43093,2131.8157253542454,-1845.1151828691711
686338.062589,2131.8157253542454,-1845.1151828691711
686348.527247,2131.8157253542454,-1845.1151828691711
686359.52948,2131.8157253542454,-1845.1151828691711
686369.800004,2131.8157253542454,-1845.1151828691711
686378.500589,2131.8157253542454,-1845.1151828691711
686388.117603,2131.8157253542454,-1845.1151828691711
686398.117511,2131.8157253542454,-1845.1151828691711
686408.057515,2131.8157253542454,-1845.1151828691711
686418.117509,2131.8157253542454,-1845.1151828691711
686428.116949,2131.8157253542454,-1845.1151828691711
686439.425642,2131.8157253542454,-1845.1151828691711
686448.767063,2131.8157253542454,-1845.1151828691711
686458.373791,2131.8157253542454,-1845.1151828691711
686469.372357,2137.535275230148,-1835.3171561825495
686479.331299,2137.535278732162,-1835.3171570483757
686488.10651,2141.8812303711097,-1838.7220435191116
686498.140351,2141.8812303711097,-1838.7220435191116
686508.269971,2141.8812303711097,-1838.7220435191116
686518.069423,2141.8812303711097,-1838.7220435191116
686528.108984,2141.8812303711097,-1838.7220435191116
686539.280543,2141.8812303711097,-1838.7220435191116
686548.701076,2143.5791241761003,-1839.0596621874563
686558.734221,2145.9915232489075,-1840.017288359062
686569.288917,2145.9915241700714,-1840.0172889690266
686578.579015,2145.9915241700714,-1840.0172889690266
686589.292163,2145.9915241700714,-1840.0172889690266
686598.114066,2145.9915241700714,-1840.0172889690266
686608.802275,2145.9915241700714,-1840.0172889690266
686618.113814,2145.9915241700714,-1840.0172889690266
686628.100024,2145.9915241700714,-1840.0172889690266
686632.951175,2145.9915241700714,-1840.0172889690266
686638.08019,2145.9915241700714,-1840.0172889690266
686648.50038,2145.9915241700714,-1840.0172889690266
686658.503013,2145.9915241700714,-1840.0172889690266
686668.567927,2145.9915241700714,-1840.0172889690266
686679.378237,2145.9915241700714,-1840.0172889690266
686689.316233,2145.9915241700714,-1840.0172889690266
686700.048943,2146.9125464538,-1842.6745157706998
686709.355974,2146.534468041199,-1843.5462554285687
686718.023839,2146.7755760092577,-1846.9438587533518
686729.103862,2146.357171016804,-1847.0001895354974
686738.114473,2146.357171016804,-1847.0001895354974
686748.321931,2146.357171016804,-1847.0001895354974
686758.53118,2143.1338610921166,-1846.032103335167
686768.808141,2143.1338610921166,-1846.032103335167
686778.814863,2143.1338610921166,-1846.032103335167
686789.366163,2143.1338610921166,-1846.032103335167
686801.391979,2143.1338610921166,-1846.032103335167
686810.708807,2143.1338610921166,-1846.032103335167
686820.100397,2143.1338610921166,-1846.032103335167
686828.90338,2143.1338610921166,-1846.032103335167
686838.584292,2143.1338610921166,-1846.032103335167
686848.167877,2143.1338610921166,-1846.032103335167
686858.148001,2143.1338610921166,-1846.032103335167
686868.579718,2143.1338610921166,-1846.032103335167
686878.750979,2143.1338610921166,-1846.032103335167
686890.798436,2143.1338610921166,-1846.032103335167
686898.123935,2143.1338610921166,-1846.032103335167
686908.643637,2143.1338610921166,-1846.032103335167
686919.656178,2143.1338610921166,-1846.032103335167
686928.661385,2143.1338610921166,-1846.032103335167
686938.115593,2143.1338610921166,-1846.032103335167
686948.115907,2143.1338610921166,-1846.032103335167
686958.116924,2143.1338610921166,-1846.032103335167
686968.126069,2143.1338610921166,-1846.032103335167
686978.215658,2143.1338610921166,-1846.032103335167
686989.893607,2143.1338610921166,-1846.032103335167
686998.969158,2143.1338610921166,-1846.032103335167
687008.129296,2143.1338610921166,-1846.032103335167
687019.677555,2143.1338610921166,-1846.032103335167
687029.681034,2143.1338610921166,-1846.032103335167
687042.29042,2143.1338610921166,-1846.032103335167
687048.699011,2143.1338610921166,-1846.032103335167
687058.611866,2142.068870901583,-1846.143833756705
687068.600752,2142.068870901583,-1846.143833756705
687079.210154,2141.2009160128623,-1846.2631183908823
687088.136254,2141.2009160128623,-1846.2631183908823
687098.126489,2141.2009160128623,-1846.2631183908823
687108.677994,2141.2009160128623,-1846.2631183908823
687118.718809,2141.2009160128623,-1846.2631183908823
687128.07202,2141.2009160128623,-1846.2631183908823
687140.889493,2141.2009160128623,-1846.2631183908823
687148.764258,2141.2009160128623,-1846.2631183908823
687158.603372,2141.2009160128623,-1846.2631183908823
687168.576641,2141.2009160128623,-1846.2631183908823
687178.566516,2141.2009160128623,-1846.2631183908823
687188.566415,2141.2009160128623,-1846.2631183908823
687198.598873,2141.2009160128623,-1846.2631183908823
687208.623395,2141.2009160128623,-1846.2631183908823
687218.162499,2141.2009160128623,-1846.2631183908823
687228.908521,2141.2009160128623,-1846.2631183908823
687238.177117,2141.2009160128623,-1846.2631183908823
687251.480969,2141.2009160128623,-1846.2631183908823
687258.110065,2141.2009160128623,-1846.2631183908823
687272.103451,2141.2009160128623,-1846.2631183908823
687278.124957,2141.2009160128623,-1846.2631183908823
687288.144422,2141.2009160128623,-1846.2631183908823
687298.132503,2141.2009160128623,-1846.2631183908823
687308.561856,2141.2009160128623,-1846.2631183908823
687318.603885,2141.2009160128623,-1846.2631183908823
687328.774832,2141.2009160128623,-1846.2631183908823
687338.120597,2141.2009160128623,-1846.2631183908823
687348.538712,2141.2009160128623,-1846.2631183908823
687358.597362,2141.2009160128623,-1846.2631183908823
687369.409014,2141.2009160128623,-1846.2631183908823
687378.128519,2141.2009160128623,-1846.2631183908823
687388.222475,2141.2009160128623,-1846.2631183908823
687398.563991,2141.2009160128623,-1846.2631183908823
687408.506407,2141.2009160128623,-1846.2631183908823
687418.397491,2141.2009160128623,-1846.2631183908823
687430.310167,2141.2009160128623,-1846.2631183908823
687438.480307,2141.2009160128623,-1846.2631183908823
687449.145711,2141.2009160128623,-1846.2631183908823
687458.307638,2141.2009160128623,-1846.2631183908823
687468.855614,2140.5847349840324,-1845.5795164402286
687479.358968,2140.584734992435,-1845.5795164292722
687488.534497,2140.584734992435,-1845.5795164292722
687499.6042,2140.584734992435,-1845.5795164292722
687509.866898,2140.584734992435,-1845.5795164292722
687518.157797,2140.584734992435,-1845.5795164292722
687528.76633,2140.584734992435,-1845.5795164292722
687538.121098,2140.584734992435,-1845.5795164292722
687548.664851,2140.584734992435,-1845.5795164292722
687559.535955,2140.584734992435,-1845.5795164292722
687570.106216,2140.584734992435,-1845.5795164292722
687578.19251,2140.584734992435,-1845.5795164292722
687588.158622,2140.584734992435,-1845.5795164292722
687598.158144,2140.584734992435,-1845.5795164292722
687608.566949,2140.584734992435,-1845.5795164292722
687618.152971,2140.584734992435,-1845.5795164292722
687628.152163,2140.584734992435,-1845.5795164292722
687638.579121,2140.584734992435,-1845.5795164292722
687648.641834,2140.584734992435,-1845.5795164292722
687658.786481,2140.584734992435,-1845.5795164292722
687668.550939,2140.584734992435,-1845.5795164292722
687680.509647,2140.584734992435,-1845.5795164292722
687688.122832,2140.584734992435,-1845.5795164292722
687700.95191,2140.584734992435,-1845.5795164292722
687708.131143,2140.584734992435,-1845.5795164292722
687718.120474,2140.584734992435,-1845.5795164292722
687728.131675,2140.584734992435,-1845.5795164292722
687738.373013,2140.584734992435,-1845.5795164292722
687748.120068,2140.584734992435,-1845.5795164292722
687758.121084,2140.584734992435,-1845.5795164292722
687768.67015,2140.584734992435,-1845.5795164292722
687780.295884,2140.584734992435,-1845.5795164292722
687788.128582,2140.584734992435,-1845.5795164292722
687798.782453,2140.584734992435,-1845.5795164292722
687809.707817,2140.584734992435,-1845.5795164292722
687818.600129,2140.584734992435,-1845.5795164292722
687828.048201,2140.584734992435,-1845.5795164292722
687838.586629,2140.584734992435,-1845.5795164292722
687848.128662,2140.584734992435,-1845.5795164292722
687859.016836,2140.584734992435,-1845.5795164292722
687868.135977,2140.584734992435,-1845.5795164292722
687884.068639,2140.584734992435,-1845.5795164292722
687888.127126,2136.981185402769,-1833.7450863741963
687898.077004,2136.981185402769,-1833.7450863515794
687899.004102,2136.981185402769,-1833.7450863515794
687909.263803,2137.0773994338533,-1832.139221301796
687918.174351,2138.2404766281134,-1814.9980658999907
687932.829099,2118.6630566549325,-1799.9372971072464
687938.116656,2103.663797604109,-1793.9562801022944
687948.137269,2098.882535313385,-1777.0842141935868
687958.078277,2106.597564409909,-1722.4141955982484
687968.256503,2115.6041895403455,-1719.1970195192382
687978.125284,2132.205146205144,-1713.3480333991215
687988.060094,2136.694068005742,-1696.9822190745833
687998.078419,2145.308162702186,-1628.8474324758188
688009.869984,2179.787663676078,-1603.0037312857532
688019.50212,2234.3953097428525,-1559.8258164089848
688028.080368,2279.3280213573535,-1529.6424326723438
688039.360576,2325.999260289385,-1482.9044348559091
688048.659926,2389.3615150632004,-1428.8271572117922
688058.908773,2396.2413116927305,-1425.2011462992825
688071.064398,2393.8428652285556,-1421.3018141855343
688078.401987,2354.8794662030396,-1388.9469792354362
688089.09027,2315.940684973285,-1342.296034280194
688098.106626,2302.4114761772325,-1327.378898456229
688108.137945,2297.4541231825674,-1326.411648305901
688118.041865,2297.4541231825674,-1326.411648305901
688128.514344,2297.4541231825674,-1326.411648305901
688139.365237,2297.4541231825674,-1326.411648305901
688148.085133,2297.4541231825674,-1326.411648305901
688158.966332,2296.1427693055907,-1315.2315942447694
688168.751426,2242.034246744351,-1271.2766963268955
688178.135293,2215.8212049029576,-1206.7316994170624
688188.458071,2190.6992955710607,-1166.952113811516
688198.095003,2190.6992955710607,-1166.952113811516
688208.085112,2190.6992955710607,-1166.952113811516
688218.133757,2190.6992955710607,-1166.952113811516
688228.633,2190.6992955710607,-1166.952113811516
688238.551705,2190.6992955710607,-1166.952113811516
688248.488608,2190.6992955710607,-1166.952113811516
688259.814072,2190.6992955710607,-1166.952113811516
688268.041774,2188.6047148174334,-1166.9324762564995
688278.091637,2147.4728280152585,-1124.2225170946651
688288.122619,2130.4355794469675,-1045.1562785181968
688289.750235,2136.981185402769,-1833.7450863515794
688298.466945,2181.373001869608,-1024.0253741585097
688309.165472,2185.3015757026533,-1020.7141169102152
688318.875234,2185.3015757026533,-1020.7141169102152
688328.724377,2185.3015757026533,-1020.7141169102152
688338.585954,2188.139295555605,-1010.3271131659992
688349.524238,2188.139295555605,-1010.3271131659992
688358.499474,2188.139295555605,-1010.3271131659992
688368.559463,2188.139295555605,-1010.3271131659992
688378.637023,2184.2089999142395,-1000.1014407486368
688388.064374,2177.4911795694275,-954.2673768070294
688398.134383,2213.0673205512367,-960.6096575373497
688410.782863,2223.1216197382546,-928.7998630673042
688418.046083,2246.5334405380904,-931.7226574835436
688428.688923,2248.197680771271,-928.8199634404606
688439.589335,2248.197680771271,-928.8199634404606
688449.492261,2248.197680771271,-928.8199634404606
688459.592099,2248.197680771271,-928.8199634404606
688468.078245,2248.197680771271,-928.8199634404606
688478.832265,2248.197680771271,-928.8199634404606
688488.078333,2248.197680771271,-928.8199634404606
688498.649093,2248.197680771271,-928.8199634404606
688508.58802,2248.197680771271,-928.8199634404606
688518.144983,2248.197680771271,-928.8199634404606
688529.67029,2248.197680771271,-928.8199634404606
688538.04436,2248.197680771271,-928.8199634404606
688548.591134,2248.197680771271,-928.8199634404606
688558.651175,2248.197680771271,-928.8199634404606
688569.464099,2248.197680771271,-928.8199634404606
688578.825663,2248.197680771271,-928.8199634404606
688588.607262,2248.197680771271,-928.8199634404606
688599.354935,2251.345386365567,-935.1595833944602
688608.837391,2251.345386365567,-935.1595833944602
688618.144543,2250.9147860971852,-934.6157095634511
688628.094811,2250.3023029501246,-933.9374898052072
688639.5206,2250.3023029501246,-933.9374898052072
688651.191234,2249.354495510906,-933.8170538355638
688658.095463,2249.354495510906,-933.8170538355638
688671.584521,2249.354495510906,-933.8170538355638
688676.063943,2250.168832610039,-933.5440358806358
688678.044208,2249.6845635429604,-933.6691737018343
688690.857118,2247.622403346116,-931.428157118421
688698.672564,2247.906292246153,-930.9026017560237
688710.593547,2246.1083474164934,-929.8857450193623
688720.144294,2246.108342321274,-929.8857209508122
688728.048471,2246.108342321274,-929.8857209508122
688739.856842,2246.108342321274,-929.8857209508122
688748.808461,2246.108342321274,-929.8857209508122
688758.096035,2245.775355390369,-929.4384109367104
688768.145977,2257.2153429107125,-911.9172887889038
688778.493142,2251.1622723644423,-907.765099536361
688791.220208,2213.2217003678384,-935.0856250117187
688798.496299,2196.6928690097293,-955.8404777972074
688809.549248,2175.247804565583,-976.9854392943715
688818.597252,2181.4746319967203,-995.3330808314237
688828.513658,2182.381530539432,-996.6820905267125
688838.560559,2184.69591364232,-1001.6589667118704
688850.042326,2184.69591364232,-1001.6589667235327
688861.163769,2184.8805450947616,-1002.6461699143554
688869.064056,2192.305122493887,-1026.6535768843094
688881.45446,2205.797208095852,-1069.5430127332315
688888.128372,2163.092235460341,-1091.7302744921287
688898.593079,2161.657444410801,-1090.7343657543897
688908.173675,2161.657444410801,-1090.7343657543897
688918.153523,2161.657444410801,-1090.7343657543897
688928.153378,2161.657444410801,-1090.7343657543897
688939.184255,2161.657444410801,-1090.7343657543897
688948.484118,2143.287521152635,-1091.952922626741
688958.667008,2105.101003265878,-1025.6147377404513
688968.380331,2072.522985126285,-938.3174958032947
688978.505202,2059.2545234487757,-909.160005683176
688989.08716,2036.845980316651,-850.7592347632523
688998.152193,2030.0389413842784,-831.8735299525723
689008.157312,2030.0389413842784,-831.8735299525723
689018.152089,2030.0389413842784,-831.8735299525723
689030.3294,2030.0389413842784,-831.8735299525723
689038.151879,2030.0389413842784,-831.8735299525723
689048.171902,2030.0389413842784,-831.8735299525723
689058.151146,2030.0389413842784,-831.8735299525723
689068.743117,2006.539159996418,-761.275302994794
689080.243719,1991.2117063247229,-730.3027025105876
689093.232641,1958.9770975290292,-729.1387110705242
689099.215271,1912.9455017799273,-746.4320875590477
689099.215993,1912.9455017799273,-746.4320875590477
689101.441636,1912.9455017799273,-746.4320875590477
689111.713823,1840.73843620147,-777.2316662225605
689120.630562,1724.6984201653565,-817.4812066808835
689130.662029,1569.1385782038762,-862.9918448594769
689154.931031,1434.2905677525525,-827.1997700505942
689154.939047,1308.4715622152964,-794.0546387800034
689157.778454,1190.135806649807,-763.7579546526224
689157.77905,1190.135806649807,-763.7579546526224
689160.199833,1190.135806649807,-763.7579546526224
689170.414023,1045.6743762010794,-726.1838791571053
689180.173729,1029.8147395271187,-722.4566918850694
689191.303954,1029.8147395271187,-722.4566918850694
689199.345682,1029.8147395271187,-722.4566918850694
689199.346421,1029.8147395271187,-722.4566918850694
689200.975922,1029.8147395271187,-722.4566918850694
689232.129822,1029.8147395271187,-722.4566918850694
689232.130486,1029.8147395271187,-722.4566918850694
689234.267423,1029.8147395271187,-722.4566918850694
689245.30732,995.2631950297524,-712.8869364866208
689255.416915,964.3275064248377,-717.5249467683843
689276.902494,958.1134558568931,-726.833547008351
689279.803449,930.1028726723782,-818.104909949818
689279.805492,930.1028726723782,-818.104909949818
689281.263568,924.5018154860026,-832.2314631360072
689292.321841,923.9854266927283,-833.9247185843377
689301.316752,910.3607143097175,-859.6046667417745
689312.622534,905.87161935421,-860.3835493477524
689323.144531,905.87161935421,-860.3835493477524
689336.71384,905.87161935421,-860.3835493477524
689341.764841,905.87161935421,-860.3835493477524
689391.037275,735.4001509560551,-846.1496345408517
689391.037961,735.4001509560551,-846.1496345408517
689392.594464,697.1635466998283,-856.6890769878613
689402.583787,612.8875553765586,-949.7727331197626
689412.89736,578.2171971218633,-1110.1086113439717
689423.501154,554.0932361876896,-1231.5598425921673
689434.802345,523.7198043248632,-1305.1024944852154
689442.718789,404.71056962691017,-1240.1336085704538
689442.719503,404.71056962691017,-1240.1336085704538
689444.04003,404.71056962691017,-1240.1336085704538
689455.22096,313.19300119592305,-1169.6913118735517
689464.364976,173.09036928656025,-1064.467749535081
689479.261291,88.02070559897965,-1002.5317715940756
689484.981802,72.11124568494591,-990.4120136630448
689496.956429,72.11124568494591,-990.4120136630448
689504.609895,36.443486675380605,-978.2252527534021
689514.646745,-7.618779232963778,-1021.7251718577356
689524.126304,-67.09161542245081,-1042.9713262659366
689535.069953,-109.05813653068394,-1006.4926479438881
689544.382731,-109.05813653068394,-1006.4926479438881
689554.386741,-109.05813653068394,-1006.4926479438881
689564.998381,-109.05813653068394,-1006.4926479438881
689575.015801,-109.05813653068394,-1006.4926479438881
689585.089814,-115.3449943292725,-1001.1906161378015
689597.660513,-158.56694929061578,-954.1285022699387
689604.075444,-191.13937570537644,-908.3183426286187
689614.433222,-213.50658765446272,-805.6046100178542
689624.675701,-245.29697727814786,-729.5563608166626
689634.457518,-301.4774519093853,-656.514846245866
689644.053084,-396.46849509070495,-576.253230252324
689654.407305,-472.56976540713663,-553.2132707664838
689664.121103,-483.81972747910623,-553.6822937627077
689675.18148,-483.81972747910623,-553.6822937627077
689684.497043,-519.5112010544259,-559.4095138627191
689695.58689,-615.2667399164499,-567.429159950316
689704.608902,-687.1789041942321,-617.880950707782
689714.461732,-688.5096290175923,-698.8260614347263
689724.574382,-689.7298271959163,-709.4713743338643
689734.028971,-689.7298271959163,-709.4713743338643
689744.430901,-689.7298271959163,-709.4713743338643
689754.405641,-701.0138051819341,-751.7512613009657
689764.244164,-710.5763164122702,-777.7993033704714
689775.875013,-710.5763164122702,-777.7993033704714
689784.606262,-710.5763164122702,-777.7993033704714
689795.181018,-710.5763164122702,-777.7993033704714
689805.084342,-713.0099602596093,-811.355650997567
689814.027945,-732.8515467773728,-902.6222795453716
689824.352126,-740.7128417996562,-915.6830043894556
689834.353167,-740.7128417996562,-915.6830043894556
689844.454243,-753.3404171764209,-931.2102467443309
689854.560621,-827.2962967788293,-1048.7349023585261
689864.476872,-876.699998563257,-1128.1798959355538
689898.858158,-1026.9506499605968,-1339.6549540060662
689898.858987,-1026.9506499605968,-1339.6549540060662
689900.059703,-1026.9506499605968,-1339.6549540060662
689912.392615,-1026.9506499605968,-1339.6549540060662
689920.843358,-1026.9506499605968,-1339.6549540060662
689930.64526,-1026.9506499605968,-1339.6549540060662
689940.12461,-1026.9506499605968,-1339.6549540060662
689950.062284,-1026.9506499605968,-1339.6549540060662
689960.070471,-1026.9506499605968,-1339.6549540060662
689970.061622,-1026.9506499605968,-1339.6549540060662
689980.606556,-1043.8819727149857,-1372.9114599927643
689990.155959,-1043.3503312291991,-1382.6052256796465
690000.848001,-1049.470837326997,-1388.077879702635
690010.457936,-1039.4052613551567,-1388.5196761387133
690021.436829,-1012.4132085879937,-1351.2359992178997
690030.138089,-1006.0354644909972,-1341.5079351445033
690041.718072,-1000.3812003646312,-1333.6926782296744
690050.463074,-967.3237791057395,-1277.6833606210625
690062.289625,-925.3177418844872,-1221.3324059368244
690066.695515,-900.5694755643246,-1183.7711393841078
690066.696259,-900.5694755643246,-1183.7711393841078
690067.946808,-900.5694755643246,-1183.7711393841078
690080.032483,-900.5694755643246,-1183.7711393841078
690088.364097,-900.5694755643246,-1183.7711393841078
690100.660376,-879.1258314017927,-1147.7591849318526
690108.440559,-826.3945266249559,-1068.0052370873539
690120.021928,-775.2971965938432,-987.932260782004
690128.813819,-762.4584730610682,-968.5402291588107
690138.191567,-762.4584730610682,-968.5402291588107
690148.364097,-748.5778048781115,-943.0307379282438
690158.393223,-712.9612002317222,-892.961355301279
690168.000896,-711.5704103349343,-884.1183361077483
690178.29673,-711.5704103349343,-884.1183361077483
690190.610191,-713.7049178640735,-868.0255728733541
690200.687511,-711.3255459961714,-812.2088315136223
690209.591922,-700.2228513794364,-775.400203939454
690218.323182,-696.2106893218612,-767.8624114427718
690228.498592,-696.2106893218612,-767.8624114427718
690237.996644,-684.1240054425733,-734.1825830956395
690248.496588,-677.4485519257305,-682.7739799431693
690258.446677,-674.1603368506054,-632.5023512874718
690268.449738,-667.7491296817776,-550.9134329744526
690278.523159,-664.8422218102602,-530.9958184319675
690293.078489,-662.5142731773467,-522.6622259078692
690299.567461,-647.7166077760887,-484.9743469612724
690309.124145,-629.9256884514932,-440.58174107771737
690317.985004,-606.6252953732409,-401.8650499863623
690329.635228,-606.6252953732409,-401.8650499863623
690341.142524,-586.0396481906662,-378.84616806050894
690348.350882,-577.9774018719627,-361.8346644212094
690358.189505,-577.9774018719627,-361.8346644212094
690369.42793,-554.7183013668824,-329.1710546592895
690379.893846,-548.130429012074,-314.3889345676521
690388.769095,-522.1804863977537,-259.58246608071875
690400.955992,-523.6112173054817,-257.77664762151727
690409.814214,-523.6112173054817,-257.77664762151727
690418.903422,-523.6112173054817,-257.77664762151727
690428.998712,-523.6112173054817,-257.77664762151727
690437.965565,-523.6112173054817,-257.77664762151727
690448.357362,-523.6112173054817,-257.77664762151727
690458.727948,-523.6112173054817,-257.77664762151727
690468.053832,-481.10018649781625,-226.7013714250508
690478.478343,-465.5339508465281,-228.93321617513547
690488.920399,-465.5339508465281,-228.93321617513547
690499.322427,-396.5056582586765,-222.9286095269961
690508.500802,-275.0541057364996,-217.23891195893026
690519.855886,-201.38044857563438,-216.505475863847
690529.042595,-155.64299733235688,-260.92653032328883
690539.091797,-104.18179870913043,-309.8364508439243
690548.394113,-60.39051159328237,-302.34943970232086
690557.989299,-52.87088637765099,-226.006711401112
690568.049426,-42.02809661326304,-176.11602040064554
690578.42467,5.232821759290283,-120.44138205236068
690591.01913,-4.1237277045331515,-57.225574476910715
690598.710754,-9.362779005688564,-37.187503181436924
690608.00684,-9.362779005688564,-37.187503181436924
690619.208527,-9.362779005688564,-37.187503181436924
690631.341286,-9.362779005688564,-37.187503181436924
690638.552991,-9.362779005688564,-37.187503181436924
690649.430439,-9.362779005688564,-37.187503181436924
690658.538368,-9.362779005688564,-37.187503181436924
690668.560953,-9.362779005688564,-37.187503181436924
690678.582376,-9.362779005688564,-37.187503181436924
690688.000935,-9.362779005688564,-37.187503181436924
690698.674043,-9.362779005688564,-37.187503181436924
690708.510338,-9.362779005688564,-37.187503181436924
690719.600873,-9.362779005688564,-37.187503181436924
690728.023497,-9.362779005688564,-37.187503181436924
690738.590434,-9.362779005688564,-37.187503181436924
690748.575584,-9.362779005688564,-37.187503181436924
690758.571676,-9.362779005688564,-37.187503181436924
690768.47662,-9.362779005688564,-37.187503181436924
690778.498711,-9.362779005688564,-37.187503181436924
690788.440615,-3.689690601921808,-20.30360411147377
690799.866419,23.30525966613848,-14.6207206954517
690808.501883,29.490540762033145,-11.80412630881823
690818.38172,-4.548619320642979,-5.894958484714374
690828.359156,-4.548619320642979,-5.894958484714374
690838.363139,-4.548619320642979,-5.894958484714374
690849.057073,-4.548619320642979,-5.894958484714374
690860.92149,-4.548619320642979,-5.894958484714374
690868.290023,-4.548619320642979,-5.894958484714374
690879.277345,-4.548619320642979,-5.894958484714374
690888.359792,-4.542081516941738,-5.895882319385935
690898.332586,-4.542081516941738,-5.895882319385935
690908.485445,-4.542081516941738,-5.895882319385935
690918.620585,-4.542081516941738,-5.895882319385935
690928.340881,-4.542081516941738,-5.895882319385935
690941.676848,-4.542081516941738,-5.895882319385935
690948.634897,-4.542081516941738,-5.895882319385935
690959.292562,-4.542081516941738,-5.895882319385935
690968.829401,-4.542081516941738,-5.895882319385935
690978.074478,-4.542081516941738,-5.895882319385935
690989.309084,-4.542081516941738,-5.895882319385935
690998.321444,-4.542081516941738,-5.895882319385935
691008.417417,-4.542081516941738,-5.895882319385935
691018.503576,-4.542081516941738,-5.895882319385935
691028.528345,-4.542081516941738,-5.895882319385935
691038.418929,-4.542081516941738,-5.895882319385935
691048.480192,-4.542081516941738,-5.895882319385935
691058.076524,-4.542081516941738,-5.895882319385935
691069.023998,-4.542081516941738,-5.895882319385935
691079.305528,-4.542081516941738,-5.895882319385935
691089.29125,-4.542081516941738,-5.895882319385935
691098.042214,-4.542081516941738,-5.895882319385935
691108.343241,-4.542081516941738,-5.895882319385935
691118.381022,-4.542081516941738,-5.895882319385935
691128.357905,-4.542081516941738,-5.895882319385935
691138.317926,-4.542081516941738,-5.895882319385935
691148.284583,-4.542081516941738,-5.895882319385935
691158.411617,-4.542081516941738,-5.895882319385935
691170.138868,-4.542081516941738,-5.895882319385935
691181.948923,-4.542081516941738,-5.895882319385935
691188.064476,-4.542081516941738,-5.895882319385935
691199.075368,-4.542081516941738,-5.895882319385935
691208.481407,-4.542081516941738,-5.895882319385935
691218.344393,-4.542081516941738,-5.895882319385935
691227.990275,-4.542081516941738,-5.895882319385935
691237.984082,-4.542081516941738,-5.895882319385935
691249.459747,-4.542081516941738,-5.895882319385935
691258.644648,-4.542081516941738,-5.895882319385935
691268.555167,-4.542081516941738,-5.895882319385935
691279.211262,-4.542081516941738,-5.895882319385935
691289.296839,-4.542081516941738,-5.895882319385935
691298.671168,-4.542081516941738,-5.895882319385935
691308.397162,-4.542081516941738,-5.895882319385935
691318.370655,-4.542081516941738,-5.895882319385935
691329.615697,-4.542081516941738,-5.895882319385935
691338.323389,-4.542081516941738,-5.895882319385935
691347.967119,-4.542081516941738,-5.895882319385935
691358.51486,-4.542081516941738,-5.895882319385935
691369.769226,-4.542081516941738,-5.895882319385935
691378.48557,-4.542081516941738,-5.895882319385935
691388.674077,-4.542081516941738,-5.895882319385935
691400.076382,-4.542081516941738,-5.895882319385935
691419.001665,-4.542081516941738,-5.895882319385935
691419.00975,-4.542081516941738,-5.895882319385935
691428.026339,-4.542081516941738,-5.895882319385935
691438.64442,-4.542081516941738,-5.895882319385935
691448.521312,-4.542081516941738,-5.895882319385935
691458.300075,-4.542081516941738,-5.895882319385935
691468.323385,-4.542081516941738,-5.895882319385935
691478.124512,-4.542081516941738,-5.895882319385935
691488.084408,-4.542081516941738,-5.895882319385935
691498.298222,-4.542081516941738,-5.895882319385935
691508.325256,-4.542081516941738,-5.895882319385935
691518.586336,-4.542081516941738,-5.895882319385935
691528.514062,-4.542081516941738,-5.895882319385935
747838.347229,2136.981185402769,-1833.7450863515794
749157.008987,-764.9152530948382,-4569.1091796802375
749166.939701,-730.743652237666,-4452.560614620362
749177.600132,-711.9459761105701,-4336.023929854261
749186.928513,-681.3184007412916,-4193.000434832821
749196.927919,-573.3262843443921,-4081.8810693614455
749207.342285,-483.4725258608815,-3958.824045113403
749217.179012,-372.04479941008714,-3810.1590459262525
749227.451782,-339.2349297941872,-3769.8441406649217
749237.306266,-325.49670325592456,-3677.868589338276
749250.070713,-311.387635919455,-3530.358912054352
749257.467693,-298.2910583712966,-3425.5824304152543
749267.979726,-285.29073232232497,-3322.9023994956237
749276.93399,-270.7520066249794,-3209.399138834045
749287.153489,-257.5592774150644,-3094.970828068775
749297.224923,-246.31250654203376,-3005.7171727806713
749306.876101,-240.03982651598113,-2966.4295124194955
749316.925581,-238.0761351758671,-2960.265173540985
749326.926625,-238.0761351758671,-2960.265173540985
749336.876427,-230.19119087361247,-2861.914172541813
749347.171905,-219.9274060492294,-2772.9307520920197
749357.168433,-217.5212461421238,-2747.6290375644357
749367.67622,-217.5212461421238,-2747.6290375644357
749376.927532,-217.5212461421238,-2747.6290375644357
749386.938902,-217.5212461421238,-2747.6290375644357
749397.162969,-217.5212461421238,-2747.6290375644357
749406.927944,-216.7500407652702,-2735.805317168724
749416.927679,-202.99682326460268,-2629.3471736036427
749426.998155,-177.14899220461254,-2455.043626170754
749436.842488,-167.75841645544278,-2384.6498030880125
749446.931527,-164.82316201587975,-2368.074290097726
749456.931374,-164.82316201587975,-2368.074290097726
749467.375051,-164.96975980535677,-2358.7741499355484
749477.421415,-110.40899086270936,-2284.221091869606
749488.076053,-79.75848396801612,-2177.9638020458315
749498.058023,-42.25370845680027,-2087.3492035680574
749506.931961,2.609241050808777,-1997.5459519950161
749516.899085,56.14366775000791,-1890.6750591846492
749527.266544,117.24981311404159,-1825.269843937706
749536.949616,190.43938192257428,-1753.2594273227783
749546.853071,303.2646869288884,-1633.3794269491557
749556.932594,381.85007023148717,-1551.3795985960398
749566.923018,425.3701736671982,-1502.1486432351433
749576.883847,426.51629764161413,-1501.6697059512157
749587.245876,426.51629764161413,-1501.6697059512157
749596.935078,444.95891257130955,-1484.3867734381245
749609.012434,526.7889457435733,-1396.4261521131568
749617.321569,553.7804102775643,-1323.1362589299351
749628.051799,575.2508523423716,-1191.3031656810829
749636.933361,616.466630611416,-1004.8903196950887
749647.442284,677.6736383038947,-878.2266115949312
749656.966387,810.975309361107,-853.1739942510528
749670.962846,862.4033325081631,-853.0926174309567
749677.452889,862.4033325081631,-853.0926174309567
749686.838374,862.4033325081631,-853.0926174309567
749697.381814,926.4060434847205,-805.6339588010193
749707.848876,948.196590027206,-746.3120091698574
749716.837778,930.7705106587807,-691.5074417663461
749728.965185,802.5227905259203,-636.6982282845753
749737.28236,700.3703424451189,-624.1563588427897
749747.268725,611.7896350539444,-591.8814439784385
749758.485082,488.3568214779252,-489.1286040893439
749767.327751,414.9537967836313,-435.7671087074094
749776.865539,447.14445674682634,-391.49118438467076
749787.229988,546.801893480441,-360.754481751587
749796.885242,622.1763877571478,-342.3129188418227
749806.841218,645.2613403546767,-328.3043924905059
749817.343242,645.2613403546767,-328.3043924905059
749828.250903,645.2613403546767,-328.3043924905059
749836.938927,645.2613403546767,-328.3043924905059
749848.269046,645.2613403546767,-328.3043924905059
749857.332418,645.2613403546767,-328.3043924905059
749867.362701,645.2613403546767,-328.3043924905059
749876.872288,645.2613403546767,-328.3043924905059
749888.004679,645.2613403546767,-328.3043924905059
749896.881445,645.2613403546767,-328.3043924905059
749907.466948,645.2613403546767,-328.3043924905059
749916.852612,642.9384632090854,-320.0674140161991
749926.862655,642.9384632090854,-320.0674140161991
749938.069485,642.9384632090854,-320.0674140161991
749948.240978,642.9384632090854,-320.0674140161991
749958.538606,642.9384632090854,-320.0674140161991
749968.69869,642.9384632090854,-320.0674140161991
749977.426356,642.9384632090854,-320.0674140161991
749987.444913,642.9384632090854,-320.0674140161991
749997.424004,642.9384632090854,-320.0674140161991
750007.399558,642.9384632090854,-320.0674140161991
750017.890367,642.9384632090854,-320.0674140161991
750028.164687,642.9384632090854,-320.0674140161991
750037.382953,642.9384632090854,-320.0674140161991
750046.87335,642.9384632090854,-320.0674140161991
750058.13937,642.9384632090854,-320.0674140161991
750067.365633,642.9384632090854,-320.0674140161991
750077.334814,642.9384632090854,-320.0674140161991
750088.861758,642.9384632090854,-320.0674140161991
750097.407734,642.9384632090854,-320.0674140161991
750107.229658,645.5351642720759,-321.4157593396391
750117.289313,621.2834036591294,-323.63510941973703
750127.593495,547.5217226650344,-355.722430683022
750146.403816,443.9824185604918,-395.1689024777751
750146.843383,330.080681888231,-382.54253283118874
750157.279122,252.63244623944658,-319.55150619459926
750167.599987,161.02147774716724,-249.27285444663025
750177.255202,71.10515402037204,-169.80211372381163
750187.22783,7.786749817207282,-120.3687074822541
750197.276341,-25.51866577929303,-50.57380533123583
750206.842955,-60.88818946425183,19.434917696561172
750217.16865,-75.54705809095282,63.1452798757393
750227.234588,-75.54705809095282,63.1452798757393
750237.69051,-106.30671338592853,155.75500609618842
750247.948031,-124.84929283205604,228.55835026192545
750258.032977,-152.23378579181235,311.2187734440787
750268.106722,-178.62532269144893,407.72233139735334
750277.325717,-191.6775360176781,505.56103055215874
750286.875357,-122.21000988821926,536.0838667688035
750297.528283,-20.469579841462583,575.6690678052111
750307.396766,72.13079905678735,603.6183891618639
750317.37902,171.62468466751542,634.4908685623537
750326.930458,267.273807702833,665.2186051356546
750337.30252,348.59435140080967,694.7207289494978
750347.463901,396.91583019840266,708.4516763139591
750357.680156,421.21371234199614,716.9381482571841
750368.251395,421.21371234199614,716.9381482571841
750378.18026,421.21371234199614,716.9381482571841
750388.150423,421.21371234199614,716.9381482571841
750396.941797,438.76565054407627,729.3821388059229
750406.872159,479.40470277166463,735.7268356205348
750417.669406,527.5204590961645,759.7429186144907
750426.870332,623.5391592840417,792.9402491627387
750437.341132,712.5703177325785,826.8536935135793
750447.099726,792.1326700929864,870.5303614087429
750458.392222,898.5669192423144,867.3608575437288
750468.34094,963.8906101399027,814.3368550633181
750476.935481,1022.8854894896413,750.679843090409
750487.964834,1090.7356128289152,662.4951698830974
750497.899722,1075.1103450714286,603.8649154189629
750508.1537,1047.5219147201917,579.3347550762024
750516.844805,991.6080077911834,531.8087591870559
750528.041221,939.6513287976497,486.6963029604854
750536.873378,886.8870185224828,436.42017129640493
750547.265396,809.4794999332553,366.9125242974559
750557.315061,752.7641215105936,319.3831963461024
750566.84502,736.3258511997201,310.41415216408905
750577.199433,757.1021920220568,314.9600399037524
750588.006061,799.1830679959849,355.2682998781791
750597.24097,830.3713729510757,383.9503732506376
750607.996563,831.1168686631686,385.2800291052439
750618.052514,831.1168686631686,385.2800291052439
750627.255428,842.8624329219369,389.6034070665418
750637.240939,904.0238427518777,443.3357152965043
750647.289588,952.4013698049349,484.0752506381301
750656.883621,1000.8293115242766,524.3237596733437
750667.181363,1009.0129164596598,532.8901038838106
750677.214325,1025.787674992887,547.0912306114268
750686.964914,1057.6311488266344,579.3462538307019
750697.819245,1124.438136431491,621.4853622296986
750708.276477,1141.6057542057424,670.036250939424
750718.636762,1127.2389903908972,683.7793241691021
750728.336977,1127.2389903908972,683.7793241691021
750737.319441,1127.2389903908972,683.7793241691021
750747.264603,1127.2389903908972,683.7793241691021
750757.284509,1127.2389903908972,683.7793241691021
750766.874687,1127.2389903908972,683.7793241691021
750776.874697,1127.2389903908972,683.7793241691021
750787.29893,1127.2389903908972,683.7793241691021
750796.878857,1127.2389903908972,683.7793241691021
750807.31501,1127.2389903908972,683.7793241691021
750818.121034,1127.2389903908972,683.7793241691021
750826.847793,1127.2389903908972,683.7793241691021
750836.888949,1127.2389903908972,683.7793241691021
750847.323036,1127.2389903908972,683.7793241691021
750857.403208,1127.2389903908972,683.7793241691021
750867.434527,1127.2389903908972,683.7793241691021
750876.896606,1127.2389903908972,683.7793241691021
750886.947837,1127.2389903908972,683.7793241691021
750899.025782,1127.2389903908972,683.7793241691021
750906.949552,1127.2389903908972,683.7793241691021
750916.573672,1127.2389903908972,683.7793241691021
750917.089286,1127.2389903908972,683.7793241691021
750927.255587,1113.4889607492325,689.0606151504023
750936.944828,1113.4889607492325,689.0606151504023
750946.94466,1113.4889607492325,689.0606151504023
750956.945924,1113.4889607492325,689.0606151504023
750966.944319,1113.4889607492325,689.0606151504023
750976.944158,1113.4889607492325,689.0606151504023
750987.254908,1113.4889607492325,689.0606151504023
750996.947016,1113.4889607492325,689.0606151504023
751006.898221,1112.378234869068,689.3040106918671
751018.615869,1112.378234869068,689.3040106918671
751026.944012,1112.378234869068,689.3040106918671
751037.365471,1112.378234869068,689.3040106918671
751048.093776,1112.378234869068,689.3040106918671
751056.88962,1112.378234869068,689.3040106918671
751066.850829,1112.378234869068,689.3040106918671
751076.956947,1112.378234869068,689.3040106918671
751086.949652,1112.378234869068,689.3040106918671
751097.363727,1112.378234869068,689.3040106918671
751107.510521,1112.378234869068,689.3040106918671
751117.498739,1112.378234869068,689.3040106918671
751128.007644,1112.378234869068,689.3040106918671
751138.126722,1112.378234869068,689.3040106918671
751146.941165,1112.378234869068,689.3040106918671
751156.940192,1112.378234869068,689.3040106918671
751168.38498,1112.378234869068,689.3040106918671
751177.268795,1112.378234869068,689.3040106918671
751186.945791,1112.378234869068,689.3040106918671
751197.33844,1112.378234869068,689.3040106918671
751207.40169,1112.378234869068,689.3040106918671
751217.368837,1112.378234869068,689.3040106918671
751227.350374,1112.378234869068,689.3040106918671
751238.047122,1112.378234869068,689.3040106918671
751248.148859,1112.378234869068,689.3040106918671
751257.837339,1112.378234869068,689.3040106918671
751268.336311,1112.378234869068,689.3040106918671
751280.100107,1112.378234869068,689.3040106918671
751287.3438,1112.378234869068,689.3040106918671
751297.384011,1112.378234869068,689.3040106918671
751306.951277,1112.378234869068,689.3040106918671
751317.622165,1112.378234869068,689.3040106918671
751327.3729,1112.378234869068,689.3040106918671
751336.89743,1112.378234869068,689.3040106918671
751347.360734,1112.378234869068,689.3040106918671
751358.047104,1112.378234869068,689.3040106918671
751368.155498,1112.378234869068,689.3040106918671
751378.395735,1112.378234869068,689.3040106918671
751387.376741,1112.378234869068,689.3040106918671
751396.944682,1112.378234869068,689.3040106918671
751406.943776,1112.378234869068,689.3040106918671
751416.944026,1112.378234869068,689.3040106918671
751426.944384,1112.378234869068,689.3040106918671
751437.36062,1112.378234869068,689.3040106918671
751447.352346,1112.378234869068,689.3040106918671
751456.954246,1112.378234869068,689.3040106918671
751469.048117,1112.378234869068,689.3040106918671
751478.224035,1112.378234869068,689.3040106918671
751488.269427,1112.378234869068,689.3040106918671
751498.576168,1112.378234869068,689.3040106918671
751507.443687,1112.8111043477459,688.7548033896446
751516.944677,1112.8111043477459,688.7548033896446
751527.391552,1112.8111043477459,688.7548033896446
751537.396865,1113.1249952944997,688.3342109525166
751546.869956,1113.1249955269652,688.3342105630716
751557.40726,1113.1249955269652,688.3342105630716
751568.218662,1113.1249955269652,688.3342105630716
751576.860186,1113.1249955269652,688.3342105630716
751587.409734,1113.1249955269652,688.3342105630716
751598.252029,1113.1249955269652,688.3342105630716
751608.874597,1113.1249955269652,688.3342105630716
751617.426695,1113.1249955269652,688.3342105630716
751627.418664,1113.1249955269652,688.3342105630716
751636.913922,1113.1249955269652,688.3342105630716
751647.434741,1113.1249955269652,688.3342105630716
751657.383425,1113.1249955269652,688.3342105630716
751667.458744,1113.1249955269652,688.3342105630716
751678.00287,1113.1249955269652,688.3342105630716
751688.13349,1113.1249955269652,688.3342105630716
751697.687253,1113.1249955269652,688.3342105630716
751708.419781,1113.1249955269652,688.3342105630716
751718.785413,1113.1249955269652,688.3342105630716
751727.306319,1113.1249955269652,688.3342105630716
751737.326473,1113.1249955269652,688.3342105630716
751747.421978,1113.1249955269652,688.3342105630716
751757.314108,1113.1249955269652,688.3342105630716
751766.954082,1113.1249955269652,688.3342105630716
751777.326234,1113.1249955269652,688.3342105630716
751787.649356,1113.1249955269652,688.3342105630716
751796.953483,1113.1249955269652,688.3342105630716
751807.284743,1113.1249955269652,688.3342105630716
751817.967771,1113.1249955269652,688.3342105630716
751826.949572,1113.1249955269652,688.3342105630716
751837.600647,1113.1249955269652,688.3342105630716
751847.313562,1113.1249955269652,688.3342105630716
751857.345438,1113.1249955269652,688.3342105630716
751867.332603,1113.1249955269652,688.3342105630716
751877.298091,1113.1249955269652,688.3342105630716
751887.144747,1113.1249955269652,688.3342105630716
751897.665019,1113.1249955269652,688.3342105630716
751908.080938,1113.1249955269652,688.3342105630716
751916.938703,1113.1249955269652,688.3342105630716
751928.893981,1113.1249955269652,688.3342105630716
751937.333237,1113.1249955269652,688.3342105630716
751946.936523,1113.1249955269652,688.3342105630716
751956.949243,1113.1249955269652,688.3342105630716
751967.299536,1113.1249955269652,688.3342105630716
751977.299543,1113.1249955269652,688.3342105630716
751987.332317,1113.1249955269652,688.3342105630716
751997.432425,1113.1249955269652,688.3342105630716
752006.937366,1113.1249955269652,688.3342105630716
752018.083507,1113.1249955269652,688.3342105630716
752027.944056,1113.1249955269652,688.3342105630716
752038.069563,1113.1249955269652,688.3342105630716
752046.951451,1108.835749462728,687.1732970260764
752056.901105,1108.835749462728,687.1732970260764
752066.952539,1108.835749462728,687.1732970260764
752076.951207,1108.835749462728,687.1732970260764
752087.287396,1108.835749462728,687.1732970260764
752097.346113,1108.835749462728,687.1732970260764
752107.540544,1108.835749462728,687.1732970260764
752118.14739,1108.835749462728,687.1732970260764
752130.18766,1108.835749462728,687.1732970260764
752138.546246,1108.835749462728,687.1732970260764
752148.331395,1108.835749462728,687.1732970260764
752158.461943,1108.835749462728,687.1732970260764
752166.954916,1108.835749462728,687.1732970260764
752176.953421,1108.835749462728,687.1732970260764
752187.420047,1108.835749462728,687.1732970260764
752196.955755,1108.835749462728,687.1732970260764
752207.447979,1108.835749462728,687.1732970260764
752217.45535,1108.835749462728,687.1732970260764
752228.716776,1108.835749462728,687.1732970260764
752238.350408,1108.835749462728,687.1732970260764
752248.265421,1108.835749462728,687.1732970260764
752256.955165,1108.835749462728,687.1732970260764
752266.955635,1108.835749462728,687.1732970260764
752276.955287,1108.835749462728,687.1732970260764
752287.398575,1108.835749462728,687.1732970260764
752296.956794,1108.835749462728,687.1732970260764
752307.695036,1108.835749462728,687.1732970260764
752316.9557,1108.835749462728,687.1732970260764
752327.676553,1108.835749462728,687.1732970260764
752338.709988,1108.835749462728,687.1732970260764
752348.275066,1108.835749462728,687.1732970260764
752358.340894,1108.835749462728,687.1732970260764
752368.318252,1108.835749462728,687.1732970260764
752376.950315,1108.835749462728,687.1732970260764
752386.949736,1108.835749462728,687.1732970260764
752396.949539,1108.835749462728,687.1732970260764
752407.886212,1108.835749462728,687.1732970260764
752417.536652,1108.835749462728,687.1732970260764
752427.847198,1108.835749462728,687.1732970260764
752437.481032,1108.835749462728,687.1732970260764
752448.425532,1108.835749462728,687.1732970260764
752456.904016,1108.835749462728,687.1732970260764
752466.910306,1108.835749462728,687.1732970260764
752477.447655,1108.835749462728,687.1732970260764
752486.953875,1108.835749462728,687.1732970260764
752496.903747,1108.835749462728,687.1732970260764
752506.955051,1108.835749462728,687.1732970260764
752517.529892,1108.835749462728,687.1732970260764
752526.957292,1108.835749462728,687.1732970260764
752536.957319,1108.835749462728,687.1732970260764
752547.405285,1108.835749462728,687.1732970260764
752557.981158,1108.835749462728,687.1732970260764
752566.951143,1108.835749462728,687.1732970260764
752579.257896,1108.835749462728,687.1732970260764
752588.457771,1108.835749462728,687.1732970260764
752597.60714,1108.835749462728,687.1732970260764
752608.032436,1108.835749462728,687.1732970260764
752619.151634,1108.835749462728,687.1732970260764
752626.952152,1108.835749462728,687.1732970260764
752638.287836,1108.835749462728,687.1732970260764
752647.564021,1108.835749462728,687.1732970260764
752656.905091,1108.835749462728,687.1732970260764
752666.956344,1108.835749462728,687.1732970260764
752679.539251,1108.835749462728,687.1732970260764
752686.95114,1108.835749462728,687.1732970260764
752698.277914,1108.835749462728,687.1732970260764
752707.57189,1108.835749462728,687.1732970260764
752717.558039,1108.835749462728,687.1732970260764
752727.626263,1108.835749462728,687.1732970260764
752737.901117,1108.835749462728,687.1732970260764
752746.9555,1108.835749462728,687.1732970260764
752758.267282,1108.835749462728,687.1732970260764
752767.61622,1108.835749462728,687.1732970260764
752779.09082,1108.835749462728,687.1732970260764
752789.781096,1108.835749462728,687.1732970260764
752796.95262,1108.835749462728,687.1732970260764
752806.912354,1108.835749462728,687.1732970260764
752820.418083,1108.835749462728,687.1732970260764
752828.861917,1108.835749462728,687.1732970260764
752837.605168,1108.835749462728,687.1732970260764
752847.637449,1108.835749462728,687.1732970260764
752857.583239,1108.835749462728,687.1732970260764
752866.957947,1108.835749462728,687.1732970260764
752878.983164,1108.835749462728,687.1732970260764
752888.451018,1108.835749462728,687.1732970260764
752898.445488,1108.835749462728,687.1732970260764
752907.454095,1108.835749462728,687.1732970260764
752916.955186,1108.835749462728,687.1732970260764
752926.965307,1108.835749462728,687.1732970260764
752936.911256,1108.835749462728,687.1732970260764
752946.960954,1108.835749462728,687.1732970260764
752957.196192,1103.5775426655953,683.9211711687091
752967.197354,1103.5775426655953,683.9211711687091
752976.955687,1103.5775426655953,683.9211711687091
752986.909087,1103.5775426655953,683.9211711687091
752996.960772,1103.5775426655953,683.9211711687091
753007.204718,1103.5775426655953,683.9211711687091
753017.212429,1103.5775426655953,683.9211711687091
753028.82008,1103.5775426655953,683.9211711687091
753038.7226,1103.5775426655953,683.9211711687091
753047.334371,1103.5775426655953,683.9211711687091
753056.863544,1103.5775426655953,683.9211711687091
753067.435181,1103.5775426655953,683.9211711687091
753077.305559,1103.5775426655953,683.9211711687091
753087.358498,1103.5775426655953,683.9211711687091
753097.343204,1103.5775426655953,683.9211711687091
753107.223063,1103.5775426655953,683.9211711687091
753116.912215,1103.5775426655953,683.9211711687091
753127.263859,1103.5775426655953,683.9211711687091
753137.906455,1103.5775426655953,683.9211711687091
753147.327114,1103.5775426655953,683.9211711687091
753157.234282,1103.5775426655953,683.9211711687091
753167.288958,1103.5775426655953,683.9211711687091
753177.266202,1102.9132771957918,685.1383374122245
753187.242909,1104.3966035472338,689.5567365986255
753197.249719,1103.9203013770107,689.6563120888164
753207.348767,1103.9203013770107,689.6563120888164
753217.440073,1103.9203013770107,689.6563120888164
753230.280059,1103.9203013770107,689.6563120888164
753236.886197,1103.9203013770107,689.6563120888164
753247.672053,1103.9203013770107,689.6563120888164
753257.375883,1103.9203013770107,689.6563120888164
753267.394436,1103.9203013770107,689.6563120888164
753277.212779,1103.9203013770107,689.6563120888164
753287.320001,1103.9203013770107,689.6563120888164
753297.237756,1103.9203013770107,689.6563120888164
753307.515009,1103.9203013770107,689.6563120888164
753317.236592,1102.2914474108024,687.2542554491092
753327.970218,1096.0554506223277,677.753889631863
753337.276879,1096.055444066573,677.7538479014887
753348.102725,1084.7022458393794,654.0630266192773
753356.928035,1070.5442427178905,606.4183574911267
753367.100372,1065.9482093961665,599.1960107184988
753376.959071,1065.9482093961665,599.1960107184988
753386.867872,1065.9482093961665,599.1960107184988
753397.244138,1043.7099118422184,579.9246521759635
753399.281754,1034.161812877964,573.8538159959743
753406.893607,1027.8605765181608,565.1374332454002
753417.56249,1006.8261231835734,549.4836647848655
753427.213639,971.5067465369198,519.3213059018116
753437.650172,968.3462515578576,515.7972762068083
753450.854728,967.9651895318448,515.3456419225148
753457.208505,967.9651823453239,515.3456191410245
753467.898451,964.7828092300275,517.8832477937951
753476.864052,964.7828092300275,517.8832477937951
753488.488319,963.949614009863,518.3474576808846
753497.283357,945.9591015033092,504.08909515200327
753507.242808,912.563836569498,463.2923772347633
753516.89815,862.2442013560435,427.85079984759443
753527.292936,862.2322240130618,427.86178778006223
753537.363055,862.2322240130618,427.86178778006223
753548.049788,862.2322240130618,427.86178778006223
753558.061113,862.2322240130618,427.86178778006223
753567.22112,858.3186436321798,412.7449462399801
753578.032693,930.2282907297106,362.46104377582594
753586.895473,958.1550410684489,342.3698220728449
753596.859809,1023.5234177274191,290.59816153943734
753607.46942,1091.2513766750985,236.7633443461802
753624.650767,1104.7935267980777,171.28370905741605
753625.137691,1065.1608668734978,114.66106611511873
753625.138359,1065.1608668734978,114.66106611511873
753627.230349,1065.1608668734978,114.66106611511873
753636.605729,1011.4651740360152,33.87676465313742
753647.026633,964.1714951681229,12.970442550461668
753657.490781,885.4582769747882,0.9570578469207259
753668.380716,803.7783385728853,15.976789143939358
753677.216062,747.8741615950204,79.84824841308854
753686.63668,693.2716077898265,135.86400640889232
753697.299177,739.8154106633873,197.0363668314718
753706.95763,796.3834434532802,235.08226895166507
753716.816512,842.1786601275068,275.66288691332346
753726.975813,897.8082637271694,325.76389791903136
753737.282634,902.7964272952912,333.5072380361941
753747.506444,902.7964272952912,333.5072380361941
753757.844115,902.7964272952912,333.5072380361941
753768.350986,902.7964272952912,333.5072380361941
753778.401595,902.7964272952912,333.5072380361941
753787.067194,902.7964272952912,333.5072380361941
753797.089587,902.7964272952912,333.5072380361941
753807.093283,902.7964272952912,333.5072380361941
753817.069513,902.7964272952912,333.5072380361941
753826.946236,902.7964272952912,333.5072380361941
753837.044392,902.7964272952912,333.5072380361941
753846.932925,902.7964272952912,333.5072380361941
753857.796145,902.7964272952912,333.5072380361941
753867.726796,902.7964272952912,333.5072380361941
753877.061046,902.7964272952912,333.5072380361941
753887.975172,902.7964272952912,333.5072380361941
753897.071887,902.7964272952912,333.5072380361941
753907.106861,902.7964272952912,333.5072380361941
753917.082788,902.7964272952912,333.5072380361941
753927.069451,902.7964272952912,333.5072380361941
753937.075328,902.7964272952912,333.5072380361941
753947.984057,902.7964272952912,333.5072380361941
753957.908965,902.7964272952912,333.5072380361941
753967.569187,902.7964272952912,333.5072380361941
753977.874671,902.7964272952912,333.5072380361941
753987.764401,902.7964272952912,333.5072380361941
753998.592862,902.7964272952912,333.5072380361941
754008.32739,902.7964272952912,333.5072380361941
754017.103884,902.7964272952912,333.5072380361941
754027.087243,900.4488578015927,329.6398864032912
754037.096303,900.4488578015927,329.6398864032912
754047.061533,900.4488578015927,329.6398864032912
754057.157786,900.4488578015927,329.6398864032912
754067.782908,900.4488578015927,329.6398864032912
754077.857515,900.4488578015927,329.6398864032912
754086.641788,900.4488578015927,329.6398864032912
754098.917431,900.4488578015927,329.6398864032912
754107.079723,900.4488578015927,329.6398864032912
754117.076389,900.4488578015927,329.6398864032912
754126.646712,900.4488578015927,329.6398864032912
754137.054548,900.4488578015927,329.6398864032912
754147.071362,900.4488578015927,329.6398864032912
754157.136495,900.4488578015927,329.6398864032912
754167.284841,900.4488578015927,329.6398864032912
754177.870067,900.4488578015927,329.6398864032912
754187.968815,900.4488578015927,329.6398864032912
754197.868916,900.4488578015927,329.6398864032912
754208.057623,900.4488578015927,329.6398864032912
754217.130742,900.4488578015927,329.6398864032912
754227.350691,900.4488578015927,329.6398864032912
754237.105424,900.4488578015927,329.6398864032912
754246.616553,900.4488578015927,329.6398864032912
754257.097571,900.4488578015927,329.6398864032912
754267.077554,900.4488578015927,329.6398864032912
754277.147252,900.4488578015927,329.6398864032912
754287.775332,900.4488578015927,329.6398864032912
754297.842633,900.4488578015927,329.6398864032912
754307.77822,900.4488578015927,329.6398864032912
754317.977011,900.4488578015927,329.6398864032912
754326.641873,900.4488578015927,329.6398864032912
754337.107474,900.4488578015927,329.6398864032912
754347.106685,900.4488578015927,329.6398864032912
754357.099638,900.4488578015927,329.6398864032912
754366.657791,900.4488578015927,329.6398864032912
754377.101892,900.4488578015927,329.6398864032912
754387.276147,900.4488578015927,329.6398864032912
754397.442065,900.4488578015927,329.6398864032912
754407.764955,900.4488578015927,329.6398864032912
754417.501846,900.4488578015927,329.6398864032912
754427.07576,900.4488578015927,329.6398864032912
754437.938338,900.4488578015927,329.6398864032912
754446.645617,900.4488578015927,329.6398864032912
754457.016726,900.4488578015927,329.6398864032912
754467.011962,900.4488578015927,329.6398864032912
754477.093052,900.4488578015927,329.6398864032912
754486.616218,900.4488578015927,329.6398864032912
754496.77459,900.4488578015927,329.6398864032912
754507.863995,900.4488578015927,329.6398864032912
754517.920111,900.4488578015927,329.6398864032912
754529.405732,900.4488578015927,329.6398864032912
754537.139796,900.4488578015927,329.6398864032912
754547.233181,900.4488578015927,329.6398864032912
754557.131632,900.4488578015927,329.6398864032912
754566.625678,900.4488578015927,329.6398864032912
754576.618049,900.4488578015927,329.6398864032912
754586.644441,901.005508970089,330.219733135434
764365.242454,-1177.1657118152157,497.2470679748159
764365.243167,-1177.1657118152157,497.2470679748159
764375.700403,-1106.44344250916,510.6814105124013
764384.623286,-999.5086969646891,544.7473579402206
764396.372262,-982.7661327449451,550.1485460329825
764403.580792,-951.3308060789473,564.1666430155109
764414.241146,-939.9761017362242,615.1934757694158
764422.901738,-980.4077338725963,693.6830284196064
764435.198631,-1058.407830029925,670.9290823821422
764444.764036,-1107.1976808096058,741.2994933718676
764453.742051,-1127.6899040304766,798.2934852441308
764463.004919,-1139.9258385422415,827.7052879303477
764473.699053,-1139.9258385422415,827.7052879303477
764482.956167,-1141.557027952625,851.3483080426985
764492.861007,-1142.653057840022,859.001844902591
764507.261378,-1142.653057848277,859.0018449131928
764513.439451,-1142.653057848277,859.0018449131928
764523.409921,-1142.653057848277,859.0018449131928
764533.368053,-1155.1194207613169,886.1880333407443
764545.03851,-1175.2355016268036,932.5439574352591
764552.952965,-1144.8876624406164,954.2503971197017
764564.161877,-1110.3279874923392,968.0271156399294
764573.511189,-1110.3279874923392,968.0271156399294
764583.720551,-1110.3279874923392,968.0271156399294
764594.878927,-1108.233124150371,1000.2852862388186
764604.257461,-1130.838823847346,1048.6907690849978
764611.186361,-1130.838823847346,1048.6907690849978
764612.93897,-1130.838823847346,1048.6907690849978
764625.111669,-1119.0381394511744,1015.8058128042926
764633.431758,-1114.316097183735,1001.7219484583615
764643.639675,-1115.325067305772,1005.1580936921196
764653.340061,-1116.595516505437,1005.3080707494635
764663.510665,-1116.595516505437,1005.3080707494635
764673.691793,-1116.595516505437,1005.3080707494635
764683.445372,-1106.4443170310283,983.1750053740792
764693.80524,-1110.5114432576693,973.2093136768989
764704.748628,-1111.6205892323728,973.6325818034768
764714.079967,-1111.6205892323728,973.6325818034768
764724.086557,-1111.6205892323728,973.6325818034768
764733.407826,-1111.6205892323728,973.6325818034768
764743.21669,-1127.6331935235726,965.6436236857958
764753.361488,-1127.6332602264927,965.6436538522654
764763.347873,-1127.6332602264927,965.6436538522654
764773.320612,-1127.6332602264927,965.6436538522654
764783.443251,-1127.6332602264927,965.6436538522654
764794.520598,-1127.091343713408,967.0921130480314
764803.272865,-1127.3853534670147,967.5868102116426
764814.076628,-1127.83447244602,968.0416660655203
764822.953691,-1127.83447244602,968.0416660655203
764833.956624,-1133.1775413012238,965.6710021429468
764843.893745,-1133.172239963904,965.3379227850137
764853.358176,-1133.172239963904,965.3379227744113
764866.193898,-1133.5543296426429,964.2274220852311
764873.505218,-1133.5550402373303,964.2219933571035
764882.949378,-1133.5550402373303,964.2219933571035
764893.228921,-1133.3067062000318,965.7507525554063
764903.416868,-1134.0119189393752,966.9277200696841
764913.4153,-1134.0119189476302,966.9277200696841
764924.374038,-1134.0119189476302,966.9277200696841
764934.064115,-1144.5499455496367,965.6743751931117
764942.857864,-1148.0810430498746,965.4131636636474
764954.113722,-1152.7530223269055,965.0877507235097
764963.296402,-1152.7530223269055,965.0877507235097
764973.302075,-1152.7530223269055,965.0877507235097
764983.831294,-1152.7530223269055,965.0877507235097
764993.362258,-1152.7364233297758,965.8391218913071
765002.915264,-1152.7364235620935,965.8391225804343
765013.40212,-1152.7364235620935,965.8391225804343
765022.900061,-1152.7364235620935,965.8391225804343
765032.910475,-1152.7364235620935,965.8391225804343
765043.406144,-1155.8627998906788,964.0191976017113
765053.387964,-1155.862782547035,964.0192013116925
765063.427063,-1155.862782547035,964.0192013116925
765063.453873,-1155.862782547035,964.0192013116925
765075.19388,-1155.862782547035,964.0192013116925
765083.289399,-1157.9132256335893,962.041098776355
765093.616664,-1130.110165091012,959.4851177353681
765102.954718,-1032.1102580491468,1000.1086056369866
765113.225926,-996.5204412668444,987.3069161955855
765122.953839,-975.6677283424012,939.1128784394369
765132.863425,-959.7865237386882,907.344115972486
765143.235802,-937.2537033683296,858.8976893765386
765155.944397,-905.6934990739344,792.0140318141945
765165.954663,-904.5586742218329,786.6819725734724
765175.460192,-904.5586742218329,786.6819725734724
765183.600285,-904.5586742218329,786.6819725734724
765199.256864,-904.5586742218329,786.6819725734724
765199.257612,-904.5586742218329,786.6819725734724
765202.515849,-904.5586742218329,786.6819725734724
765212.574845,-910.7913553610066,720.2570028980762
765221.573338,-961.4489423666926,676.7550698502564
765233.498976,-960.6019587369924,671.9746554380215
765241.54152,-960.6019587369924,671.9746554380215
765251.918321,-960.6019587369924,671.9746554380215
765261.590678,-960.6019587369924,671.9746554380215
765272.604461,-950.6305354538423,647.2105583379652
765281.915757,-939.2915747888419,620.9479681275154
765292.014753,-912.6778001846391,555.5738415586646
765302.416183,-893.6234638928195,508.6623796423348
765312.176344,-885.1382506814083,486.31387163517473
765322.666283,-879.4681513007924,467.3253009974318
765331.965839,-873.2048043666034,448.0339207195509
765343.711216,-860.8224958913999,419.7734369448834
765352.068375,-844.778282328097,388.0320127282272
765363.01072,-853.6961514185784,388.18889345686216
765373.938979,-885.0744999920622,394.0436960062398
765381.597021,-915.6871719415637,396.85940909784324
765391.552189,-950.7920615914326,396.9580807437371
765402.054018,-983.90784813347,401.6192197159136
765412.304502,-1060.7991378446732,397.83796903606816
765423.746304,-1130.701524484935,401.8571082508184
765432.880779,-1184.965318300352,406.5203920912688
765442.761296,-1250.3925972501918,406.3228222211935
765452.804823,-1251.1591734681663,382.2317760661005
765461.931027,-1224.7340634667742,338.8828921523632
765471.592519,-1251.4193507871728,305.93797398181147
765484.344067,-1255.2745462536186,300.4420403743389
765491.591361,-1260.6775349887087,289.8600238870875
765501.622662,-1273.196334765106,285.9490849618667
765512.539286,-1286.121712668517,294.29544287439603
765524.130469,-1327.7863567177135,325.7697392830352
765531.891094,-1334.9972650930938,299.2765800402625
765542.089068,-1334.9972650930938,299.2765800402625
765549.866665,-1155.862782547035,964.0192013116925
765552.089433,-1344.268852519066,285.7059833257691
765562.841213,-1375.3242437006593,264.15177194530935
765572.734527,-1391.3627853713062,265.7219041964245
765582.26575,-1391.3627853713062,265.7219041964245
765595.302186,-1391.3627853713062,265.7219041964245
765601.5831,-1391.3627853713062,265.7219041964245
765611.583323,-1391.3627853713062,265.7219041964245
765623.933304,-1413.1408198111762,265.1915743216578
765632.529933,-1415.3810070785803,264.4197187749136
765642.122659,-1415.3810070785803,264.4197187749136
765651.988423,-1415.3810070785803,264.4197187749136
765665.073946,-1406.3761259997655,278.7083120984237
765671.883071,-1406.3761259997655,278.7083120984237
765682.004719,-1406.3761259997655,278.7083120984237
765692.531674,-1405.5508295035088,284.1425579558003
765701.701053,-1443.4518518134762,268.48388960779806
765711.97158,-1419.1124719868437,228.8919546996798
765721.59757,-1390.7268299046757,231.9641172615071
765731.57037,-1379.0373958453015,235.50988015359644
765741.961157,-1351.8296174195664,258.0677179060603
765752.512521,-1339.8706365023759,265.64151403471215
765762.632882,-1334.1148456658177,313.38752336265696
765771.556113,-1339.3533365009414,409.7808209119416
765782.339125,-1342.5156656509157,435.70840287011924
765791.916908,-1342.5156656509157,435.70840287011924
765801.880174,-1342.5156656509157,435.70840287011924
765812.04769,-1342.5156656509157,435.70840287011924
765822.627353,-1342.5156656509157,435.70840287011924
765832.016168,-1342.5156656509157,435.70840287011924
765841.583892,-1342.5156656509157,435.70840287011924
765852.108901,-1353.9507571714828,463.954556125539
765864.808313,-1234.4453216480788,496.874069644604
765873.486769,-1115.472129101551,513.3598205110117
765882.674309,-1046.5414570898647,530.9630319340612
765892.70387,-927.5284271528259,580.8542833954182
765896.276572,-1155.862782547035,964.0192013116925
765903.533867,-958.9047651053736,658.6777916124314
765913.212103,-970.7229572034199,684.8255881998078
765921.891854,-970.7229572034199,684.8255881998078
765932.447744,-970.7229572034199,684.8255881998078
765942.682783,-970.7229572034199,684.8255881998078
765952.245353,-1051.9174177130694,671.7379776799003
765961.549915,-1097.5663721405015,723.3473291756044
765974.332473,-1137.705234417589,833.7202317281185
765983.362251,-1142.2311112641721,859.7210928865303
765991.974041,-1142.2311112641721,859.7210928865303
766002.689107,-1142.2311112641721,859.7210928865303
766011.938249,-1142.2311112641721,859.7210928865303
766021.608313,-1147.4684976174115,869.7766323417663
766033.087514,-1174.4534681094476,932.6248273317735
766041.645378,-1116.8196957401037,970.6780956389026
766051.91369,-1113.7433217636494,970.4878171341561
766062.029166,-1107.7816578933357,972.0443280059218
766072.542756,-1107.7816578933357,972.0443280059218
766082.119021,-1117.1881797491287,970.8262760528133
766093.122284,-1157.3553891011186,949.8611451742906
766103.195585,-1176.039232996691,948.2759731576098
766113.102048,-1205.2075704763377,967.8234297126638
766122.490228,-1212.1449214198387,982.1285947385941
766131.990054,-1212.1449214198387,982.1285947385941
766142.148165,-1212.1449214198387,982.1285947385941
766152.011584,-1211.4872945635382,994.7793395545524
766166.437284,-1222.9886267521279,1021.3651045281603
766171.647601,-1219.4797457166735,1041.861296317801
766176.434662,-1199.1202464452906,1056.3086066748635
766181.595918,-1150.551738794856,1079.2563079547697
766194.662691,-1145.4508587479538,1081.492986763533
766213.337833,-1145.4508587479538,1081.492986763533
766213.338423,-1145.4508587479538,1081.492986763533
766214.795242,-1145.4508587479538,1081.492986763533
766224.844157,-1135.1147918052786,1079.450386922422
766236.590309,-1135.1147918052786,1079.450386922422
766245.599942,-1135.1147918052786,1079.450386922422
766256.260436,-1112.4165785139746,1009.9020126180684
766264.804793,-1105.9402234112472,989.0734825915547
766268.739052,-1105.9402234112472,989.0734825915547
766271.978793,-1105.9402234112472,989.0734825915547
766274.855063,-1105.9402234112472,989.0734825915547
766284.815614,-1105.9402234112472,989.0734825915547
766295.331746,-1105.9402234112472,989.0734825915547
766305.190032,-1105.9402234112472,989.0734825915547
766315.246419,-1104.4415645942984,976.9871278743632
766326.021149,-1104.4415645942984,976.9871278743632
766336.44615,-1104.4415645942984,976.9871278743632
766345.634464,-1104.4415645942984,976.9871278743632
766356.062109,-1104.4415645942984,976.9871278743632
766365.385116,-1104.4415645942984,976.9871278743632
766376.399279,-1104.4415645942984,976.9871278743632
766384.779034,-1104.4415645942984,976.9871278743632
766395.283159,-1104.4415645942984,976.9871278743632
766404.783514,-1104.4415645942984,976.9871278743632
766418.970457,-1104.4415645942984,976.9871278743632
766425.378315,-1104.4415645942984,976.9871278743632
766436.19853,-1104.4415645942984,976.9871278743632
766445.721404,-1112.001812928294,973.3079836911938
766455.094649,-1116.7179190285738,971.4240358403061
766464.808406,-1116.7179190285738,971.4240358403061
766475.801981,-1116.7179190285738,971.4240358403061
766485.208338,-1116.7179190285738,971.4240358403061
766495.085333,-1116.7179190285738,971.4240358403061
766505.09654,-1116.7179190285738,971.4240358403061
766517.120756,-1116.7179190285738,971.4240358403061
766524.758262,-1116.7179190285738,971.4240358403061
766535.158069,-1116.7179190285738,971.4240358403061
766545.379905,-1124.1168825761213,970.5808451065649
766555.392191,-1127.208778811532,970.761939512478
766565.648123,-1127.208778811532,970.761939512478
766575.273394,-1127.208778811532,970.761939512478
766588.748613,-1127.208778811532,970.761939512478
766595.276566,-1127.208778811532,970.761939512478
766605.182713,-1127.208778811532,970.761939512478
766615.358798,-1131.0077554145064,967.6101318843594
766625.995238,-1131.0127210138428,967.6023595929363
766634.899606,-1131.0127210138428,967.6023595929363
766644.799283,-1131.3998947271218,966.9685813030871
766655.670908,-1131.3998947271218,966.9685812914242
766666.026009,-1131.3998947271218,966.9685812914242
766676.176761,-1131.3998947271218,966.9685812914242
766686.454219,-1131.3998947271218,966.9685812914242
766695.984247,-1131.3998947271218,966.9685812914242
766706.85766,-1131.3998947271218,966.9685812914242
766723.541743,-1131.3998947271218,966.9685812914242
766726.23198,-1131.3998947271218,966.9685812914242
766735.530202,-1132.1461257207088,965.4116268789068
766745.424346,-1132.9894354346138,964.8513525882707
766754.808956,-1132.9894354346138,964.8513525882707
766765.30963,-1133.0039846359648,964.9269959671798
766776.324008,-1133.0039846359648,964.9269959671798
766786.888098,-1133.0039846359648,964.9269959671798
766796.361531,-1133.0039846359648,964.9269959671798
766805.132371,-1137.2814405359652,960.3201337175285
766815.170627,-1137.2814405359652,960.3201337175285
766824.852094,-1137.2814405359652,960.3201337175285
766834.92588,-1137.2814405359652,960.3201337175285
766844.849793,-1137.2814405359652,960.3201337175285
766854.852669,-1137.2814405359652,960.3201337175285
766866.233409,-1137.697401170521,959.3229327809094
766874.76378,-1137.697401170521,959.3229327809094
766886.124905,-1137.697401170521,959.3229327809094
766899.026335,-1137.8940777326663,959.509175511724
766905.112353,-1138.1591835322229,959.6799266738254
766916.86547,-1137.8553509907076,959.5290115841121
766925.179364,-1138.0347842985263,959.2371753802956
766935.112913,-1137.3898326084557,958.4791411448848
766945.254742,-1137.3898326084557,958.4791411448848
766954.857029,-1136.7929959587111,957.6299121522036
766965.096464,-1136.7929959587111,957.6299121522036
766975.331696,-1136.7929959587111,957.6299121522036
766985.306693,-1136.7929959587111,957.6299121522036
766996.119526,-1136.7929959587111,957.6299121522036
767006.354967,-1136.6221805810912,957.4922595155691
767016.328174,-1136.6221808465766,957.4922596035652
767028.058334,-1136.6221808465766,957.4922596035652
767034.809234,-1136.6221808465766,957.4922596035652
767045.200896,-1136.6221808465766,957.4922596035652
767055.107924,-1136.6221808465766,957.4922596035652
767065.101105,-1136.6221808465766,957.4922596035652
767074.823506,-1136.6221808465766,957.4922596035652
767085.176305,-1136.6221808465766,957.4922596035652
767095.332393,-1136.6221808465766,957.4922596035652
767105.116195,-1136.6221808465766,957.4922596035652
767115.608785,-1136.6221808465766,957.4922596035652
767124.857512,-1136.6221808465766,957.4922596035652
767139.764853,-1141.0730270363802,955.908871876618
767145.499164,-1141.087333450598,955.9054387246586
767155.419878,-1141.087333450598,955.9054387246586
767165.368324,-1141.087333450598,955.9054387246586
767176.024996,-1141.087333450598,955.9054387246586
767188.145255,-1141.087333450598,955.9054387246586
767194.774196,-1141.087333450598,955.9054387246586
767210.191451,-1141.087333450598,955.9054387246586
767216.362436,-1141.087333450598,955.9054387246586
767225.415785,-1141.087333450598,955.9054387246586
767234.858828,-1141.087333450598,955.9054387246586
767246.80604,-1141.087333450598,955.9054387246586
767256.493097,-1141.087333450598,955.9054387246586
767265.339713,-1141.087333450598,955.9054387246586
767275.332261,-1141.087333450598,955.9054387246586
767285.68612,-1141.087333450598,955.9054387246586
767295.725754,-1143.548646257864,955.1260575942256
767304.824185,-1149.1789825393932,952.7826795414989
767314.803634,-1149.1789825393932,952.7826795414989
767326.239139,-1149.1789825393932,952.7826795414989
767336.009864,-1153.1051503499223,950.9154879912957
767345.131342,-1154.7739051364865,950.5206745072991
767355.190648,-1154.7739051364865,950.5206745072991
767364.811591,-1154.7739051364865,950.5206745072991
767374.830109,-1154.7739051364865,950.5206745072991
767384.860777,-1154.7739051364865,950.5206745072991
767395.499159,-1154.7739051364865,950.5206745072991
767406.990416,-1153.2496935964061,951.646863825353
767416.070596,-1152.5650081164677,951.7894735677353
767425.487078,-1152.5650081164677,951.7894735677353
767434.865424,-1154.2261751567682,952.945127711338
767445.97212,-1156.1725594629236,952.8842877925866
767456.423265,-1156.7109479223989,952.659066715843
767465.549807,-1156.7167249921697,952.6564133190833
767474.820014,-1158.4346770010118,951.6308962607729
767475.661082,-1158.4346770010118,951.6308962607729
767485.263545,-1161.0822906744265,949.9773943073058
767496.184292,-1161.0822906826807,949.9773942956427
767507.737296,-1156.0039210960288,944.9295062639839
767515.48043,-1142.3423353259682,950.5336773979856
767525.52875,-1142.3423353259682,950.5336773979856
767536.83247,-1113.5497171733007,963.6814219549503
767545.951733,-1046.6334623726866,993.4422613626671
767556.389515,-1008.6912969171631,1003.7242789585843
767565.746458,-991.028404835652,970.4443237198288
767577.306009,-973.830093594983,929.5294600918637
767586.742612,-951.1450939780265,913.5447795390919
767596.427296,-900.739996381018,910.0669917854154
767605.109117,-825.2082227798151,904.2666296811774
767614.879632,-825.2082227798151,904.2666296811774
767625.922323,-825.2082227798151,904.2666296811774
767634.81585,-825.2082227798151,904.2666296811774
767648.293542,-825.2082227798151,904.2666296811774
767657.460893,-825.2082227798151,904.2666296811774
767664.884567,-825.2082227798151,904.2666296811774
767677.197247,-825.2082227798151,904.2666296811774
767684.82235,-782.8576946226754,902.0540234765257
767695.640465,-718.9422502712143,891.4664532300707
767705.307332,-714.0717590747362,890.7416967775911
767716.477029,-671.0347048845988,886.9348830962005
767725.718574,-592.5070306109005,881.6297809195717
767735.120469,-541.6048272961787,883.8459143370421
767745.516685,-516.44339287005,884.6283194125702
767755.586351,-442.57002226688815,873.5146483294283
767766.030475,-419.793980508062,870.6492984010363
767774.80879,-418.12194562029407,870.5952857737587
767785.363611,-413.2651520858675,872.0253280429833
767795.195368,-410.72783826216755,871.8492556940803
767804.776296,-401.6623488622828,871.5128384434547
767815.213367,-396.5393846723896,870.4129657553699
767825.109468,-337.9563052991226,858.1793410290451
767835.297701,-306.86593054009205,826.9784686777836
767845.96485,-284.53578988116726,765.4356670805481
767854.820814,-275.9609259938743,718.3473836293664
767865.49238,-258.1816436539753,675.2579712717591
767879.63656,-251.91746403580112,630.2420233261221
767885.968337,-237.49579286187515,611.748062371504
767903.006337,-214.93362003477455,535.1722146276005
767925.50119,-84.55663283212922,546.8639613659903
767925.501954,-84.55663283212922,546.8639613659903
767926.672156,-84.55663283212922,546.8639613659903
767937.004645,-54.02083743197628,558.8084908212436
767947.790311,11.76012143881244,579.275809482333
767957.151124,29.145850348780243,582.3094854249694
767967.033298,75.96910951055239,601.7873716448413
767977.351768,102.11557687709734,612.6338084646492
767987.465464,102.11557687709734,612.6338084646492
767997.494449,173.34749601989625,642.1447429103174
768007.174779,220.86529786940895,654.2015221653236
768017.355694,220.86529786940895,654.2015221653236
768027.22124,220.86529786940895,654.2015221653236
768038.027244,220.86529786940895,654.2015221653236
768047.170425,242.18643517828733,656.3931724777881
768057.782055,337.7318019022286,689.339119440776
768068.134051,422.8045952504306,718.8763167502535
768077.139953,422.8045952504306,718.8763167502535
768087.159636,422.8045952504306,718.8763167502535
768097.059771,422.8045952504306,718.8763167502535
768107.139136,422.8045952504306,718.8763167502535
768117.132058,422.8045952504306,718.8763167502535
768127.086054,486.2532448350243,734.497330879703
768137.351584,618.217804808748,796.4432246201136
768147.982077,726.4568751820378,844.8278186989294
768158.032282,829.5001458078833,887.9499198476738
768168.637007,878.1988316572208,872.735433417391
768178.083693,917.7260466841697,852.7119980851401
768187.323081,938.2136632739665,828.5133354977274
768197.333418,938.2136632739665,828.5133354977274
768207.41485,938.2136632739665,828.5133354977274
768220.830431,938.2136632739665,828.5133354977274
768228.286726,940.9912924386384,826.6880712536465
768239.861077,953.5402108158974,815.0193847378674
768242.913273,978.7407071003834,796.9548005962662
768242.913845,978.7407071003834,796.9548005962662
768244.14289,987.176220499386,788.4097353544375
768254.178464,1008.7860250732115,770.2546483354421
768264.665287,1036.5298725354576,748.3311438266144
768275.325811,1080.1951974452486,711.4025464399468
768284.805803,1109.36587876659,739.5585479080626
768294.537573,1166.3921720233102,798.7391002021365
768304.496744,1250.54076016484,882.8788628411407
768314.433955,1290.3455907491325,915.6829319190788
768324.471636,1290.3455907491325,915.6829319190788
768334.190718,1348.025774463216,909.748655247354
768352.963843,1408.8791421675767,841.5053427020142
768354.17671,1460.7354824735276,834.4386313091953
768364.305088,1546.9855456359855,915.7088442079709
768374.803798,1591.5448477922625,882.6872298361427
768384.502523,1594.1794625197203,876.2184679923307
768397.343714,1608.3994300519805,849.7934376589232
768404.562628,1577.1335708402305,792.6371583023288
768414.196636,1675.3070260161312,814.7875888356709
768424.615005,1750.4364638889235,802.424958076617
768434.637217,1759.574489877814,738.7383095908555
768445.119879,1707.064871532691,715.0083733928664
768454.151006,1661.5627408997582,701.5797671070304
768464.802116,1644.7043956732577,723.9477667403982
768475.48542,1644.7043956732577,723.9477667403982
768484.993517,1644.7043956732577,723.9477667403982
768494.774814,1644.7043956732577,723.9477667403982
768504.79284,1644.7043956732577,723.9477667403982
768516.763284,1665.5120969723966,731.0084034539835
768524.249843,1666.0229211416129,739.6561701823516
768534.458806,1640.3528923877477,760.1610727371399
768544.777901,1624.7077820077207,779.0508324600435
768554.659342,1664.9953382042734,808.9611923155862
768564.701051,1688.2722912337206,831.8719498597418
768575.507548,1688.2722912337206,831.8719498597418
768584.123822,1688.2722912337206,831.8719498597418
768598.963065,1688.2722912337206,831.8719498597418
768604.82437,1697.830196371836,853.082471535437
768615.67881,1638.2673037878928,833.5416141542273
768624.53641,1578.686831602233,783.2197406225089
768634.190061,1533.0202038721877,739.3241826645536
768644.680574,1476.4522326661515,698.2345115232681
768654.482706,1448.9196295389024,678.3444950131316
768664.477902,1448.9196295389024,678.3444950131316
768674.53927,1448.9196295389024,678.3444950131316
768685.207871,1448.9196295389024,678.3444950131316
768695.133981,1446.162901021482,677.3973270981104
768705.238446,1392.1907821858263,634.8206391413291
768715.234299,1329.5860476185542,587.2529367507094
768724.767477,1174.7456947124517,623.3876750736868
768738.626249,1094.0362706918036,652.2127865286259
768747.270656,1058.3975237503346,592.8127752948621
768754.136977,1057.5925995881316,592.5843532132537
768764.47503,1049.6888034009532,582.0753100153382
768774.423923,1006.3006903026333,523.8178403708838
768785.003877,911.2021096923156,452.07067542711553
768794.643809,832.7354179537847,384.3434645541467
768807.560843,785.3186989813988,347.9868708906049
768816.337432,693.8770525288747,269.39432344706887
768824.747839,613.2637196269862,198.76217128816808
768834.904747,562.3285365602663,152.76986716355253
768844.560802,552.293712269687,148.13820868707094
768857.566318,538.8915407689517,141.5801176582592
768864.539513,486.2809120074591,92.24647049899367
768874.20198,388.70551377888165,-0.9857406388815986
768884.614112,379.47636589192274,-4.885080209671584
768895.281724,379.47636589192274,-4.885080209671584
768904.684419,379.47636589192274,-4.885080209671584
768914.524194,379.47636589192274,-4.885080209671584
768927.036218,335.1289411017748,-48.74118051553328
768935.72999,340.2380158990333,-78.27688706147636
768944.47925,351.53690908247404,-133.7815834130399
768954.686257,337.77604452918433,-187.04875903971893
768967.24618,365.78491628968015,-286.3746975814133
768974.447306,403.7826203745248,-348.2301432872946
768984.111665,448.6144673213359,-362.4636517956655
768994.189897,434.30737697986484,-397.4405036331799
769004.488812,398.92164394874754,-406.8454745218346
769015.307973,398.92164394874754,-406.8454745218346
769026.311285,398.92164394874754,-406.8454745218346
769034.430113,398.92164394874754,-406.8454745218346
769044.4337,398.92164394874754,-406.8454745218346
769054.228239,388.53721869273056,-437.9010142544768
769066.227719,460.2190824567476,-493.9885443847138
769074.722826,545.1486856696982,-543.794784335088
769084.582591,650.0317439865372,-620.6833221009448
769094.602923,712.4860154612076,-638.5031604081485
769104.510649,808.3597308682674,-662.1799781810886
769114.227444,916.3251749401549,-714.7934873835613
769126.339798,911.6096017771845,-812.5776333183368
769134.501516,799.4270910314423,-854.7998276668116
769147.281715,623.6060575439376,-922.6114816978422
769154.533737,586.2352804121053,-1062.8819644729929
769182.244477,514.4059506913042,-1397.201329176018
769182.245199,514.4059506913042,-1397.201329176018
769183.632823,513.0571727356476,-1399.338852932427
769193.915197,513.0571727356476,-1399.338852932427
769204.764204,513.0571727356476,-1399.338852932427
769214.758783,553.393803769465,-1455.38082260152
769225.061898,624.0990585922988,-1533.0499340149822
769233.654816,632.1069274158616,-1548.9324019939497
769243.689622,636.2954979540777,-1561.9910457381607
769254.045743,629.6390011342572,-1641.5773175818308
769264.32749,610.1142072534378,-1813.8188895369333
769280.024104,597.6345462642172,-1948.003499677235
769283.63497,561.040145142947,-2012.6056562434949
769298.887922,687.2756541970056,-2100.092928991677
769304.456471,812.5835518909605,-2228.7343223696053
769305.310015,812.5835518909605,-2228.7343223696053
769313.677739,933.8853500209341,-2329.711368491032
769327.17664,1107.2815826066642,-2497.4451387717017
769333.633887,1146.9420690659815,-2593.6606943316356
769344.530718,1147.5946428163325,-2600.928226352238
769353.624921,1141.6567577645199,-2644.088127428163
769365.126493,1130.8350721095248,-2765.318528138626
769373.685108,1122.8404912841545,-2923.104991237532
769383.706386,1108.3855575960188,-3137.122391519388
769394.844326,1128.0659405422853,-3335.8608223014357
769405.807526,1166.1440159706772,-3489.9303046594555
769414.705713,1186.0862412769127,-3580.9393375810373
769423.668083,1196.747311867639,-3618.248421760883
769433.677005,1220.7074228456765,-3718.826616437283
769446.796457,1253.7311626307267,-3868.9612265535116
769454.004168,1282.7122468195487,-4001.087792848167
769463.685098,1258.8181199632052,-4136.050264514315
769473.680417,1162.310184060909,-4228.670791451027
769484.012441,1157.847433778951,-4231.723432552982
769494.011968,1157.847433778951,-4231.723432552982
769504.281523,1157.847433778951,-4231.723432552982
769513.706722,1157.847433778951,-4231.723432552982
769523.681999,1157.847433778951,-4231.723432552982
769535.823783,1157.847433778951,-4231.723432552982
769551.721577,1114.827370623742,-4271.671284266446
769553.679237,1005.3719838034914,-4377.372935460439
769563.678865,873.9296963823751,-4502.50982853486
769574.108275,795.5026599432207,-4576.311389357841
841146.724573,-2005.0071514173794,-4607.933427619643
841155.372879,-1978.3967473424227,-4467.349286302532
841164.493075,-1944.6878968345593,-4335.265407879151
841175.400211,-1865.1526930639586,-4216.056327343146
841184.507387,-1713.7219845941643,-4072.7077116753394
841194.641069,-1649.0295025086718,-3972.487883255467
841204.461203,-1591.4871619709127,-3954.423041128805
841214.476084,-1459.9047408699098,-4005.581509011468
841224.369143,-1440.887769798613,-4010.506232959919
841234.43543,-1440.887769798613,-4010.506232959919
841245.067453,-1440.887769798613,-4010.506232959919
841255.144477,-1440.887769798613,-4010.506232959919
841265.000449,-1440.887769798613,-4010.506232959919
841275.196251,-1440.887769798613,-4010.506232959919
841285.426657,-1440.887769798613,-4010.506232959919
841294.38773,-1440.887769798613,-4010.506232959919
841304.378162,-1440.887769798613,-4010.506232959919
841314.361228,-1440.887769798613,-4010.506232959919
841324.380923,-1440.887769798613,-4010.506232959919
841334.376568,-1440.887769798613,-4010.506232959919
841344.652971,-1440.887769798613,-4010.506232959919
841355.18482,-1440.2432147582203,-4003.540523720101
841365.047939,-1449.9937029011155,-3988.6348862865707
841375.267779,-1536.7920323266676,-3975.679420769483
841385.122863,-1564.2790122321453,-3926.4537907175854
841395.728713,-1544.9865792319688,-3883.626123390369
841405.379634,-1554.7982991337653,-3833.1459317433714
850454.959395,-154.9459917321796,-733.9083730728581
850454.960055,-154.9459917321796,-733.9083730728581
851816.923946,885.4980354609131,-4515.778365678944
851826.335546,964.22336573873,-4440.840907579592
851836.354199,1024.3641333185055,-4383.150128931987
851846.677665,1092.1528472959085,-4317.77644283049
851858.697378,1094.592981160361,-4315.536213361498
851866.884734,1094.592981160361,-4315.536213361498
851882.997978,1094.592981160361,-4315.536213361498
851887.955136,1109.923062685502,-4300.514976736186
851896.299141,1180.6570159503972,-4233.068878723166
851907.036644,1278.799933584822,-4129.077532046047
851916.850314,1303.8952474853606,-4042.9847093673416
851926.306055,1290.8649177755337,-3930.348864588251
851936.72794,1251.5834544258762,-3777.278029145909
851946.312218,1226.211559620782,-3655.914031509767
851956.599017,1197.745864045982,-3545.806458271374
851966.256245,1178.5688097610473,-3459.310323284986
851977.532198,1176.3160808787627,-3446.008423069675
851986.61617,1158.4369865127576,-3375.3948561109873
851996.309429,1130.69739844644,-3224.4889502692567
852006.349232,1124.8059097628218,-3079.0770952397697
852016.356752,1134.7926979412566,-2947.5904869930528
852026.275458,1151.4413055051723,-2767.5683249230583
852036.682831,1158.1107535400477,-2634.729532842558
852047.172492,1172.2771390339444,-2507.4884250579507
852056.613308,1103.1320612876216,-2271.6829262498313
852066.258437,1057.4655917754835,-2090.2673237153
852078.30619,1066.6361791718311,-1971.7195121325128
852089.615647,1068.8244746957814,-1961.016179043814
852096.366685,1071.6752224987567,-1953.18131518461
852107.349074,1103.5704254072316,-1905.803770615712
852116.368351,1174.1167489142267,-1820.59857275358
852126.376974,1217.6187455822546,-1738.145374763419
852136.785544,1263.0087846150307,-1652.4395593348665
852146.890631,1333.4032973980181,-1584.2302292541538
852157.384805,1379.4100199997783,-1541.782124454338
852167.382991,1379.4100199997783,-1541.782124454338
852177.549368,1404.5623035668627,-1516.6480611408315
852187.155702,1466.740865940282,-1458.6925273798743
852198.204187,1545.2625960004225,-1382.6802690628467
852206.726407,1611.6658784051663,-1325.6790756587845
852216.748246,1633.8222515123139,-1304.5102688417173
852227.07857,1639.1793454877136,-1299.4968926798501
852236.355665,1639.1793454877136,-1299.4968926798501
852246.662165,1639.1793454877136,-1299.4968926798501
852256.698962,1639.1793454877136,-1299.4968926798501
852266.727302,1639.1793454877136,-1299.4968926798501
852276.36512,1639.1793454877136,-1299.4968926798501
852287.500191,1639.1793454877136,-1299.4968926798501
852297.420338,1665.2662350803753,-1272.0564877443544
852306.745667,1689.5329449176074,-1245.5553934956545
852316.254301,1717.1649528627916,-1222.072842327264
852326.356464,1763.8349815142592,-1180.0076112069191
852337.035649,1798.0663381907739,-1140.3963735490254
852346.353693,1835.9616291608047,-1104.4112037319699
852356.353706,1908.2942201721999,-1089.7750750312116
852372.842581,1951.2187526297876,-1103.9812748347372
852385.112744,2070.169337192221,-1159.060129114298
852385.113323,2070.169337192221,-1159.060129114298
852389.846645,2091.5041630962155,-1167.7815975706933
852405.489434,2184.1796272483957,-1211.2841550016612
852409.529665,2237.6863930097893,-1287.7286623268697
852420.185661,2283.5108670896184,-1350.4937551094083
852430.885786,2339.817045832215,-1410.2790637387359
852441.987053,2394.8602650694147,-1471.6725703796408
852448.902729,2466.719913688423,-1548.0460776873615
852458.988676,2513.9701106436796,-1592.9059682297664
852469.370651,2523.1440087311676,-1604.1494743918252
852479.005387,2554.581525747737,-1638.5904365424515
852490.006872,2542.5160726238055,-1685.5059385748293
852500.237141,2580.3828213216643,-1746.741097961208
852510.494916,2639.2525001252643,-1743.2449649329046
852518.967614,2653.4150962085014,-1750.4594557153487
852529.749829,2687.8080029005455,-1793.9301501678196
852541.053184,2710.103983779253,-1812.8778447549726
852549.323557,2710.103983779253,-1812.8778447549726
852558.93899,2710.103983779253,-1812.8778447549726
852570.701275,2710.103983779253,-1812.8778447549726
852579.008803,2744.348484662761,-1841.3842357101148
852589.39188,2775.256757520116,-1884.470837088839
852601.548516,2837.213612853459,-1953.6628831541686
852608.997121,2869.072714927203,-1986.5205770255955
852618.999713,2920.2518481346137,-2045.3111821439322
852632.082662,2986.175072516563,-2108.298465846864
852638.993898,2987.677978757969,-2109.959807344733
852650.299404,2988.406482095875,-2084.17794173359
852659.364501,2958.152371821396,-2044.1491418516762
852668.997991,2958.152371821396,-2044.1491418516762
852679.518024,2958.152371821396,-2044.1491418516762
852688.952808,2958.152371821396,-2044.1491418516762
852701.067675,2958.152371821396,-2044.1491418516762
852708.948428,2958.152371821396,-2044.1491418516762
852720.051459,2958.152371821396,-2044.1491418516762
852733.442001,2958.152371821396,-2044.1491418516762
852738.940152,2958.152371821396,-2044.1491418516762
852749.011156,2958.152371821396,-2044.1491418516762
852758.991232,2958.152371821396,-2044.1491418516762
852768.940142,2941.5315468652443,-2033.2771853654679
852783.325104,2892.4220482760056,-1980.483236038891
852789.019457,2875.0837292460537,-1963.4876720491948
852800.505984,2866.7548085538347,-1954.5434647052698
852809.053497,2866.7548085538347,-1954.5434647052698
852820.031741,2848.2798582915375,-1935.9077726805056
852828.951663,2791.8378567175746,-1873.0902453494539
852839.973212,2774.3587944121246,-1853.382578356551
852853.530227,2745.6892379523565,-1828.3239202457823
852858.991646,2727.7340129530194,-1808.8549467814657
852873.902482,2668.1707985940575,-1747.2610822061217
852878.951668,2661.8997304730296,-1744.7610925238332
852888.940497,2664.463985428737,-1769.2159899433468
852898.96154,2713.4772660014164,-1815.8293389536805
852909.487166,2713.4772660014164,-1815.8293389536805
852919.501469,2713.4772660014164,-1815.8293389536805
852928.91977,2713.4772660014164,-1815.8293389536805
852940.315127,2713.4772660014164,-1815.8293389536805
852962.006073,2713.4772660014164,-1815.8293389536805
852962.009682,2713.4772660014164,-1815.8293389536805
852964.374596,2713.4772660014164,-1815.8293389536805
852964.375292,2713.4772660014164,-1815.8293389536805
852966.781358,2713.4772660014164,-1815.8293389536805
852976.865278,2713.4772660014164,-1815.8293389536805
852992.914284,2713.4772660014164,-1815.8293389536805
852997.520492,2713.4772660014164,-1815.8293389536805
853006.867333,2734.8092094565854,-1832.2639581464207
853016.867304,2734.8092094565854,-1832.2639581464207
853027.151107,2734.8092094565854,-1832.2639581464207
853037.233418,2753.4898515991904,-1857.8262435804254
853047.140804,2760.797097821603,-1854.594183146228
853057.224358,2760.797097821603,-1854.594183146228
853067.172092,2760.797097821603,-1854.594183146228
853078.098951,2760.797097821603,-1854.594183146228
853087.785878,2750.2473936716715,-1829.4178620366574
853097.871922,2688.3395145825143,-1751.4426233443864
853107.237935,2674.439742423669,-1732.6067554440767
853117.104324,2667.2826768609316,-1725.0495132084752
853127.156173,2670.956401687655,-1691.4889673298717
853138.955563,2668.4399375854423,-1646.680731735423
853147.089911,2624.5831028640773,-1612.1603515141726
853157.155419,2580.802811329034,-1609.6784378508887
853171.709425,2540.300100056652,-1597.893145736381
853177.194536,2501.8110025204924,-1549.9187804441842
853188.009712,2436.399687278574,-1479.781068851317
853198.247559,2413.920906957218,-1451.4265674052383
853209.592763,2413.3873360257435,-1450.9169678373348
853217.022088,2389.634317423359,-1421.8352005728925
853230.132812,2384.71869836942,-1417.3808331273801
853237.499822,2384.71869836942,-1417.3808331273801
853246.871236,2366.246562031992,-1402.8000016074238
853256.861089,2355.086496808083,-1384.4416821883335
853266.861941,2333.5420607180235,-1362.5029948818635
853277.247781,2333.5420607180235,-1362.5029948818635
853287.401084,2333.5420607180235,-1362.5029948818635
853297.752062,2333.5420607180235,-1362.5029948818635
853307.985586,2333.5420607180235,-1362.5029948818635
853317.821101,2333.5420607180235,-1362.5029948818635
853327.390354,2333.5420607180235,-1362.5029948818635
853337.287674,2323.03685140222,-1343.059631941108
853347.237141,2282.0808444456134,-1300.7516753000536
853357.396857,2227.661396011534,-1236.1816043563947
853367.113846,2193.348034406245,-1168.378135475031
853377.544434,2193.348034406245,-1168.378135475031
853387.744091,2193.348034406245,-1168.378135475031
853397.805508,2147.306575249804,-1120.939944542249
853409.319081,2123.0638726904986,-1053.8846346103458
853416.864233,2093.8006758012616,-977.5570680494756
853428.542468,2051.3472400389446,-872.4823090950958
853438.343979,2027.217185718698,-815.1953263664491
853447.704347,2006.7458023020595,-766.3997385123135
853457.329094,2065.958496191547,-650.5007272809897
853467.702976,2124.58289813825,-572.6406970848273
853476.806114,2135.4020361045464,-559.1905344562043
853487.823948,2135.4020361045464,-559.1905344562043
853503.270117,2159.9753454355277,-536.1150937606856
853507.460213,2209.456638943279,-466.02793880149795
853516.820342,2225.7323949050724,-448.17883607175696
853526.824802,2237.0481915689743,-429.5633247479866
853538.333871,2272.4037856350346,-379.9241571669178
853546.77833,2325.027648540941,-305.5021189588235
853556.849288,2304.9645838021015,-271.3436842162922
853570.591603,2238.2797664526206,-203.20844495776083
853577.389908,2241.4194111742286,-160.14247785281677
853586.860139,2327.3124944827514,-50.94641443381273
853596.880235,2299.8462195397096,9.346328894805207
853607.680101,2241.1268603540275,84.00849676988473
853616.809895,2216.2658058463876,113.90133847299231
853626.820346,2214.1429887816953,116.44918299425395
853638.197101,2212.3091546428786,118.37431745845595
853646.82863,2212.3091546428786,118.37431745845595
853656.819267,2198.949734500376,152.15090592066514
853666.790018,2202.411082502303,199.4157440987403
853676.80968,2172.99763240723,276.6223822920725
853686.820378,2145.0092941940043,340.19589987388923
853696.85983,2126.850073710655,386.09821655712943
853706.820386,2090.206922749905,470.270679002608
853716.868264,2085.392772402533,481.960758723238
853726.968547,2085.392772402533,481.960758723238
853736.849761,2083.1278126930774,490.88710641487904
853746.811513,2061.8983425206616,544.7652947908248
853756.870155,2025.9102600721826,626.9855951554109
853766.873274,2024.7106495515502,629.2157018773163
853776.819756,2024.7106495515502,629.2157018773163
853786.81039,2024.7106495515502,629.2157018773163
853800.659613,2024.4029632617687,635.0238796313354
853809.48996,2004.2246304552077,694.6510408967532
853816.789644,2004.9596567182161,758.6250194855463
853826.868081,1963.7203432728656,822.5302626405737
853836.818079,1936.6180804138774,891.3206172201598
853852.739364,1924.38534928673,916.8871778417791
853856.879727,1851.246122211698,857.4551718825472
853867.654855,1829.2339101408227,840.0420326194276
853878.141295,1830.1343351876094,831.0370411859952
853886.863662,1830.1343351876094,831.0370411859952
853896.81468,1830.1343351876094,831.0370411859952
853906.784413,1830.1343351876094,831.0370411859952
853916.864536,1830.1343351876094,831.0370411859952
853927.454407,1830.1343351876094,831.0370411859952
853937.17912,1830.1343351876094,831.0370411859952
853947.058493,1830.1343351876094,831.0370411859952
853956.87232,1830.1343351876094,831.0370411859952
853966.862697,1830.1343351876094,831.0370411859952
853976.782382,1830.1343351876094,831.0370411859952
853986.814341,1830.1343351876094,831.0370411859952
853996.834709,1830.1343351876094,831.0370411859952
854006.793256,1830.1343351876094,831.0370411859952
854017.842555,1830.1343351876094,831.0370411859952
854026.816799,1830.1343351876094,831.0370411859952
854036.867002,1830.1343351876094,831.0370411859952
854046.867708,1830.1343351876094,831.0370411859952
854061.724896,1830.1343351876094,831.0370411859952
854066.833416,1830.1343351876094,831.0370411859952
854089.174591,1830.1343351876094,831.0370411859952
854089.18218,1830.1343351876094,831.0370411859952
854096.763863,1830.1343351876094,831.0370411859952
854106.816054,1830.1343351876094,831.0370411859952
854116.816454,1830.1343351876094,831.0370411859952
854126.880816,1830.1343351876094,831.0370411859952
854136.875992,1830.1343351876094,831.0370411859952
854148.915101,1830.1343351876094,831.0370411859952
854156.953591,1831.6761897428455,833.7952458713378
856837.136579,1831.6761897428455,833.7952458713378
856837.137246,1831.6761897428455,833.7952458713378
860379.893759,300.7824055773783,3931.818742921018
860379.894561,300.7824055773783,3931.818742921018
860381.491922,300.7824055773783,3931.818742921018
860381.492511,300.7824055773783,3931.818742921018
860386.35004,223.86857917201323,3637.029321825872
860390.457133,223.86857917201323,3637.029321825872
860390.457872,223.86857917201323,3637.029321825872
860392.051209,256.5780705831486,3597.781594364135
860392.051876,256.5780705831486,3597.781594364135
860393.297021,256.5780705831486,3597.781594364135
860403.748918,274.84871357925766,3558.344036823662
860413.724851,278.8058627524962,3549.964693953827
860423.388827,292.38295525466,3507.3460993504627
860435.035411,297.0339344004359,3491.0273271249703
860443.340984,298.1246871687882,3434.6270594870407
860453.302085,295.120090880078,3403.4793350316536
860463.25248,278.17571521459763,3347.036608589217
860474.211374,296.56367919696754,3274.395010417422
860483.288475,323.34317668051455,3225.449059595165
860493.250048,355.94738202622074,3207.834086485858
860504.372983,420.16445977650875,3192.3034695481992
860515.168851,510.8010532984416,3162.176126225159
860523.249654,522.4237306421195,3155.659069651495
860537.162266,522.4237306421195,3155.659069651495
860543.58874,531.1903352467275,3153.6142652112717
860553.799209,551.1441494502042,3180.0443141495894
860563.765479,591.9014525075335,3311.228513006143
860574.020183,624.0444900102453,3413.2018452907932
860583.287272,638.5283493166389,3430.9374892633914
860593.587094,664.1610703571637,3457.7984254755265
860602.769074,661.053960508452,3479.0386643479014
860602.769651,661.053960508452,3479.0386643479014
860604.056087,661.053960508452,3479.0386643479014
860629.0515,644.19341164527,3513.4124002519593
860629.052225,644.19341164527,3513.4124002519593
860630.626792,644.19341164527,3513.4124002519593
860640.59612,641.903063739958,3517.924276695521
860651.665169,641.903062876874,3517.9242877247566
860660.893557,640.8001430145015,3522.7504977493077
860670.912548,638.1339683975089,3534.3550855155286
860680.624463,638.0383705574359,3534.586060288301
860690.899651,638.0383705574359,3534.586060288301
860700.899975,638.0383705574359,3534.586060288301
860710.899416,638.0383705574359,3534.586060288301
860720.895348,638.0383705574359,3534.586060288301
860731.875968,638.0383705574359,3534.586060288301
860741.666988,638.0383705574359,3534.586060288301
860753.415529,638.0383705574359,3534.586060288301
860762.059894,638.0383705574359,3534.586060288301
860770.605462,638.0383705574359,3534.586060288301
860781.863785,638.0383705574359,3534.586060288301
860790.904385,640.9988675222783,3522.974887198285
860800.90311,644.4767816725049,3515.4765879839397
860810.908442,644.47678168076,3515.4765879839397
860820.970536,644.47678168076,3515.4765879839397
860830.902488,645.6273301546046,3513.3253821294816
860841.039821,645.7522133199546,3513.2262690439898
860851.754305,645.7522133199546,3513.2262690439898
860860.603578,645.7522133199546,3513.2262690439898
860871.737216,645.7522133199546,3513.2262690439898
860881.681302,645.7522133199546,3513.2262690439898
860890.669981,645.7522133199546,3513.2262690439898
860900.66579,645.7522133199546,3513.2262690439898
860910.915824,646.8126578724853,3511.845582226558
860920.904367,650.0098590621091,3507.1744804213054
860931.057384,650.7943238725468,3503.5995673835646
860940.614444,651.3498301068017,3505.11175589954
860950.981053,650.1758643699953,3504.633698996972
860961.612214,649.6774375162511,3506.1114932257933
860971.600308,647.0758077902667,3507.5227029989524
860981.667438,646.9038779410616,3508.272013243232
860991.599629,647.4331225002143,3509.16206545694
861000.900583,648.5043337873981,3509.3516864636154
861010.569866,648.5231280353187,3511.1739228718657
861022.315716,648.7296590774614,3511.2309090864396
861031.088769,638.4572277440093,3558.2659477211314
861041.040882,617.376176496558,3654.751736495618
861051.650196,598.9823489630071,3700.493675265464
861060.915766,542.0955091734401,3604.989859062223
861071.764609,548.6005556809072,3529.9259865766976
861083.029538,550.6753570780005,3519.144539296895
861093.184139,595.1218951335528,3457.199077951665
861101.836259,630.2867575631316,3437.8849125455667
861112.672145,665.0487104804861,3425.316100288816
861120.570837,769.0723479513282,3379.6877969871875
861132.498354,857.6171722567773,3339.486952708922
861142.490389,880.9514711726902,3281.1325949608113
861150.968758,865.1955903576038,3136.6411842999187
861160.60152,844.0732215238922,3060.8633812854414
861171.008261,813.0079845036081,2985.3348362437932
861181.378254,808.4560804134911,2897.0031946696868
861193.253249,808.0354302513408,2880.929988956889
861201.281088,807.654565179991,2874.4108824371124
861211.804904,807.654565179991,2874.4108824371124
861221.052998,807.654565179991,2874.4108824371124
861231.285138,807.654565179991,2874.4108824371124
861242.682038,807.654565179991,2874.4108824371124
861250.606169,807.654565179991,2874.4108824371124
861264.767834,809.4040076260782,2866.346306124874
861271.018913,792.1193831744371,2797.022053972444
861280.574736,791.3713544486719,2739.059393882512
861290.614788,777.5958300842789,2674.6895280235035
861300.572378,776.3130060446059,2672.911948943975
861311.68396,776.3130060446059,2672.911948943975
861321.007953,776.3130060446059,2672.911948943975
861333.236235,732.2930042298665,2625.700638479786
861340.921542,682.8268258531547,2517.8125295478376
861350.611083,633.853721991033,2450.295788493817
861363.322017,674.0889249904114,2414.940281337369
861370.572608,751.9024304109448,2349.181710839872
861381.113565,818.3855267057075,2291.589221193252
861391.27792,783.0780484214665,2238.553767245996
861400.741713,770.7036464308386,2223.1296672045073
861420.001527,733.7028604219963,2227.126804989164
861420.600492,697.4038243457504,2284.889105710808
861426.242517,710.944553095501,2300.495442054685
861430.677737,729.3841131829926,2322.0406727281643
861445.272996,730.072914786229,2322.7094368428493
861450.672892,730.072914786229,2322.7094368428493
861461.662203,730.072914786229,2322.7094368428493
861471.170623,730.072914786229,2322.7094368428493
861481.071946,730.072914786229,2322.7094368428493
861491.072876,730.072914786229,2322.7094368428493
861501.245184,730.072914786229,2322.7094368428493
861511.097094,730.072914786229,2322.7094368428493
861521.190725,730.072914786229,2322.7094368428493
861531.905159,730.072914786229,2322.7094368428493
861541.084864,730.072914786229,2322.7094368428493
861551.102375,730.072914786229,2322.7094368428493
861561.062426,730.072914786229,2322.7094368428493
861570.944421,730.072914786229,2322.7094368428493
861581.451923,730.072914786229,2322.7094368428493
861591.09034,730.072914786229,2322.7094368428493
861601.070335,730.072914786229,2322.7094368428493
861611.362424,730.072914786229,2322.7094368428493
861620.865134,730.072914786229,2322.7094368428493
861631.163001,730.072914786229,2322.7094368428493
861642.060119,730.072914786229,2322.7094368428493
861655.920991,730.072914786229,2322.7094368428493
861661.788379,730.072914786229,2322.7094368428493
861673.98381,730.072914786229,2322.7094368428493
861681.182695,730.072914786229,2322.7094368428493
861691.465197,730.072914786229,2322.7094368428493
861701.176886,730.072914786229,2322.7094368428493
861711.644039,730.072914786229,2322.7094368428493
861721.168882,729.158172049764,2324.6536646155387
861731.059625,729.5077232028559,2323.9520733063314
861741.037099,729.9552130594402,2323.2004230001203
861752.752922,731.6750544005963,2327.424875037788
861762.411981,728.7836555528089,2329.4724952835795
861770.62244,731.0583542158264,2327.71683622448
861781.195681,730.9567650403003,2324.840178727989
861792.231605,728.2415889201641,2324.568634340357
861801.031787,723.5575619284535,2324.3803139685656
861810.999338,719.9745800171282,2329.163633916596
861821.118419,717.3296229901848,2332.8685889128283
861831.301178,715.2162735838402,2330.5311882903748
861842.046992,714.902086788949,2324.4198315866533
861852.093159,719.3121637937741,2322.3213645681253
861860.589107,723.8563950551056,2322.3789731888864
861871.890702,730.7625827126974,2323.7516672918828
861882.530696,726.6131547936751,2318.490095345418
861891.975881,723.045366150068,2321.7253140583903
861901.258329,725.1872639641224,2323.169815373639
861910.678465,727.8707600224559,2320.2751428377524
861921.230859,725.4908304169869,2320.495208284468
861931.052096,734.5553750654522,2329.7857342534594
861941.135753,751.3379562519474,2345.167216833115
861942.538198,751.3379562519474,2345.167216833115
861950.967777,750.1148749496016,2340.9912686643393
861961.762408,809.1871788188402,2300.292052739518
861972.773162,887.5630716172394,2240.4881906433175
861980.60007,936.9866068824135,2172.7703202284893
861996.954313,945.4788209813996,2034.4118757580945
862000.612732,924.0157851046368,1966.611683273632
862010.621409,916.8658514024474,1930.0322518855967
862025.041501,881.6194422417831,1851.312889032774
862030.623445,845.8020952265981,1780.71227636661
862041.061293,804.3917720964163,1706.5214726895683
862051.385247,733.8944738868682,1590.3045882095303
862060.583048,675.9027622013068,1549.935950995406
862071.232033,617.589600681183,1509.2418283543657
862080.682988,596.9977497573709,1494.1737553655532
862092.813578,579.8852704202114,1478.4165686702966
862100.631896,559.584426112262,1465.6651057408922
862111.36437,559.584426112262,1465.6651057408922
862120.924934,540.2241818917618,1457.4658281040483
862130.602064,473.91434974175695,1436.3086052372498
862140.688358,388.63009044817943,1491.16768389063
862151.362271,306.7822488586047,1594.8925909222382
866147.695104,1186.8724062432377,-3908.181209917857
866147.695882,1186.8724062432377,-3908.181209917857
866154.051894,1186.8724062432377,-3908.181209917857
866164.091477,1228.5448642382441,-3664.519321679024
866177.542834,1210.1693196702815,-3556.5372940731318
866184.373386,1180.5330768731283,-3428.0646021932826
866196.798309,1164.3672595947721,-3322.7310367178216
866204.362811,1145.3015027592767,-3225.6185525885057
866214.137957,1138.3005702458715,-3042.219454548609
866224.077477,1148.004517795546,-2916.7797176079093
866234.088044,1156.3040895146041,-2769.659572209689
866244.256139,1161.0283406244814,-2684.4280993977977
866254.84939,1165.4446720986027,-2637.654373148787
866264.743398,1173.7305178282872,-2530.924698444771
866274.451601,1137.898648874222,-2357.976601839773
866285.322575,1087.3266760839558,-2222.3168590970363
866294.679715,1058.5844582767375,-2071.069241989775
866304.322732,1067.1736561898938,-1973.349542801624
866314.151846,1067.9898902686994,-1966.6534291434275
866324.037852,1067.9898902686994,-1966.6534291434275
866334.048561,1091.4914412334429,-1915.6291331093214
866344.093809,1138.4994262916684,-1862.3850426961499
866354.034737,1182.6989690849684,-1799.445590773482
866366.050217,1239.7807363246593,-1691.9374552483505
866376.993295,1283.0977351041658,-1620.5318806595205
866385.449318,1336.9792180543739,-1574.716534970491
866394.41332,1434.9613736718316,-1475.368064694325
866404.087879,1522.0507999606593,-1412.0645784152598
866414.414563,1596.8864990426698,-1349.3055690428657
866424.036534,1617.8863855923141,-1319.333347169888
866434.096452,1617.8863855923141,-1319.333347169888
866444.381378,1617.8863855923141,-1319.333347169888
866454.046361,1618.8968048329739,-1319.9870869805263
866464.551983,1615.5324641736206,-1318.6697864463258
866474.481232,1631.2620518230817,-1304.9923907468713
866486.455913,1701.0645743606085,-1233.6519526463373
866494.549014,1748.361112867552,-1182.5952851834986
866505.446112,1784.5859130600945,-1139.4959468672614
866515.640019,1784.5859130600945,-1139.4959468672614
866530.50225,1784.5859130600945,-1139.4959468672614
866535.564453,1786.824910674278,-1135.146405176146
866544.526977,1787.560915398682,-1133.9963219320841
866554.526508,1787.560915398682,-1133.9963219320841
866564.480314,1808.7108080930932,-1108.205507679443
866574.59084,1814.6034528268938,-1054.671570743664
866586.591056,1791.6128224799156,-1005.7431870657197
866594.092067,1762.1820398706884,-935.5674431082
866609.555319,1735.1497185468688,-872.0788825567759
866614.526306,1735.1497185468688,-872.0788825567759
866625.503287,1735.1497185468688,-872.0788825567759
866635.56784,1735.1497185468688,-872.0788825567759
866644.02886,1735.1497185468688,-872.0788825567759
866654.084543,1735.1497185468688,-872.0788825567759
866668.24731,1723.9609681443235,-863.8330440533006
866674.54638,1707.4407668120357,-811.2816353218652
866684.567424,1677.7136461793978,-743.4218127492591
866695.188223,1633.6267518095453,-637.385689983447
866704.018261,1599.8895925250517,-555.9125090381674
866714.175622,1567.1237171822688,-482.6032610136359
866724.519019,1548.5654451874657,-435.05072570492814
866734.681602,1527.8225095144728,-388.671594199036
866734.682255,1527.8225095144728,-388.671594199036
866737.432848,1519.6153758366327,-360.2487336479587
866747.147071,1497.540457755677,-308.36147244396307
866756.607108,1462.0244407177838,-248.7697464052304
866766.663554,1462.0244407177838,-248.7697464052304
866776.607207,1462.0244407177838,-248.7697464052304
866786.615876,1462.0244407177838,-248.7697464052304
866796.788057,1454.9520241043224,-239.58227795636603
866806.606261,1454.9520241043224,-239.58227795636603
866816.767103,1454.9520241043224,-239.58227795636603
866826.731457,1454.9520241043224,-239.58227795636603
1223914.352635,1619.8193130385046,-1309.9290676838039
1223914.354486,1619.8193130385046,-1309.9290676838039
1223919.964093,1619.8193130385046,-1309.9290676838039
1223926.898353,1619.8193130385046,-1309.9290676838039
1223933.94903,1619.8193130385046,-1309.9290676838039
1223949.962552,1619.8193130385046,-1309.9290676838039
1223949.966039,1619.8193130385046,-1309.9290676838039
1223956.954282,1648.4412341832385,-1297.9117774405536
1223956.954838,1648.4412341832385,-1297.9117774405536
1223959.33242,1667.2638397431824,-1285.9202948862528
1223967.608664,1728.3082139162152,-1216.443395441331
1223973.72562,1767.2765016220937,-1179.3595402656417
1223980.789978,1792.3136860074483,-1136.828713140641
1223993.66687,1792.6052030435142,-1135.48136295534
1223994.816979,1792.6052030435142,-1135.48136295534
1224001.852846,1792.6052030435142,-1135.48136295534
1224008.965909,1792.6275627209982,-1134.8747269149417
1224015.409132,1792.6275627209982,-1134.8747269149417
1224015.879399,1792.6275627209982,-1134.8747269149417
1224029.744534,1792.6275627209982,-1134.8747269149417
1224030.543698,1792.6275627209982,-1134.8747269149417
1224036.38316,1792.6275627209982,-1134.8747269149417
1224044.366975,1792.6275627209982,-1134.8747269149417
1224050.385185,1804.1923790116405,-1120.792869606872
1224067.638392,1817.1556365667661,-1085.407224975493
1224067.645062,1804.812909250802,-1049.8457054518828
1224071.297962,1778.895638564678,-998.6010637320157
1224071.298532,1778.895638564678,-998.6010637320157
1224073.004367,1766.9954157318948,-965.5104901453283
1224080.043991,1743.4196113780274,-908.6258956703953
1224087.092253,1733.6584541126897,-882.3822215099686
1224094.093567,1733.6584541126897,-882.3822215099686
1224101.042856,1733.6584541126897,-882.3822215099686
1224108.013991,1733.6584541126897,-882.3822215099686
1224115.092289,1733.1755694786993,-881.9817048075058
1224122.092875,1733.1755694786993,-881.9817048075058
1224129.043674,1733.1755694786993,-881.9817048075058
1224145.18461,1733.1755694786993,-881.9817048075058
1224145.188204,1733.8253210374264,-881.5639782000092
1224150.083787,1729.8482513070658,-868.3260605462297
1224157.093619,1723.2651226782384,-854.0990223517085
1224164.03656,1712.2954024556095,-827.5848724797867
1224171.085406,1671.8820837169503,-733.3157506629915
1224178.597347,1634.0519475853735,-655.3233446639322
1224185.087623,1609.4818199607082,-591.4422353698982
1224192.08539,1579.0380054374173,-514.3793673200423
1224200.493878,1559.617164498998,-478.48775314055666
1224206.05677,1542.2276024968592,-435.82361926110144
1224215.967503,1513.236637989309,-378.567858502444
1224221.602906,1511.0964637688596,-349.59663521168267
1224228.181891,1510.189248129368,-340.07041358509395
1224234.108249,1497.6737422947865,-316.356811395618
1224241.08803,1497.6737422947865,-316.356811395618
1224252.546486,1497.6737422947865,-316.356811395618
1224255.732884,1497.6737422947865,-316.356811395618
1224262.094852,1497.6737422947865,-316.356811395618
1224270.468526,1497.6737422947865,-316.356811395618
1224276.483244,1497.6737422947865,-316.356811395618
1224283.835344,1497.6737422947865,-316.356811395618
1224291.773135,1497.6737422947865,-316.356811395618
1224297.093115,1497.6737422947865,-316.356811395618
1224304.08401,1484.4293401202226,-296.3127277859762
1224312.777934,1456.4031720864837,-238.25578326071022
1224318.088288,1417.6160230617925,-136.48483854648404
1224328.137429,1416.9480548910358,-131.20802825353437
1224332.693794,1416.0442059495624,-123.02500258895981
1224339.051361,1391.642543338821,-67.86470107824005
1224346.191179,1372.8424206659677,-25.588629235121452
1224353.088316,1373.8165222180662,-4.869048269721334
1224363.089001,1390.2280960025155,34.827426833152806
1224367.551528,1379.712608580904,57.15422970832526
1224375.551171,1379.3239871486264,81.58972859917515
1224381.251981,1364.2906994263833,101.25213014460775
1224398.603602,1301.9631755533069,149.61573309424907
1224398.727688,1266.85534144642,166.05006398530924
1224410.016239,1266.85534144642,166.05006398530924
1224410.024094,1266.85534144642,166.05006398530924
1224416.169203,1252.674990636906,175.3653028953028
1224422.999349,1213.0137512188876,213.7131336970809
1224445.825086,1193.0060140504077,242.3033752196689
1224445.975097,1174.2872924683436,279.247774303761
1224445.982851,1137.0717737491452,364.28360319823497
1224451.093915,1121.7337969898801,390.9915879715532
1224464.833061,1113.7638655201986,407.33161070841584
1224465.484044,1084.546489361234,471.2695337695002
1224472.223021,1068.0860389006316,502.751707649011
1224486.128592,1055.882900501912,523.5170148939227
1224486.137428,1041.6056034147646,553.9354714570908
1224492.996577,1047.9497132261665,574.8591850058576
1224500.403613,1076.9707084021582,598.3829897454472
1224509.641199,1111.4954716531638,611.5798427302861
1224514.223032,1138.2360857843858,623.9906379196627
1224523.265304,1145.8262119334859,649.559178343254
1224533.320405,1139.6215430974974,675.8386833219005
1224535.109192,1132.8972792614268,688.8576593852914
1224554.489213,1127.4912140363183,698.6521846789916
1224554.492786,1125.0136722751784,707.7368285066
1224557.09813,1125.0136722751784,707.7368285066
1224563.105191,1125.0136722751784,707.7368285066
1224570.091745,1132.0998832132589,763.3998776238859
1224585.190476,1177.2353171894608,804.475945583733
1224585.194045,1207.5583898813356,836.2022017037456
1224591.041762,1280.304420903627,911.0694566534344
1224598.11147,1292.899855206716,923.1316060153731
1224619.889443,1292.899855206716,923.1316060153731
1224619.890132,1292.899855206716,923.1316060153731
1224622.317887,1292.899855206716,923.1316060153731
1224629.319369,1292.899855206716,923.1316060153731
1224636.316527,1321.0962580660137,940.2754244536354
1224643.316586,1366.290368087972,985.202209701073
1224654.249256,1401.5686562270998,1022.1566344826496
1224657.194924,1416.5120424152074,1072.5537009471668
1224670.016738,1361.2078638887365,1131.858908947283
1224671.212629,1335.846382861993,1173.517225574535
1224679.360582,1336.5534628803969,1176.0302827219348
1224685.296652,1336.5534628803969,1176.0302827219348
1224692.248352,1339.5575291106145,1181.6298600318105
1224699.248459,1339.5575291106145,1181.6298600318105
1224706.197087,1339.5575291106145,1181.6298600318105
1224713.198468,1339.5575291106145,1181.6298600318105
1224723.001777,1339.5575291106145,1181.6298600318105
1224727.263403,1339.5575291106145,1181.6298600318105
1224738.916929,1339.5575291106145,1181.6298600318105
1224741.289805,1339.5575291106145,1181.6298600318105
1224752.959841,1339.5575291106145,1181.6298600318105
1224757.882329,1339.5575291106145,1181.6298600318105
1224764.429304,1339.5575291106145,1181.6298600318105
1224769.197845,1339.5575291106145,1181.6298600318105
1224776.555091,1339.5575291106145,1181.6298600318105
1224787.008477,1339.5575291106145,1181.6298600318105
1224791.379162,1339.5575291106145,1181.6298600318105
1224797.536429,1339.5575291106145,1181.6298600318105
1224807.231101,1340.2405096020946,1183.714275583395
1224811.207719,1329.1395024320543,1203.607233044462
1224819.118308,1319.5392579528318,1231.2442733325254
1224828.803229,1317.7898236356205,1292.2792314560484
1224834.785043,1316.3264771972795,1330.0376956420266
1224839.204504,1307.046260487249,1366.1712238317016
1224846.196599,1299.8053466724352,1406.5397226968914
1224854.901028,1308.927131946859,1433.6546633856626
1224865.125026,1337.9755232737305,1455.366016118186
1224867.533322,1381.1953484961812,1489.0322607460243
1224875.637101,1382.242541178873,1489.1554098862885
1224881.781033,1382.242541178873,1489.1554098862885
1224888.717039,1382.242541178873,1489.1554098862885
1224901.556304,1382.242541178873,1489.1554098862885
1224901.556964,1382.242541178873,1489.1554098862885
1224903.801095,1382.242541178873,1489.1554098862885
1224911.384356,1382.242541178873,1489.1554098862885
1224918.537688,1382.242541178873,1489.1554098862885
1224925.231842,1382.242541178873,1489.1554098862885
1224932.284396,1385.4749930679227,1500.8806494161045
1224939.745896,1356.1520059800152,1531.3912172865303
1224946.234234,1333.5478111598823,1556.1221298355526
1224952.822632,1302.9085092710702,1571.9017141601514
1224962.594179,1291.408366892419,1570.2075321452664
1224966.907972,1291.408366892419,1570.2075321452664
1224974.105376,1291.408366892419,1570.2075321452664
1224980.79588,1291.408366892419,1570.2075321452664
1224989.200689,1291.408366892419,1570.2075321452664
1224995.415854,1291.408366892419,1570.2075321452664
1225002.26869,1291.408366892419,1570.2075321452664
1225009.278479,1291.408366892419,1570.2075321452664
1225016.344587,1291.408366892419,1570.2075321452664
1225023.276283,1291.408366892419,1570.2075321452664
1225034.225102,1291.408366892419,1570.2075321452664
1225037.651581,1291.408366892419,1570.2075321452664
1225044.353991,1291.408366892419,1570.2075321452664
1225050.792493,1278.7826013215426,1566.776537111292
1225058.622517,1272.1663989454398,1554.0829333030204
1225069.39255,1280.3189622216382,1485.3766079292766
1225071.793478,1290.657208248792,1452.7771567521413
1225078.8016,1296.052087879168,1403.2720710680069
1225085.820422,1312.5388947773972,1324.9629799220795
1225092.795935,1311.7585874758208,1285.6664603120312
1225100.710769,1318.8389176470987,1244.0600918827877
1225108.043835,1332.7252151638954,1169.3082415475064
1225114.235773,1357.3801971958353,1129.7534058569938
1225121.321126,1388.7740645634349,1082.0123412040505
1225130.931551,1399.3904167312076,1060.2573499710068
1225137.376516,1428.2461162611917,1037.7826419971254
1225142.156214,1460.3713338650225,1009.1415868975187
1225148.889437,1505.1688193949528,950.3956097120506
1225155.841073,1537.2978633795092,918.0517393959178
1225162.900802,1559.4279900188233,920.3026347167809
1225171.621304,1600.8432061425362,965.1954457579868
1225176.841516,1630.813598579085,993.849014552886
1225183.894897,1660.746055281558,1026.535599187649
1225200.144228,1687.987917720316,998.6936682978397
1225200.325671,1713.9287574846314,962.1003530285624
1225213.214563,1742.505260640301,930.685150271581
1225213.218007,1778.093837214367,887.2129123423127
1225218.852135,1781.8479970045646,880.0853032249943
1225225.900689,1781.8479970045646,880.0853032249943
1225232.901722,1781.8479970045646,880.0853032249943
1225244.320947,1781.8479970045646,880.0853032249943
1225246.845065,1781.8479970045646,880.0853032249943
1225255.649855,1781.8479970045646,880.0853032249943
1225261.413087,1781.8479970045646,880.0853032249943
1225268.357424,1781.8479970045646,880.0853032249943
1225275.368577,1781.8479970045646,880.0853032249943
1225282.470923,1781.8479970045646,880.0853032249943
1225289.475454,1781.8479970045646,880.0853032249943
1225296.249275,1781.8479970045646,880.0853032249943
1225302.792474,1781.8479970045646,880.0853032249943
1225310.459929,1781.8479970045646,880.0853032249943
1225319.519969,1781.8479970045646,880.0853032249943
1225323.827561,1781.8479970045646,880.0853032249943
1225332.210724,1781.8479970045646,880.0853032249943
1225337.896437,1781.8479970045646,880.0853032249943
1225344.847803,1781.8479970045646,880.0853032249943
1225353.402448,1781.8479970045646,880.0853032249943
1225360.02777,1781.8479970045646,880.0853032249943
1225366.330764,1781.8479970045646,880.0853032249943
1225373.38776,1781.8479970045646,880.0853032249943
1225380.238597,1781.8479970045646,880.0853032249943
1225396.514544,1781.8479970045646,880.0853032249943
1225396.654074,1781.8479970045646,880.0853032249943
1225400.830222,1781.8479970045646,880.0853032249943
1225410.107871,1781.8479970045646,880.0853032249943
1225415.486747,1781.8479970045646,880.0853032249943
1225422.213296,1781.8479970045646,880.0853032249943
1225428.897168,1781.8479970045646,880.0853032249943
1225435.849047,1781.8479970045646,880.0853032249943
1225444.313121,1781.8479970045646,880.0853032249943
1225451.566961,1781.8479970045646,880.0853032249943
1225456.871059,1781.8479970045646,880.0853032249943
1225465.425395,1781.8479970045646,880.0853032249943
1225471.501182,1797.898146014724,868.349790644865
1225478.459923,1799.7169008642286,866.4188858801521
1225485.361277,1805.2531207734608,858.2910420251854
1225496.470746,1820.9605609193184,835.5898258871526
1225499.448317,1838.2614780489669,824.3755914919067
1225506.331792,1882.505939925796,780.2411011299943
1225513.277566,1905.3988352028807,752.3260002952215
1225521.794961,1929.9638013633376,714.994346108521
1225528.028646,1928.2806312474183,679.0264036296007
1225533.897287,1905.093617397509,652.9003201738542
1225540.847945,1877.6622453243729,636.3617740099829
1225548.198107,1859.0544912625023,609.106715902391
1225554.907481,1859.0794789788597,605.4845787503401
1225564.737307,1859.099991018612,604.8953736252885
1225571.243977,1830.465659263427,648.7630514093122
1225575.841955,1811.5335119766644,668.8194623250552
1225582.912043,1791.2453584579073,684.1968284531837
1225590.15746,1763.8465496200884,712.1161048354955
1225598.798085,1743.0220269015167,724.0800186675584
1225604.214741,1723.6815872499408,737.9823649933419
1225611.279963,1689.724719844021,768.128090723805
1225618.090291,1667.2112707683248,787.839628523894
1225624.802848,1660.7509502362193,793.7081762775044
1225635.507224,1665.9939326682318,804.6385004233521
1225638.833764,1682.335055058772,822.1324395787752
1225645.834431,1691.2846754228158,863.9269501562259
1225652.848331,1648.0257496147071,841.9290898922441
1225659.898257,1642.832714416573,836.2862139225217
1225668.939673,1633.8088516851712,830.5239486912636
1225673.939652,1602.3211689799089,819.7042602054333
1225684.138007,1580.2555717950145,793.035656126243
1225688.138934,1557.7281450775865,773.3518807001892
1225695.066332,1553.3912458432,767.6892320938164
1225701.89524,1553.3912458432,767.6892320938164
1225708.927235,1553.3912458432,767.6892320938164
1225718.527105,1553.3912458432,767.6892320938164
1225723.243372,1553.3912458432,767.6892320938164
1225730.249516,1553.3912458432,767.6892320938164
1225740.688071,1552.521771639647,770.8842170339414
1225744.238496,1552.521771639647,770.8842170339414
1225751.281767,1552.521771639647,770.8842170339414
1225759.846689,1545.0489547711527,765.5560735168497
1225764.891604,1500.8268188303555,728.7355606958492
1225773.497722,1459.6296389868903,690.3361678971589
1225779.267451,1394.950235063088,635.4125822935089
1225786.272194,1342.5560662779205,593.9514710400957
1225792.849355,1289.073215343496,577.0953686375578
1225799.91864,1199.302746704238,604.4510025684991
1225808.81509,1161.4209019868242,629.7298190763547
1225822.819309,1133.0582338111476,667.2766852850679
1225825.501095,1085.810725209573,640.7121916099842
1225825.501783,1085.810725209573,640.7121916099842
1225829.382595,1084.2137761757895,628.4320338027329
1225847.172535,1056.3997181412701,590.6800338782508
1225847.173313,1056.3997181412701,590.6800338782508
1225848.505165,1056.3997181412701,590.6800338782508
1225856.851537,1056.3997181412701,590.6800338782508
1225862.844436,1056.3997181412701,590.6800338782508
1225869.908869,1032.905311101717,552.0263863749786
1225877.179667,977.8010923451325,517.399093999243
1225883.983934,923.7782596755318,466.25674260395834
1225890.49339,856.2345191478523,401.47322127595805
1225897.524015,804.6874335041174,353.7649549819857
1225905.105297,742.3053466601498,304.82307563341305
1225911.493166,673.3696374280624,251.0294233565285
1225919.058461,578.9421865040273,168.04728816893922
1225926.943955,546.3182776185396,139.4205785587162
1225932.549477,541.418939766001,135.53318025794528
1225939.496088,541.418939766001,135.53318025794528
1225946.911333,541.418939766001,135.53318025794528
1225954.38333,541.2086370863793,134.8646432634159
1225960.854046,495.33580834078333,90.40968105840999
1225971.521039,431.0998572686068,39.583340447149936
1225974.536529,376.37613511770644,-14.727732888291333
1225982.135786,374.30860897196806,-15.734432765182376
1225989.322952,374.30860897196806,-15.734432765182376
1225995.50935,374.30860897196806,-15.734432765182376
1226002.895649,374.30860897196806,-15.734432765182376
1226012.52403,374.30860897196806,-15.734432765182376
1226019.736074,374.30860897196806,-15.734432765182376
1226023.536279,342.3645233845699,-31.310885941269962
1226033.392433,294.1296898750664,-73.97153739947034
1226037.509935,231.48861011475654,-75.20764692716799
1226046.417638,216.83320328017294,-32.563479962740864
1226051.561162,207.4323936558772,9.891073899066527
1226058.690676,182.42130294143828,49.030933786489726
1226067.189853,144.9079951087144,46.15220274036577
1226072.531696,120.92928411345612,40.443767887376346
1226083.340314,75.81403332067286,29.493792502303677
1226087.802314,17.98687429847862,1.2412923924964514
1226097.297189,-32.64588628898959,-16.03039096439386
1226100.931563,-50.156663826834645,-20.54619431444927
1226107.938239,-55.66446265398331,-14.30447928058436
1226114.504304,-78.55077363431262,-30.66960390414172
1226124.144592,-151.94130790296688,-54.72300077069025
1226128.647097,-204.75200363108624,-70.86023356560912
1226135.4993,-256.10732973875906,-85.92566087285448
1226142.593774,-319.61926471406935,-105.04386096906691
1226153.041418,-361.3378337746875,-108.4096409867383
1226157.301632,-402.93500113309295,-110.34198887663351
1226163.978712,-451.3880483411345,-123.13764893939346
1226170.857918,-475.6070531612162,-109.52616110507839
1226177.524047,-504.57957538262866,-97.95001119413732
1226188.597897,-573.8483825924386,-67.7885080304616
1226191.506398,-629.1844887956657,-53.486573307488506
1226200.413399,-686.9415617618967,-51.739851988937524
1226206.198782,-758.4477029669808,-41.00349265746011
1226212.496121,-793.8662325100282,-24.884404843066346
1226221.980234,-811.0025692463647,-18.076349293116774
1226228.154324,-813.5862911283598,-17.466611819857597
1226233.861024,-823.1240255179666,-17.661899054342815
1226242.10642,-865.1903665110868,-5.062685243516683
1226248.051167,-964.6581561139948,26.73672779969003
1226258.3299,-1030.7250950058226,48.91259534572892
1226264.397453,-1101.7233072625602,67.80252263865417
1226271.373987,-1167.4146383500706,102.39833533808839
1226275.601348,-1167.4146383500706,102.39833533808839
1226282.538017,-1167.4146383500706,102.39833533808839
1226291.995339,-1167.4146383500706,102.39833533808839
1226296.603943,-1183.774577368587,114.44556273060898
1226303.592819,-1225.9609935542808,165.01596881548983
1226311.218592,-1287.6044970974453,239.23853304177544
1226319.341669,-1318.728761095864,270.83395873902003
1226325.173413,-1319.5133751095636,271.8096398121365
1226332.140124,-1319.5133751095636,271.8096398121365
1226339.006904,-1319.5133751095636,271.8096398121365
1226346.224353,-1319.5133751095636,271.8096398121365
1226352.979617,-1324.0333054026078,308.7586223278673
1226362.406249,-1324.0333054026078,308.7586223278673
1226367.421918,-1383.3955624899443,367.52717950151236
1226374.037595,-1440.2162365549943,394.28735446416084
1226380.603441,-1452.4884919277567,412.15061593895143
1226388.889769,-1456.6434883358443,431.0331932733744
1226394.603283,-1456.6434883358443,431.0331932733744
1226401.549108,-1456.6434883358443,431.0331932733744
1226409.567589,-1441.98004281772,452.07158951174364
1226415.500187,-1393.4125167066575,472.9967366360302
1226423.278042,-1348.4876208549983,481.4167623572093
1226432.500385,-1307.387848422252,481.23958657738314
1226437.943363,-1280.350958769062,479.3336573626965
1226443.508657,-1266.8799074698297,479.6379015278268
1226450.877143,-1236.0642775003544,477.1196048111245
1226458.234358,-1104.209553041966,506.1387796507799
1226465.732281,-1049.6246173677137,528.5357475419155
1226472.976761,-1040.9609293401459,532.7692790418406
1226478.538269,-1040.9609293401459,532.7692790418406
1226485.945206,-1040.9609293401459,532.7692790418406
1226492.957014,-1040.9609293401459,532.7692790418406
1226504.49704,-1013.4532247554293,525.0450162939148
1226512.816743,-958.5644412283749,548.19310992268
1226513.372048,-905.3197068892978,581.788151834761
1226513.372663,-905.3197068892978,581.788151834761
1226514.761648,-872.2056584667849,596.8672683348973
1226522.127244,-798.8570829301206,635.8549616276141
1226528.855896,-738.471503614492,689.7924004257325
1226538.679992,-698.0070377692055,750.2259306978027
1226542.862304,-674.6082902244698,793.2154373062626
1226550.466013,-659.0992157930733,827.657591249736
1226556.805999,-639.5583268557567,898.4198352140842
1226565.018082,-629.7126596041048,957.7153162345954
1226571.348447,-625.2643961504654,1023.7174866631342
1226577.806183,-633.2047998150495,1093.2542639103144
1226584.864663,-644.2006739103432,1134.636916262789
1226591.856164,-666.8998911679145,1200.899538514291
1226598.865879,-717.4096448804529,1300.1794924035032
1226607.971808,-747.6045329336566,1346.6272079726166
1226615.952365,-777.7258149183041,1394.7175427336538
1226619.85562,-785.0014435509388,1411.6086341145187
1226627.895069,-785.0014435509388,1411.6086341145187
1226633.784378,-785.0014435509388,1411.6086341145187
1226641.389716,-785.0014435509388,1411.6086341145187
1226648.900169,-785.0014435509388,1411.6086341145187
1226655.503573,-785.0014435509388,1411.6086341145187
1226661.857927,-785.0014435509388,1411.6086341145187
1226669.186893,-785.0014435509388,1411.6086341145187
1226676.66306,-785.0014435509388,1411.6086341145187
1226683.326927,-785.0014435509388,1411.6086341145187
1226690.101498,-785.0014435509388,1411.6086341145187
1226697.277631,-785.0014435509388,1411.6086341145187
1226704.264314,-794.3302408522788,1437.1276416177304
1226711.225865,-771.857322823908,1448.3044455325942
1226718.338883,-722.93894064,1455.0011185845258
1226725.453707,-706.4958394863422,1502.2321268694345
1226732.22262,-707.3965215418992,1508.3758785256005
1226739.256347,-707.3965215418992,1508.3758785256005
1226753.500459,-712.2463310784444,1517.0714914469065
1226753.503983,-721.1918621345276,1530.213057273522
1226761.189877,-721.1918621345276,1530.213057273522
1226767.092566,-728.9611759893983,1551.6079519775192
1226781.288079,-732.2359591218463,1577.5885954815371
1226782.480968,-713.1288923121194,1592.2186390091092
1226791.472029,-697.3800967794581,1604.5202912482869
1226794.860821,-697.3800967794581,1604.5202912482869
1226802.660495,-697.3800967794581,1604.5202912482869
1226809.60375,-697.3800967794581,1604.5202912482869
1226816.880094,-697.3800967794581,1604.5202912482869
1226824.533526,-697.3800967794581,1604.5202912482869
1226832.155981,-697.3800967794581,1604.5202912482869
1226836.771354,-697.3800967794581,1604.5202912482869
1226845.76154,-694.2381990896774,1610.0351701820075
1226850.856846,-669.7649976783586,1604.7185499457087
1226863.27491,-657.6525798202398,1608.3303485872425
1226865.698299,-621.952323646235,1621.1387094220463
1226872.890574,-547.6287781591133,1640.9521334491408
1226879.164771,-456.9979618559447,1659.0973361452086
1226886.115442,-404.04630089423256,1695.678133048175
1226906.205415,-298.5559402136008,1742.236325518211
1226906.212996,-228.78154833124168,1766.1127745199906
1226907.153006,-169.63746500633036,1783.8333763087708
1226915.146563,-131.86038883111732,1719.7822871971703
1226920.794598,-121.66444437846361,1626.2416530801902
1226927.795545,-107.42972435143125,1549.1909771707583
1226943.004819,-44.89920174836283,1443.574316964055
1226943.410565,28.799310795834636,1401.031102954891
1226949.276429,102.64875875245977,1350.1651458525741
1226957.356866,204.2972323063995,1280.1164769567965
1226970.596791,273.1533595404802,1295.2960129266949
1226970.600688,337.9234635396346,1338.3738673458417
1226979.227373,437.1721477873154,1407.293047855735
1226984.236805,519.8429011845175,1424.1777628106167
1226991.123667,624.6596084063046,1428.7169519730155
1227002.897546,732.4743801428751,1505.3832974435659
1227006.975969,781.1064440309309,1530.504696797733
1227012.872798,832.7497138123057,1549.1063998036743
1227018.906277,832.7497138123057,1549.1063998036743
1227032.103036,1025.2408565707726,1549.607738342033
1227033.36076,1153.0303329792825,1546.619617656115
1227039.764083,1244.7878068409987,1544.2707443133154
1227056.701169,1244.7878068409987,1544.2707443133154
1227069.274849,1244.7878068409987,1544.2707443133154
1227069.275535,1244.7878068409987,1544.2707443133154
1227070.414523,1244.7878068409987,1544.2707443133154
1227093.39205,1851.9834944923584,1115.8986543318717
1227093.392681,1851.9834944923584,1115.8986543318717
1227094.423373,1851.9834944923584,1115.8986543318717
1227094.424001,1851.9834944923584,1115.8986543318717
1227095.617504,1851.9834944923584,1115.8986543318717
1227102.678411,1862.5191165013796,1076.6169943722296
1227110.842492,1868.5198682613286,1047.5784850772632
1227116.67865,1848.8321342226343,1012.6346177190355
1227123.689518,1803.1200854836218,974.0801817303065
1227130.678015,1775.5352974720508,1001.6393795258263
1227137.680336,1743.1525809407763,1056.7604946856684
1227153.156567,1730.7738808674558,1080.9035271310465
1227153.166367,1704.677514180552,1136.5409184965306
1227160.440522,1683.918162516784,1179.35944003946
1227165.796297,1668.984147878201,1176.502403277624
1227176.021143,1622.0948300395255,1127.7591728046107
1227179.578027,1590.3666381436103,1096.8156624628045
1227186.582972,1590.3666381436103,1096.8156624628045
1227193.708552,1528.6061179478459,1046.8780101349464
1227200.608788,1528.6061179478459,1046.8780101349464
1227207.579473,1515.5743077187356,1073.9234175019183
1227217.911256,1515.5743077187356,1073.9234175019183
1227222.559233,1515.5743077187356,1073.9234175019183
1227228.915272,1515.5743077187356,1073.9234175019183
1227236.012451,1515.5743077187356,1073.9234175019183
1227242.937181,1490.6150091505926,1091.2674671078448
1227250.005011,1513.3173924233747,1127.5288293820786
1227257.023952,1543.6347314442826,1149.5224188600384
1227264.037645,1509.5966963185037,1207.2277262579744
1227273.211733,1462.2111385475573,1254.4191308469663
1227277.6073,1431.7413510511346,1276.761575489685
1227285.153404,1431.7413510511346,1276.761575489685
1227292.089242,1431.7413510511346,1276.761575489685
1227298.978254,1431.7413510511346,1276.761575489685
1227306.106389,1417.528796912814,1265.8850027666003
1227313.745288,1401.6816291169353,1252.0323167580825
1227319.593446,1401.6816291169353,1252.0323167580825
1227328.382085,1401.6816291169353,1252.0323167580825
1227333.589576,1401.6816291169353,1252.0323167580825
1227340.584138,1391.840855795451,1244.5843933938247
1227348.099935,1348.067671355535,1201.5796791665502
1227357.130056,1316.4388050582936,1162.7788924336535
1227362.762038,1280.050929341169,1123.1104081470244
1227368.971203,1242.2947363083972,1086.3705143214963
1227376.811161,1233.0632361629073,1079.2271619681949
1227384.165678,1218.5734435085844,1068.8517721628066
1227390.396839,1156.2077673293857,1017.5340315567128
1227397.045526,1117.4289048295352,975.4826207778711
1227405.493603,1098.8302027348268,960.1417347522085
1227411.397777,1098.8302027348268,960.1417347522085
1227418.300239,1098.8302027348268,960.1417347522085
1227427.469873,1098.8302027348268,960.1417347522085
1227432.19905,1098.8302027348268,960.1417347522085
1227439.192665,1098.8302027348268,960.1417347522085
1227446.192098,1086.23443574996,951.4681050246484
1227453.774829,1010.9133888775508,874.9503895144743
1227462.564147,968.7444213664223,841.6340199634868
1227466.92952,939.5449397758686,838.7520741416968
1227473.595439,900.5135445292588,884.927275049743
1227481.225975,885.6876773425604,874.523868971142
1227488.07892,894.3452451334371,856.4117801861113
1227498.482075,922.312375415776,829.1604304810519
1227501.677777,936.1238178428883,813.3255557477041
1227511.656271,924.9557059395585,796.0569214470485
1227515.60815,878.4624277069016,758.392705377941
1227524.035326,847.4478773161198,729.154800354662
1227535.4937,805.8545834639169,684.0291260735983
1227537.199326,744.3281177985026,624.7139090647447
1227545.265919,714.4331714259412,596.6850784716812
1227550.980257,672.176624698169,564.1639709937879
1227557.736012,614.7892382317042,507.9125944705276
1227570.03604,569.9720967232322,468.0846009049165
1227571.968119,532.7571730324277,432.8858484319616
1227579.395665,490.7531647119807,387.3381650519957
1227586.064001,440.15843550964445,342.9266283783344
1227592.978368,393.87640461830455,308.13137378931225
1227601.607495,340.99165109628865,244.2654733134335
1227606.967222,328.94023596663544,205.921547058521
1227632.925403,323.95435409348175,166.85596022510265
1227637.101335,323.2561544734258,138.62375345794916
1227637.104906,323.2561544734258,138.62375345794916
1227637.108416,323.2561544734258,138.62375345794916
1227640.558904,323.6846051209736,109.62823717840256
1227640.559466,323.6846051209736,109.62823717840256
1227647.159704,325.89449397632035,86.92213426448362
1227654.023509,325.89449397632035,86.92213426448362
1227661.123776,325.89449397632035,86.92213426448362
1227668.341559,325.89449397632035,86.92213426448362
1227677.680512,345.08677358084907,60.66301708060711
1227720.09208,271.42541267868637,-78.83874100928361
1227720.092737,271.42541267868637,-78.83874100928361
1227721.35212,271.42541267868637,-78.83874100928361
1227730.537429,221.56688876009264,-57.277509938312974
1227735.400035,219.0729105439533,-34.25413476236537
1227749.134031,217.33687240358816,-29.461300308415296
1227749.727776,205.3105237735786,-13.727352742569298
1227757.010454,199.1764656644829,-1.196985899962906
1227768.365334,188.0731522375155,18.131166586309547
1227770.936529,169.14145879637505,35.51866985798381
1227780.024283,141.04396594629858,26.089814112322287
1227784.756018,138.3824343661029,24.682127420580205
1227791.869481,124.05758997886005,21.110094369227483
1227798.911975,90.31586536078777,11.847553613400292
1227806.577072,52.4531431888404,-0.915248305524559
1227812.726918,18.46279005355432,-9.634787360403793
1227819.90393,-5.60617045163095,-15.735014834131114
1227827.457708,-29.45426341841527,-24.69150487615387
1227834.289515,-51.12633192113858,-73.5311383710738
1227840.923826,-40.96844060978024,-109.21659337544946
1227847.903913,-20.482830188847903,-146.75231099819433
1227854.937327,34.861148495889765,-161.42473494182633
1227861.951382,85.26442243591313,-193.55594332430792
1227868.807673,110.7851996262127,-222.06873576671563
1227882.091476,122.22401584938466,-235.70368991013885
1227882.846308,122.22401584938466,-235.70368991013885
1227889.895243,122.22401584938466,-235.70368991013885
1227896.356973,129.4025634403383,-243.83114120637703
1227903.352845,197.7768722580187,-295.97205562744693
1227913.499281,268.04320922452405,-349.4001504657392
1227917.357926,355.11571265383367,-418.411214156514
1227927.751749,406.93567499349706,-454.69018896200726
1227931.795106,466.1390532839786,-493.1488323339959
1227941.340128,542.0613310014206,-539.3131478568037
1227945.729967,592.9247049390899,-578.5961195763172
1227953.924903,639.0405482071368,-617.3094230950761
1227959.790112,718.7363891199917,-648.3704071810943
1227966.771113,788.7349641927576,-657.8382359409479
1227975.554326,853.0774625479236,-675.9064500441792
1227980.452074,928.539157796433,-734.5662200188186
1227993.579659,920.3867477767807,-798.3090434289777
1227994.40301,864.6296473348067,-852.6668053139427
1228008.129091,703.9522128730267,-869.9138854255565
1228009.036605,629.9381097191525,-924.8887734619259
1228015.524473,602.0455065807201,-1023.187357941719
1228023.955891,564.7517719838884,-1205.0705294837994
1228030.242767,551.5680897171039,-1269.4362718887646
1228036.402229,550.5909739383243,-1274.396394745005
1228043.402582,547.0799036830938,-1285.543452378819
1228052.45121,540.3246852506741,-1322.974162714019
1228057.723288,527.6386294687562,-1366.0276269346423
1228069.322744,522.0153563752588,-1378.5759586356646
1228071.681983,522.0153563752588,-1378.5759586356646
1228078.693193,522.0153563752588,-1378.5759586356646
1228085.738169,522.0153563752588,-1378.5759586356646
1228094.286931,518.0190369024538,-1387.8521347900817
1228099.842684,523.9619540391615,-1419.3431546322959
1228107.318503,585.8732404751577,-1475.8242380012136
1228113.45245,632.7434695010436,-1519.8913701338518
1228120.46243,690.0259647594088,-1577.911878007966
1228127.452367,801.6232932047656,-1673.4754215038524
1228134.384397,878.1144263028431,-1732.7182716636025
1228142.06063,958.5898654837371,-1798.573817180138
1228148.459977,1038.5317787487006,-1876.7888022561558
1228155.384843,1038.7583022324668,-1920.6192662148103
1228162.373573,1038.7583022324668,-1920.6192662148103
1228170.087307,1038.7583022324668,-1920.6192662148103
1228176.687353,1038.7583022324668,-1920.6192662148103
1228183.682172,1038.7583022324668,-1920.6192662148103
1228192.657504,1038.7583022324668,-1920.6192662148103
1228197.448296,1038.7583022324668,-1920.6192662148103
1228208.113115,1038.7583022324668,-1920.6192662148103
1228211.691329,1038.7583022324668,-1920.6192662148103
1228218.705604,1038.7583022324668,-1920.6192662148103
1228225.877577,1038.7583022324668,-1920.6192662148103
1228232.719762,1038.7583022324668,-1920.6192662148103
1228240.224217,1038.7583022324668,-1920.6192662148103
1228246.681936,1036.7500913766694,-1934.677672166769
1228253.736724,1033.6644998156394,-2024.1867395418387
1228261.260211,1030.4193085234697,-2107.8425132021616
1228267.756031,1034.4768072342881,-2193.5334795678873
1228274.585091,1083.0619113238035,-2332.258429475069
1228281.390706,1111.7577986813246,-2411.1677473445393
1228292.721801,1122.0052674049416,-2441.3416911946306
1228297.421037,1122.7779261005078,-2444.5680282730573
1228302.379163,1122.7779261005078,-2444.5680282730573
1228309.4541,1122.7779261005078,-2444.5680282730573
1228316.38034,1122.7779261005078,-2444.5680282730573
1228323.457511,1122.7779261005078,-2444.5680282730573
1228330.448541,1122.7779261005078,-2444.5680282730573
1228337.448417,1122.7779261005078,-2444.5680282730573
1228344.627651,1122.7779261005078,-2444.5680282730573
1228351.390691,1122.7779261005078,-2444.5680282730573
1228358.448423,1134.7348905144827,-2486.6410089880706
1228365.45446,1142.048897334342,-2553.974089229926
1228372.406582,1140.5913005545453,-2604.1799350864617
1228383.070331,1136.600295416138,-2703.6019046542806
1228386.451011,1131.5769168340462,-2788.3370251470033
1228393.463601,1124.74245571758,-2880.0943889115247
1228400.401162,1115.9938501184172,-3012.3519407448453
1228407.451034,1110.00477969643,-3110.991056744785
1228417.257482,1110.0009341199075,-3208.1574147904726
1228421.467638,1128.9445868892374,-3336.6757752143194
1228428.398072,1146.7598138264846,-3417.6263603194734
1228435.548199,1161.234183908629,-3480.060926521397
1228442.447895,1174.4092352000296,-3533.0338381767615
1228451.497044,1184.7427996235517,-3584.4080911579863
1228456.397027,1198.5780051068955,-3644.3306318832997
1228463.448051,1225.2920742410565,-3755.2287724919756
1228470.468279,1244.4872392432646,-3839.399909859724
1228486.615961,1262.921148996414,-3923.6494034185876
1228486.619519,1285.0116584895154,-4034.2486229991828
1228491.437781,1271.3184531223292,-4110.914631511526
1228498.583082,1242.4759143864321,-4155.208490492051
1228508.216653,1214.989125267637,-4177.234798402584
1228512.438115,1198.8120180583398,-4191.83815783111
1228521.730946,1193.0792822364908,-4198.237937781896
1228526.438553,1193.0792822364908,-4198.237937781896
1228534.481321,1193.0792822364908,-4198.237937781896
1228540.805757,1193.0792822364908,-4198.237937781896
1228547.780883,1193.0792822364908,-4198.237937781896
1228554.713141,1193.0792822364908,-4198.237937781896
1228561.766553,1193.0792822364908,-4198.237937781896
1228570.221292,1179.0985421090609,-4211.268360875843
1228576.100919,1134.1315670632082,-4251.716682354313
1228588.148865,1078.7385433088616,-4307.219139127106
1228590.143043,993.4861441739464,-4390.315492539007
1228596.399846,945.8336293486647,-4434.524705263838
1228603.46553,893.5085212453693,-4484.41254574757
1228615.02447,801.9938354412259,-4570.431571991859
1296154.194941,725.9880360318163,1200.7416430345613
1296154.195502,725.9880360318163,1200.7416430345613
1296161.499642,666.5597930991408,1180.4047083413088
1296168.519233,633.2287564926859,1168.5573456815112
1296181.792085,617.251979561704,1167.210698448995
1296183.920788,610.732031212261,1168.2937860382833
1296189.482802,610.732031195751,1168.2937860499455
1296196.537208,610.732031195751,1168.2937860499455
1296204.292075,610.732031195751,1168.2937860499455
1296212.793497,605.1867043732345,1165.7440078896523
1296218.120126,596.7102759811266,1157.9281749470945
1296225.000427,607.1169207655056,1118.7151715907187
1296233.259625,623.9788035040546,1071.6385198169019
1296238.916913,622.2066457912936,1061.027328564386
1296249.851229,622.2066457912936,1061.027328564386
1296254.120045,622.2066457912936,1061.027328564386
1296259.611272,622.1984698439127,1061.0051664521748
1296267.934939,622.1984698439127,1061.0051664521748
1296273.543032,622.1984698439127,1061.0051664521748
1296287.322691,622.1984698439127,1061.0051664521748
1296288.192287,620.8809727545392,1053.1983018859094
1296294.532017,592.4379689746588,1025.249693519594
1296301.581013,515.3421462201901,990.7660103352737
1296308.84107,461.52876910374584,964.2118487452989
1296321.461444,441.68561858981116,938.5967182753567
1296322.524904,450.8053207176435,874.9232830760266
1296329.656015,473.19528825325347,833.5045559274181
1296338.14332,497.19772311753326,782.017414477199
1296345.116093,439.26408219467055,732.3658281111755
1296359.146326,397.5741495112739,715.0510509269294
1296360.173265,349.72727905074333,696.0609210991811
1296364.5448,294.43081501242153,677.8207448519069
1296371.535461,271.92905440050885,670.3992057726424
1296379.170997,271.92905440050885,670.3992057726424
1296386.444521,271.92905440050885,670.3992057726424
1296396.706142,271.92905440050885,670.3992057726424
1296399.837615,271.2290982511901,669.8679768143841
1296407.719112,271.2290982511901,669.8679768143841
1296414.619415,259.7752025003449,660.4604981781497
1296423.415597,234.29959842679776,653.5967337552037
1296428.811976,183.930411530475,632.5264492257888
1296435.661555,138.4718554425535,616.6852451907031
1296441.586691,126.44165349280914,610.7952193071474
1296448.827196,103.95925544332118,601.0083727894751
1296457.353291,61.74727483237888,588.4702817334235
1296462.909522,11.878710409385127,579.693916115089
1296470.031923,-43.007792209516936,560.7987559840561
1296476.826202,-76.90826447674137,549.5813285148042
1296489.033033,-88.96047320532496,547.8868033383695
1296491.294753,-108.9960319431153,565.4607100652606
1296498.07863,-115.57429183022714,584.9848990207595
1296504.905455,-138.14460085716652,583.5271599801349
1296512.408581,-186.2514746244388,563.0487852481882
1296525.351883,-207.28150353552672,557.2228637548806
1296525.850949,-207.28150353552672,557.2228637548806
1296532.619185,-215.04054447161135,552.2748568478668
1296539.488884,-215.04054447161135,552.2748568478668
1296548.071502,-215.04054447161135,552.2748568478668
1296553.54518,-215.04054447161135,552.2748568478668
1296563.346505,-214.47588050191303,541.422605261911
1296567.58547,-208.1630776384824,523.1474103028249
1296574.913339,-191.7133768968859,465.7018620577619
1296581.831117,-188.40988063693837,436.20177469312836
1296591.000041,-182.23836618443138,421.02938011465375
1296602.045374,-152.67187381554209,356.1173729437579
1296602.574714,-138.85121263137052,321.42609695595695
1296609.594751,-129.5855044796063,285.15679052260293
1296616.591334,-116.13638551827205,243.52014782341718
1296631.745462,-106.83374241348437,217.1544301574134
1296632.729266,-96.85826297546622,184.72287116526562
1296638.152131,-86.49317171853674,143.86198974798543
1296645.70195,-78.21971414303174,114.99134392037911
1296651.600372,-71.13637002567778,88.80344335951749
1296659.150123,-60.113094836215886,50.642222451787546
1296670.319578,-50.78518868931071,29.339462102310033
1296673.299233,-47.547547808565255,21.42996913311494
1296680.227641,-44.13815434959157,10.200927895204815
1296687.145421,-43.23090435763897,5.649749621212912
1296693.912995,-37.15721151728826,-27.262503761382682
1296704.07373,-44.70693946193864,-54.29526464262009
1296707.588468,-42.17113406824669,-91.51533212120387
1296714.589611,-32.30293532678831,-127.42627318197717
1296723.489179,2.9864279256091493,-108.86840107003351
1296728.985287,-1.9418274028140623,-64.65451916886599
1296738.224989,-2.4544438210909805,-57.893930798354425
1296742.925769,-2.4544438210909805,-57.893930798354425
1296749.908843,-2.4544438210909805,-57.893930798354425
1296757.063668,-2.4544438210909805,-57.893930798354425
1296763.961571,-2.4544438210909805,-57.893930798354425
1296776.330989,-2.4544438210909805,-57.893930798354425
1296777.535108,-6.560704661677609,-54.72512693110376
1296784.583631,-6.560704661677609,-54.72512693110376
1296791.583846,-6.560704661677609,-54.72512693110376
1296798.593185,-9.036588993003344,-42.67704094873171
1296813.420098,-11.723105476581006,-33.65709840508611
1296813.423676,-11.755932498049546,-26.368881149778804
1296820.395428,12.878038984214301,-17.037797064812814
1296826.961361,30.563920762456405,-15.386760377517938
1296845.549336,49.67261102728508,-9.873151416150849
1296845.552834,55.43060438453113,-7.06554620734604
1296847.912191,55.43060438453113,-7.06554620734604
1296855.244526,55.43060438453113,-7.06554620734604
1296861.87006,55.43060438453113,-7.06554620734604
1296869.641622,55.43060438453113,-7.06554620734604
1296876.442657,55.43060438453113,-7.06554620734604
1296882.83433,55.43060438453113,-7.06554620734604
1296889.847544,55.43060438453113,-7.06554620734604
1296896.95547,64.70537666531321,-6.254020105055104
1296903.588216,53.39917031917808,9.907400555856693
1296912.018262,38.9682392627513,4.232128514351132
1296917.861165,26.814775669100488,-1.3328237795123752
1296930.920825,18.259359446677195,-1.614819947827014
1296932.012097,-8.733062712444926,-8.037975485820754
1296938.885794,-28.45480720530112,-16.328339362410205
1296946.045472,-56.09297197161009,-54.97162478554164
1296952.872691,-43.22700481645243,-117.16067876575006
1296960.052231,-14.945697167069145,-138.42483050879628
1296966.900349,-4.648220814275479,-136.6497083691605
1296980.997693,1.1227165040536387,-99.38513994422271
1296981.001222,-8.672032929451081,-72.57538399972417
1296988.040263,-28.32120682719899,-47.06163941141501
1296994.91907,-61.49326422686605,-27.914425873990783
1297001.977461,-65.68969384926012,-26.68680567830296
1297010.503652,-65.68969384926012,-26.68680567830296
1297015.615947,-65.68969384926012,-26.68680567830296
1297022.618699,-65.68969384926012,-26.68680567830296
1297029.693173,-65.68969384926012,-26.68680567830296
1297038.136501,-65.68969384926012,-26.68680567830296
1297052.757066,-65.68969384926012,-26.68680567830296
1297052.760566,-65.68969384926012,-26.68680567830296
1297060.245611,-65.68969384926012,-26.68680567830296
1297064.538015,-65.68969384926012,-26.68680567830296
1297072.689107,-65.68969384926012,-26.68680567830296
1297078.974663,-65.68969384926012,-26.68680567830296
1297094.228162,-65.68969384926012,-26.68680567830296
1297094.231728,-65.68969384926012,-26.68680567830296
1297100.075812,-65.68969384926012,-26.68680567830296
1297107.130055,-65.68969384926012,-26.68680567830296
1297113.937449,-65.68969384926012,-26.68680567830296
1297129.854911,-65.68969384926012,-26.68680567830296
1297129.862683,-65.68969384926012,-26.68680567830296
1297135.428253,-65.68969384926012,-26.68680567830296
1297141.704309,-65.68969384926012,-26.68680567830296
1297148.593657,-65.68969384926012,-26.68680567830296
1297155.597708,-65.68969384926012,-26.68680567830296
1297165.168854,-65.68969384926012,-26.68680567830296
1297170.159643,-65.68969384926012,-26.68680567830296
1297177.305306,-65.68969384926012,-26.68680567830296
1297184.125227,-65.68969384926012,-26.68680567830296
1297193.642274,-65.68969384926012,-26.68680567830296
1297198.249602,-65.68969384926012,-26.68680567830296
1297204.965723,-65.68969384926012,-26.68680567830296
1297212.340834,-65.68969384926012,-26.68680567830296
1297226.696466,-65.68969384926012,-26.68680567830296
1297226.70366,-65.68969384926012,-26.68680567830296
1297232.989724,-65.68969384926012,-26.68680567830296
1297240.002439,-71.31244966378635,-21.665673893254322
1297246.938922,-71.31244966378635,-21.665673893254322
1297254.273481,-71.31244966378635,-21.665673893254322
1297266.223605,-71.31244966378635,-21.665673893254322
1297271.281285,-71.31244966378635,-21.665673893254322
1297274.58056,-71.9865018169837,-23.259114862727646
1297282.502472,-65.72396444929305,-28.372487011889316
1297288.671222,-40.74412560383642,-102.54992900733976
1297297.23665,-20.715379546668743,-135.69292728326937
1297303.558177,-12.852440154647699,-139.67131694223764
1297309.951649,1.731200859945752,-112.20587163525553
1297316.867209,-0.3915597347548265,-98.05522568254976
1297328.142474,-9.198601369300688,-72.41067330441876
1297331.835448,-34.91996955973951,-27.072160723586816
1297337.616143,-42.922349841255304,-17.29545971935792
1297344.93509,-43.679901965268236,-15.673270020888381
1297352.272927,-44.46053118287108,-13.888448482287231
1297360.247974,-51.2383529895878,5.344425248012314
1297365.976593,-64.57567167910847,34.165305203064925
1297373.548136,-81.55426245628435,79.26743338993923
1297380.044464,-95.610221646835,112.03002369728667
1297386.946163,-105.92041385323519,143.51522703529886
1297395.395911,-94.98206562483894,174.53461587203182
1297401.459162,-89.42121768357708,197.19309826790993
1297407.856481,-104.82335928018311,215.24464145003742
1297416.464739,-120.58833058400752,236.10548946553183
1297421.915596,-124.03448066237964,242.3191897660949
1297434.777629,-127.59961005297146,259.326091650886
1297437.752014,-145.39275675199838,297.78358120597494
1297442.972963,-146.42846562918746,299.41138810782775
1297450.279051,-148.90250812322145,326.63080131674127
1297456.959854,-147.83863537106006,338.1700046034895
1297470.898425,-150.95886208181213,354.5456855597031
1297472.711744,-151.59959385527435,358.1363527811585
1297484.350669,-157.72484390070778,378.35119749346785
1297484.351212,-157.72484390070778,378.35119749346785
1297489.221146,-169.35916226718481,399.15457354723026
1297495.715437,-170.4450262383089,407.47115844690086
1297502.758123,-170.4450262383089,407.47115844690086
1297520.12479,-186.17887905104584,430.4735006135795
1297520.128371,-193.38523674629076,442.9794331274191
1297526.478655,-193.38523674629076,442.9794331274191
1297530.5049,-197.51760596475424,452.95497017354364
1297559.22935,-140.9224321028131,522.3690413834715
1297559.23086,-140.9224321028131,522.3690413834715
1297560.912762,-140.9224321028131,522.3690413834715
1297569.555779,-130.0364465674231,533.8998127651643
1297591.354187,-82.0314012343885,558.7128706372191
1297591.354766,-82.0314012343885,558.7128706372191
1297594.256131,-69.00490804340753,561.962902035454
1297601.480547,-26.17405812742712,570.5951576667688
1297608.497039,-26.17405812742712,570.5951576667688
1297618.396403,-26.17405812742712,570.5951576667688
1297622.288249,-9.27533693103687,567.9053365518959
1297629.506511,-2.872410918268378,573.1716492944389
1297638.262075,10.275849849905303,584.9820859713877
1297643.1838,75.34849422410018,608.8828065118009
1297651.525945,128.77586351937845,615.142670883499
1297657.596139,172.94712286880414,631.4215737742893
1297665.654957,239.98541509790408,658.2602467833856
1297671.266442,286.2993606098938,675.3924578454682
1297679.453485,334.1279664418306,689.6617830776651
1297688.150659,395.374922979944,713.7641693805058
1297692.468237,408.12042301700717,717.6835684575098
1297699.685206,408.12042301700717,717.6835684575098
1297742.910086,457.29705982732884,740.9557555748887
1297742.910769,457.29705982732884,740.9557555748887
1297745.203139,460.18361449243105,740.2316945573307
1297754.712426,475.0575775549865,738.9226511917707
1297760.866731,503.2069746942126,755.7487877085317
1297766.148786,513.4016391987454,792.1288902260552
1297774.995462,513.4016391987454,792.1288902260552
1297785.575342,513.4016391987454,792.1288902260552
1297789.720286,513.4016391987454,792.1288902260552
1297794.099892,513.4016391987454,792.1288902260552
1297803.682697,501.2889624073347,810.059975730909
1297808.196243,465.0561615876834,870.9122798267305
1297815.46374,450.11829787451086,898.9863011110393
1297822.437054,450.11829787451086,898.9863011110393
1297832.948159,447.68837913344083,872.1110539530952
1297836.521082,478.6018841357215,815.7684661117089
1297845.536794,480.3957179019374,811.7205289670345
1297852.208448,480.3957179019374,811.7205289670345
1297857.204034,480.3957179019374,811.7205289670345
1297865.994011,480.3957179019374,811.7205289670345
1297872.045222,488.27200850432035,800.8198539719438
1297878.581882,488.27200850432035,800.8198539719438
1297886.195867,459.5150202766444,751.5867804254268
1297892.566879,436.5758265434449,741.0062959329819
1297899.79215,414.4346753820668,721.9649676973409
1297907.6011,384.47633619562686,707.0663385656364
1297915.755822,333.8820515377255,689.7381260413695
1297920.920582,333.8820515377255,689.7381260413695
1297930.18727,328.2564524412314,673.2134921994001
1297935.616709,286.2162870208259,652.659897105854
1297941.599447,253.38311342791613,651.93996727873
1297951.709706,240.945654231136,656.8415572023977
1297955.740105,223.9740688100104,643.6235667560259
1297962.753742,209.37994841226543,636.0583535200809
1297970.27913,199.89085699483064,631.9161385990421
1297977.543512,199.89085699483064,631.9161385990421
1297984.33621,174.63499594570158,628.665213484986
1297991.744606,153.20402777234693,621.6321513803562
1297998.960472,118.7351299317686,616.9306402776901
1298005.892287,83.25100444131557,595.2359603211836
1298011.15947,39.82014586459225,590.4044368243578
1298018.697826,-0.2752572477283393,585.7996191919096
1298026.222327,-19.53027476494472,569.6985618562272
1298032.688589,-48.0711980548927,560.6752210843798
1298041.090142,-70.00408033409298,551.1086894276724
1298049.078319,-95.43451718088998,550.3422133321241
1298053.615223,-102.0537398392918,549.9667848624548
1298062.141769,-118.42159360096788,578.0898248777282
1298067.725776,-155.5305208044313,574.2319694698446
1298077.39073,-181.62779033308385,570.7833871725111
1298084.901404,-189.65718379500103,566.9805548500933
1298088.482279,-195.88230598733537,561.0750180541794
1298097.065146,-208.72864101724704,555.5736424743662
1298102.455251,-211.27330202471063,535.4660834428877
1298109.743758,-199.37515604914398,512.958733344996
1298122.363604,-195.9600495680233,481.52828340685744
1298123.809754,-192.4550199634315,451.575343038699
1298130.514532,-192.32426564049914,446.93945634140834
1298137.255915,-194.6797685728304,438.49166835848513
1298144.824188,-179.5836241657772,409.6150995970259
1298154.573247,-163.00412082310132,371.549540805803
1298159.062689,-159.28655416902686,352.33703510730624
1298165.570092,-158.63177488430634,350.51681011800326
1298172.61807,-158.63177488430634,350.51681011800326
1298179.588973,-158.63177488430634,350.51681011800326
1298187.997268,-143.14543521185277,305.9118048880957
1298193.453318,-136.09906488421404,284.8358411438854
1298200.441958,-130.039920133587,267.8013683284753
1298207.631693,-121.60242055125391,243.14099325940523
1298215.06902,-121.52313604302743,241.13586462703003
1298222.159783,-123.37310628151394,230.76430778062002
1298230.609412,-116.32096558082303,208.2262544981049
1298235.769972,-111.48108485526276,178.46181670590926
1298242.6409,-105.25148443010609,155.43343720563354
1298249.622791,-78.73661600460636,83.04538097898498
1298256.430246,-74.9467074765348,69.82606827846273
1298272.08274,-65.58590285058123,30.69071548338593
1298272.086317,-56.71196464900984,-10.732941849400339
1298277.848592,-53.28301439918013,-41.89394479569543
1298284.741827,-44.913981646196284,-100.22752266850712
1298291.911181,-10.92851176491393,-133.6239729172508
1298298.142632,5.575636975815879,-111.9036349431355
1298307.016903,-0.7393757856946332,-72.78174229160598
1298312.519254,-8.438545658103957,-43.74173535976385
1298319.593146,-8.438545658103957,-43.74173535976385
1298331.456426,-8.438545658103957,-43.74173535976385
1298333.906609,-8.438545658103957,-43.74173535976385
1298341.577242,-15.837292996403521,-29.23723630844308
1298347.592048,-11.852339875229701,-20.460651824830823
1298354.864453,28.737562841731336,1.378440447843343
1298364.270427,54.54012134182278,2.09075734460035
1298368.762295,54.54012134182278,2.09075734460035
1298375.700354,56.26226421400792,2.4378726652654463
1298382.212146,31.73918765320579,-3.60403901353004
1298391.342695,29.09145417492951,-3.2765066081944267
1298396.676076,17.54013658638859,1.0959474000721758
1298404.424168,3.432456860277506,-2.0846739974419237
1298410.457289,3.432456860277506,-2.0846739974419237
1298418.820552,3.432456860277506,-2.0846739974419237
1298424.479318,3.432456860277506,-2.0846739974419237
1298431.562325,3.432456860277506,-2.0846739974419237
1298439.27344,3.432456860277506,-2.0846739974419237
1298445.615289,3.432456860277506,-2.0846739974419237
1298452.689985,3.432456860277506,-2.0846739974419237
1298461.23463,3.432456860277506,-2.0846739974419237
1298466.718306,3.432456860277506,-2.0846739974419237
1298473.557719,-4.65553867893055,-6.676881792386353
1298482.902437,-52.35157026982538,-19.375851794708474
1298487.44587,-67.9618303493345,-22.1245503198985
1298494.475993,-69.05345475187701,-22.331243451030915
1298502.9861,-69.05345475187701,-22.331243451030915
1298508.20536,-69.05345475187701,-22.331243451030915
1298523.302621,-69.05345475187701,-22.331243451030915
1298523.306131,-69.05345475187701,-22.331243451030915
1298529.621762,-69.05345475187701,-22.331243451030915
1298536.159255,-69.05345475187701,-22.331243451030915
1298553.803392,-69.05345475187701,-22.331243451030915
1298557.348393,-69.05345475187701,-22.331243451030915
1298557.356994,-69.05345475187701,-22.331243451030915
1298564.196408,-69.05345475187701,-22.331243451030915
1298574.356155,-69.05345475187701,-22.331243451030915
1298578.212777,-69.05345475187701,-22.331243451030915
1298587.38788,-69.05345475187701,-22.331243451030915
1298603.704141,-69.05345475187701,-22.331243451030915
1298603.772744,-69.05345475187701,-22.331243451030915
1298628.730053,-68.51784675522416,-20.328585541287264
1298628.732584,-68.51784675522416,-20.328585541287264
1298630.929326,-68.51784675522416,-20.328585541287264
1298639.111731,-68.51784675522416,-20.328585541287264
1298645.543956,-68.51784675522416,-20.328585541287264
1298654.474912,-68.51784675522416,-20.328585541287264
1298664.355769,-68.51784675522416,-20.328585541287264
1298668.04027,-69.25454227162318,-20.41922187041833
1298668.040888,-69.25454227162318,-20.41922187041833
1298672.142655,-69.2545390352417,-20.419272597244348
1298681.291808,-69.2545390352417,-20.419272597244348
1298686.636648,-69.2545390352417,-20.419272597244348
1298693.860169,-69.2545390352417,-20.419272597244348
1298700.288558,-69.2545390352417,-20.419272597244348
1298707.361368,-69.2545390352417,-20.419272597244348
1298714.178274,-69.2545390352417,-20.419272597244348
1298724.949571,-69.2545390352417,-20.419272597244348
1298728.159427,-69.2545390352417,-20.419272597244348
1298735.599422,-69.2545390352417,-20.419272597244348
1298742.629443,-69.2545390352417,-20.419272597244348
1298748.807975,-69.2545390352417,-20.419272597244348
1298760.086677,-69.2545390352417,-20.419272597244348
1298777.609307,-69.2545390352417,-20.419272597244348
1298777.612853,-69.2545390352417,-20.419272597244348
1298783.398958,-69.2545390352417,-20.419272597244348
1298783.400434,-69.2545390352417,-20.419272597244348
1298787.312334,-69.2545390352417,-20.419272597244348
1298796.549768,-69.2545390352417,-20.419272597244348
1298805.851379,-69.2545390352417,-20.419272597244348
1298808.72361,-69.2545390352417,-20.419272597244348
1298815.598598,-69.2545390352417,-20.419272597244348
1298823.675785,-69.57252657046128,-21.236012067245657
1298837.885301,-69.57252657046128,-21.236012067245657
1298837.892072,-69.57252657046128,-21.236012067245657
1298853.7645,-55.30923966308974,-78.2060682317267
1298853.765185,-55.30923966308974,-78.2060682317267
1298856.267507,-49.81400067085871,-101.7182971516192
1298863.284156,-19.815145331495625,-130.7535483730235
1298870.304362,2.0019272965326267,-113.72677972229347
1298877.834685,3.43587716714448,-95.46177235110395
1298884.96242,-0.9490456270721144,-81.37996009026256
1298926.533732,121.2578568135662,22.18117254379974
1298926.534391,121.2578568135662,22.18117254379974
1298933.897117,121.2578568135662,22.18117254379974
1298935.892165,188.48107564254693,40.19938180490642
1298942.905104,210.10944517973033,19.649176840253247
1298957.411844,222.68477794976417,-33.1335412617971
1298958.389456,238.49552581089793,-71.22488348903629
1298965.677393,259.6319227311416,-76.94214898643331
1298965.678132,259.6319227311416,-76.94214898643331
1298967.353316,259.6319227311416,-76.94214898643331
1298977.055512,274.65723058213166,-75.59397708250292
1298983.364579,317.652803141732,-69.45705735524656
1298992.344034,351.70947494024637,-57.21518850193396
1298998.93704,365.5524236435691,-21.913616953011044
1299003.848721,417.85488699139637,36.54230522288438
1299010.310033,467.72642466925885,71.78068879917427
1299016.601121,517.9541860815361,111.06778186271285
1299024.49833,579.9579468951273,167.74808246903294
1299030.855207,605.8501129316896,191.35240959782007
1299037.935455,616.5438765018688,200.00974578597405
1299045.094203,616.5438765018688,200.00974578597405
1299052.721051,616.5438765018688,200.00974578597405
1299058.241122,616.5438765018688,200.00974578597405
1299065.863694,616.5438765018688,200.00974578597405
1299075.257238,633.7724544895191,212.8977896496231
1299079.623895,665.8490890782093,242.0460706435213
1299087.026327,725.8605524449607,296.02763044303094
1299093.29304,759.3066868357834,338.930275187278
1299105.843278,794.1474825282863,389.26601077874045
1299108.917427,836.5101963586626,426.31935532560203
1299114.307439,836.5101963586626,426.31935532560203
1299122.545294,836.5101963586626,426.31935532560203
1299128.780133,836.5101963586626,426.31935532560203
1299136.082018,836.5101963586626,426.31935532560203
1299146.954062,836.5101963586626,426.31935532560203
1299158.557834,836.5101963586626,426.31935532560203
1299158.561403,836.5101963586626,426.31935532560203
1299164.056425,836.5101963586626,426.31935532560203
1299170.260628,844.6253480302938,446.7287472171762
1299182.801731,884.276093923899,485.47909459020264
1299185.791867,935.4357606261067,509.9806634600529
1299191.240133,988.0730799806571,573.0542371131638
1299199.453048,1003.9045837859597,584.4117335208899
1299205.657698,1003.9045837859597,584.4117335208899
1299213.271178,1003.9045837859597,584.4117335208899
1299226.756209,1028.4621790076008,593.4702386971068
1299227.981428,1065.5929670709684,616.0233731966588
1299278.679537,1132.4447753685163,631.1071753997126
1299278.680342,1132.4447753685163,631.1071753997126
1299284.342271,1109.4700538412544,699.3041762118315
1299291.342001,1109.4700538412544,699.3041762118315
1299298.341805,1109.4700538412544,699.3041762118315
1299310.05987,1109.4700538412544,699.3041762118315
1299313.251299,1109.4700538412544,699.3041762118315
1299319.69424,1109.4700538412544,699.3041762118315
1299330.057543,1109.4700538412544,699.3041762118315
1299333.701716,1109.4700538412544,699.3041762118315
1299340.288517,1109.4700538412544,699.3041762118315
1299350.614778,1088.9946397483986,685.3397982425961
1299355.683348,1086.2480870859301,652.8191801085951
1299371.254225,1076.2122497596101,612.2240243232263
1299371.260248,1054.8558990563795,582.6796252380745
1299375.239309,1054.8558990563795,582.6796252380745
1299383.851305,1054.8558990563795,582.6796252380745
1299390.770337,1054.8558990563795,582.6796252380745
1299396.236591,1054.8558990563795,582.6796252380745
1299404.798449,1032.1220263960226,564.841671537102
1299410.740792,987.8454215368394,511.55872789173253
1299418.098875,952.9257643862877,474.90771017252325
1299428.599883,924.5488810984007,464.5801562632936
1299434.658708,909.1405479818101,443.22693248380773
1299438.698584,894.191722020463,420.27376023503535
1299447.195279,854.5199758502529,391.42905848216833
1299452.648043,805.9702879242121,346.6705800075348
1299461.310021,780.5685776416448,327.6363017662802
1299468.25143,753.533928550754,308.88718912171197
1299474.546897,693.4097962713347,271.60586300863025
1299483.167324,653.6990275643922,246.38399064225808
1299487.688367,637.5262496306361,234.05851285572973
1299494.72224,617.339559124776,236.72187104711517
1299501.65855,577.485233886554,285.19140644744004
1299513.087759,554.3079970092584,312.4958943366545
1299515.805239,554.3079970092584,312.4958943366545
1299522.341265,554.3079970092584,312.4958943366545
1299529.711082,554.3079970092584,312.4958943366545
1299536.240347,299.8606523824148,599.434621548792
1299543.964922,295.3129298743124,601.2211041535463
1299550.628958,291.78682499900725,605.147201308362
1299558.635438,263.98691482195306,624.2470131731886
1299564.590153,227.71168203635452,662.1785883974763
1299573.023928,188.26752675703514,651.1579656123504
1299578.70372,151.0951037347403,632.4729418259853
1299585.57154,130.9039180574012,614.5995675833366
1299593.803973,96.6570615265442,614.4393040305415
1299599.576662,46.36516439810467,609.2354547856703
1299608.796748,18.442700636110168,597.8676512196076
1299613.63296,1.1318213530721557,576.5563885626004
1299624.519233,-21.64357972755655,553.8890709653158
1299627.576019,-78.73148616261625,541.1598273980284
1299636.946306,-107.2608504993845,546.4966303922304
1299642.399987,-119.35542092379097,586.5186917945133
1299648.289441,-138.51355093218666,592.9276184331646
1299659.179562,-138.51355093218666,592.9276184331646
1299662.733758,-150.35728110868342,572.9802093907375
1299670.978243,-169.22630600948006,549.0755604053169
1299677.369447,-164.23071561680803,527.5149219572536
1299683.841952,-137.1494133078953,530.0534976964551
1299690.654044,-124.89698235404205,533.2712528293775
1299698.033258,-110.65166207563209,538.6857394443756
1299705.532436,-107.61113652054951,542.4387012933148
1299713.398905,-107.61113652054951,542.4387012933148
1299718.720333,-107.61113652054951,542.4387012933148
1299727.516599,-107.61113652054951,542.4387012933148
1299732.73824,-107.61113652054951,542.4387012933148
1299739.349328,-107.61113652054951,542.4387012933148
1299748.065167,-107.61113652054951,542.4387012933148
1299753.767892,-107.61113652054951,542.4387012933148
1299760.69185,-107.61113652054951,542.4387012933148
1299767.883337,-107.61113652054951,542.4387012933148
1299776.31568,-107.61113652054951,542.4387012933148
1299784.781087,-107.61113652054951,542.4387012933148
1299789.457316,-107.61113652054951,542.4387012933148
1299795.855989,-107.61113652054951,542.4387012933148
1299802.744019,-107.61113652054951,542.4387012933148
1299809.284872,-107.61113652054951,542.4387012933148
1299816.346913,-107.61113652054951,542.4387012933148
1299824.65752,-107.61113652054951,542.4387012933148
1299831.342152,-107.61113652054951,542.4387012933148
1299837.283727,-107.61113652054951,542.4387012933148
1299844.743343,-107.61113652054951,542.4387012933148
1299854.545609,-107.61113652054951,542.4387012933148
1299858.715865,-107.61113652054951,542.4387012933148
1299865.6931,-107.61113652054951,542.4387012933148
1299873.084083,-107.61113652054951,542.4387012933148
1299879.255729,-107.61113652054951,542.4387012933148
1299886.830537,-107.61113652054951,542.4387012933148
1299896.007306,-107.61113652054951,542.4387012933148
1299900.302231,-107.61113652054951,542.4387012933148
1299909.155857,-107.61113652054951,542.4387012933148
1299914.941767,-107.61113652054951,542.4387012933148
1299921.880366,-107.61113652054951,542.4387012933148
1299931.410902,-99.93266073107867,553.1768907893344
1299935.824803,-99.79205981202841,553.2952844149924
1299942.867018,-98.88698246600303,553.154178946214
1299949.873972,-99.4534528882284,554.5153089962839
1299957.557169,-99.35615027619056,554.4835241550187
1299964.53767,-99.3561501682866,554.4835240214339
1299972.24907,-99.3561501682866,554.4835240214339
1299977.853964,-99.56147334899276,555.3382746915368
1299984.315685,-99.96684689464779,556.4366246108166
1299991.381728,-99.96891778506769,556.4340679472591
1299998.385213,-99.96891778506769,556.4340679472591
1300006.388,-99.96891778506769,556.4340679472591
1300012.787153,-101.79168560479405,560.2986949917693
1300019.70314,-102.52501227300262,561.2706405024298
1300026.955408,-101.86663777542539,560.5306173762682
1300033.845253,-102.16253729871929,561.3779464068813
1300041.103048,-102.16253729871929,561.3779464068813
1300047.284208,-102.32823173092079,560.6958259479003
1300056.371581,-102.32823173932317,560.6958259479003
1300061.651954,-104.867115486162,559.6859111527523
1300070.458835,-102.75612216808123,557.3508970229218
1300075.685447,-100.40460707228372,555.8526431612755
1300082.648026,-100.40460707228372,555.8526431612755
1300089.755596,-100.40460707228372,555.8526431612755
1300096.753315,-100.29123501069458,555.8763974424347
1300108.301219,-100.23723573425866,556.0573172918748
1300110.615564,-100.23723580899542,556.0573166260707
1300117.623093,-100.23723580899542,556.0573166260707
1300124.83999,-100.23723580899542,556.0573166260707
1300131.85464,-100.23723580899542,556.0573166260707
1300142.198734,-100.23723580899542,556.0573166260707
1300146.015992,-100.8785107313146,554.3258563098602
1300152.722011,-101.07597944588105,554.0120223722809
1300159.727934,-101.59289848511087,553.9558235765417
1300166.579131,-101.83926923865806,554.9551982094658
1300173.617534,-101.16939178615353,554.5393648247154
1300180.672868,-101.16939178615353,554.5393648247154
1300187.772531,-101.16939178615353,554.5393648247154
1300194.690899,-101.52238301332767,553.2341171622883
1300201.609358,-101.52238301332767,553.2341171622883
1300208.607257,-101.52238301332767,553.2341171622883
1300217.871037,-101.52238301332767,553.2341171622883
1300222.301017,-101.52238301332767,553.2341171622883
1300230.681987,-101.52238301332767,553.2341171622883
1300236.711183,-101.52238301332767,553.2341171622883
1300243.912597,-101.65427695161391,555.6041924906017
1300251.563055,-108.84062490306651,574.6871398092368
1300257.29033,-148.7261843950322,582.9541753621608
1300264.637218,-156.85718787847966,579.181443378304
1300266.424056,-156.8571878702247,579.181443378304
1300271.817953,-156.8571878702247,579.181443378304
1300278.923185,-155.9611867932961,578.7087534029603
1300286.833454,-154.52911080017924,578.757913109025
1300292.70094,-150.84962957709502,579.169550299826
1300299.957884,-164.70512202818827,576.2565769654581
1300306.584579,-164.90369163752555,575.9623444502154
1300313.626706,-165.0885182880169,574.810604737267
1300322.059606,-162.51053623680653,576.4470760060257
1300327.61621,-167.14380475294035,576.1701617629159
1300334.625695,-167.14380497700324,576.1701614413232
1300341.639209,-167.340327454395,575.1890218188049
1300348.62952,-167.28008551633195,574.6670924916525
1300355.578985,-166.95828705886478,573.7298834463214
1300363.736618,-166.67123523268108,574.2989984395435
1300369.577349,-166.67123523268108,574.2989984395435
1300377.108151,-165.22886615460658,574.2576903373224
1300383.317595,-163.45079152518738,571.8473079560995
1300391.027896,-163.45079152518738,571.8473079560995
1300392.631454,-162.12443916923456,569.0307559000585
1300397.272387,-162.11953610685617,569.0217172228745
1300404.345136,-162.3755573148324,568.3274947166466
1300411.353502,-163.78074741640847,565.8932964213336
1300418.535334,-182.63569510532162,556.4916421182977
1300426.772915,-190.37076022764037,550.7532237623647
1300432.642033,-191.68430186222818,550.5612962959469
1300441.146014,-191.68435247434067,550.561309613421
1300448.216348,-198.07487272856326,551.821981481935
1300453.712025,-213.02521883367038,560.6928082273884
1300462.989887,-233.45282555896983,604.6238036038455
1300469.951947,-253.98925201623211,619.2118941849972
1300474.801702,-287.8316138583405,605.968987466524
1300486.767865,-348.32474458896706,607.2534651768287
1300496.380991,-402.53030399279345,619.4305824025244
1300496.784971,-408.68477817707617,624.9783716936407
1300503.796753,-448.61946951678215,626.8137559486195
1300510.086417,-502.2997965092111,608.0786430364016
1300516.94019,-548.2721492151715,601.2212062723278
1300523.357486,-572.3019857957651,596.4394664797629
1300535.894478,-594.9134977905338,628.7278554070494
1300538.557596,-620.7979617356743,659.78143863994
1300544.764967,-626.7124287329835,674.9220007120027
1300551.679666,-629.4295412435122,687.7239933727727
1300558.370395,-654.9851888440141,679.0590362527304
1300572.105315,-692.3225750265591,675.9911820892971
1300572.719308,-713.7557282769418,724.0360571917167
1300581.181237,-701.9621808919238,753.2882532955441
1300586.605457,-674.7710941300184,795.1561116915647
1300593.910498,-664.7780320175245,813.6758623037819
1300604.716076,-650.3222337117762,846.8465795233997
1300611.026381,-636.0193905654451,891.3750366159707
1300615.07545,-618.6051802826348,1010.8889113109984
1300622.953551,-621.6885057793895,1073.3008541456584
1300628.892366,-634.1990396575726,1108.3335915176904
1300635.660871,-655.9834888521167,1166.2577629969026
1300643.215077,-698.7985475419524,1271.136464745528
1300649.40992,-758.9226733141338,1364.9725614888364
1300656.391214,-793.99686521912,1444.2951593084497
1300663.374431,-763.8632623796469,1454.0829801796112
1300671.176556,-724.6739223215487,1466.9820781561184
1300683.05845,-689.5471686937692,1440.7056539895857
1300684.323852,-684.8725242990375,1406.727186978784
1300687.694324,-163.45079152518738,571.8473079560995
1300691.268999,-716.6032476124568,1395.604102839889
1300699.457884,-722.3807864507337,1369.9973417485396
1300705.993738,-710.2101847757737,1352.2190707036793
1300713.537254,-693.9218417736207,1326.528520486814
1300719.98041,-680.6839401188557,1310.0444736573888
1300726.934485,-680.6839401188557,1310.0444736573888
1300734.006076,-680.6839401188557,1310.0444736573888
1300743.972291,-680.6839401188557,1310.0444736573888
1300748.320754,-680.6839401188557,1310.0444736573888
1300755.481898,-680.6839401188557,1310.0444736573888
1300761.281687,-680.6839401188557,1310.0444736573888
1300768.271534,-671.5358026883464,1303.3579486581236
1300775.698365,-655.0448207560224,1269.4403457899925
1300782.954493,-633.8516628015602,1215.0320611300185
1300790.254564,-621.1795216599278,1174.3186950487827
1300796.386358,-630.9034385208645,1125.2132545848451
1300803.885974,-590.9184376803023,1078.608521896328
1300811.238722,-596.0835432984273,1075.6478044448263
1300818.020198,-625.1992371921461,1095.3587940924297
1300824.888371,-643.5039832777532,1135.8096638066688
1300831.708758,-658.6988912545845,1191.0602638514406
1300838.789915,-663.2621154460198,1243.0078345591323
1300846.191912,-691.0878484674644,1299.192570481062
1300852.923064,-707.4828452864799,1330.7987764236666
1300859.979339,-724.4505539678704,1362.6378301198379
1300866.61423,-754.6657446410372,1432.498686559712
1300873.890014,-795.281899961096,1516.0490276464018
1300888.065021,-830.2631429053466,1614.3857741833483
1300888.075183,-852.4952682902892,1691.0153460922058
1300894.277188,-874.0557316189403,1835.5198833539664
1300901.351279,-866.8344121120666,1851.7529083859827
1300909.408902,-880.8065399163736,1882.2012583100432
1300915.955434,-891.9108394502776,1912.087118989223
1300923.285318,-897.5448697444638,1926.2177843429572
1300929.846493,-913.8741390164357,1971.3111182020098
1300936.828566,-921.3758162426432,2019.7338491784426
1300943.609663,-926.0791057506756,2074.650475150802
1300953.654976,-926.0891387296127,2173.215570136502
1300957.742146,-915.9129140034773,2240.542628470649
1300964.623096,-898.8528693681642,2307.6441377765655
1300974.832339,-892.2955143650069,2381.6101167480983
1300978.282459,-891.7276820547994,2403.2118398405223
1300990.26571,-888.6756268879229,2411.6261463473543
1300992.919792,-886.4425593449917,2414.3618009741676
1300999.734665,-886.4425593449917,2414.3618009741676
1301006.6669,-886.4425593449917,2414.3618009741676
1301013.679591,-886.4425593449917,2414.3618009741676
1301024.666669,-886.4425593449917,2414.3618009741676
1301027.672746,-886.4425593449917,2414.3618009741676
1301034.615762,-886.4425593449917,2414.3618009741676
1301041.692085,-871.2914463076795,2434.3449369989976
1301048.797805,-851.8072711955077,2438.7997539542203
1301060.064051,-791.2233640580948,2441.0518553215093
1301063.454663,-738.6087344569627,2446.834674636132
1301070.17193,-693.8538431748449,2454.8201743823192
1301076.771289,-671.0823058538001,2454.8652330993464
1301083.687724,-632.6871279922154,2473.240907383461
1301087.644154,-163.45079152518738,571.8473079560995
1301090.370407,-585.9834246357368,2494.145057859054
1301110.949615,-489.6971087185141,2469.3613929511093
1301111.028103,-429.4491517419262,2451.950713857727
1301111.672323,-404.6776544928868,2462.2655689990534
1301111.673054,-404.6776544928868,2462.2655689990534
1301119.072354,-404.6776544928868,2462.2655689990534
1301120.932901,-424.3050642415325,2516.6293597380964
1301129.303939,-449.1972772985405,2572.915015546009
1301137.455117,-481.06255237716067,2634.7595700327834
1301143.122004,-538.7350304027068,2712.2040311966293
1301149.450923,-561.8392536160437,2773.5344970310966
1301155.849763,-569.61087108653,2830.637533240949
1301165.903251,-567.5926291317998,2901.1348044782717
1301173.560121,-549.7753567798013,2936.1562446822527
1301177.380987,-560.4815751604079,2959.009867938335
1301184.379176,-602.4148517106606,3010.8521405738225
1301191.657938,-612.2918184089759,3048.9744337918464
1301197.83847,-622.6945804975254,3090.2867779479902
1301205.612218,-661.144420789337,3124.1678032389987
1301212.692802,-686.5996059479673,3140.4246106547325
1301231.196402,-756.0820266909631,3131.091467614012
1301231.19707,-756.0820266909631,3131.091467614012
1301233.488469,-757.2623961531483,3123.5797091960994
1301246.437569,-757.2623961531483,3123.5797091960994
1301248.472916,-757.2623961531483,3123.5797091960994
1301254.897117,-757.2623961531483,3123.5797091960994
1301261.489189,-757.2623961531483,3123.5797091960994
1301268.784452,-757.2623961531483,3123.5797091960994
1301277.460631,-756.5982735979773,3124.886402327126
1301283.259311,-756.5982735979773,3124.886402327126
1301293.712322,-751.2666695072885,3131.7977268961886
1301296.452553,-754.2248047123439,3127.6225850723167
1301303.448859,-776.0318532923059,3099.1951369046783
1301317.036068,-791.1027143213913,3067.0351075836957
1301327.772087,-809.1164598445923,3021.041282347412
1301328.398104,-835.852239663354,2972.2086947474018
1301328.398828,-835.852239663354,2972.2086947474018
1301329.819411,-835.852239663354,2972.2086947474018
1301336.979901,-839.0670810937753,2967.933012387647
1301345.492382,-839.0670810937753,2967.933012387647
1301353.222253,-839.0670810937753,2967.933012387647
1301359.779564,-839.0670810937753,2967.933012387647
1301366.945259,-839.0670810937753,2967.933012387647
1301372.64171,-839.0670810937753,2967.933012387647
1301384.349844,-839.0670810937753,2967.933012387647
1301385.823957,-839.0670810937753,2967.933012387647
1301396.704365,-839.0670810937753,2967.933012387647
1301399.874985,-839.0670810937753,2967.933012387647
1301406.874451,-839.0670810937753,2967.933012387647
1301415.282643,-839.0670810937753,2967.933012387647
1301427.963047,-840.898973584371,2965.381009481852
1301428.233985,-840.898973584371,2965.381009481852
1301435.507061,-840.898973584371,2965.381009481852
1301442.397168,-840.898973584371,2965.381009481852
1301449.442883,-840.898973584371,2965.381009481852
1301455.82418,-834.7244426950369,2971.820839768732
1301465.207117,-807.2871221755603,3021.7749329611893
1301472.262255,-788.6830777886801,3052.7609981593573
1301477.932428,-776.4205453205147,3084.1550659803825
1301485.446343,-755.6435107092583,3122.8437635658015
1301495.567464,-719.3452954504605,3149.7061176710085
1301502.217018,-677.2522006120744,3137.2059205384758
1301504.77663,-660.9746340268506,3102.0856081109114
1301512.14233,-662.9235037758369,3067.057432518694
1301518.820648,-667.8630776625997,3023.515610217169
1301526.111415,-671.6717326686755,2963.9316005987807
1301538.825164,-672.343982559221,2956.5305669135087
1301540.244378,-669.1751720575517,2949.4527133153124
1301547.176835,-628.320683603708,2947.9025426669687
1301553.810413,-590.0662288170804,2942.1307157682886
1301561.47284,-561.359638461641,2937.1342577600594
1301571.302951,-523.3427175708839,2927.466751405192
1301575.501169,-482.97575963942415,2938.7683190219086
1301581.879478,-465.12740725519745,2932.0611309956453
1301589.288971,-480.0592766368582,2868.379256083113
1301596.701542,-457.2353542367611,2823.2810375243375
1301605.163685,-434.3085205536042,2764.692123610526
1301610.216866,-396.98668895154526,2682.519274793129
1301617.162316,-375.6146940415057,2630.35597383694
1301624.238053,-355.1976501708363,2589.32309832579
1301630.822376,-350.69247366732543,2580.9085281374446
1301637.88312,-350.69247366732543,2580.9085281374446
1301647.658046,-350.69247366732543,2580.9085281374446
1301652.246854,-350.0798151420503,2569.7297338820636
1301659.514922,-342.3111017289069,2541.5537145699304
1301666.266413,-327.2099665563109,2520.8513932290007
1301677.790457,-327.2099665563109,2520.8513932290007
1301682.303589,-327.2099665563109,2520.8513932290007
1301687.302805,-327.2099665563109,2520.8513932290007
1301694.293213,-327.2099665563109,2520.8513932290007
1301700.976765,-327.2099665563109,2520.8513932290007
1301707.880933,-327.2099665563109,2520.8513932290007
1301718.273532,-320.5537130747859,2514.8746349408584
1301721.884014,-296.7682323576446,2525.665357300132
1301728.824924,-265.1922643759245,2564.2616568129233
1301735.873692,-230.74348459444766,2602.5875579799463
1301744.675256,-205.17719241404416,2618.37382997993
1301752.095222,-178.8379363187288,2638.101613016839
1301756.873934,-201.5962960271313,2661.760719666289
1301765.308722,-215.04556203570715,2655.5587323299205
1301770.668256,-228.49442381083188,2643.623230477582
1301770.845517,-228.49442381083188,2643.623230477582
1301781.780602,-241.69090348115265,2622.7886126052017
1301785.144909,-240.35851233108957,2621.2982233508424
1301792.115296,-240.35851233108957,2621.2982233508424
1301798.831555,-240.35851233108957,2621.2982233508424
1301806.360643,-240.35851233108957,2621.2982233508424
1301813.151415,-240.35851233108957,2621.2982233508424
1301819.84628,-240.35851233108957,2621.2982233508424
1301830.191742,-240.35851233108957,2621.2982233508424
1301833.884553,-240.35851233108957,2621.2982233508424
1301843.969138,-240.35851233108957,2621.2982233508424
1301847.9678,-240.35851233108957,2621.2982233508424
1301856.807535,-231.84329717631005,2609.6752462595964
1301866.762626,-224.8206956255746,2609.0758438793964
1301869.491201,-224.8206956255746,2609.0758438793964
1301875.885982,-224.8206956255746,2609.0758438793964
1301882.883465,-224.8206956255746,2609.0758438793964
1301891.675986,-224.8206956255746,2609.0758438793964
1301898.364684,-224.8206956255746,2609.0758438793964
1301904.27694,-224.8206956255746,2609.0758438793964
1301911.273825,-224.8206956255746,2609.0758438793964
1301917.827346,-224.8206956255746,2609.0758438793964
1301925.260278,-224.8206956255746,2609.0758438793964
1301933.743168,-224.8206956255746,2609.0758438793964
1301939.825433,-224.8206956255746,2609.0758438793964
1301945.824644,-224.8206956255746,2609.0758438793964
1301954.807404,-211.7792233093737,2615.683884973859
1301960.245516,-211.7792233093737,2615.683884973859
1301967.687752,-211.7792233093737,2615.683884973859
1301975.085356,-211.7792233093737,2615.683884973859
1301981.764774,-211.7792233093737,2615.683884973859
1301988.292537,-211.7792233093737,2615.683884973859
1301994.782354,-211.7792233093737,2615.683884973859
1302005.769228,-211.7792233093737,2615.683884973859
1302009.165047,-211.7792233093737,2615.683884973859
1302016.190549,-211.7792233093737,2615.683884973859
1302023.170417,-211.7792233093737,2615.683884973859
1302031.859032,-211.7792233093737,2615.683884973859
1302037.30556,-207.59814648415082,2621.7091376888707
1302045.327988,-207.38082071653625,2623.4484011942673
1302052.12688,-207.7489813368934,2623.5220942068663
1302057.782572,-208.13614558278144,2622.214839671309
1302065.142693,-207.79097501393375,2612.822085384952
1302071.78877,-204.4893719751477,2611.6852390995996
1302079.389596,-204.74158797002906,2611.9723892576876
1302086.195062,-204.74158797002906,2611.9723892576876
1302092.8023,-204.74158797002906,2611.9723892576876
1302100.449745,-204.74158797002906,2611.9723892576876
1302107.212631,-204.74158797002906,2611.9723892576876
1302114.235454,-204.74158797002906,2611.9723892576876
1302120.890787,-204.74158797002906,2611.9723892576876
1302128.54593,-204.74158797002906,2611.9723892576876
1302135.230582,-204.74158797002906,2611.9723892576876
1302142.403885,-204.74158797002906,2611.9723892576876
1302150.376722,-204.74158797002906,2611.9723892576876
1302157.080135,-204.74158797002906,2611.9723892576876
1302162.890044,-204.74158797002906,2611.9723892576876
1302169.889926,-204.74158797002906,2611.9723892576876
1302177.256464,-204.74158797002906,2611.9723892576876
1302185.724009,-204.74158797002906,2611.9723892576876
1302190.835713,-204.74158797002906,2611.9723892576876
1302198.868463,-204.74158797002906,2611.9723892576876
1302207.881381,-204.74158797002906,2611.9723892576876
1302212.268431,-202.1623339518514,2617.5565180543886
1302223.016062,-202.1960259520265,2618.644079253028
1302226.659431,-202.1960259520265,2618.644079253028
1302233.350897,-202.1960259520265,2618.644079253028
1302242.345739,-202.1960259520265,2618.644079253028
1302246.827102,-202.1960259520265,2618.644079253028
1302254.338644,-202.1960259520265,2618.644079253028
1302261.268501,-202.1960259520265,2618.644079253028
1302268.663305,-202.1960259520265,2618.644079253028
1302275.246905,-202.1960259520265,2618.644079253028
1302283.903348,-202.1960259520265,2618.644079253028
1302291.141201,-202.1960259520265,2618.644079253028
1302297.138848,-202.1960259520265,2618.644079253028
1302303.97882,-202.1960259520265,2618.644079253028
1302310.39606,-202.1960259520265,2618.644079253028
1302318.412473,-202.1960259520265,2618.644079253028
1302330.388687,-202.1960259520265,2618.644079253028
1302332.48155,-202.1960259520265,2618.644079253028
1302337.888165,-202.1960259520265,2618.644079253028
1302346.162951,-202.1960259520265,2618.644079253028
1302352.293912,-202.1960259520265,2618.644079253028
1302359.544735,-202.1960259520265,2618.644079253028
1302365.97867,-202.1960259520265,2618.644079253028
1302374.330527,-202.1960259520265,2618.644079253028
1302380.259455,-202.1960259520265,2618.644079253028
1302389.643465,-202.1960259520265,2618.644079253028
1302394.200669,-202.1960259520265,2618.644079253028
1302401.222536,-198.27821247601938,2623.0778702643306
1302407.892314,-187.52907365764855,2631.2867423096104
1302414.889617,-187.52907365764855,2631.2867423096104
1302422.247737,-187.52907365764855,2631.2867423096104
1302429.216179,-187.52907365764855,2631.2867423096104
1302435.808574,-187.52907365764855,2631.2867423096104
1302443.257562,-187.52907365764855,2631.2867423096104
1302451.913091,-187.52907365764855,2631.2867423096104
1302456.840488,-187.52907365764855,2631.2867423096104
1302467.851485,-187.52907365764855,2631.2867423096104
1302471.299567,-187.52907365764855,2631.2867423096104
1302478.264977,-187.52907365764855,2631.2867423096104
1302485.282501,-188.20382472960014,2633.405108495282
1302491.831675,-189.357612290096,2632.9103238220805
1302499.24895,-191.62325387251184,2629.008144914144
1302506.257242,-192.30261142088912,2628.720043730865
1302513.273433,-192.48702441936817,2626.4870366404502
1302520.217117,-192.76538515629213,2625.053312881847
1302527.287168,-193.02403360627432,2624.427860164641
1302533.889269,-193.02403360627432,2624.427860164641
1302542.352846,-193.02403360627432,2624.427860164641
1302548.27666,-193.02403360627432,2624.427860164641
1302555.194029,-193.02403360627432,2624.427860164641
1302561.899283,-191.04985409325565,2629.341374891084
1302569.25421,-194.4896009104054,2639.9118257874934
1302576.247537,-194.4895944127302,2639.912017686364
1302584.694397,-194.4895944127302,2639.912017686364
1302591.981449,-194.4895944127302,2639.912017686364
1302597.283566,-194.4895944127302,2639.912017686364
1302605.593511,-194.4895944127302,2639.912017686364
1302610.851538,-194.4895944127302,2639.912017686364
1302619.029579,-194.44331705157228,2642.847997472742
1302625.331891,-196.2427601688265,2651.516314130059
1302633.177159,-205.8715901239851,2654.1773294070485
1302639.374977,-226.9491333268121,2637.3831433436344
1302646.262061,-241.80335183581886,2616.26980068578
1302652.90236,-261.00098344193844,2576.3456167409577
1302653.387168,-272.54315361681125,2560.2646539361635
1302659.892866,-280.07297425178615,2551.919066883455
1302667.444921,-300.77195161071484,2526.5986719728726
1302676.375753,-306.9771833978338,2493.982109428261
1302680.887183,-269.02907361785606,2436.260745273348
1302689.400834,-221.02053611095906,2402.9060622097854
1302695.109035,-170.99211184643175,2376.3126599227767
1302701.886114,-103.37361719420089,2330.774722834992
1302708.898834,-120.64367862106376,2306.091746370771
1302720.850749,-155.73385384681396,2303.625248893801
1302723.734907,-129.15045886025092,2263.6201723708336
1302729.843763,-128.13132410159162,2262.5267593136623
1302743.936887,-119.71174028706949,2237.302169831031
1302743.943245,-124.7661551626212,2227.4334520391744
1302751.694589,-124.7661551626212,2227.4334520391744
1302758.270254,-124.7661551626212,2227.4334520391744
1302765.218865,-124.7661551626212,2227.4334520391744
1302772.410597,-131.83184339406247,2210.2165834974835
1302784.996553,-112.56542039614894,2187.5390281612736
1302786.06087,-133.71123746686575,2185.832428336902
1302794.495621,-185.71205677604928,2158.4345310156205
1302799.852393,-169.08403263270273,2130.76122956582
1302807.554463,-142.12118074371833,2094.85291189889
1302814.667102,-149.38740805986365,2072.7118891473365
1302821.169695,-165.40534439122789,2053.8477323637367
1302827.805408,-175.36307110059764,2009.3407847969922
1302837.499054,-179.4203366523862,1964.7367416093846
1302842.447687,-182.28791703630625,1923.6110443808134
1302849.445967,-202.660334955456,1884.3746311921736
1302859.912681,-198.31536022552922,1870.7023937780557
1302862.852224,-193.26588479293395,1864.5045842452193
1302871.675291,-138.36895062527253,1863.3062994271488
1302871.675861,-138.36895062527253,1863.3062994271488
1302873.455401,-108.22613661479917,1859.0903897156663
1302899.727118,-46.14668964620018,1839.9612153175792
1302899.736321,14.992431066458222,1819.5407217429383
1302899.741021,92.01062799553291,1773.6850641715698
1302900.152034,125.88454389298964,1752.7198635595464
1302900.152613,125.88454389298964,1752.7198635595464
1302901.575763,125.88454389298964,1752.7198635595464
1302909.735268,140.14674465138438,1744.0615051215045
1302915.925245,162.3240234943569,1717.8748132058784
1302922.625973,212.25200399970942,1692.0561425828007
1302934.955308,302.4772669797165,1609.3909266867465
1302936.988877,354.8929233561703,1537.147832186483
1302943.973425,400.381247418013,1484.7054133069223
1302950.68443,413.0319278332998,1467.858673125368
1302959.3421,413.0319278332998,1467.858673125368
1302968.462523,413.0319278332998,1467.858673125368
1302972.042179,425.9320765159664,1452.7013271161925
1302978.943446,443.8600118796398,1423.0382932536015
1302985.629061,462.43820033822266,1385.4969894986707
1302992.992741,498.22142202155777,1322.3641495538882
1303000.389004,525.1439855289401,1273.492613828834
1303007.042756,549.5313870864289,1227.6811331925824
1303014.022807,575.2601527025811,1174.0009837212126
1303023.424669,575.8618069504367,1172.1362194661585
1303027.676348,578.5212432657188,1165.7925360762238
1303035.093949,609.676879939084,1115.921402769684
1303043.988855,612.6874191228987,1111.8308621480928
1303049.120602,612.6874191228987,1111.8308621480928
1303055.947725,622.0121838314162,1100.3983634105348
1303063.01388,627.3109318503138,1077.9055612073619
1303069.593811,623.0826293393804,1051.4758173574482
1303078.150225,534.8850204151371,1008.3508747016947
1303083.682591,456.0219145996457,968.8334548932081
1303092.892677,438.76779580508224,893.2426363571828
1303098.425427,476.8194976916773,812.1639941146306
1303104.675772,479.4468579778051,805.7595490959209
1303111.629695,479.4468579778051,805.7595490959209
1303120.069753,482.81348977933214,800.1260948486171
1303126.061611,488.4250005511124,783.9565852530535
1303132.935782,468.1006974498052,756.7382356514505
1303141.045089,455.0255843649433,742.6032462993749
1303146.742499,455.51303411904956,724.0320477261095
1303155.903359,472.7177550591907,705.7112293587738
1303161.073622,534.4496737705786,661.3104974329839
1303170.461484,564.5218573784937,640.0998096964978
1303175.275013,598.3765389764192,615.2813103694391
1303182.054018,635.8882781901984,584.8569001898645
1303189.859472,635.8882781901984,584.8569001898645
1303196.584046,635.8882781901984,584.8569001898645
1303202.673152,635.8882781901984,584.8569001898645
1303210.977292,635.8882781901984,584.8569001898645
1303217.099366,635.8882781901984,584.8569001898645
1303224.319215,635.8882781901984,584.8569001898645
1303231.87596,635.8882781901984,584.8569001898645
1303244.089381,637.9669280594397,572.5247444593557
1303245.520635,648.6455203763746,545.5381449883861
1303257.355204,617.2615802171347,511.2780008531191
1303260.207339,580.4746769123102,471.58664372704703
1303265.632997,525.9052809341138,419.74809828120397
1303272.681717,475.7844222841703,373.52181460183334
1303279.683715,418.4406041418026,316.8281263430459
1303287.892488,345.87194837245625,247.6454141493616
1303294.044796,327.8200968812726,174.8044834207579
1303301.622161,329.4932914419725,98.00103195188554
1303307.634409,348.6099228115623,-11.047616474558035
1303318.142482,341.28653815275186,-50.779872089726815
1303321.709694,291.22917550318897,-71.13912974852983
1303331.019675,236.30449836252384,-70.5610916778809
1303335.644526,217.23794702462715,-31.805188934940514
1303343.38467,199.15661686828207,26.0410893493586
1303350.446693,129.4412177371512,14.714036640038616
1303356.697986,106.30726174629051,8.71854395479345
1303363.697583,106.30726174629051,8.71854395479345
1303372.278323,106.30726174629051,8.71854395479345
1303378.148387,106.30726174629051,8.71854395479345
1303386.308303,95.17418997463187,10.811819448859474
1303392.351945,36.52922154678398,-0.7913325836908769
1303398.65884,-3.914911580938609,-0.8036108360522202
1303407.353549,-31.974037917291774,-12.111684151626218
1303412.917776,-40.66530775793732,-15.945465553656307
1303420.024636,-40.66530775793732,-15.945465553656307
1303428.997745,-40.66530775793732,-15.945465553656307
1303434.13968,-59.898475917765055,30.046396140050405
1303440.601391,-72.23376827828457,63.858543558457356
1303447.597599,-73.70851003048254,70.59105666096788
1303455.691677,-73.70851003048254,70.59105666096788
1303463.927779,-73.70851003048254,70.59105666096788
1303469.164314,-73.70851003048254,70.59105666096788
1303479.505014,-73.70851003048254,70.59105666096788
1303482.601213,-73.70851003048254,70.59105666096788
1303489.598254,-73.70851003048254,70.59105666096788
1303496.595992,-85.01595461874996,109.5256534579961
1303505.157116,-94.37977929314286,143.1400807714766
1303510.9593,-101.44799676251,165.78490254164808
1303517.657384,-114.94447356570618,216.2954746501929
1303528.410229,-122.35254184399568,239.28170319939855
1303531.698758,-124.73462870467665,244.35704491432278
1303539.396784,-126.25368549590449,248.231999137832
1303546.500361,-134.0825783782829,270.2011217727649
1303552.701336,-145.0066542158137,301.4758006506119
1303562.209357,-159.67208150771756,352.8456205190368
1303566.699603,-160.21998393887907,354.3263140328719
1303576.042638,-160.21998393887907,354.3263140328719
1303580.947325,-166.7816366878759,372.05475880436467
1303587.693176,-170.10408154653032,384.14848942914034
1303594.695572,-170.29957997252865,393.14762921159854
1303603.587421,-174.59567699445498,407.0467891469068
1303608.935662,-174.59567699445498,407.0467891469068
1303618.837158,-174.59567699445498,407.0467891469068
1303622.633619,-160.54791343590978,356.8988739038528
1303630.165349,-152.23728300014466,324.9529728887941
1303638.940165,-145.53314957960168,297.89209737805686
1303643.695682,-133.85424177778899,237.77027985023187
1303653.043417,-123.28521492960145,188.4556408242603
1303658.171949,-101.18264985943195,135.87157675182058
1303665.09862,-76.8618362169162,60.794313379002865
1303672.203325,-73.06786325788822,48.38621626668622
1303679.395549,-73.07690967765411,45.281892447408346
1303685.59923,-63.33107617499131,10.610933735025638
1303693.127536,-61.81891718168296,6.106803810793759
1303700.422193,-55.48157942999997,-6.417637166220966
1303706.621082,-52.87446388170636,-12.024803940730859
1303713.701317,-46.5972301812717,-32.610221432194194
1303722.854538,-49.90865708723209,-39.96121906672301
1303723.028591,-49.90865708723209,-39.96121906672301
1303727.731009,-46.425078622732336,-102.29155597565004
1303734.69826,-33.27015580673138,-129.8676240002441
1303741.696346,-19.560057406888323,-138.30399973979087
1303749.552943,-12.576422305824114,-139.14692394149995
1303756.972194,-9.844152955067798,-138.85195372256857
1303763.049283,-1.565734626465306,-135.12129900438947
1303770.305192,-2.248159798148602,-127.51900313320716
1303778.998862,-1.9496316965647291,-126.5250436942707
1303783.983652,-1.9496316965647291,-126.5250436942707
1303791.647086,0.07213419733091708,-94.97353154423281
1303798.120822,-19.078998300011957,-39.884654416091955
1303805.140263,-17.2668409884174,-16.969580583291215
1303813.315299,28.2608390931726,1.3489341162583055
1303819.17519,63.492009232139004,-0.020943956711898297
1303828.251189,63.492009232139004,-0.020943956711898297
1303833.23826,63.492009232139004,-0.020943956711898297
1303840.121894,63.492009232139004,-0.020943956711898297
1303847.090034,98.8447852779798,8.081802473502732
1303854.411956,151.92851421807572,25.73103566173763
1303861.125332,180.40359729634895,38.220068867839274
1303873.46924,202.3238709108415,7.565917277183049
1303875.237067,217.39756969307922,-57.41176949362834
1303881.988426,225.36484244346696,-84.96740411853811
1303889.827778,254.61477702848396,-88.6130048300327
1303896.028013,292.9029830110496,-75.99762403626423
1303908.543614,334.43559114374045,-70.50436383701053
1303910.180602,353.96678788362027,-66.73091861128206
1303916.99741,357.9275929555969,-56.579625706742576
1303924.389654,359.146806434611,-25.94051423996835
1303932.033105,358.9739268463979,-0.09829279782968262
1303938.012897,354.64636374704514,67.61380152499223
1303952.46118,342.66261616703514,113.54449993139818
1303952.518175,-49.90865708723209,-39.96121906672301
1303952.557836,339.07103888517736,161.84396360991067
1303953.226482,339.66746498821345,164.9405750646727
1303953.227105,339.66746498821345,164.9405750646727
1303954.567587,339.66746498821345,164.9405750646727
1303961.627247,339.66746498821345,164.9405750646727
1303968.897983,344.35046163475204,158.84496297275584
1303975.988916,345.90416062102986,113.90076454489407
1303982.525519,393.05221526181634,110.68020940545911
1303989.586635,400.8364519374256,111.86591022889577
1303998.758518,400.8364519374256,111.86591022889577
1304004.65143,400.8364519374256,111.86591022889577
1304010.589032,400.8364519374256,111.86591022889577
1304018.90312,400.8364519374256,111.86591022889577
1304024.955564,400.8364519374256,111.86591022889577
1304031.863562,400.8364519374256,111.86591022889577
1304038.863133,400.8364519374256,111.86591022889577
1304045.957656,400.8364519374256,111.86591022889577
1304054.050268,400.8364519374256,111.86591022889577
1304062.307226,409.54349187456404,106.87080143842995
1304066.627657,410.50078128837566,104.24863743762573
1304077.89021,410.50078128837566,104.24863743762573
1304081.057423,410.50078128837566,104.24863743762573
1304088.104983,410.50078128837566,104.24863743762573
1304095.417312,410.50078128837566,104.24863743762573
1304101.683492,410.50078128837566,104.24863743762573
1304108.641106,410.50078128837566,104.24863743762573
1304117.204757,410.50078128837566,104.24863743762573
1304122.979752,410.50078128837566,104.24863743762573
1304129.920182,410.50078128837566,104.24863743762573
1304140.093806,410.50078128837566,104.24863743762573
1304213.194541,343.66309569273307,165.22952941336357
1304213.195098,343.66309569273307,165.22952941336357
1304214.664489,343.66309569273307,165.22952941336357
1304222.408394,343.66309569273307,165.22952941336357
1304229.911733,332.1595030055127,196.81548919904472
1304236.045052,328.218754198494,221.83364136804008
1304324.731281,216.64525215388844,-43.362959398025595
1304324.731887,216.64525215388844,-43.362959398025595
1304326.074816,216.64525215388844,-43.362959398025595
1304334.501205,209.87849757707775,-12.912128374763752
1304340.165692,196.83968640192356,33.161816663336765
1304347.701061,168.9381032570526,33.661817230248225
1304354.908947,147.2377543373994,27.26688598250242
1304361.401065,125.24285343492187,22.87112776172015
1304368.414391,125.24285343492187,22.87112776172015
1304375.513332,125.24285343492187,22.87112776172015
1304382.751182,90.09341385917998,14.601474056025939
1304389.478247,52.85572346560348,0.5357481444329436
1304397.508853,13.21136895992694,-8.641390625123002
1304403.530504,1.9326107322823347,-12.951451207166109
1304410.541599,-19.019342646123405,-8.58724852849006
1304417.830615,-50.32144238607465,-22.143375668396153
1304431.9866,-77.6580762048563,-31.345199891527614
1304431.990359,-96.35963293409431,-37.57312902364958
1304438.632126,-147.2885035577327,-52.93178445961457
1304445.565654,-212.65837727411036,-68.62139319240028
1304452.875454,-246.26644171215665,-79.61133699351453
1304459.662725,-278.34455782311665,-84.74305892833664
1304471.033268,-313.1646455607448,-89.63152431665637
1304473.073574,-381.91520183000307,-112.28232901594075
1304480.812293,-433.82083223607475,-118.1277888401236
1304488.817964,-497.64801822627174,-97.48603879454363
1304494.742002,-537.943915601811,-83.58628881438577
1304501.413434,-587.7727599292034,-63.54266424222471
1304508.411246,-678.7697853426239,-46.95203569947682
1304516.463482,-741.2954752188141,-39.08719145697511
1304522.12531,-794.8642797390673,-24.240833430459393
1304531.01551,-814.9411580738928,-12.761453941555075
1304537.853496,-814.9411580738928,-12.761453941555075
1304543.505638,-836.2585655197988,-1.0851459826205443
1304550.105293,-926.1651396807935,24.83612510535979
1304558.332817,-1000.3857323790675,48.899597949614346
1304567.909402,-1074.1747092239689,70.70614187290155
1304571.836363,-1177.4561594750605,112.33379829957414
1304578.502742,-1235.3621456373926,160.81032863800837
1304585.106906,-1281.2060172697222,215.15312821221553
1304585.170316,-49.90865708723209,-39.96121906672301
1304592.072356,-1342.1071647516128,282.78621323823495
1304599.608589,-1384.29477072416,328.4626203431924
1304607.445612,-1421.8444673345018,371.49393529089684
1304613.876364,-1458.8638487890892,402.40144149564395
1304620.442434,-1465.2274539250634,406.1942025377448
1304627.419083,-1465.2274539250634,406.1942025377448
1304635.618923,-1465.2274539250634,406.1942025377448
1304641.097552,-1465.2274539250634,406.1942025377448
1304648.110554,-1465.2274539250634,406.1942025377448
1304656.538195,-1465.2274539250634,406.1942025377448
1304662.483832,-1465.2274539250634,406.1942025377448
1304669.440129,-1465.2274539250634,406.1942025377448
1304677.901658,-1465.2274539250634,406.1942025377448
1304683.187981,-1465.2274539250634,406.1942025377448
1304690.491669,-1470.2672892168318,409.8547317119595
1304699.944582,-1525.0251643967772,463.1266961131353
1304709.802613,-1568.0974322334278,511.801408854466
1304713.56097,-1611.251456409166,556.7435736233243
1304722.409657,-1679.4967650981202,603.9836248975503
1304725.47829,-1741.8517147230834,605.2737976109511
1304735.723469,-1809.2816917498992,601.7889785365046
1304739.739616,-1908.9737024980836,598.2158580633386
1304746.089258,-1974.766485101975,593.930074436354
1304754.874607,-2014.6081145115536,575.3909296893329
1304760.54583,-2038.3009946141892,507.4914935341286
1304767.907916,-2071.860445685737,466.0991445229187
1304774.179352,-2135.7152250761924,451.2138601814278
1304781.12043,-2174.5026063180553,438.9974826865298
1304788.127548,-2175.412947415628,383.64856987970245
1304795.175924,-2201.2009315974756,373.6965518019411
1304802.182821,-2303.1670811471745,366.58386928133683
1304811.400827,-2345.576777384065,349.31704294141025
1304816.668168,-2352.494451795897,345.9402438628727
1304823.175843,-2352.494451795897,345.9402438628727
1304830.17635,-2352.494451795897,345.9402438628727
1304837.125397,-2352.494451795897,345.9402438628727
1304844.812664,-2368.112472661828,338.10836951638805
1304851.932366,-2416.7366811175452,312.6372968459978
1304858.489267,-2478.1930842694733,279.7372199007447
1304865.454017,-2582.6962479943963,214.11504569179016
1304872.190893,-2635.9049960499597,161.66029741240482
1304883.063958,-2655.981884733892,129.0762550786125
1304886.56985,-2655.981884733892,129.0762550786125
1304893.578316,-2655.981884733892,129.0762550786125
1304900.752964,-2658.702749443579,118.21151635168796
1304907.939832,-2683.6503018782437,67.34920933146203
1304919.060073,-2708.2480244049843,18.340051133478212
1304921.746312,-2739.810442873663,-45.51423598792158
1304928.121709,-2800.719588677058,-124.77277325655052
1304935.081706,-2864.308259197204,-174.59214423787466
1304943.250784,-2936.9879360358645,-191.10340636512706
1304950.280338,-3042.4525350858667,-165.6908398499813
1304956.432332,-3106.0635070449657,-141.549517666538
1304967.771187,-3156.8428936949263,-124.44650872484021
1304970.197667,-3216.73661074615,-101.40173801549454
1304977.463799,-3290.2616779875216,-76.74116418108687
1304984.528059,-3345.2517805181174,-58.50968266453141
1304991.643284,-3390.58104453803,-50.61415804781797
1304999.817663,-3390.58104453803,-50.61415804781797
1305005.185314,-3398.362648326059,-56.56317007596082
1305012.217489,-3457.9529874034824,-60.29325656921205
1305023.397152,-3514.5780890217693,-76.55194361120554
1305026.925249,-3571.711667040147,-121.40103396458505
1305033.971249,-3652.2454541579323,-197.98613218253323
1305041.114436,-3698.8864657789773,-242.51961917884293
1305047.598587,-3736.6412876432964,-277.44325191299555
1305054.562342,-3739.9859911723283,-281.8418065792649
1305063.338975,-3739.9859911723283,-281.8418065792649
1305070.920088,-3739.9859911723283,-281.8418065792649
1305075.701334,-3754.714507027191,-300.361886118013
1305082.199889,-3790.2540302112307,-331.30829146781537
1305089.181492,-3836.6563806767904,-362.86182165722346
1305096.180001,-3928.7693519633044,-396.17099858480907
1305103.457407,-4001.1480208101375,-392.65391745083406
1305110.417645,-4072.779336250047,-361.2792157357624
1305117.189351,-4169.270798420806,-323.6580138835083
1305125.219848,-4238.063695575422,-294.93885480892607
1305131.611433,-4298.9584805036775,-271.11299278135107
1305138.589531,-4387.101733824143,-236.08453774675837
1305145.565408,-4394.726719689562,-213.11264383013852
1305154.985079,-4403.234206018505,-179.97124117411147
1305159.368046,-4437.277649995447,-146.82739135877966
1305166.1316,-4442.196447817937,-142.72975874070414
1305174.334461,-4442.196447817937,-142.72975874070414
1305180.60338,-4442.196447817937,-142.72975874070414
1305187.179759,-4442.196447817937,-142.72975874070414
1305194.179629,-4442.196447817937,-142.72975874070414
1305203.342614,-4442.196447817937,-142.72975874070414
1305208.179235,-4442.196447817937,-142.72975874070414
1305216.325076,-4447.44189974304,-134.49095812573043
1305222.440962,-4462.874924677579,-86.00786757220243
1305230.855827,-4484.007950224603,-29.07922121113854
1306048.631431,-4504.52180257477,171.2128623875372
1306055.554375,-4486.709977456235,169.05567838779402
1306064.267734,-4411.937600779517,165.57448589614503
1306070.452361,-4369.776064209448,145.06335089698769
1306076.452572,-4327.440354834597,116.70409536592769
1306083.516981,-4271.126049950772,76.43818243579342
1306093.422726,-4222.356200321162,46.18764389061836
1306097.173917,-4162.6889798332895,47.194999252049456
1306105.296459,-4070.7294134277854,57.59405806615051
1306111.120104,-3993.2133194194857,55.749909606734654
1306119.817317,-3914.1109054359963,43.660670779007766
1306128.927758,-3801.133100202362,81.29543212456785
1306132.515019,-3729.3574768131853,116.02932040643272
1306139.557326,-3690.1511368097376,133.19758873661155
1306146.149994,-3684.5045798284873,135.1897295059056
1306153.165911,-3662.305860640266,140.62420062241617
1306162.539474,-3619.119557701271,152.32852167364607
1306168.034008,-3501.281784691486,172.57397318174068
1306174.545422,-3403.251373800126,180.30181795202216
1306181.149781,-3326.840118855779,182.72785395932743
1306188.569023,-3260.7564894475126,219.52365710240244
1306199.70448,-3243.5134580901363,251.59301198433064
1306202.110008,-3209.048886408357,311.94504701378946
1306209.228368,-3157.561750510247,402.4407555787673
1306216.205267,-3111.334999447759,465.68040939021586
1306232.185872,-3067.714514056215,504.3331863739879
1306232.377432,-3072.3800091936105,561.0686724238503
1306237.144624,-3024.763325755542,594.3161352187026
1306244.112946,-2959.800082052283,630.7395404189289
1306251.604112,-2890.6214082796773,732.1047922237011
1306258.155652,-2832.705802971959,794.3798672475418
1306267.542945,-2810.971486496532,870.0704696338021
1306282.235356,-2763.835862989576,928.0711605513692
1306282.24075,-2750.7898964855726,931.9642948766113
1306286.171524,-2750.7898964855726,931.9642948766113
1306293.641971,-2750.7898964855726,931.9642948766113
1306300.546882,-2750.7898964855726,931.9642948766113
1306307.129877,-2750.7898964855726,931.9642948766113
1306316.349342,-2750.7898964855726,931.9642948766113
1306321.791675,-2750.7898964855726,931.9642948766113
1306328.197666,-2750.7898964855726,931.9642948766113
1306335.197588,-2750.7898964855726,931.9642948766113
1306342.825508,-2750.7898964855726,931.9642948766113
1306350.682939,-2750.7898964855726,931.9642948766113
1306356.816415,-2750.7898964855726,931.9642948766113
1306363.549704,-2750.7898964855726,931.9642948766113
1306375.021925,-2750.7898964855726,931.9642948766113
1306377.211478,-2750.7898964855726,931.9642948766113
1306384.689192,-2750.7898964855726,931.9642948766113
1306391.219701,-2750.7898964855726,931.9642948766113
1306398.216154,-2733.2964226235554,953.6721360529149
1306405.234304,-2727.3663795555667,960.2013861075433
1306413.609913,-2732.0433899354675,957.246205275429
1306419.449527,-2732.0433899354675,957.246205275429
1306426.165669,-2732.0433899354675,957.246205275429
1306437.639913,-2732.0433899354675,957.246205275429
1306440.90642,-2732.0433899354675,957.246205275429
1306447.458154,-2732.0433899354675,957.246205275429
1306454.473355,-2732.0433899354675,957.246205275429
1306464.206797,-2732.0433899354675,957.246205275429
1306470.322178,-2732.0433899354675,957.246205275429
1306475.735956,-2732.0433899354675,957.246205275429
1306482.940776,-2732.0433899354675,957.246205275429
1306489.167047,-2732.0433899354675,957.246205275429
1306496.166036,-2732.0433899354675,957.246205275429
1306505.490654,-2732.0433899354675,957.246205275429
1306510.217664,-2732.0433899354675,957.246205275429
1306517.80417,-2732.0433899354675,957.246205275429
1306524.587882,-2732.0433899354675,957.246205275429
1306536.923079,-2732.0433899354675,957.246205275429
1306538.590593,-2732.0433899354675,957.246205275429
1306547.925277,-2732.0433899354675,957.246205275429
1306552.215514,-2732.0433899354675,957.246205275429
1306561.404252,-2732.0433899354675,957.246205275429
1306566.720026,-2732.0433899354675,957.246205275429
1306575.773067,-2732.0433899354675,957.246205275429
1306580.21317,-2730.7123090741143,950.4840574271574
1306588.233368,-2730.7123090741143,950.4840574271574
1306594.647118,-2730.7123090741143,950.4840574271574
1306603.394915,-2730.7123090741143,950.4840574271574
1306608.59389,-2730.7123090741143,950.4840574271574
1306615.182477,-2730.7123090741143,950.4840574271574
1306624.46833,-2727.723534124561,943.9915462091327
1306629.253461,-2724.7547612011167,937.4606966464897
1306638.481437,-2728.7632961029235,941.1118791973006
1306643.68595,-2731.3655864552024,945.2107428133842
1306650.600367,-2731.3716770064952,945.4194138419562
1306657.633052,-2730.8660885646455,944.6907668521168
1306664.731059,-2729.6873038905455,943.8443900684615
1306671.916296,-2732.168530839613,947.3706732116946
1306679.217768,-2733.668840772482,946.9932843424966
1306685.616074,-2733.6681425423894,946.2067936824889
1306692.1197,-2734.7256416973946,949.4404016729029
1306699.40098,-2733.6630078709068,950.1192125208846
1306707.976582,-2730.709615851096,946.7868754493403
1306714.877753,-2731.3607858951805,946.6639012516234
1306720.64548,-2730.839476928447,945.6793696457231
1306727.676363,-2729.1923846598047,943.0961294952091
1306734.84842,-2730.6770795161,940.1948023673854
1306741.408947,-2733.8976209365596,940.2959446262206
1306748.789632,-2734.1148370198084,942.8350846254515
1306756.866922,-2731.465666824583,946.8290204664012
1306762.525508,-2728.248749636312,944.9631995449415
1306769.572134,-2727.715400291851,941.2318034711091
1306776.629517,-2726.1525708092186,942.1326197656215
1306783.633642,-2729.694943277731,942.1532305167935
1306791.732102,-2733.403178459251,940.4577126801746
1306797.22308,-2732.8694786304163,938.1417926209093
1306809.688706,-2730.784479218791,936.4335411766484
1306811.51836,-2731.051701952712,939.7792152976206
1306818.487254,-2736.595676357251,944.8006582870574
1306825.962671,-2739.4280834270567,948.5777469748055
1306832.126296,-2740.716084147906,954.2907780016149
1306840.685462,-2739.983110251316,959.3681168459786
1306846.485795,-2741.694647828031,962.9367211642043
1306853.532588,-2745.240816355555,964.2951436822182
1306860.124078,-2741.6756528081905,958.6249483698213
1306867.678886,-2740.0572741773476,956.0068016193142
1306874.208898,-2737.3397602860878,954.8815441385515
1306881.208606,-2733.3258111807118,951.0265583626256
1306888.496263,-2731.917719400414,948.3491226604344
1306895.686456,-2731.786535088387,947.1836448877202
1306902.576048,-2731.6328644814926,947.0778360602511
1306909.483227,-2731.0004681132345,946.600888586861
1306916.128231,-2731.525162607943,946.281837540549
1306923.64508,-2733.405962309351,946.5127362765193
1306930.960592,-2733.500799721063,946.1475402312474
1306937.929173,-2732.6522182751482,945.4967816142715
1306944.601512,-2729.192372320134,945.2437050088724
1306951.132163,-2727.6975657744115,943.6895041570602
1306958.527113,-2727.6968158534614,943.687351881464
1306965.491115,-2728.043944821096,943.6038831987712
1306975.533381,-2728.463190134593,942.6851488226525
1306979.283513,-2728.9959646217917,943.4843594467707
1306986.468227,-2729.7625075104966,943.656852172166
1306995.376688,-2730.9252415729816,944.2259834470323
1307000.17126,-2731.380200857145,945.0791289355583
1307011.467968,-2730.771495043864,944.3737164132508
1307014.491154,-2730.7352958140846,944.3540495260701
1307021.755518,-2730.7352958140846,944.3540495260701
1307028.473329,-2730.7352958140846,944.3540495260701
1307035.620084,-2730.7352958140846,944.3540495260701
1307042.226285,-2730.7352958140846,944.3540495260701
1307050.275398,-2730.7352958140846,944.3540495260701
1307056.637513,-2730.7352958140846,944.3540495260701
1307063.463013,-2730.7352958140846,944.3540495260701
1307070.481946,-2730.110098377193,944.0813411105942
1307077.177266,-2729.711290525115,943.5357243716469
1307084.219963,-2729.446014404231,942.8786130923863
1307091.217655,-2729.081870862551,942.5709729849707
1307099.720243,-2728.8392530047677,942.3467880081063
1307105.185431,-2728.751345314976,942.0806012411625
1307112.217804,-2728.215987069482,941.6595512982296
1307119.947049,-2729.8357181375795,945.5817683442237
1307126.906855,-2713.658079792235,973.1788170434436
1307133.524383,-2696.6014977434,1026.3030768807448
1307140.880756,-2674.4215679859267,1064.526575606916
1307147.565746,-2617.091356956139,1073.8874716411917
1307155.022174,-2527.8711788803635,1074.7869699374712
1307170.310336,-2467.2292023366317,1095.048004934658
1307170.4345,-2410.285721489849,1116.7951212800115
1307175.171739,-2324.4926331258603,1147.370441847487
1307182.683019,-2292.947734517877,1158.0044154026664
1307189.16617,-2270.649167409844,1164.355663571115
1307196.146773,-2247.261740106651,1130.9542721037017
1307204.028584,-2239.129201986584,1075.7639556361123
1307211.423281,-2221.708853973578,1037.0989276061534
1307220.548499,-2148.9433584539615,1019.5061506569083
1307225.225851,-2090.5845408403516,1002.5366059202101
1307233.397856,-2025.7938027127666,984.5058739278998
1307238.18828,-1986.3859578763845,988.6783547956546
1307247.44529,-1981.824611908445,998.8011125385327
1307252.552909,-1965.955786133935,1009.2365741430991
1307260.038105,-1915.4586755917176,1002.8010367389659
1307266.472193,-1877.9414373294123,998.3200686666343
1307275.676347,-1837.588245155779,993.6936779676267
1307280.611487,-1830.2349586322468,992.8244521667643
1307287.170507,-1830.2349586322468,992.8244521667643
1307296.116151,-1830.2349586322468,992.8244521667643
1307302.720516,-1830.2349586322468,992.8244521667643
1307310.572072,-1830.2349586322468,992.8244521667643
1307315.181452,-1830.2349586322468,992.8244521667643
1307322.321898,-1830.2349586322468,992.8244521667643
1307329.202731,-1830.2349586322468,992.8244521667643
1307337.823116,-1825.2662736815273,986.1538676934473
1307344.180645,-1756.5760673545965,982.897075250184
1307350.227358,-1689.8746142841924,982.0981302041965
1307357.50957,-1630.3379414394367,978.1167830907849
1307364.478926,-1564.7700765235577,971.6774267317711
1307375.396332,-1528.8592697473032,964.6649753052942
1307378.182099,-1510.387125822682,961.524022474026
1307386.120123,-1500.2845006164962,965.2678119079851
1307392.234598,-1480.0836606608657,969.0007947442408
1307399.225564,-1444.9584899847828,957.8921859098232
1307407.964634,-1388.8001589255575,949.2786471893713
1307414.339579,-1344.2899850825336,948.7852962490788
1307420.200165,-1299.5882818251214,943.9048075489262
1307429.824376,-1248.513625159894,936.0037448171265
1307434.755034,-1213.509724971869,932.3649987781428
1307442.604617,-1197.65805947952,932.6660304621172
1307450.05559,-1194.9475975470568,951.3982284659949
1307456.328628,-1210.3244382313621,997.8640918021624
1307463.823365,-1224.5262211234506,1029.048854128584
1307469.383474,-1223.3010399969723,1035.956089867423
1307476.250472,-1223.3010399969723,1035.956089867423
1307485.470998,-1216.6589799775315,1042.8540280555478
1307490.536168,-1198.1951606361827,1046.199867711329
1307497.22736,-1179.4408647543737,1055.0109013668439
1307511.510028,-1164.5891030613,1060.1933180579342
1307523.33114,-1111.5908408713979,1083.9031153129522
1307523.331723,-1111.5908408713979,1083.9031153129522
1307525.440889,-1111.5908408713979,1083.9031153129522
1307534.142807,-1057.3353033600483,1109.167589680499
1307540.112242,-1024.233622057067,1120.492514871998
1307546.823629,-1000.1633395478293,1128.170802010312
1307553.991629,-988.5494548869776,1156.5608753272086
1307560.20699,-988.9499055941307,1186.2663041010749
1307567.210212,-970.6232626514111,1226.7977302381107
1307577.655497,-926.8543738973917,1245.706797559298
1307581.607892,-895.8110496703408,1255.0604770577218
1307590.790588,-879.1177869016263,1262.0180629655272
1307595.115975,-871.29473204711,1264.265697367687
1307603.26977,-854.0969036993887,1240.2001614607855
1307609.926451,-840.4947218131618,1219.6210806257377
1307616.213412,-825.8349410726058,1192.9450530307674
1307624.393789,-806.8578852354483,1163.6436956894477
1307630.76631,-790.9457255091577,1140.0890746274702
1307638.395057,-763.3995805806414,1051.2268229525428
1307644.225345,-762.5494470480144,988.2882877491409
1307651.217897,-762.9981859263869,974.6695567934302
1307661.106857,-762.9981859263869,974.6695567934302
1307665.174317,-762.9981859263869,974.6695567934302
1307672.23628,-762.9981859263869,974.6695567934302
1307679.456608,-762.9981859263869,974.6695567934302
1307686.461251,-762.9981859263869,974.6695567934302
1307693.468008,-762.9981859263869,974.6695567934302
1307700.482556,-762.9981859263869,974.6695567934302
1307707.172263,-762.9981859263869,974.6695567934302
1307714.598416,-762.9981859263869,974.6695567934302
1307721.322232,-762.9981859263869,974.6695567934302
1307733.256407,-762.9981859263869,974.6695567934302
1307735.21632,-762.9981859263869,974.6695567934302
1307749.654419,-762.9981859263869,974.6695567934302
1307749.660851,-762.9981859263869,974.6695567934302
1307756.464779,-762.9981859263869,974.6695567934302
1307765.477754,-762.9981859263869,974.6695567934302
1307770.571613,-762.9981859263869,974.6695567934302
1307777.531233,-762.9981859263869,974.6695567934302
1307787.07504,-762.9981859263869,974.6695567934302
1307791.248007,-762.9981859263869,974.6695567934302
1307804.737737,-762.9981859263869,974.6695567934302
1307805.509243,-762.9981859263869,974.6695567934302
1307812.490614,-762.9981859263869,974.6695567934302
1307819.733395,-762.9981859263869,974.6695567934302
1307826.225768,-762.9981859263869,974.6695567934302
1307837.048484,-762.9981859263869,974.6695567934302
1307840.223663,-762.9981859263869,974.6695567934302
1307847.467613,-762.9981859263869,974.6695567934302
1307854.461258,-762.9981859263869,974.6695567934302
1307861.24262,-762.9981859263869,974.6695567934302
1307870.993093,-762.9981859263869,974.6695567934302
1307875.548976,-762.9981859263869,974.6695567934302
1307882.455623,-762.9981859263869,974.6695567934302
1307889.318034,-762.9981859263869,974.6695567934302
1307897.31403,-768.3771554268361,948.5954942263352
1307906.420633,-769.844851326473,897.5963335340869
1307910.128518,-714.7224387755067,893.369033477203
1307918.305106,-674.3757325353096,887.6719918310972
1307924.469417,-670.9664131603123,886.6776310956428
1307931.547431,-670.9664131603123,886.6776310956428
1307938.17834,-653.0272037235648,886.0936896395559
1307947.65709,-618.6819978328751,883.3294926675142
1307952.55135,-565.2198945896132,879.8940855620135
1307959.225543,-511.0519642983808,874.803268144956
1307967.770496,-469.0731763886006,870.403520540621
1307973.61351,-412.473331378714,859.5041995790035
1307982.505344,-386.12527675388924,852.9341128693452
1307987.226177,-356.42045888760055,850.5957194581183
1307996.132916,-340.9124382118352,850.9965967241825
1308001.52405,-340.9124382118352,850.9965967241825
1308014.38276,-336.3173172912836,847.7811506352838
1308015.606323,-336.3173172912836,847.7811506352838
1308022.678541,-336.3173172912836,847.7811506352838
1308029.62496,-336.3173172912836,847.7811506352838
1308036.252995,-336.3173172912836,847.7811506352838
1308043.523378,-325.0104637366406,844.5976229384638
1308050.570362,-325.0104637366406,844.5976229384638
1308057.523598,-325.0104637366406,844.5976229384638
1308064.589701,-325.0104637366406,844.5976229384638
1308071.537394,-302.74438275177096,856.1754831666352
1308078.53946,-278.6046272385367,864.5895166826181
1308086.334262,-267.82668207323053,865.2727977220079
1308092.546608,-253.3081305945885,871.8598741784023
1308099.551366,-250.11175254021379,873.5018469800987
1308106.812728,-248.2453919190645,864.1565453844606
1308113.779978,-244.06500843630408,848.465106236909
1308120.711816,-243.34006711822383,837.9776834268184
1308127.710573,-235.01923987648811,815.4559391440382
1308134.513742,-227.1188418683825,790.8623167221242
1308141.604912,-205.83432241240519,780.6101527028025
1308148.571538,-183.691624374092,779.3754437906977
1308156.070452,-169.49139810090327,782.7188124742074
1308162.477947,-148.08851211251113,787.8843731786966
1308169.466364,-131.12549975056038,791.8015688344432
1308176.572689,-132.20165305392328,811.2109805329696
1308184.697158,-140.80394370934212,831.0200145925915
1308194.969571,-140.80394370934212,831.0200145925915
1308197.458526,-140.80394370934212,831.0200145925915
1308205.666169,-140.80394370934212,831.0200145925915
1308211.470411,-140.80394370934212,831.0200145925915
1308218.67808,-140.80394370934212,831.0200145925915
1308232.737921,-140.80394370934212,831.0200145925915
1308232.741442,-135.00330734777808,841.1074604821094
1308239.477151,-135.00330734777808,841.1074604821094
1308246.458798,-135.00330734777808,841.1074604821094
1308254.043865,-151.90799335685517,839.921762054743
1308260.22854,-151.90799335685517,839.921762054743
1308275.04556,-151.90799335685517,839.921762054743
1308275.049111,-152.92781153283798,835.9927745260838
1308282.663656,-153.0283980254719,834.1099732508518
1308288.582596,-153.9747542799121,839.2392047068834
1308296.91954,-164.8213439538518,857.0934298308495
1308302.535612,-167.94158620774382,876.5405443896938
1308312.647935,-174.8570963739793,894.6808866125612
1308316.491811,-180.59907837044688,908.5520441431311
1308323.702055,-185.61376698246121,911.1130420765282
1308330.476822,-202.27518988406862,908.2059432779354
1308341.268655,-221.13978766160233,896.9214440530449
1308344.608781,-245.00629118676852,882.9863205246672
1308351.768676,-270.42400573669846,866.4317823728464
1308359.126211,-289.5291448581191,860.1877058201744
1308365.957824,-300.5133808340693,855.592327158784
1308372.508854,-309.57262808027434,846.4960488510828
1308380.982936,-315.80398768036656,852.1305789033112
1308386.500608,-321.7725198062466,854.7615373163221
1308393.525743,-352.8991575601534,859.5835893522914
1308400.604982,-377.31471717639846,864.1306587982803
1308407.606839,-405.9824466168156,868.0559316275694
1308420.114778,-440.25378133478335,867.6714530599106
1308421.720661,-444.1384412861165,864.1100947545709
1308428.746239,-442.70696750245986,862.6748037563757
1308435.725082,-456.7490594333344,869.314791185477
1308443.983735,-482.66938487235814,869.8228754221528
1308449.57228,-528.1927980292816,876.7102999417867
1308459.950838,-576.6433840226865,880.981752705179
1308463.286271,-576.6433840226865,880.981752705179
1308470.225411,-576.6433840226865,880.981752705179
1308478.031227,-576.6433840226865,880.981752705179
1308484.663068,-576.6433840226865,880.981752705179
1308495.643947,-576.6433840226865,880.981752705179
1308498.566647,-614.1810414751966,883.1651058847149
1308505.566056,-633.312562708831,884.592836831598
1308512.555475,-633.312562708831,884.592836831598
1308519.602331,-679.6794205685181,890.0547776784085
1308526.473399,-740.8949915166569,894.8883367612128
1308533.529908,-796.1078390658525,898.772316451897
1308540.997435,-889.3988198329977,903.4023790476975
1308561.168878,-992.8793752215624,972.7749482127105
1308561.170412,-992.8793752215624,972.7749482127105
1308562.58178,-1002.871977703547,1004.5467525092618
1308578.224217,-1062.924359482903,1002.0785077088294
1308578.233145,-1083.9813173630291,990.2687220017202
1308586.137738,-1083.9813173630291,990.2687220017202
1308594.388986,-1083.9813173630291,990.2687220017202
1308598.217147,-1083.9813173630291,990.2687220017202
1308604.603716,-1083.9813173630291,990.2687220017202
1308614.432324,-1092.9627578199666,985.9522994600878
1308619.202644,-1101.7113271727592,982.7630841889277
1308633.354394,-1133.007564737369,967.5183423693035
1308637.542492,-1198.758932157492,947.4376388542684
1308639.667843,-1253.5118654718704,953.2081688170628
1308646.911586,-1322.8493009399797,961.1310752404449
1308653.887341,-1350.4067802100496,958.0535588107871
1308661.300938,-1350.4067802100496,958.0535588107871
1308668.057528,-1350.4067802100496,958.0535588107871
1308675.047313,-1350.4067802100496,958.0535588107871
1308681.888196,-1350.4067802100496,958.0535588107871
1308689.020247,-1364.6409865580097,954.1769280890653
1308702.0712,-1381.9651992251663,952.3245892414361
1308703.024416,-1401.2703017053545,925.4612410455883
1308710.208407,-1429.1098973510952,881.4092788375561
1308717.09763,-1462.4107650774154,833.5851451245142
1308724.021575,-1485.9299461689627,825.0931155191062
1308731.620471,-1504.4321276915796,817.4281202734961
1308738.697113,-1527.6438112408648,806.0306777951085
1308745.052494,-1536.6141073008894,802.7270793002729
1308752.246932,-1536.6141073008894,802.7270793002729
1308758.997641,-1557.9534988550952,788.1558703492174
1308765.99379,-1556.1079977067461,765.279385765483
1308773.428301,-1545.6254733220899,743.8531877958897
1308779.625036,-1544.3599068073302,740.9690939850371
1308786.620314,-1540.134902968748,729.2837730997494
1308800.700798,-1532.6059001203855,707.2749071189804
1308801.124042,-1525.5051902049988,646.8267783307921
1308807.866183,-1525.000690876284,598.7272168571347
1308814.913796,-1540.597531553573,546.7614025871906
1308822.023421,-1596.6450778491499,488.52793341500944
1308849.800558,-1596.6450778491499,488.52793341500944
1308849.801168,-1596.6450778491499,488.52793341500944
1308851.010329,-1596.6450778491499,488.52793341500944
1308860.31771,-1596.6450778491499,488.52793341500944
1308866.028288,-1596.6450778491499,488.52793341500944
1308874.23142,-1596.6450778491499,488.52793341500944
1308879.052316,-2542.866667606731,257.3232548006773
1308886.607919,-2612.25022138982,208.71918204853458
1308897.873226,-2632.596398244075,185.79906977043024
1308900.640206,-2656.799384627032,136.79063501137432
1308908.146842,-2658.0060974350786,134.74533427670355
1308914.589403,-2658.0060974350786,134.74533427670355
1308921.589184,-2658.0060974350786,134.74533427670355
1308935.527491,-2658.0060974350786,134.74533427670355
1308935.53109,-2660.4587031354877,130.51693557841222
1308942.796486,-2686.366347471708,72.40154837144087
1308949.68042,-2690.109883621353,52.48132434915444
1308956.610325,-2712.8918591729544,-1.2218383109353785
1308963.819773,-2765.647464371667,-100.1534396006132
1308970.645506,-2813.992838697268,-155.78337747736117
1308977.768394,-2894.396067248548,-190.79823946263363
1308985.269253,-3004.2047372407706,-182.68031032581652
1308991.70703,-3079.4274239471697,-156.2523911583553
1308998.561794,-3111.8657832959498,-143.04389185988595
1309005.493393,-3111.8657832959498,-143.04389185988595
1309012.801007,-3111.8657832959498,-143.04389185988595
1309019.615862,-3111.8657832959498,-143.04389185988595
1309026.615679,-3111.8657832959498,-143.04389185988595
1309033.85611,-3111.8657832959498,-143.04389185988595
1309041.019494,-3138.1513798693213,-135.65240313556933
1309048.721114,-3230.083017105419,-99.2763523374279
1309054.928473,-3302.315760527845,-71.70493429604153
1309061.220447,-3372.8508502786563,-51.06620663577898
1309070.923788,-3485.2298720314047,-63.64654711379733
1309075.091757,-3551.2026010861396,-107.84347931047479
1309083.403543,-3598.2779858753956,-152.30381291867872
1309089.432548,-3632.578754042053,-189.33909247128
1309096.48568,-3635.7166253668324,-192.78335234377911
1309103.501707,-3666.2272771163034,-218.0770015020268
1309112.184269,-3725.3608737928025,-265.7527854913452
1309118.012393,-3740.798468425662,-282.2223109341941
1309124.583039,-3741.3768961055252,-282.92193604706847
1309131.767504,-3741.3768961055252,-282.92193604706847
1309143.306203,-3741.3768961055252,-282.92193604706847
1309146.555163,-3741.8271451509822,-283.81855150115246
1309153.058653,-3774.6620302367555,-320.30157384324394
1309159.005837,-3821.468022546782,-355.64528673332126
1309167.438792,-3882.6358715384063,-391.62075081083776
1309173.503751,-3990.8609539843437,-397.4994864459816
1309180.389895,-4053.5836701177795,-374.2699405841902
1309189.373937,-4120.956929689624,-343.4005919544099
1309195.377864,-4218.202961134126,-303.8271547558197
1309201.732324,-4266.264246147257,-283.86363426041436
1309208.129236,-4303.566393929361,-268.6569759712645
1309218.758043,-4309.603620958158,-265.8429463341896
1309224.720181,-4323.914214238899,-260.5840537613014
1309229.392562,-4352.272256175579,-250.87438706347797
1309236.361834,-4378.168137769588,-239.32333036449543
1309248.193483,-4384.651959489383,-234.12212081094157
1309250.476429,-4390.351050129577,-219.477523347077
1309257.418263,-4399.548450592955,-186.76026083126462
1309264.347282,-4430.010919855709,-150.40459987782336
1309271.402523,-4445.301142011206,-135.7319351650985
1309279.464031,-4462.781360638231,-148.70370711414142
1309285.408643,-4456.788653015165,-203.3006889194885
1309292.347836,-4466.917290784882,-269.7114973001632
1317758.038009,-4456.463730180631,-603.4071226362117
1317766.747528,-4381.895956387836,-603.3534698720449
1317773.015317,-4251.2148208263825,-654.2105187628013
1317781.21523,-4155.649071280376,-685.4074432989125
1317789.184928,-4059.849866831508,-726.4089728849003
1317793.05073,-3946.934563748088,-755.3293698794085
1317800.073826,-3885.2871986621094,-771.090209760882
1317809.228093,-3826.0135749846604,-789.9462896251674
1317814.048006,-3750.8308761731305,-816.9398547749906
1317823.086319,-3697.3758282379385,-831.9174150932132
1317828.047551,-3635.6139731570743,-841.7605856395785
1317835.735067,-3549.7752039676084,-852.2668296870462
1317842.520968,-3524.329050649746,-853.8342144749422
1317849.053766,-3502.772181623488,-856.0165418012764
1317856.079854,-3420.351102103283,-856.6230586291881
1317863.363687,-3359.094072676998,-858.0126271635844
1317872.991053,-3303.3628676470344,-863.1375966867269
1317877.052788,-3185.098489992731,-868.1254732256398
1317886.00487,-3094.259671968675,-870.920418953598
1317892.928678,-2996.1330986052194,-874.2823990808764
1317910.752965,-2863.215030812581,-880.3953394095139
1317910.904116,-2788.7327995919964,-888.8291447101788
1317912.003585,-2722.0484970125603,-898.3422987918744
1317923.607039,-2618.1776784761337,-901.1457390947372
1317926.553505,-2563.3366575097543,-895.4255695037162
1317933.235093,-2513.465755870244,-889.4072129712747
1317940.727568,-2448.945218535509,-885.2072894762001
1317947.075535,-2403.5959820359535,-898.0468903933104
1317956.617978,-2331.0153334780043,-918.2550994969943
1317965.538354,-2251.2014466571322,-956.4455042668021
1317968.121062,-2210.5849636055473,-996.8346265455866
1317975.062737,-2167.4719367887747,-1034.5781570064235
1317982.646597,-2080.2323758469847,-1059.771053461589
1317989.043492,-2040.740906444598,-1051.7685000641306
1317997.243066,-2018.6040990720317,-1043.177872539459
1318003.060376,-2021.1744182007276,-1008.345338859403
1318009.983298,-2034.150105112715,-933.5385637839195
1318017.717278,-2036.5242548969175,-851.4997277745877
1318046.804254,-2021.0908065587198,-426.65394101409663
1318046.804984,-2021.0908065587198,-426.65394101409663
1318049.719191,-2025.8064037160098,-380.06756029218064
1318081.851681,-2140.79462249936,7.527581023889529
1318081.8524,-2140.79462249936,7.527581023889529
1318083.081137,-2140.79462249936,7.527581023889529
1318083.081684,-2140.79462249936,7.527581023889529
1318084.708897,-2147.2658339807745,41.25501894815409
1318091.708834,-2165.1720681413212,102.81623824165145
1318103.195024,-2188.8090426568137,181.1792121810027
1318107.170207,-2202.216564563201,247.08371009420873
1318116.622375,-2193.5964205140313,300.2806549235357
1318119.762353,-2136.0345327805317,358.1553542227786
1318127.393408,-2136.0345327805317,358.1553542227786
1318133.919544,-2136.0345327805317,358.1553542227786
1318141.600236,-1797.476719976759,294.186607283554
1318147.710775,-1765.3012921310537,293.65220749679736
1318154.705485,-1742.6214334217811,295.30045645801516
1318162.133983,-1742.6214334217811,295.30045645801516
1318169.489338,-1742.6214334217811,295.30045645801516
1318180.873975,-1742.6214334217811,295.30045645801516
1318183.09183,-1742.6214334217811,295.30045645801516
1318190.269832,-1733.1166291752288,298.05487823820795
1318197.19244,-1698.7991941034522,301.5790238084972
1318203.777753,-1612.2303732078403,308.1853792831202
1318217.305211,-1582.6673044665404,309.3672001850329
1318217.716037,-1582.6673044665404,309.3672001850329
1318224.993825,-1582.6673044665404,309.3672001850329
1318231.997838,-1582.6673044665404,309.3672001850329
1318239.768078,-1582.6673044665404,309.3672001850329
1318252.629149,-1582.6673044665404,309.3672001850329
1318253.194975,-1582.6673044665404,309.3672001850329
1318261.90031,-1582.6673044665404,309.3672001850329
1318266.766268,-1582.6673044665404,309.3672001850329
1318274.814215,-1582.6673044665404,309.3672001850329
1318287.62014,-1582.6673044665404,309.3672001850329
1318288.741882,-1571.0393158412833,309.06516925400905
1318295.905625,-1538.2188328820725,310.79046911876816
1318302.150905,-1501.5892885429896,318.07125801834604
1318309.126208,-1426.4650994648407,327.129475078148
1318316.667567,-1385.3067505531037,320.08113589356816
1318324.186617,-1348.2013474314933,290.0236205975923
1318329.723908,-1292.0495128378548,229.52456375167904
1318340.049785,-1245.558102872874,184.70567624872848
1318343.681146,-1197.921645811224,124.24912033111224
1318351.553042,-1125.214046784745,56.988179658782414
1318358.24711,-1078.344134731824,55.51370767295271
1318364.762347,-1034.991438203529,50.159044517924514
1318372.465804,-1015.6423189708707,46.242149782221695
1318379.217718,-1015.6423189708707,46.242149782221695
1318386.319638,-1015.6423189708707,46.242149782221695
1318394.615093,-1015.6423189708707,46.242149782221695
1318404.532626,-1015.6423189708707,46.242149782221695
1318407.262949,-1015.6423189708707,46.242149782221695
1318414.183078,-1015.6423189708707,46.242149782221695
1318421.326979,-1015.6423189708707,46.242149782221695
1318431.209849,-1015.6423189708707,46.242149782221695
1318435.192404,-1015.6423189708707,46.242149782221695
1318442.280396,-1015.6423189708707,46.242149782221695
1318448.666607,-1015.6423189708707,46.242149782221695
1318455.665484,-1007.7562642327163,41.98807109027186
1318464.568609,-1007.7562642327163,41.98807109027186
1318470.40023,-1007.7562642327163,41.98807109027186
1318478.446102,-1007.7562642327163,41.98807109027186
1318483.695374,-1007.7562642327163,41.98807109027186
1318492.428106,-977.2302463765642,29.694659228258587
1318499.10078,-970.5387856649126,21.798252983834036
1318505.043678,-879.9721568084178,7.14969169117632
1318512.140459,-849.862916599835,3.466302634363698
1318520.382763,-849.862916599835,3.466302634363698
1318526.715222,-843.0643685245232,1.2124902979762948
1318534.362491,-811.2953244187194,-10.788152184937095
1318540.060406,-768.8622897685063,-33.915071475240346
1318547.288263,-716.3970907550239,-45.84025806882347
1318554.22693,-676.8974255127487,-53.57321586517414
1318566.367936,-593.5669687684447,-65.66244885869523
1318568.44324,-540.3016464543061,-82.57739206635497
1318574.69499,-515.7121995467005,-111.92537080038684
1318574.732884,-515.7121995467005,-111.92537080038684
1318581.696361,-515.1242751876428,-114.00068330061391
1318588.695619,-515.1242751876428,-114.00068330061391
1318597.401996,-515.1242751876428,-114.00068330061391
1318604.938706,-515.1242751876428,-114.00068330061391
1318611.401654,-515.1242751876428,-114.00068330061391
1318617.001954,-515.1242751876428,-114.00068330061391
1318623.997735,-515.1242751876428,-114.00068330061391
1318630.667703,-515.1242751876428,-114.00068330061391
1318642.199771,-515.1242751876428,-114.00068330061391
1318645.019116,-515.1242751876428,-114.00068330061391
1318652.017954,-515.1242751876428,-114.00068330061391
1318658.988471,-515.1242751876428,-114.00068330061391
1318667.127397,-515.1242751876428,-114.00068330061391
1318674.890783,-515.1242751876428,-114.00068330061391
1318680.144491,-515.1242751876428,-114.00068330061391
1318688.186896,-515.1242751876428,-114.00068330061391
1318693.704404,-515.1242751876428,-114.00068330061391
1318700.723916,-515.1242751876428,-114.00068330061391
1318711.812375,-515.1242751876428,-114.00068330061391
1318715.097806,-515.1242751876428,-114.00068330061391
1318722.126004,-515.1242751876428,-114.00068330061391
1318728.704771,-515.1242751876428,-114.00068330061391
1318735.670177,-515.1242751876428,-114.00068330061391
1318744.299552,-515.1242751876428,-114.00068330061391
1318751.046617,-515.1242751876428,-114.00068330061391
1318756.667,-515.1242751876428,-114.00068330061391
1318764.127101,-515.1242751876428,-114.00068330061391
1318771.216507,-515.1242751876428,-114.00068330061391
1318780.132463,-515.1242751876428,-114.00068330061391
1318786.276568,-515.1242751876428,-114.00068330061391
1318792.06174,-515.1242751876428,-114.00068330061391
1318800.443373,-515.1242751876428,-114.00068330061391
1318806.100371,-515.1242751876428,-114.00068330061391
1318813.542649,-515.1242751876428,-114.00068330061391
1318821.611722,-515.1242751876428,-114.00068330061391
1318827.816534,-515.1242751876428,-114.00068330061391
1318834.072477,-515.1242751876428,-114.00068330061391
1318845.653846,-515.1242751876428,-114.00068330061391
1318848.501732,-515.1242751876428,-114.00068330061391
1318856.220263,-515.1242751876428,-114.00068330061391
1318862.110887,-515.1242751876428,-114.00068330061391
1318869.070782,-515.1391734959013,-113.9871649615587
1318876.218382,-515.1391734959013,-113.9871649615587
1318883.140264,-515.1391734959013,-113.9871649615587
1318890.084148,-515.1391734959013,-113.9871649615587
1318897.838059,-515.1391734959013,-113.9871649615587
1318904.089712,-515.1391734959013,-113.9871649615587
1318914.113422,-515.1391734959013,-113.9871649615587
1318918.119159,-515.1391734959013,-113.9871649615587
1318925.1084,-515.1391734959013,-113.9871649615587
1318932.094702,-515.1391734959013,-113.9871649615587
1318938.705125,-515.1391734959013,-113.9871649615587
1318945.679274,-515.1391734959013,-113.9871649615587
1318953.087385,-515.1391734959013,-113.9871649615587
1318960.084894,-515.1391734959013,-113.9871649615587
1318967.088473,-515.1391734959013,-113.9871649615587
1318973.7771,-515.1391734959013,-113.9871649615587
1318981.508431,-515.1391734959013,-113.9871649615587
1318988.068338,-515.1391734959013,-113.9871649615587
1318995.064757,-515.1391734959013,-113.9871649615587
1319001.704467,-515.1391734959013,-113.9871649615587
1319010.760471,-515.1391734959013,-113.9871649615587
1319016.351344,-515.1391734959013,-113.9871649615587
1319023.619195,-515.1391734959013,-113.9871649615587
1319030.304399,-515.1391734959013,-113.9871649615587
1319037.283587,-515.1391734959013,-113.9871649615587
1319044.445807,-515.1391734959013,-113.9871649615587
1319051.464612,-515.1391734959013,-113.9871649615587
1319060.439573,-515.1391734959013,-113.9871649615587
1319064.689343,-515.1391734959013,-113.9871649615587
1319072.780305,-512.9194068516337,-114.36283756071789
1319079.101603,-503.01311904259103,-116.11484241200094
1319086.255118,-502.46826480017813,-116.07680081532921
1319093.224591,-502.46826480017813,-116.07680081532921
1319099.720261,-502.46826480017813,-116.07680081532921
1319108.043273,-502.46826480017813,-116.07680081532921
1319114.191328,-502.46826480017813,-116.07680081532921
1319121.255195,-502.46826480017813,-116.07680081532921
1319128.888386,-502.46826480017813,-116.07680081532921
1319135.222047,-502.46826480017813,-116.07680081532921
1319142.206983,-502.46826480017813,-116.07680081532921
1319154.784328,-502.46826480017813,-116.07680081532921
1319155.675584,-502.46826480017813,-116.07680081532921
1319165.928851,-502.46826480017813,-116.07680081532921
1319169.706803,-502.46826480017813,-116.07680081532921
1319179.808783,-502.46826480017813,-116.07680081532921
1319183.705539,-502.46826480017813,-116.07680081532921
1319192.204583,-502.46826480017813,-116.07680081532921
1319198.623548,-502.46826480017813,-116.07680081532921
1319205.590054,-502.46826480017813,-116.07680081532921
1319212.644891,-502.46826480017813,-116.07680081532921
1319218.682665,-502.46826480017813,-116.07680081532921
1319229.244517,-502.46826480017813,-116.07680081532921
1319234.018021,-502.46826480017813,-116.07680081532921
1319241.036347,-502.46826480017813,-116.07680081532921
1319246.691799,-502.46826480017813,-116.07680081532921
1319253.70578,-502.46826480017813,-116.07680081532921
1319264.347057,-502.46826480017813,-116.07680081532921
1319270.111335,-502.46826480017813,-116.07680081532921
1319275.609168,-502.46826480017813,-116.07680081532921
1319284.355138,-502.46826480017813,-116.07680081532921
1319291.44117,-502.46826480017813,-116.07680081532921
1319296.644941,-502.46826480017813,-116.07680081532921
1319303.189573,-502.46826480017813,-116.07680081532921
1319309.685499,-502.46826480017813,-116.07680081532921
1319318.476488,-502.46826480017813,-116.07680081532921
1319324.289595,-502.46826480017813,-116.07680081532921
1319331.33642,-502.46826480017813,-116.07680081532921
1319340.023379,-502.46826480017813,-116.07680081532921
1319347.673385,-502.46826480017813,-116.07680081532921
1319352.037671,-502.46826480017813,-116.07680081532921
1319360.557827,-498.33241192676286,-116.69584517819783
1319366.202424,-498.33241192676286,-116.69584517819783
1319372.679335,-498.33241192676286,-116.69584517819783
1319380.294575,-498.33241192676286,-116.69584517819783
1319387.198069,-498.33241192676286,-116.69584517819783
1319396.424188,-498.33241192676286,-116.69584517819783
1319401.244584,-498.33241192676286,-116.69584517819783
1319408.180412,-498.33241192676286,-116.69584517819783
1319416.482961,-498.33241192676286,-116.69584517819783
1319422.200293,-498.33241192676286,-116.69584517819783
1319430.149347,-498.33241192676286,-116.69584517819783
1319440.628874,-498.33241192676286,-116.69584517819783
1319443.466383,-498.33241192676286,-116.69584517819783
1319451.874163,-498.33241192676286,-116.69584517819783
1319457.241691,-498.33241192676286,-116.69584517819783
1319463.7159,-498.33241192676286,-116.69584517819783
1319472.66486,-498.33241192676286,-116.69584517819783
1319478.157411,-498.33241192676286,-116.69584517819783
1319485.506962,-498.33241192676286,-116.69584517819783
1319491.688669,-498.33241192676286,-116.69584517819783
1319499.834775,-498.33241192676286,-116.69584517819783
1319506.317622,-498.33241192676286,-116.69584517819783
1319514.59263,-498.33241192676286,-116.69584517819783
1319519.679881,-498.33241192676286,-116.69584517819783
1319526.696175,-498.33241192676286,-116.69584517819783
1319536.869164,-498.33241192676286,-116.69584517819783
1319541.233917,-498.33241192676286,-116.69584517819783
1319548.604102,-498.33241192676286,-116.69584517819783
1319555.069969,-498.33241192676286,-116.69584517819783
1319562.025591,-498.33241192676286,-116.69584517819783
1319569.000258,-498.33241192676286,-116.69584517819783
1319576.016832,-498.33241192676286,-116.69584517819783
1319583.025756,-498.33241192676286,-116.69584517819783
1319589.683848,-498.33241192676286,-116.69584517819783
1319596.715333,-498.33241192676286,-116.69584517819783
1319605.78953,-498.33241192676286,-116.69584517819783
1319610.680185,-498.33241192676286,-116.69584517819783
1319617.684981,-498.33241192676286,-116.69584517819783
1319626.424824,-498.33241192676286,-116.69584517819783
1319632.00891,-498.33241192676286,-116.69584517819783
1319639.023278,-498.33241192676286,-116.69584517819783
1319646.016574,-498.33241192676286,-116.69584517819783
1319653.108575,-498.33241192676286,-116.69584517819783
1319660.01947,-498.33241192676286,-116.69584517819783
1319667.015272,-498.33241192676286,-116.69584517819783
1319673.703168,-498.33241192676286,-116.69584517819783
1319681.051197,-498.33241192676286,-116.69584517819783
1319688.148523,-498.33241192676286,-116.69584517819783
1319695.230502,-498.33241192676286,-116.69584517819783
1319706.45119,-498.33241192676286,-116.69584517819783
1319708.681122,-498.33241192676286,-116.69584517819783
1319716.009242,-498.33241192676286,-116.69584517819783
1319723.019449,-498.33241192676286,-116.69584517819783
1319730.014105,-498.33241192676286,-116.69584517819783
1319736.682395,-498.33241192676286,-116.69584517819783
1319749.224851,-498.33241192676286,-116.69584517819783
1319750.894312,-498.33241192676286,-116.69584517819783
1319758.560207,-498.33241192676286,-116.69584517819783
1319764.730402,-498.33241192676286,-116.69584517819783
1319771.738052,-498.33241192676286,-116.69584517819783
1319779.255234,-498.33241192676286,-116.69584517819783
1319786.013809,-498.33241192676286,-116.69584517819783
1319793.011049,-498.33241192676286,-116.69584517819783
1319799.713999,-498.33241192676286,-116.69584517819783
1319807.9187,-498.33241192676286,-116.69584517819783
1319813.723998,-498.33241192676286,-116.69584517819783
1319821.00055,-498.33241192676286,-116.69584517819783
1319828.028667,-498.33241192676286,-116.69584517819783
1319834.727867,-498.33241192676286,-116.69584517819783
1319842.745877,-498.33241192676286,-116.69584517819783
1319849.025797,-498.33241192676286,-116.69584517819783
1319856.01003,-498.33241192676286,-116.69584517819783
1319862.70418,-498.33241192676286,-116.69584517819783
1319870.022751,-498.33241192676286,-116.69584517819783
1319877.078038,-498.33241192676286,-116.69584517819783
1319884.010209,-498.33241192676286,-116.69584517819783
1319891.028164,-498.33241192676286,-116.69584517819783
1319898.027363,-498.33241192676286,-116.69584517819783
1319905.093662,-498.33241192676286,-116.69584517819783
1319913.976157,-498.33241192676286,-116.69584517819783
1319918.736614,-498.33241192676286,-116.69584517819783
1319925.684305,-493.95116953155485,-116.23055904146638
1319933.082639,-481.6277439858678,-115.51287927623322
1319944.783746,-478.197407617646,-116.34659632176927
1319947.016798,-477.97684912116455,-116.18014070737021
1319954.235825,-472.5302103653066,-115.21889514827066
1319961.247329,-451.80256543126524,-116.65027050760834
1319964.829669,-409.5754932102679,-113.99053769524969
1319968.612856,-382.95868507644013,-112.88495187283812
1319974.780621,-334.44580278790596,-105.05402239047521
1319981.781145,-314.5302905784983,-112.45085820921702
1319989.135201,-299.20012343752904,-144.8711624480407
1319996.11611,-294.0045228782945,-156.4561926397514
1320003.124283,-286.4297279603505,-164.23623517169943
1320010.045777,-286.4297279603505,-164.23623517169943
1320019.422102,-286.4297279603505,-164.23623517169943
1320023.686274,-286.4297279603505,-164.23623517169943
1320030.715222,-260.1660528103367,-187.55148177800928
1320037.725289,-260.1660528103367,-187.55148177800928
1320044.714896,-232.14169595496912,-213.4871400261747
1320053.270252,-185.64661731412858,-200.8397304976925
1320058.714085,-165.8230766261406,-197.61970375892753
1320065.703371,-155.7100266659842,-203.79157142648776
1320073.348671,-138.80507277522273,-261.43928109347945
1320079.686573,-126.1944979897964,-289.32722691124883
1320088.143235,-106.98138181381171,-310.02772537395356
1320094.129721,-75.74594010317129,-314.6431629018162
1320100.692022,-58.01676897220095,-279.42164605789606
1320108.240742,-55.535708444133355,-241.6845407878032
1320115.469344,-47.073104095703684,-175.6318285250326
1320123.65478,-20.114291068809727,-143.03508320931687
1320128.714513,-0.2209090638649642,-118.14292548638547
1320137.658942,0.6319587123246968,-114.53507917839879
1320143.187698,-2.8200107829573526,-99.47864169055815
1320150.200151,-7.404079512583051,-73.73516066642831
1320157.767723,-4.658970478895012,-23.106080423248148
1320164.241386,34.76483840119752,-18.146229367113353
1320171.11199,87.69248349103638,-6.411719666354012
1320177.686683,141.42294766415355,15.090074939823996
1320187.476953,183.97155368068476,34.232716689765184
1320192.037569,213.59137978244974,-11.309442904712222
1320198.735507,221.23271936494245,-67.3575456350852
1320207.711619,271.28315628043464,-73.7286388722519
1320213.29788,324.6905956190086,-68.40555748803136
1320224.918694,353.29948345968813,-31.708548792855847
1320236.35703,353.7124444777803,41.61427531488972
1320236.357662,353.7124444777803,41.61427531488972
1320237.833847,353.7124444777803,41.61427531488972
1320248.136258,339.34034860501646,91.40761285834772
1320251.797764,325.127504252906,136.91689139701325
1320260.535726,333.7906360824424,208.35697067963292
1320266.839559,351.36674333051815,254.14436268081542
1320273.125469,381.5745107384037,300.15502574586463
1320281.386413,440.50261936144454,352.5981382031121
1320287.218293,477.78378574574236,380.5199444755072
1320299.060151,505.59149459566953,404.7189984384745
1320300.770055,548.3605534182869,453.7295853831578
1320307.79895,561.1755433015992,466.9237386180604
1320315.103981,561.1755433015992,466.9237386180604
1320321.797147,561.1755433015992,466.9237386180604
1320328.799245,561.1755433015992,466.9237386180604
1320337.282921,561.1755433015992,466.9237386180604
1320343.09676,590.9325687985415,483.28554552477874
1320352.323638,622.3084829240926,506.68310184449297
1320356.872211,644.6092919518364,529.7207633219971
1320365.19132,644.6092919518364,529.7207633219971
1320371.247396,644.6092919518364,529.7207633219971
1320379.534429,644.6092919518364,529.7207633219971
1320385.44797,644.6092919518364,529.7207633219971
1320392.302667,648.5976032950277,536.4529823428607
1320399.473015,673.1105409708701,553.1605114590643
1320406.153015,717.385879946228,601.9651968591912
1320416.258761,738.3939715029442,628.9712445945939
1320419.800681,780.2040136453409,664.6957954596415
1320426.870315,828.7602041450514,734.3832610851869
1320439.424101,876.2492614308388,763.5470737848432
1320440.817407,895.9106038791443,777.4690974753602
1320447.818731,948.6924215124759,793.1516146131601
1320461.815287,948.6924215124759,793.1516146131601
1320461.885168,964.7355919055674,800.6687169549406
1320468.864428,964.7355919055674,800.6687169549406
1320477.735137,975.1704738999337,802.6663480555508
1320482.824271,997.2578717902879,781.3572073041796
1320496.396232,1037.006291514678,749.5561582993852
1320496.826878,1041.956790063878,745.5610010354926
1320508.29486,1066.4618622375306,732.2861729819703
1320512.026578,1097.8176655648715,735.4875915214429
1320517.868354,1128.761006796758,756.7243403389335
1320532.130237,1176.9092763670417,803.8245749524771
1320532.13909,1235.812735571322,866.4957171340561
1320538.811924,1251.1465057868356,888.1019904978964
1320549.352861,1295.987650917888,927.2397940968086
1320552.893895,1384.0731299969323,1009.9925804075698
1320559.8246,1424.1849119616504,1055.0007188687757
1320566.872455,1444.750775246731,1069.7040333456382
1320573.913403,1478.4133654896737,1093.4921830165997
1320580.87387,1506.6714370332809,1120.364096261057
1320589.758282,1530.9919661174115,1145.3770305688147
1320594.932497,1539.8612469050772,1174.837555998087
1320610.561979,1529.7467752244538,1180.284942576144
1320610.570992,1471.5572136142519,1235.194816539672
1320618.569492,1442.471379978621,1266.1172457506873
1320622.879482,1451.2224735043364,1296.1586758145697
1320629.775806,1486.467579038417,1327.5792714980473
1320637.240843,1544.5980492987244,1348.0250741838242
1320654.319287,1553.8051556517635,1354.8586197248317
1320654.322825,1553.8051556517635,1354.8586197248317
1320657.779325,1553.8051556517635,1354.8586197248317
1320665.586496,1553.8051556517635,1354.8586197248317
1320671.777546,1553.8051556517635,1354.8586197248317
1320682.466346,1582.1499054905225,1386.7071562812632
1320686.357846,1619.7308205405418,1429.5591947411717
1320692.811407,1676.124360430763,1477.3063045557715
1320701.067055,1746.6080783806565,1550.5602476993058
1320707.342928,1784.7919692644837,1583.050054780514
1320714.183298,1818.991399492505,1563.7939561495061
1320723.659687,1899.2520195449126,1524.5211062161695
1320730.310831,1961.7306539672593,1526.126399702074
1320734.862058,2026.5397950134916,1540.77081012878
1320741.861696,2106.547254774754,1555.5198120545354
1320748.861168,2142.544658083717,1565.6175409087227
1320756.741235,2169.1968499729137,1547.6770421878928
1320762.871119,2185.9816410495155,1538.4518078557733
1320770.220727,2185.9816410495155,1538.4518078557733
1320777.264484,2185.9816410495155,1538.4518078557733
1320784.178649,2185.9816410495155,1538.4518078557733
1320791.344565,2185.9816410495155,1538.4518078557733
1320797.879391,2185.9816410495155,1538.4518078557733
1320805.217292,2185.9816410495155,1538.4518078557733
1320811.831495,2185.9816410495155,1538.4518078557733
1320818.877799,2185.9816410495155,1538.4518078557733
1320829.358727,2191.1816867696484,1537.3315005259037
1320832.821683,2217.3131561748874,1556.305810366015
1320839.831579,2219.1088438730953,1571.1010474534846
1320846.860438,2219.1088438730953,1571.1010474534846
1320853.860315,2219.1088438730953,1571.1010474534846
1320863.396559,2219.1088438730953,1571.1010474534846
1320867.830648,2219.1088438730953,1571.1010474534846
1320874.841761,2219.1088438730953,1571.1010474534846
1320881.871483,2219.1088438730953,1571.1010474534846
1320888.881502,2219.1088438730953,1571.1010474534846
1320897.516451,2219.1088438730953,1571.1010474534846
1320902.841752,2219.1088438730953,1571.1010474534846
1320909.796751,2219.1088438730953,1571.1010474534846
1320920.617453,2219.1088438730953,1571.1010474534846
1320923.878869,2219.1088438730953,1571.1010474534846
1320931.734744,2203.969003911937,1571.2033427581357
1320937.879629,2193.233356430042,1580.1892976947643
1320944.877592,2193.233356430042,1580.1892976947643
1320955.127757,2189.545966968944,1588.166332007407
1320959.140538,2164.0830169706287,1594.2068895394314
1320966.241348,2144.282293719354,1572.9901252426796
1320973.26566,2145.337923311486,1533.2065273996502
1320980.168743,2115.9160015531415,1505.3471649591331
1320987.463391,2095.1333814311242,1464.1199343758371
1320993.886968,2040.1321583706217,1424.5730809414174
1321001.228241,1985.1273294614907,1413.8655686309698
1321007.879461,1928.4212228791046,1389.8948758116153
1321014.789454,1878.1097720059197,1359.177432165266
1321021.782084,1820.471393683883,1313.8519546271286
1321028.811418,1792.0548388369718,1273.9439378963314
1321036.590741,1701.527796606429,1271.5871477170037
1321043.237462,1666.4925697681606,1280.1107444567272
1321050.180486,1676.6343412882552,1265.8223067788074
1321059.354468,1718.458304850573,1234.4944951263274
1321069.782878,1684.1492723355152,1205.9696460082805
1321070.992915,1633.153622554919,1184.1222613121495
1321077.915134,1590.0051209435524,1124.0091642006453
1321090.914558,1603.9815969152303,1094.000590550876
1321091.782394,1626.9870611528524,1056.620630795574
1321100.392919,1663.6027967485973,1017.9021683054648
1321123.210873,1786.1269478304346,893.2520782285444
1321123.211543,1786.1269478304346,893.2520782285444
1321125.02694,1786.1269478304346,893.2520782285444
1321133.338531,1827.102170892274,842.5930744547737
1321139.549074,1853.063387914911,812.4339618526977
1321146.327482,1891.7263140847517,770.3646321867559
1321153.128947,1919.0430916684352,736.2373636884048
1321160.127924,1937.5109435300053,715.8989900120575
1321169.055628,1950.3285808116477,706.6650866686231
1321179.113394,1957.2394665456313,700.5521857922882
1321182.402836,1957.2394665456313,700.5521857922882
1321188.121396,1957.2394665456313,700.5521857922882
1321195.122641,1957.2394665456313,700.5521857922882
1321207.983063,1957.2394665456313,700.5521857922882
1321209.073795,1957.2394665456313,700.5521857922882
1321216.145572,1957.2394665456313,700.5521857922882
1321227.137823,1957.2394665456313,700.5521857922882
1321231.786277,1957.2394665456313,700.5521857922882
1321237.031729,1957.2394665456313,700.5521857922882
1321244.151439,1957.2394665456313,700.5521857922882
1321251.839468,1957.2394665456313,700.5521857922882
1321258.071631,1957.2394665456313,700.5521857922882
1321269.017947,1957.2394665456313,700.5521857922882
1321272.063443,1957.2394665456313,700.5521857922882
1321281.934679,1957.2394665456313,700.5521857922882
1389827.751348,-4179.260339803876,4418.552454835468
1389851.663255,-4121.159361115419,4468.17101809879
1389851.812032,-4082.905284497028,4525.211950680781
1389851.817608,-4075.6061834480793,4569.048923349469
1389852.595439,-4088.4718354727656,4579.078072455068
1389852.596148,-4088.4718354727656,4579.078072455068
1389854.298919,-4088.4718354727656,4579.078072455068
1389863.333909,-4131.488848552443,4563.090644164146
1389868.304188,-4156.979375334655,4573.028026021349
1389881.209018,-4166.8123294840425,4584.330061935825
1389882.914908,-4136.3652648708685,4646.072803960635
1389889.351676,-4114.727262266104,4682.230225551079
1389896.885434,-4104.873733472147,4700.678526790151
1389903.356219,-4063.575571125366,4785.022737161714
1389912.277353,-4075.4679230493684,4872.25346567769
1389921.066315,-4061.5290980687055,4929.0569700496435
1389924.278662,-3973.101199824755,5013.467471795025
1389931.408462,-3891.2879761740655,5037.463137191685
1389938.360017,-3811.796086656898,5045.917364769892
1389945.357678,-3695.7699813178065,5018.050120773278
1389953.246081,-3645.703984489522,5058.349008040736
1390768.467218,-1010.3394099936291,5001.082268026791
1390778.548585,-995.13503158565,4905.58524233977
1390782.449755,-985.6607006697024,4821.281488027503
1390789.936289,-971.6932685152008,4734.868820972654
1390796.467446,-954.7101375881882,4617.980965720319
1390803.455143,-943.6778482759221,4547.868363659789
1390812.124255,-933.6023468842566,4460.118109386801
1390817.696348,-912.4577898746095,4306.630369109392
1390824.894249,-897.5521838830279,4195.817652290471
1390831.420159,-883.0528199908067,4071.644653209483
1390839.328459,-856.6034479284391,3871.32778382715
1390845.459133,-840.4342467556419,3753.1657614512906
1390855.288053,-825.6345102579681,3634.1850629356745
1390859.633536,-787.3879966243991,3477.7762942586323
1390867.981866,-737.3574088263179,3405.542126799736
1390873.847327,-652.0403859408696,3402.744316894201
1390880.735348,-559.7349645200253,3458.370556897661
1390889.678021,-529.5109306212446,3476.186161198616
1390895.024313,-508.27699654456217,3488.6396573364723
1390901.847435,-497.7227231865488,3495.0798799220083
1390908.45279,-497.7227231865488,3495.0798799220083
1390915.385192,-497.7227231865488,3495.0798799220083
1390924.108838,-497.7227231865488,3495.0798799220083
1390930.957804,-497.7227231865488,3495.0798799220083
1390936.964826,-487.56510021928193,3499.430294698658
1390945.019406,-467.1449822903407,3502.8194299607417
1390952.117291,-455.73077123162136,3502.750426990418
1390963.421373,-416.62071487459673,3507.7766364774284
1390994.192389,-298.2264177827729,3431.1478327404006
1390994.193095,-298.2264177827729,3431.1478327404006
1390995.77084,-293.0921154025546,3427.9849015678237
1391007.655196,-279.07435490240044,3421.09422886234
1391009.822649,-270.2887632979604,3417.8912907144645
1391016.770585,-256.52207326841966,3410.803823017513
1391024.323019,-237.87032114305873,3398.691243014402
1391030.79018,-201.42286883369903,3370.8998971745154
1391044.410296,-168.01976144787167,3344.235740755844
1391044.819461,-146.7507707557063,3315.4161223312894
1391055.349363,-130.3843917501909,3302.9875181269836
1391058.839284,-119.72379850658984,3290.9657968596393
1391065.838003,-112.42677315228276,3260.438952240684
1391074.343774,-102.18766071954404,3227.0437486399846
1391081.261138,-94.45664995342504,3193.1674867780375
1391086.743248,-101.80121955745973,3170.455542070892
1391094.397009,-112.65040695644933,3126.669241057015
1391100.74137,-122.37587335947642,3071.2137201812125
1391113.280283,-130.92608734414077,3006.72746615253
1391115.253765,-142.42364987863857,2934.253149434926
1391122.154803,-146.5274862574194,2912.4367366963866
1391129.320347,-152.19625944286207,2883.8908813693088
1391137.239885,-158.0750644804735,2824.465172540921
1391142.806312,-163.25544255397293,2787.506730693858
1391152.557866,-169.96902398026577,2749.6811562386442
1391156.846029,-189.97013191643484,2694.3998749757006
1391163.784759,-199.95903001009916,2672.0342625662406
1391170.483885,-199.95903001009916,2672.0342625662406
1391170.796057,-208.15243934710418,2658.521441381958
1391177.84589,-235.55046907265688,2639.367872159742
1391189.127914,-248.6613784043665,2608.4546421155296
1391198.009027,-270.346229816967,2567.873897797419
1391199.217706,-312.41229258743437,2518.249587380022
1391205.795508,-344.5763954490213,2491.60043064967
1391217.017769,-391.2135943584435,2462.2374254596225
1391219.989684,-492.1193333022226,2458.835787216856
1391233.962329,-562.488829916234,2487.4487405147916
1391233.971681,-620.9371823846942,2498.8032113082572
1391243.609542,-684.6520298998461,2462.8978003959705
1391247.782547,-743.3830164259431,2457.9164895066865
1391255.271758,-771.4822541824947,2507.387917439443
1391263.015542,-804.4826978278749,2618.0650779104953
1391269.407947,-827.8157065170761,2701.7443707514813
1391276.355107,-845.3284766276336,2756.161378186243
1391282.762201,-882.8300423362215,2884.741509920072
1391294.842271,-900.3211770274319,2978.776090293292
1391302.847958,-878.9518995062211,3056.2956938206025
1391303.8121,-841.8018461268178,3107.3933228144165
1391310.840886,-841.8018461268178,3107.3933228144165
1391321.647267,-841.8018461268178,3107.3933228144165
1391327.073967,-841.8018461268178,3107.3933228144165
1391336.49186,-841.8018461268178,3107.3933228144165
1391340.011585,-819.8798039525328,3133.445766549756
1391346.199709,-782.3036204241718,3190.464890643615
1391353.253407,-744.2059929988468,3253.054811873815
1391361.844587,-710.1048576461094,3330.790003093689
1391372.20742,-747.7426310452844,3473.1790923191215
1391374.864558,-801.9982947533156,3570.9419932499814
1391381.466802,-819.9801921374443,3708.1000094640667
1391388.291891,-846.5041117758395,3923.6172674207173
1391395.22835,-861.906473104163,4034.176034830101
1391403.781449,-877.7743719837928,4131.296753202804
1391408.843658,-904.4077945743508,4329.611530899868
1391415.853338,-920.3114985390615,4468.091771603372
1391423.149939,-931.5078412445274,4568.839503270986
1391429.851122,-901.0008086219494,4584.549559289189
1391437.247429,-887.782006881851,4562.1872533517
1391446.382345,-882.1232247456942,4551.931345788894
1391450.841276,-874.4828703418412,4538.245367296187
1391458.659743,-870.4337833920604,4523.901840924208
1391465.148411,-873.8471994267071,4511.396143873565
1391479.751745,-885.2837104565803,4495.502232281434
1391479.755556,-903.1258076315031,4488.850539977852
1391488.325716,-960.9710473535243,4482.255461143278
1391493.108786,-1022.0694407477692,4475.512643224149
1391502.624338,-1059.5969301714997,4481.639218416303
1391506.847344,-1114.7588815628683,4482.586426820928
1391514.10535,-1190.2167524956312,4472.868455012799
1391521.120361,-1197.2472543126476,4472.352904107399
1391528.339157,-1197.2472543126476,4472.352904107399
1391535.721259,-1231.5635848877932,4467.945297195116
1391542.262287,-1264.6024496007385,4465.529024001841
1391548.796038,-1294.0491236935018,4462.922495381216
1391555.848003,-1322.433296855241,4459.799892639461
1391563.3377,-1323.5507877071868,4459.945278503842
1391570.239368,-1338.2187106148021,4462.426337444831
1391577.315279,-1367.129682304576,4498.876915192967
1391583.798712,-1386.5245072950904,4540.098316262118
1391592.009212,-1416.5929142472062,4581.591821518832
1391598.181863,-1482.3745318551996,4637.083196398917
1391604.847857,-1512.6514102670071,4671.292473356981
1391612.450579,-1543.9767638013334,4704.728477516281
1391619.272506,-1606.0031615343364,4779.132601250165
1391626.156602,-1638.888782314673,4840.956014018145
1391633.14477,-1660.2785278172846,4897.230494447694
1391640.529236,-1681.782495775355,4967.236975767524
1391646.849212,-1692.9575361179122,5010.601262241144
1391653.87739,-1702.3789745999266,5045.939906454073
1391734.756746,-199.95903001009916,2672.0342625662406
1391821.811949,-1711.344133527859,5053.908602330498
1391830.35582,-1693.2852132074684,4998.649969946803
1391836.125141,-1680.412474588526,4956.551001080579
1391844.432198,-1670.044452537972,4922.444571587618
1391851.994653,-1659.609555147329,4893.686423332112
1391857.101833,-1644.3550500078643,4855.843323667699
1391865.515908,-1628.4213802611202,4819.526932016794
1391870.848981,-1586.5173407223422,4749.162917818902
1391877.855686,-1549.4912646753487,4705.945974258735
1391886.43215,-1519.9907577836889,4671.639177506808
1391893.092671,-1471.2105332554281,4616.312327708537
1391898.781366,-1446.2322391944674,4591.4821447787735
1391910.017085,-1416.0869286688292,4569.534688743059
1391913.315664,-1390.184301167425,4521.865750629865
1391923.647708,-1385.0933482438654,4476.602901254832
1391926.805889,-1381.312484037275,4440.291347605748
1391933.855738,-1380.6091588355519,4435.240762733832
1391941.179542,-1380.6091588355519,4435.240762733832
1391948.785062,-1380.6091588355519,4435.240762733832
1391954.852978,-1380.6091588355519,4435.240762733832
1391964.715158,-1385.074043891291,4419.645922395928
1391969.133103,-1402.3649653537436,4404.716746868973
1391976.151717,-1458.7430981107505,4355.868408549437
1391983.11268,-1475.8652430536392,4340.076212202936
1391990.167941,-1497.8823786233006,4320.120068404582
1392003.452046,-1539.3998835325447,4283.345128370338
1392003.45734,-199.95903001009916,2672.0342625662406
1392004.443232,-1580.3050273474998,4248.91650930885
1392005.959167,-1598.159181744766,4236.066731537972
1392005.959783,-1598.159181744766,4236.066731537972
1392007.959675,-1598.159181744766,4236.066731537972
1392015.208165,-1614.058018527433,4226.642728255435
1392021.858544,-1614.058018527433,4226.642728255435
1392030.434613,-1614.058018527433,4226.642728255435
1392036.093881,-1614.058018527433,4226.642728255435
1392043.228158,-1614.058018527433,4226.642728255435
1392051.957441,-1625.23290887375,4221.030051849176
1392057.22038,-1697.006130767116,4172.581029287711
1392064.246261,-1739.766874012875,4132.119297101477
1392082.247034,-1778.7530669184532,4084.5691879853475
1392082.250996,-1862.366188793684,3989.4688620473153
1392084.963219,-1911.8850747953206,3934.6898438299636
1392099.45519,-1958.1250944244462,3864.643114516365
1392099.458855,-1987.9316812332063,3723.1521511361743
1392107.488185,-2003.7212308367139,3607.826304345805
1392113.572104,-2035.756630517234,3482.184217910746
1392120.426223,-2036.799456442902,3317.600441448541
1392129.815508,-2039.5696294354848,3263.2753308209453
1392133.975116,-2104.693137199266,3234.905695403585
1392141.331258,-2155.844403693935,3196.4310265429626
1392151.079983,-2148.9811449748304,3138.2638505385835
1392155.292578,-2143.8344031858364,3095.5257366300316
1392163.291383,-2130.819965580938,3070.541851611836
1392169.373252,-2128.3640649893323,3067.378999772967
1392182.326095,-2128.3640649893323,3067.378999772967
1392182.901747,-2128.3640649893323,3067.378999772967
1392190.304295,-2128.3640649893323,3067.378999772967
1392197.499819,-2128.3640649893323,3067.378999772967
1392203.95874,-2128.3640649893323,3067.378999772967
1392211.57976,-2128.3640649893323,3067.378999772967
1392218.283987,-2124.217261307781,3060.8596744400697
1392226.686502,-2083.8678570920833,3026.422482808869
1392232.39558,-2037.6983435311383,3012.225886580874
1392239.736014,-1991.4952249994024,3009.513954953277
1392250.618509,-1885.1267241476337,2991.9202540022416
1392253.19025,-1845.5083751441416,2953.479073993673
1392262.136249,-1817.425355554883,2925.99804054206
1392267.467272,-1786.9168855013236,2896.9749632422117
1392274.296643,-1773.61027560452,2885.4027716157816
1392280.927766,-1741.5708547326908,2857.5823773264046
1392290.808139,-1666.60224496873,2806.4520514369883
1392295.669636,-1609.4554071130412,2776.1295658903055
1392301.882508,-1572.9257349404754,2764.870044073355
1392308.980965,-1524.0889622505604,2756.4896584385865
1392322.739131,-1503.533960413441,2751.403992359444
1392327.571244,-1498.672453759623,2750.665914726785
1392330.279842,-1458.280790907391,2741.671401888759
1392337.343446,-1426.3337164367933,2734.467118466027
1392344.874099,-1393.2271591483745,2726.7402163831403
1392351.367717,-1332.653734319111,2712.8630873164743
1392359.027935,-1287.0177436162003,2702.0767961841484
1392366.334969,-1223.613513090036,2678.335548852675
1392373.609323,-1126.0455878196988,2579.685804588424
1392378.889517,-1098.505473238908,2510.205892040454
1392385.920889,-1091.1941388692871,2471.985115992046
1392393.106733,-1072.6068516722037,2383.962306699115
1392400.384911,-1073.539414278207,2308.231549695042
1392406.874274,-1085.3882150123402,2222.2240648601933
1392413.897551,-1097.8793862833627,2117.165332140636
1392422.492074,-1098.4301777540943,2090.8829264417805
1392428.43925,-1098.4301777540943,2090.8829264417805
1392436.678138,-1098.4301777540943,2090.8829264417805
1392442.250556,-1099.7726107501312,2078.913787293493
1392449.31268,-1099.2843323488405,2027.970741947224
1392456.361879,-1093.6308876206838,1989.6315646200494
1392466.010347,-1093.6308876206838,1989.6315646200494
1392471.741825,-1093.6308876206838,1989.6315646200494
1392477.154663,-1093.6308876206838,1989.6315646200494
1392483.963018,-1093.6308876206838,1989.6315646200494
1392491.375347,-1093.6308876206838,1989.6315646200494
1392499.720465,-1093.6308876206838,1989.6315646200494
1392504.963057,-1093.6308876206838,1989.6315646200494
1392511.973726,-1093.6308876206838,1989.6315646200494
1392520.710542,-1092.0026367347252,1983.088222661799
1392526.07399,-1082.078249353759,1933.5912398965263
1392537.959653,-1069.2524878988777,1876.1742929403486
1392540.549043,-1049.1983985263487,1780.7785373254935
1392546.971618,-1040.294758989937,1746.831688052941
1392555.42054,-1040.294758989937,1746.831688052941
1392570.236928,-917.3851758657115,1379.4994847957664
1392570.237559,-917.3851758657115,1379.4994847957664
1392572.897283,-895.9944474049142,1333.2113003756297
1392582.11885,-818.1829265397661,1200.7866408514126
1392586.943642,-765.573849632753,1076.9055377274951
1392595.179035,-756.3660128932822,1007.4220105487401
1392600.889959,-813.2783363982112,813.7417965229902
1392609.268816,-843.6571723278992,777.1995466125801
1392615.190322,-864.4087315165912,760.9867601362225
1392622.204013,-884.6762091092152,749.9594448403367
1392628.927412,-903.0387331692779,742.0561616029589
1392635.937533,-941.7052066408412,726.1398666212908
1392647.780825,-987.501560486416,704.4198026546271
1392652.856809,-1009.68137041416,696.9302083624226
1392657.007539,-1040.22486908722,685.0459563615048
1392663.967651,-1078.040759848749,690.6312710988808
1392672.299669,-1102.6397709347502,738.2133300081022
1392686.80073,-1115.2334224156946,767.0690664392098
1392686.804285,-1115.5766962107248,768.0582551921881
1392692.474451,-1115.5766962107248,768.0582551921881
1392702.99621,-1123.9717784304307,788.3020792137539
1392706.611581,-1165.7836899680187,824.8212420102692
1392713.30093,-1216.612158156494,840.0937817536377
1392720.252237,-1267.4904245409334,855.3417617152228
1392726.896917,-1317.1209570428534,893.0060140181348
1392735.441045,-1338.9528961924368,918.9442311863891
1392741.444012,-1355.2807886398305,933.5553885361811
1392751.190104,-1383.6579498638348,939.2363717722953
1392756.017061,-1420.7797788351893,889.3978588308936
1392761.952683,-1461.9918811302384,836.5244143547202
1392771.379974,-1530.9776116470557,797.1543163140893
1392775.951188,-1545.566146203504,790.7575018092264
1392785.931324,-1556.9935105226389,783.6997495016778
1392791.039697,-1539.8478543474378,745.7155907491974
1392797.030369,-1522.6600166498167,701.1249108315212
1392805.604384,-1522.1593554289389,628.1951082481011
1392811.332964,-1544.0109273597088,543.2665381615495
1392821.202588,-1583.4211973589,502.8192735739081
1392825.444921,-1583.4211973589,502.8192735739081
1392832.279176,-1583.4211973589,502.8192735739081
1392839.374552,-1583.4211973589,502.8192735739081
1392858.365671,-1645.3054960553093,208.41266383821983
1392858.369269,-1616.9676227432092,150.78532842567387
1392862.50314,-1563.1526372382987,58.87236665638514
1392862.504534,-1563.1526372382987,58.87236665638514
1392863.767711,-1551.2574808428462,38.502422881050684
1392870.803418,-1543.8452986188397,24.554211607582005
1392877.977999,-1543.8452986188397,24.554211607582005
1392893.941775,-1543.8452986188397,24.554211607582005
1392893.945335,-1541.019996016859,16.010847865672794
1392898.711092,-1517.5296553559945,-23.86998942361207
1392905.731311,-1464.1944228412228,-107.50816560635954
1392914.812004,-1418.7886712935467,-154.66306511174287
1392920.08501,-1370.5817308265018,-203.62286594272632
1392931.202562,-1288.9539236290295,-286.61172890141364
1392933.866233,-1228.831294295018,-351.27236288543907
1392942.819049,-1159.985336142564,-423.0540402689784
1392950.094991,-1061.6458361157606,-526.6272512802127
1392955.285266,-1012.2308750442968,-580.0581223024523
1392967.060835,-962.5105457525234,-626.1752406377273
1392972.186483,-892.7285111336707,-673.8061083266459
1392976.215631,-859.3479332553562,-688.7814808049857
1392982.70225,-853.1506027142018,-691.5598070983889
1392991.952719,-853.1506027142018,-691.5598070983889
1393005.797925,-853.1506027142018,-691.5598070983889
1393007.093289,-853.1506027142018,-691.5598070983889
1393011.283506,-853.1506027142018,-691.5598070983889
1393018.268031,-847.0644991060907,-690.3982639507053
1393024.733977,-790.6623541627524,-702.2479170146132
1393033.063631,-727.4717770501991,-720.9125206448092
1393042.380009,-692.6227892032362,-726.8970436786325
1393045.800861,-655.6053895567945,-736.7251656541137
1393055.567128,-630.8156941592763,-747.4347302814164
1393059.787829,-619.0171209583433,-750.9551422409776
1393076.199036,-594.5011629642161,-760.2871030540495
1393076.202594,-573.2088834438829,-774.6386870578552
1393081.195786,-562.1576828601179,-779.4872656029509
1393087.805311,-544.7165213327521,-786.8488758996803
1393095.280033,-484.0051556910834,-805.6039516324046
1393105.690497,-460.1883866718841,-795.5739344048444
1393109.214491,-448.54448181232374,-753.8081189282624
1393115.745781,-437.2141258468651,-704.4670866869434
1393122.74395,-459.34741825066766,-686.6285220422543
1393130.757127,-469.1121621577825,-680.9611295817093
1393137.652795,-469.1121621577825,-680.9611295817093
1393143.749276,-469.1121621577825,-680.9611295817093
1393151.60788,-469.1121621577825,-680.9611295817093
1393157.702371,-469.1121621577825,-680.9611295817093
1393164.743298,-469.1121621577825,-680.9611295817093
1393175.817195,-469.1121621577825,-680.9611295817093
1393179.171938,-469.1121621577825,-680.9611295817093
1393185.718951,-469.1121621577825,-680.9611295817093
1393194.075613,-469.1121621577825,-680.9611295817093
1393200.334733,-469.1121621577825,-680.9611295817093
1393212.750684,-469.1121621577825,-680.9611295817093
1393217.02944,-469.1121621577825,-680.9611295817093
1393221.133406,-456.1314485614192,-711.6583467290192
1393228.285141,-440.86436061316726,-721.240707844789
1393235.226667,-452.26227666321915,-756.1611931779818
1393241.724811,-466.57971172201366,-809.2085949919463
1393256.878611,-438.65331708135795,-826.8770605223849
1393256.882208,-400.2728057704302,-845.4987478714987
1393262.771065,-322.78688948861566,-862.8180435960968
1393271.406973,-253.3673828865462,-866.7511217347818
1393276.804882,-206.2562691554051,-866.3061121815437
1393299.444002,-220.52580286398774,-791.6991902148516
1393299.447699,-256.74554212471054,-719.0446479417196
1393299.451287,-281.6022255672174,-683.2300017973812
1393312.792814,-293.52625828514596,-667.3253997382976
1393313.348616,-300.58244936647907,-660.5485352456423
1393319.079993,-304.89832956803167,-656.4597378195034
1393329.79204,-316.19286217508187,-645.8565707325499
1393334.697036,-339.5993544518512,-622.376667492843
1393339.753817,-374.6268108224607,-592.7920740030302
1393348.418321,-425.0857163543324,-562.0325232541016
1393353.734878,-439.3379801324628,-557.8904228882624
1393366.26128,-439.3379801324628,-557.8904228882624
1393367.793005,-449.1964348001155,-554.1550766842639
1393376.614349,-449.1964348001155,-554.1550766842639
1393382.266824,-449.1964348001155,-554.1550766842639
1393395.057354,-455.1691123484161,-553.7511734919605
1393396.195812,-457.2549721538767,-553.1287934542934
1393403.126238,-457.2549721538767,-553.1287934542934
1393410.085455,-479.47919060354633,-550.4970372473462
1393417.12435,-506.7172582252283,-548.1492903225151
1393427.029646,-544.5144497851314,-549.9484966886456
1393430.734803,-594.1842538686752,-556.024211285658
1393438.039267,-602.6013244959162,-558.6136496481579
1393445.163912,-610.8243449230653,-562.9748468062339
1393452.175482,-610.8243449230653,-562.9748468062339
1393459.233448,-610.8243449230653,-562.9748468062339
1393466.927873,-610.8243449230653,-562.9748468062339
1393472.709427,-610.8243449230653,-562.9748468062339
1393479.753583,-610.8243449230653,-562.9748468062339
1393488.163109,-610.8243449230653,-562.9748468062339
1393493.843158,-610.8243449230653,-562.9748468062339
1393502.441672,-638.9346755551666,-565.2524976524041
1393507.73722,-674.4774942519265,-569.6572504522051
1393515.146515,-712.457929209746,-577.077353919644
1393522.075576,-712.457929209746,-577.077353919644
1393529.412479,-716.2823801730705,-576.9106943215302
1393542.051363,-739.9985320354201,-576.8847905664497
1393544.649865,-753.6741415926435,-576.925038909612
1393549.809724,-757.583802675319,-576.8660068755987
1393557.11349,-765.4193655694171,-575.3773958292969
1393564.094453,-768.280148803288,-574.8911792527024
1393571.271088,-768.280148803288,-574.8911792527024
1393578.584275,-768.280148803288,-574.8911792527024
1393585.092818,-768.280148803288,-574.8911792527024
1393596.050728,-768.280148803288,-574.8911792527024
1393599.194438,-787.5877316984197,-571.6699961489911
1393605.810383,-792.8508862029922,-570.215299287853
1393612.760253,-801.6801064130289,-566.3046593823362
1393621.323845,-803.4847950081171,-565.5668651787603
1393626.773198,-824.272553961738,-561.1003409778823
1393635.339693,-836.6345258525381,-556.0586385328592
1393641.337168,-851.3166268607961,-547.2528811894499
1393648.472845,-851.3166268607961,-547.2528811894499
1393655.67506,-851.3166268607961,-547.2528811894499
1393662.281912,-851.3166268607961,-547.2528811894499
1393668.806731,-853.8574226450945,-545.6344562353415
1393677.532977,-853.8574226450945,-545.6344562353415
1393686.189373,-853.8574226450945,-545.6344562353415
1393686.196229,-853.8574226450945,-545.6344562353415
1393689.762096,-853.8574226450945,-545.6344562353415
1393698.775723,-871.2120874290115,-534.2508903059462
1393710.328333,-882.0061315760329,-529.1667971165582
1393712.605471,-908.1370329908834,-511.7557274803879
1393718.129497,-930.9243333452322,-488.73989875006475
1393725.166679,-977.1212838946594,-438.0628678828762
1393734.260633,-996.9090162536811,-412.570770648727
1393738.763378,-1024.4012071122943,-382.8642047563019
1393750.415473,-1071.138160128614,-335.46171465677395
1393755.641682,-1112.190633480824,-295.1719574806615
1393760.075397,-1183.086738974095,-222.9118773435244
1393767.314829,-1306.614803211461,-94.8664389739776
1393775.437197,-1330.5208646084918,-68.79475510802556
1393781.060189,-1331.598623836391,-67.82030712333815
1393792.431551,-1331.598623836391,-67.82030712333815
1393795.067272,-1331.598623836391,-67.82030712333815
1393802.043995,-1331.598623836391,-67.82030712333815
1393810.494234,-1331.598623836391,-67.82030712333815
1393816.077468,-1342.0910085421965,-57.26667138103578
1393823.098711,-1383.9592938461433,-83.39226552529502
1393832.080143,-1426.9339834580235,-123.90436117030568
1393837.234422,-1427.8544081193465,-125.05280103240376
1393844.237356,-1427.8544081193465,-125.05280103240376
1393850.758417,-1427.8544081193465,-125.05280103240376
1393862.565483,-1427.8544081193465,-125.05280103240376
1393865.216479,-1427.8544081193465,-125.05280103240376
1393872.262804,-1427.8544081193465,-125.05280103240376
1393878.74333,-1427.8544081193465,-125.05280103240376
1393885.744954,-1427.8544081193465,-125.05280103240376
1393893.076257,-1429.9961288368709,-137.09242404425913
1393903.600511,-1394.0378359397882,-179.42305516760885
1393906.75242,-1369.1748806299393,-208.08807404008186
1393913.758965,-1368.3496061822887,-209.07599509580638
1393921.112318,-1368.3496061822887,-209.07599509580638
1393928.045363,-1368.3496061822887,-209.07599509580638
1393935.102412,-1368.3496061822887,-209.07599509580638
1393942.083062,-1354.461309966544,-212.29580315326808
1393949.068187,-1323.0982000503773,-247.82334781681948
1393955.767758,-1231.081142467185,-350.22099066130426
1393964.577762,-1168.8564474203104,-421.08710923148953
1393976.351172,-1116.1810243200746,-478.62473613954086
1393978.072614,-1086.7234472846321,-512.8908709859955
1393983.75864,-1072.1876883157174,-528.6968300532757
1393986.873954,-1071.2637268191288,-530.3483874305809
1393990.742699,-1071.2637268191288,-530.3483874305809
1394000.788083,-1071.2637268191288,-530.3483874305809
1394008.378724,-1071.2637268191288,-530.3483874305809
1394012.510748,-1071.2637268191288,-530.3483874305809
1394019.071984,-1071.2637268191288,-530.3483874305809
1394026.094902,-1071.2637268191288,-530.3483874305809
1394033.049096,-1071.2637268191288,-530.3483874305809
1394040.107356,-1071.2637268191288,-530.3483874305809
1394051.007123,-1071.2637268191288,-530.3483874305809
1394054.195013,-1071.2637268191288,-530.3483874305809
1394061.21982,-1071.2637268191288,-530.3483874305809
1394068.057539,-1071.2637268191288,-530.3483874305809
1394074.715439,-1071.2637268191288,-530.3483874305809
1394086.506043,-1071.2637268191288,-530.3483874305809
1394089.579982,-1071.2637268191288,-530.3483874305809
1394095.715862,-1069.758330371895,-533.0136466229908
1394102.711198,-1056.6267095818966,-542.7543428336115
1394110.193233,-1008.2398096980771,-591.1866741918486
1394117.520451,-955.9220202630808,-634.0466303489326
1394117.530205,-926.0231280452405,-652.3096737322066
1394126.43089,-864.0661059115241,-687.5536128405007
1394132.970633,-814.6426234419552,-704.2650428934714
1394138.160883,-783.1483483414407,-713.1982085981354
1394145.213021,-783.1483483414407,-713.1982085981354
1394152.178641,-783.1483483414407,-713.1982085981354
1394165.549036,-762.6150473748849,-710.4690297427529
1394166.26631,-692.6276284174262,-717.5259297358134
1394173.214167,-685.3802200783867,-679.1709770980768
1394180.137143,-681.0424086759314,-618.7733518173284
1394193.453071,-677.1401785395957,-591.253088493928
1394195.246596,-675.2319889753081,-578.5125102672596
1394204.209906,-667.6609802155999,-545.6605037391828
1394208.221037,-648.4209009593179,-478.52911227857305
1394215.184067,-616.3018598447048,-417.59897142766926
1394222.594862,-584.3453161795803,-362.256766355466
1394228.732928,-570.6178232893321,-340.24516287346887
1394238.972246,-570.6178232893321,-340.24516287346887
1394242.727685,-570.6178232893321,-340.24516287346887
1394251.370233,-563.8976718165579,-338.0314295444041
1394257.570388,-543.7115147803619,-302.7980158354759
1394265.471532,-522.9204137133629,-254.5064771401417
1394272.727451,-471.98379210077945,-231.4743058476269
1394278.787994,-389.7550296619161,-231.84719847568215
1394286.680717,-311.1688815685636,-229.04692196070812
1394292.256881,-228.77128028264278,-229.63333674799074
1394299.121859,-215.24257539027542,-229.63797564892914
1394308.774335,-185.72590852757943,-251.21293774169024
1394312.771202,-142.0362322981317,-286.7038243681768
1394319.751313,-117.5832607945276,-311.42871865868585
1394327.795775,-88.76660514743334,-327.9728906779546
1394334.180001,-53.79509882163959,-293.90253380987974
1394341.544676,-47.56756337002961,-251.76858542986625
1394348.692762,-50.062044380094406,-236.40003464200367
1394355.63263,-50.96809910730112,-198.2606736504555
1394362.529632,-38.356660603922464,-170.7599639080155
1394371.240571,-10.956087023983187,-148.91047135765498
1394384.875713,8.142324769565192,-99.2305202463449
1394384.879248,-12.724859011251553,-61.8510922145012
1394393.41252,-42.25669643174583,-27.691562721352913
1394397.166387,-64.68254531309564,24.241170091000157
1394405.327414,-69.14579233739867,36.168472208138795
1394413.03805,-72.40306354965747,42.541939018486865
1394418.847493,-72.40306354965747,42.541939018486865
1394425.594301,-78.31117918978562,53.18494731046787
1394432.292118,-82.71439069950222,67.67618330719779
1394438.730006,-82.71439069950222,67.67618330719779
1394451.6304,-82.71439069950222,67.67618330719779
1394453.518431,-82.71439069950222,67.67618330719779
1394460.378188,-82.71439069950222,67.67618330719779
1394468.323255,-82.71439069950222,67.67618330719779
1394473.836212,-82.71439069950222,67.67618330719779
1394489.619697,-82.71439069950222,67.67618330719779
1394489.623217,-82.71439069950222,67.67618330719779
1394494.82838,-82.71439069950222,67.67618330719779
1394501.826228,-82.71439069950222,67.67618330719779
1394511.896783,-91.282821270102,80.31020858511432
1394516.351517,-94.45185587447938,90.69806818857954
1394516.352256,-94.45185587447938,90.69806818857954
1394517.980249,-96.17436793558589,97.07484332659229
1394526.704632,-104.29215817421489,121.97471769032424
1394532.43951,-109.65307452576282,165.42133978342514
1394539.350341,-119.01645760724779,203.96452134326353
1394546.721507,-128.44054845915934,234.9296925192488
1394555.858834,-142.9816295774404,271.74147689368124
1394560.742577,-142.9816295774404,271.74147689368124
1394569.029363,-141.69796212473517,282.7647081167682
1394574.746723,-163.4451529480556,363.00499985478706
1394585.450283,-188.20370618649625,432.7615880501478
1394588.947366,-200.47585564220645,471.1666857727184
1394595.029468,-193.4081166692884,503.83938355201775
1394603.53199,-172.82834133317314,514.8625209156414
1394609.078208,-143.60673565178482,520.6789337554486
1394617.674412,-139.8116424460103,520.8659956090128
1394626.912927,-139.8116424460103,520.8659956090128
1394630.031797,-129.73917954537282,522.4968223807954
1394639.172981,-102.88467864290647,537.0923867923564
1394644.351346,-60.19491789294746,552.8426830621064
1394651.897506,-23.247342011167763,563.6417817563378
1394659.595828,33.286662849111714,584.039273714214
1394666.212481,76.14411969638539,598.4510915562291
1394672.577858,131.33321409122328,618.8299278470923
1394679.410405,165.851025696188,632.4325600990979
1394686.00186,165.851025696188,632.4325600990979
1394694.949389,165.851025696188,632.4325600990979
1394700.495,165.851025696188,632.4325600990979
1394707.517067,190.83651785518117,632.8399725908238
1394714.701434,221.92252488009157,645.1889402362208
1394721.06461,234.21151811974465,696.8906614547335
1394728.820424,235.16482394592353,734.6820646834615
1394742.901755,242.99836421532976,780.0773052860396
1394743.10055,251.7516773500177,813.6424463329546
1394750.271352,251.7516773500177,813.6424463329546
1394760.09416,255.1858301022517,816.3716437399725
1394763.375736,264.65385269595856,844.4403434045739
1394772.387347,272.71187576516354,853.4147244193124
1394777.081009,272.71187576516354,853.4147244193124
1394784.57329,272.71187576516354,853.4147244193124
1394792.232036,272.71187576516354,853.4147244193124
1394798.14106,265.41687711300693,853.3445140577736
1394805.137117,339.8595737203336,804.2700834752046
1394812.07943,368.82964662614734,782.5806872333332
1394819.079981,391.00438501361856,769.8953116419295
1394829.547694,403.75726317862006,760.1441687458165
1394833.388618,409.2028219772647,755.5557669707115
1394840.311932,409.2028219772647,755.5557669707115
1394847.342552,409.2028219772647,755.5557669707115
1394854.331718,409.2028219772647,755.5557669707115
1394861.452991,409.2028219772647,755.5557669707115
1394879.040684,409.2028219772647,755.5557669707115
1394879.04205,409.2028219772647,755.5557669707115
1394881.98357,409.2028219772647,755.5557669707115
1394889.291703,413.03976981854606,753.9145300879908
1394901.521084,459.15747469569015,729.4299288791287
1394903.495002,511.3122173662088,747.8531718137948
1394910.529491,594.7898366026213,789.9235035759851
1394917.000912,681.1411850314739,827.4068236224692
1394924.000923,756.0180340358186,860.6861092188111
1394932.734306,829.5839796326394,880.0199381742812
1487574.78549,819.0224161130886,-4576.657153915261
1487580.572885,879.2504991978221,-4520.620888189094
1487587.712856,961.8914429646773,-4443.096107911553
1487597.911501,1004.1187469706576,-4402.442841213171
1487611.432773,1029.4108914831695,-4377.661360282526
1487611.436384,1046.6199578773342,-4365.086459072682
1487617.749462,1046.6199578773342,-4365.086459072682
1487623.117692,1046.6199578773342,-4365.086459072682
1487629.52505,1046.6199578773342,-4365.086459072682
1487643.000732,1046.6199578773342,-4365.086459072682
1487644.918772,1064.088882647286,-4350.431154585218
1487651.002483,1109.867393059312,-4303.210658322216
1487657.910335,1150.400720987019,-4260.011308481777
1487664.898412,1200.8217003572445,-4208.759394087252
1487671.553323,1277.696488932846,-4123.59372101462
1487681.764785,1303.014461720476,-4047.0817067092994
1487685.883341,1296.2105369578137,-3969.6267661015836
1487692.598868,1262.2563551578444,-3841.617208689407
1487699.626404,1243.212783519849,-3754.738429707707
1487706.563444,1234.2684812021319,-3709.7998082242566
1487721.749,1234.2684812021319,-3709.7998082242566
1487721.75252,1234.2684812021319,-3709.7998082242566
1487727.854576,1234.2684812021319,-3709.7998082242566
1487734.628876,1234.4250529513913,-3704.941952955235
1487741.558602,1234.4250529513913,-3704.941952955235
1487748.558434,1234.4250529513913,-3704.941952955235
1487755.569097,1231.8277299858996,-3695.1972079753846
1487762.607369,1218.8696478074273,-3641.364944414726
1487770.383933,1199.7496332720764,-3546.319019491795
1487776.987085,1171.2367960418096,-3404.418932848619
1487783.991864,1159.2310612046742,-3350.5104499535755
1487791.87006,1152.4939041366185,-3324.3182579172044
1487798.90482,1152.1529816277116,-3321.3447523106265
1487805.152144,1152.1529816277116,-3321.3447523106265
1487811.602159,1152.1529816277116,-3321.3447523106265
1487818.609334,1152.1529816277116,-3321.3447523106265
1487827.684375,1152.1529816277116,-3321.3447523106265
1487832.595746,1149.262780788735,-3312.2979728177856
1487839.600673,1135.8429251796144,-3241.130800371616
1487846.59693,1128.287850255251,-3166.9794861480063
1487855.015557,1129.7260594990632,-3065.4586678382266
1487861.270895,1136.5310055648226,-2923.6473455728415
1487867.61578,1145.876795350982,-2822.1291406043933
1487874.606065,1152.2087851573835,-2740.898291566312
1487883.770773,1159.0671421976488,-2631.2118816188977
1487888.912986,1161.9265023030716,-2567.6620614084313
1487895.602001,1161.8672578450992,-2531.032299820215
1487902.553569,1160.688515284438,-2493.4274028385908
1487909.607943,1141.0330915033603,-2457.9363553104295
1487916.555895,1104.0173036105457,-2455.322607809545
1487925.136244,1063.328111937002,-2450.753779760787
1487930.618776,1018.4829629188649,-2406.926274543348
1487939.366406,961.6000279728531,-2352.674519962464
1487944.873625,864.7594760503425,-2260.7456653510117
1487951.920763,792.4115589003853,-2192.0042288340724
1487960.157091,720.6381796217856,-2118.8568421728532
1487968.459014,628.9829668780972,-2039.8053677006108
1487973.874947,591.4412599832922,-2000.8948734503792
1487980.188416,588.6073626642993,-1968.7816709312112
1487989.171277,624.5841406790677,-1873.912484448534
1487994.71973,624.4575096729798,-1801.3568133778124
1488008.782121,617.7735939365261,-1729.2766404894267
1488008.788421,630.0548320817132,-1632.623028147332
1488014.560892,643.9719425620411,-1595.907900504431
1488021.611196,644.7095082844387,-1594.1325781642774
1488029.293863,644.7095082844387,-1594.1325781642774
1488036.010519,647.5760233712019,-1580.195389822727
1488042.880909,633.7100826261347,-1536.9989622348826
1488049.509466,600.6562331969592,-1460.2435571082317
1488056.616425,569.3188844153087,-1425.168418030359
1488065.675337,558.9115160231019,-1396.0814110892823
1488070.661711,544.6848148071628,-1350.1925143354918
1488077.620772,517.2319678195336,-1326.9143946898168
1488084.609413,481.62606698054384,-1301.0138153073665
1488091.539894,416.2213139762766,-1252.171381153331
1488101.485149,380.9877453964439,-1226.8141953906018
1488105.624519,347.8884460226516,-1201.7424336036968
1488112.513065,278.42693085020466,-1146.4588191270204
1488123.251373,219.558002332021,-1102.2449678620865
1488126.508045,166.98718788451032,-1064.003885791091
1488133.512129,122.68470223034323,-1029.7720330623836
1488140.610792,116.408202202811,-1025.3468425249132
1488147.618202,100.18143525003813,-1013.0904935047487
1488154.738274,39.410642612423295,-968.5135329070182
1488163.413775,9.80257092997524,-943.0514531804934
1488168.512723,-12.213957472144408,-920.7856813398954
1488176.40814,-36.81646473474731,-900.0171315741874
1488182.724771,-61.04722029694301,-882.6376992112185
1488192.066732,-94.71268405711366,-867.4421590621654
1488197.307522,-130.57594937530902,-818.7697013423268
1488205.192027,-150.7970692654471,-763.3603764296768
1488210.608182,-167.880376564493,-697.0127647472494
1488217.608746,-169.74204774184247,-690.2663689127605
1488228.694263,-169.74204774184247,-690.2663689127605
1488231.554924,-169.74204774184247,-690.2663689127605
1488238.605289,-169.74204774184247,-690.2663689127605
1488246.226539,-171.86603525959495,-684.8600627937058
1488254.564623,-186.47050974454015,-637.395547927179
1488259.604468,-193.70060429218034,-531.7811812887268
1488267.890688,-164.04163775421313,-466.37633610450337
1488273.713289,-126.10754814496555,-425.6105835021939
1488281.766976,-82.62621880262164,-379.70292494126386
1488288.011148,-69.20729908917065,-366.100982007382
1488294.878717,-62.24847284038576,-326.09279046505407
1488302.187757,-52.34797906521123,-254.1838004432621
1488309.002618,-50.97590733453404,-221.88451234545383
1488315.913095,-45.22911139229475,-192.3920532085364
1488323.571824,-21.000969321799126,-155.96636633799645
1488330.650489,-6.817507092360572,-143.39162327902045
1488337.311939,2.896764568078878,-131.2857170124249
1488344.054702,4.525517323351574,-111.1226385890976
1488351.151739,-5.049240703648575,-76.97896108142962
1488358.085168,-26.397776052901424,-36.279552944809
1488366.497459,-35.93973553031247,-29.971994168345443
1488371.561743,-43.407501900810324,-19.624382302434686
1488379.533913,-52.35473321736641,-2.484228455437886
1488385.61389,-74.72942623018841,54.36233310614169
1488394.116052,-74.72942623018841,54.36233310614169
1488401.523384,-74.72942623018841,54.36233310614169
1488406.959222,-83.485880438869,90.11807055071048
1488414.123915,-101.6169189944436,142.37453870078625
1488420.844637,-108.39404486121536,186.65951503561993
1488427.853687,-123.8727732701203,227.20536366994605
1488441.255468,-132.24820495206967,245.06435552123872
1488442.379066,-136.90537709422117,276.8417529800495
1488449.339137,-145.872176287794,292.85415516596237
1488456.012336,-145.872176287794,292.85415516596237
1488462.997697,-151.4322802992308,308.3735033711868
1488469.973961,-155.79355651940355,333.89627692643097
1488479.188488,-155.79355651940355,333.89627692643097
1488483.987517,-155.79355651940355,333.89627692643097
1488490.625043,-158.7022737260539,370.85422880627243
1488497.966624,-174.44986100861124,433.7381333968238
1488505.415308,-197.49026609918903,472.22439497987136
1488520.231761,-187.03381817381577,505.152754162984
1488521.988082,-153.05973512981816,523.3682410091343
1488526.100897,-116.47292326956264,523.44208833407
1488532.560851,-41.06467559550961,558.7700160947755
1488539.610571,-5.6266673055501855,572.4527071926391
1488549.051637,17.489339907329974,583.1726674158353
1488553.855653,85.37187247895014,607.9453614796023
1488561.014543,136.74522357502323,622.6734750863773
1488568.08366,179.75766147660298,641.884128000192
1488574.919639,225.35194511963243,652.5360604622689
1488587.131985,263.0942178158486,664.9890058366987
1488588.926998,299.8297272703949,679.4474081037781
1488595.99755,344.4817223528173,695.5741100746864
1488602.998764,369.91226678133046,704.555662954361
1488610.20361,393.15550454555813,713.0901112635206
1488617.137857,432.6022657692283,725.4809301097149
1488628.761606,458.0064251039576,730.2044163943758
1488631.093119,490.6568337799422,740.09282555749
1488638.227355,521.7269928242995,755.3855376875738
1488644.899285,530.9686205048974,757.9567413434725
1488651.542943,532.6589352617234,768.0993167398989
1488658.924664,529.169419652983,775.1358553115036
1488665.966906,529.169419652983,775.1358553115036
1488674.096783,529.169419652983,775.1358553115036
1488679.935901,529.169419652983,775.1358553115036
1488686.901646,529.169419652983,775.1358553115036
1488696.295813,529.169419652983,775.1358553115036
1488700.898396,529.169419652983,775.1358553115036
1488708.029535,529.169419652983,775.1358553115036
1488714.91585,529.169419652983,775.1358553115036
1488721.928073,529.169419652983,775.1358553115036
1488730.628721,529.169419652983,775.1358553115036
1488735.898461,529.169419652983,775.1358553115036
1488742.996573,529.169419652983,775.1358553115036
1488749.937263,529.169419652983,775.1358553115036
1488756.947337,529.169419652983,775.1358553115036
1488767.530278,522.8219540922802,783.7701959280508
1488771.034228,508.6428764482928,786.039717193419
1488777.87375,505.46877977741343,788.5883569477362
1488784.922846,505.46877977741343,788.5883569477362
1488793.390657,505.46877977741343,788.5883569477362
1488806.935109,505.46877977741343,788.5883569477362
1488809.370875,496.5756867498255,801.2440460545251
1488812.871624,485.5094208246465,850.8157942809293
1488819.882949,462.6627726368938,896.53773132649
1488826.890657,461.4625994794021,962.5055110593605
1488835.417997,513.8971051057666,992.550793780338
1488841.339435,573.5142468393768,1015.935259771646
1488848.077898,630.1356244897966,1048.6963717859217
1488854.512394,631.9288837713821,1105.6710029645146
1488863.224483,606.4089180917013,1152.6534175366742
1488881.749761,569.9510735910986,1220.1097582427094
1488881.757364,554.4861042610949,1253.513847547684
1488882.979441,539.4549205974181,1285.1916979827654
1488889.608906,513.6618494136675,1342.1775505808087
1488896.607741,504.17637991001516,1362.2137081281164
1488914.022833,500.62263725677667,1373.5194507450358
1488914.026431,494.45781300355435,1381.2567370349216
1488918.85009,487.7615069832944,1384.9743507253297
1488918.851489,487.7615069832944,1384.9743507253297
1488920.106006,490.1352318277475,1397.611195238335
1488927.657317,516.6757840181207,1406.8045449106721
1488934.488034,557.2054129678322,1409.8999023452218
1488941.098445,620.7988717998088,1417.6954605571757
1488948.460849,660.228132901096,1445.2408875791114
1488956.343269,705.5919502858161,1486.3633078086095
1488962.578228,772.6408206757493,1524.0493885788549
1488970.900849,807.3147204542424,1538.7637089240302
1488976.116059,934.7194003033748,1563.5861450669006
1488986.738317,1062.2520453884185,1555.4450083508323
1488990.7376,1139.0862615130359,1549.2461221969331
1488997.959749,1231.5329996131836,1549.2244695533086
1489004.987579,1231.5329996131836,1549.2244695533086
1489015.207633,1231.5329996131836,1549.2244695533086
1489019.000922,1231.5329996131836,1549.2244695533086
1489029.162641,1231.5329996131836,1549.2244695533086
1489031.326175,1231.5329996131836,1549.2244695533086
1489031.326825,1231.5329996131836,1549.2244695533086
1489032.955562,1231.5329996131836,1549.2244695533086
1489047.32742,1736.0801046109352,1543.143611125416
1489047.336383,1763.4461041760965,1568.346488112328
1489054.582974,1786.2124815720326,1587.187510440818
1489054.583638,1786.2124815720326,1587.187510440818
1489067.485806,1786.2124815720326,1587.187510440818
1489072.68191,1822.8956359715535,1622.2459624703038
1489072.690533,1851.584977056712,1648.1958444585966
1489077.604062,1855.0484819326493,1651.732303910012
1489078.882902,1855.0484819326493,1651.732303910012
1489078.88346,1855.0484819326493,1651.732303910012
1489080.361106,1855.0484819326493,1651.732303910012
1489089.284374,1855.0484819326493,1651.732303910012
1489101.961671,1859.243187179925,1656.2344416333701
1489101.96866,1878.2300004719139,1676.0052297075697
1489109.194915,1915.6861414772131,1705.1405141284056
1489115.78141,1944.6111565766214,1724.0267010280359
1489125.538323,1955.6407910086673,1736.254436557645
1489129.969474,1955.6407910086673,1736.254436557645
1489136.363802,1955.6407910086673,1736.254436557645
1489145.710598,1955.6407910086673,1736.254436557645
1489150.944266,1955.6407910086673,1736.254436557645
1489157.86908,1955.6407910086673,1736.254436557645
1489169.322695,1955.6407910086673,1736.254436557645
1489171.817441,1955.6407910086673,1736.254436557645
1489178.535614,1964.3507074686515,1744.8583924139705
1489185.431555,1989.5118060973894,1767.5254736420748
1489192.43005,2015.8607740710822,1793.192241574
1489205.076787,2037.0583949037978,1815.9293158843668
1489206.429423,2063.6092037225835,1841.3480819927922
1489213.429486,2115.214557137494,1889.1913444071133
1489226.811133,2131.2918269491415,1897.1102031864884
1489227.360936,2131.2918269491415,1897.1102031864884
1489236.504685,2131.2918269491415,1897.1102031864884
1489242.609339,2131.2918269491415,1897.1102031864884
1489248.692852,2131.2918269491415,1897.1102031864884
1489257.455402,2131.2918269491415,1897.1102031864884
1489262.801968,2131.2918269491415,1897.1102031864884
1489269.860615,2131.2918269491415,1897.1102031864884
1489278.425894,2131.2918269491415,1897.1102031864884
1489283.827294,2131.2918269491415,1897.1102031864884
1489290.975371,2131.2918269491415,1897.1102031864884
1489297.837998,2131.2918269491415,1897.1102031864884
1489304.836361,2131.2918269491415,1897.1102031864884
1489311.83644,2131.2918269491415,1897.1102031864884
1489318.731364,2131.2918269491415,1897.1102031864884
1489325.796717,2131.2918269491415,1897.1102031864884
1489332.922347,2131.2918269491415,1897.1102031864884
1489339.876455,2131.2918269491415,1897.1102031864884
1489346.896621,2131.2918269491415,1897.1102031864884
1489353.846342,2131.2918269491415,1897.1102031864884
1489360.984502,2131.2918269491415,1897.1102031864884
1489367.87637,2131.2918269491415,1897.1102031864884
1489374.914534,2131.2918269491415,1897.1102031864884
1489381.783283,2131.2918269491415,1897.1102031864884
1489388.852951,2131.2918269491415,1897.1102031864884
1489396.398359,2131.2918269491415,1897.1102031864884
1489402.899077,2131.2918269491415,1897.1102031864884
1489411.944894,2131.2918269491415,1897.1102031864884
1489416.900321,2131.2918269491415,1897.1102031864884
1489423.840613,2131.2918269491415,1897.1102031864884
1489431.909726,2131.2918269491415,1897.1102031864884
1489447.934263,2131.2918269491415,1897.1102031864884
1489447.941678,2131.2918269491415,1897.1102031864884
1489451.900467,2131.2918269491415,1897.1102031864884
1489458.989372,2131.2918269491415,1897.1102031864884
1489465.863402,2131.2918269491415,1897.1102031864884
1489472.866057,2131.2918269491415,1897.1102031864884
1489479.948443,2131.2918269491415,1897.1102031864884
1489486.867595,2131.2918269491415,1897.1102031864884
1489493.867913,2131.2918269491415,1897.1102031864884
1489501.019286,2131.2918269491415,1897.1102031864884
1489507.951279,2131.2918269491415,1897.1102031864884
1489514.925078,2131.667560523622,1897.2552760098856
1489522.069823,2131.667560523622,1897.2552760098856
1489529.039563,2131.667560523622,1897.2552760098856
1489535.887989,2131.667560523622,1897.2552760098856
1489542.91297,2131.667560523622,1897.2552760098856
1489550.886289,2131.667560523622,1897.2552760098856
1489557.247351,2131.667560523622,1897.2552760098856
1489563.659133,2132.118502332663,1898.1873894747848
1489570.711541,2145.9019070275535,1911.2744928840918
1489577.647157,2147.9920676719503,1912.9719862530708
1489585.386209,2148.494867246742,1913.690672086212
1489591.717786,2169.09696864083,1935.0254963717923
1489598.820597,2205.753740932944,1970.43302002926
1489605.738,2243.4769806949594,2006.153948723109
1489612.723395,2310.228089933094,2066.6930374200197
1489621.982155,2364.320775807484,2113.7828422092566
1489626.846233,2405.5291757470504,2154.383339395341
1489633.844061,2467.3643577725616,2210.154060522148
1489641.512135,2507.206789456792,2244.436790682978
1489647.741567,2551.5459586294214,2285.8548248929274
1489654.70816,2610.042789753452,2337.5852707629756
1489661.473635,2626.518597077946,2352.6512613819214
1489671.685892,2635.652021922835,2361.208087156538
1489675.367145,2635.652021922835,2361.208087156538
1493925.476068,2635.652021922835,2361.208087156538
1493925.476729,2635.652021922835,2361.208087156538
1493936.555564,2635.652021922835,2361.208087156538
1555605.102928,776.4266717626521,-4610.260724726457
1555613.300096,904.7613907731674,-4486.964766886653
1555619.021258,987.9767915035441,-4407.811413817488
1555631.393024,1042.1007768092363,-4358.159926623553
1555633.020114,1063.9146617839094,-4341.153653075782
1555640.021375,1075.0274975568361,-4333.934255414538
1555647.736244,1077.9208602158067,-4329.300682075297
1555654.021295,1077.9208602158067,-4329.300682075297
1555661.03124,1077.9208602158067,-4329.300682075297
1555668.087883,1077.9208602158067,-4329.300682075297
1555675.072402,1077.9208602158067,-4329.300682075297
1555682.030827,1077.9208602158067,-4329.300682075297
1555689.082428,1080.006332935978,-4327.809204223286
1555696.080897,1138.8534023589991,-4265.225249685771
1555705.000154,1190.283897907588,-4213.5080094563455
1555710.17938,1237.68896165245,-4169.973839953616
1555717.02016,1296.2022910795592,-4053.7632428412376
1555723.999799,1289.9634394133727,-3947.727871003083
1555731.019496,1260.4924422249383,-3833.553497972471
1555738.080632,1226.1034907141948,-3687.1234906665236
1555745.0795,1198.7287879362952,-3577.565969234651
1555752.071094,1176.9595955955622,-3485.881986447938
1555759.432065,1161.6203391801305,-3423.9802561880124
1555766.091473,1160.8978081356897,-3420.047508270975
1555777.806543,1156.8745456389277,-3404.993043082638
1555780.362596,1135.1444918944142,-3290.5523381040034
1555787.080725,1122.766509748119,-3202.3988739876254
1555794.070959,1119.4800820538862,-3103.73559153814
1555801.030779,1129.4090324501888,-2969.4711041656883
1555816.828808,1135.488703594822,-2879.0372710132115
1555816.832394,1142.1618390802146,-2777.3424402699216
1555822.572203,1152.664887872836,-2626.836449730414
1555829.776392,1154.408401741715,-2555.2908510989655
1555836.512021,1154.1606003476818,-2533.007518709802
1555844.905737,1152.7349565984482,-2491.495164957724
1555850.099587,1151.3787747601425,-2472.791813615747
1555857.013532,1128.8402941179068,-2459.7861098792077
1555864.993201,1091.3548861491176,-2459.0770217810227
1555871.60672,1079.5214982180278,-2461.362937924237
1555882.892365,1054.9186657757366,-2443.223527384589
1555885.597248,986.1504997755158,-2374.656337353215
1555891.989569,923.5680552412753,-2317.5415665240425
1555899.475409,856.7658165478629,-2252.631168861035
1555905.9797,756.5792015849518,-2157.2842377938623
1555919.81375,703.9377742647953,-2099.564020331024
1555925.529251,664.8297730747083,-2067.570272251141
1555928.670478,606.2712178815773,-2021.1318862133796
1555934.710185,588.4561414200036,-1988.8050367400288
1555943.431798,599.5163054632765,-1936.9081173999712
1555952.943755,626.3876490557683,-1838.3293991184669
1555957.886862,619.8716824933491,-1764.7313876252651
1555961.977026,614.3943221384299,-1688.6135485933235
1555969.360015,639.9265554894693,-1611.0884752030404
1555976.0776,651.0285022040388,-1574.8478177456398
1555983.093655,650.1034169734138,-1567.7201655298466
1555994.240183,650.1034169734138,-1567.7201655298466
1555997.177217,650.1034169734138,-1567.7201655298466
1556004.095762,641.8153061340469,-1540.7124507945007
1556011.087438,616.9049791806428,-1491.1111699486646
1556018.066115,593.4472989022801,-1444.3821556210169
1556031.783396,571.3526845447035,-1418.8538126402616
1556034.617932,569.2119453980974,-1381.733712132355
1556039.008024,555.0209111185693,-1347.7880472903535
1556046.06663,523.4800140623879,-1322.375287042033
1556054.759152,464.6316818313032,-1280.8901548458366
1556060.470185,418.7970877721965,-1245.592046324682
1556073.310212,374.1746974026017,-1212.2774765609927
1556076.75738,316.3009647734302,-1167.5117328908589
1556081.621772,273.72174615370517,-1136.7519075745408
1556088.005412,231.67828123208344,-1108.6055540637888
1556097.011639,178.53562169225134,-1070.156402659123
1556102.027296,161.02152793606626,-1057.30005208707
1556115.28988,136.28773493680137,-1037.5825607177887
1556116.54856,113.40474635070561,-1020.0564382316348
1556123.432689,103.27386647810366,-1010.9236877722567
1556130.425106,78.31752368149449,-993.0064807999771
1556137.510679,29.81082924509084,-955.6662206774708
1556144.534775,-8.42682561619965,-923.5044387118925
1556151.518689,-40.909089301049924,-892.6704520788719
1556158.396666,-96.63149674539187,-860.9909764433996
1556165.557177,-98.02997926574535,-860.236961843382
1556172.584943,-116.64192515804898,-843.7748453174204
1556182.083049,-146.85167177553382,-775.4437139952391
1556223.322089,-191.58705721466623,-520.0520563614954
1556223.322674,-191.58705721466623,-520.0520563614954
1556224.780485,-187.52806878397186,-512.3187913311026
1556235.120802,-179.7568320482648,-491.7505229969377
1556238.799199,-137.17283871160606,-435.9557744697515
1556250.905176,-99.9415762680688,-397.7778773550765
1556252.757958,-73.60839047406145,-363.5755481967044
1556259.836544,-61.82680316521065,-304.2938436844249
1556267.744492,-50.758837656583474,-258.45360737717004
1556274.113167,-51.04445754679121,-225.65872208562857
1556280.784608,-51.20468422502175,-217.97077555127223
1556288.178062,-50.20266496641126,-214.58781701378467
1556295.284827,-43.86115220711773,-191.2038774520614
1556302.278882,-6.319483326131758,-141.92110282763733
1556309.192394,7.689538745159782,-114.23882947245758
1556317.510338,2.363700148806984,-91.06280509951031
1556323.119477,-18.018983414175164,-47.77084497057219
1556329.887232,-26.201570351573007,-34.25910007149601
1556338.392426,-32.09589944930977,-26.967091582319703
1556343.764328,-37.06382806387444,-16.556648510114382
1556353.736471,-37.06382806387444,-16.556648510114382
1556358.074364,-37.06382806387444,-16.556648510114382
1556365.650736,-58.258747224480416,35.784115045162615
1556372.724023,-80.8896926893119,85.22976161633356
1556385.854453,-100.43798960731989,137.0210280221755
1556386.260773,-107.76220646785814,206.76761273623183
1556393.100222,-116.73906529518558,232.59693153097336
1556399.763702,-122.38459321102944,241.94483611539815
1556407.507894,-145.19736019749737,305.002781412445
1556421.072324,-157.26678670374935,357.02302197867965
1556421.686242,-163.47318042992913,379.86116375468066
1556428.334556,-165.53807811426745,383.03408242125863
1556435.360367,-169.4932310751983,392.8501546643947
1556441.863251,-168.97607639366274,398.2815059465045
1556458.006098,-168.1086923691481,401.2345322483567
1556458.009721,-173.4480138595241,415.922454761491
1556462.740097,-179.17232392958638,425.12985685327385
1556469.763832,-197.60319631059986,449.5215968576812
1556479.109068,-203.70702809381697,462.3701924326084
1556484.058087,-204.074574729785,467.22322692513507
1556491.439746,-193.41713532250716,499.9990764943092
1556498.093539,-181.82014586059492,504.6563271696867
1556504.831406,-176.1933975129851,508.01869423189794
1556512.090619,-133.06238061549718,533.1300325718788
1556518.861967,-132.32654210296283,534.3251296207978
1556526.355546,-122.28934860181876,541.6153988926142
1556533.065313,-122.28934860181876,541.6153988926142
1556540.254811,-105.00212402526995,539.6693916889899
1556547.23525,-82.16815016222269,549.9248893284748
1556557.263994,-72.83926496642522,553.5679911423804
1556561.616497,-72.83926496642522,553.5679911423804
1556568.113158,-72.83926496642522,553.5679911423804
1556575.201946,-68.0614714678912,560.2082473329542
1556582.099149,-41.39511138500416,566.7027712000131
1556590.448314,-13.480659527037696,576.8810256031261
1556596.439384,45.97148085385663,591.9926902120981
1556603.481158,110.43374241408807,615.4749801431601
1556610.107378,181.33627911196328,634.8372206329642
1556617.538284,220.0842999607514,642.6463403518622
1556634.659427,220.0842999607514,642.6463403518622
1556634.659964,220.0842999607514,642.6463403518622
1556639.287458,220.0842999607514,642.6463403518622
1556647.318413,220.0842999607514,642.6463403518622
1556653.530771,220.0842999607514,642.6463403518622
1556662.907614,220.0842999607514,642.6463403518622
1556667.684215,252.09050453064978,667.3250868805438
1556674.430078,361.00420895595715,701.9499529501322
1556681.414893,413.84599711049646,715.1426466516679
1556688.509964,425.828511350868,716.8739432413064
1556696.095882,425.828511350868,716.8739432413064
1556702.413985,425.828511350868,716.8739432413064
1556710.667754,432.4405924919325,723.1003256881986
1556716.180538,472.6402960982047,750.6667668189639
1556724.8912,513.8668980653674,770.2849171177241
1556735.176082,513.1135788561136,790.3430924621231
1556737.167651,513.1135788561136,790.3430924621231
1556745.088352,513.1135788561136,790.3430924621231
1556751.534092,513.1135788561136,790.3430924621231
1556758.107361,514.0167281106867,792.1707973948173
1556773.384943,488.76541740430025,830.9450926374229
1556773.388601,445.43617229050363,903.6326591000875
1556779.149527,505.1844957108789,993.1682430596854
1556786.100949,590.6591169330358,1030.6247886994709
1556795.38023,615.8198771310186,1039.1451824038165
1556806.121266,615.8198771310186,1039.1451824038165
1556810.843389,615.8198771310186,1039.1451824038165
1556814.05589,615.8198771310186,1039.1451824038165
1556821.085759,615.8198771310186,1039.1451824038165
1556828.549764,615.8198771310186,1039.1451824038165
1556841.122809,615.8198771310186,1039.1451824038165
1556842.737405,628.5087174735877,1043.4784491397331
1556849.946406,644.2655037611655,1084.9349810518029
1556856.79632,626.8553335124034,1121.0977379157796
1556864.309474,615.215396130208,1136.4480995025715
1556874.270602,615.215396130208,1136.4480995025715
1556877.851354,615.215396130208,1136.4480995025715
1556884.733503,606.356121781038,1139.3762528552516
1556893.731348,604.4904301643146,1145.5362192955092
1556898.099895,588.3171005731516,1178.1726711175922
1556913.166146,549.3338089240824,1248.3144175800924
1556913.169653,521.4146925949266,1299.3572075916682
1556919.154358,495.67404861472215,1347.1071719158776
1556926.104562,490.5695186630375,1404.4796390875792
1556933.792534,527.0064989378036,1417.1747217906295
1556940.156343,554.6071194858231,1421.898192746494
1556952.192193,555.0291959579905,1423.767230690649
1556954.156522,555.5954433927493,1448.8570553901648
1556961.366762,587.2311091887993,1488.1008789655107
1556969.364607,677.0132281185231,1528.7267593707081
1556975.548553,692.6644697056705,1544.9474892985595
1556990.31911,714.3721205153714,1565.535404858572
1556990.322611,774.7937712376389,1631.6119008161772
1556996.599493,794.7428168224184,1666.5935714961427
1557003.23662,796.9605042842073,1669.7868967895463
1557016.484774,796.9605042842073,1669.7868967895463
1557017.059052,796.9605042842073,1669.7868967895463
1557025.80401,796.9605042842073,1669.7868967895463
1557031.494768,796.9605042842073,1669.7868967895463
1557038.576531,799.9464867204168,1673.4386716820513
1557045.107069,810.9788503934737,1699.0761255912757
1557052.716919,817.6305285583144,1712.7214248085745
1557069.658751,837.8908491637164,1734.950562489731
1557069.662313,854.1179785556727,1759.6213566216654
1557073.568405,857.9903651784737,1773.3517215512063
1557080.823291,859.4722449987246,1776.521079721739
1557087.458049,859.4722449987246,1776.521079721739
1557095.116065,889.362262159998,1827.3113836375753
1557103.207061,910.6943130708369,1883.3961201033364
1557109.229921,928.3214645001455,1940.982219539728
1557115.102013,939.307551760398,2001.8409124303278
1557123.393095,939.5182244087508,2004.241130082009
1557129.059414,939.5182244087508,2004.241130082009
1557140.062421,939.4007853273562,2010.71730271009
1557143.080769,942.0441502644786,2028.9507563581171
1557152.505228,949.5663156303439,2061.0595674093834
1557157.487579,984.9297757768364,2118.9937502155385
1557164.433075,1009.9481161169152,2136.163057224049
1557176.519902,995.9153124829729,2167.6219397743516
1557178.953567,945.1461989125027,2210.9783862551967
1557185.763997,920.9358899262324,2235.5628766251634
1557192.631605,915.5049664592831,2248.5540218972196
1557199.415678,909.8450011248635,2266.774677139419
1557210.962168,905.3879699093022,2298.0316065547922
1557213.752006,887.9892262952932,2349.623289950759
1557248.367296,873.18674005694,2544.96717839655
1557248.368095,873.18674005694,2544.96717839655
1557257.261956,978.373637202,2586.0541073782465
1557261.348355,1027.0083864191822,2608.520282324312
1557268.345491,1058.0430403914413,2621.809802752095
1557275.351841,1058.0430403914413,2621.809802752095
1557289.736444,1069.1043120384031,2631.436530839123
1557289.740065,1069.1043120384031,2631.436530839123
1557296.770011,1069.1043120384031,2631.436530839123
1557303.321996,1088.4169323126746,2638.847511778544
1557312.531563,1117.3534881046164,2654.4842609499024
1557317.769204,1143.2820580512855,2670.033312196432
1557325.606406,1101.548760768681,2702.706731333961
1557331.953836,1024.5967893353898,2737.4185537124254
1557338.959382,998.7137383895606,2749.401233103083
1557345.4193,978.629874185155,2760.591314755501
1557356.847394,978.629874185155,2760.591314755501
1557359.656559,978.629874185155,2760.591314755501
1557366.423017,964.777897105792,2766.072798119379
1557374.938187,964.777897105792,2766.072798119379
1557380.32265,964.777897105792,2766.072798119379
1557387.335864,964.777897105792,2766.072798119379
1557396.046297,964.777897105792,2766.072798119379
1557401.684461,964.777897105792,2766.072798119379
1557408.365727,972.8208666273455,2809.1385641563925
1557417.384391,1004.8424075320027,2851.7416781132542
1557422.344882,1027.288196078309,2887.3198099932956
1557434.216728,1046.455172605202,2916.3340718949994
1557436.777411,1097.4169753567217,2953.3630320768057
1557443.660761,1152.0669375653356,2989.5626253917167
1557451.16204,1180.5559542899364,3018.6842726761442
1557457.767296,1149.8735095533712,3049.447774554132
1557469.257905,1143.5136841246638,3058.2682906366513
1557473.263158,1143.5136841246638,3058.2682906366513
1557478.324262,1143.5136841246638,3058.2682906366513
1557486.031657,1143.5136841246638,3058.2682906366513
1557494.356407,1129.6754672604143,3072.2707303537427
1557499.746023,1101.8949163353889,3097.376750705101
1557506.425439,1074.815614225411,3123.2125822372104
1557515.519464,1058.3924243555516,3098.8601829036384
1557520.874517,1043.267684561582,3052.6461077948406
1557527.850981,1016.047027960572,3005.9075476827443
1557534.968347,955.6556436827193,2953.567667183437
1557541.328475,909.315797460957,2913.265446277533
1557548.672458,871.0552595815161,2882.9092612202344
1557555.859748,869.0957599074698,2881.23594499901
1557562.743176,869.0957599074698,2881.23594499901
1557576.574476,868.420368122955,2880.32616835045
1557576.778551,827.5710745510542,2851.194444953793
1557583.707264,807.5278667574538,2832.085368520937
1557590.371967,805.455648232643,2829.4008418240296
1557597.422659,795.6335016815752,2811.8309540947107
1557605.186843,794.7754402333544,2782.26203793774
1557612.223166,798.5361320418682,2759.364030575724
1557618.371569,795.7887229775587,2713.612424238477
1557625.36807,782.7247653389517,2681.4025090788846
1557632.379578,762.3698290498855,2658.781252416483
1557647.678206,721.9477857316366,2595.0006080876788
1557647.681818,687.451682185329,2530.9704132436727
1557653.441619,644.5354930559082,2479.790937885699
1557660.376798,627.2202820914075,2445.9614180864705
1557679.243919,640.5463488322868,2436.9138436092717
1557679.247893,646.6092972713063,2434.7502867438097
1557681.762056,665.2794750859181,2421.799660267141
1557688.427191,696.2947789626048,2395.99890240375
1557695.395686,731.705876114063,2368.6504263491765
1557702.634408,735.932364976207,2365.5022624153835
1557715.658635,735.932364976207,2365.5022624153835
1557718.292876,747.0679789246329,2358.8562468872256
1557723.32944,776.1669491224175,2335.0289523088077
1557730.368125,816.56613625961,2304.678435134665
1557737.789691,866.6072762453354,2265.245684958198
1557754.616007,922.0581762288863,2215.290160337775
1557754.620578,941.257122417845,2160.957819692174
1557758.871496,949.0578738472522,2099.7835563201743
1557765.348351,938.902161768075,2011.2425140958749
1557772.320587,923.7058918111678,1953.2590712949411
1557779.375443,910.3923970767905,1902.0146410377806
1557789.875873,906.0365633090896,1893.1178392685104
1557793.812401,904.9013018266005,1891.33491468855
1557800.687333,904.9013018266005,1891.33491468855
1557807.422532,892.160808146202,1864.2210305242331
1557816.317553,872.957399545776,1830.5783407043275
1557827.78284,855.4450737186465,1791.1024536011857
1557828.94857,820.6989764408314,1728.8091043041948
1557835.906111,791.709806572978,1678.1768945254257
1557842.423171,763.0721853455625,1625.8214669443023
1557849.326733,708.593959485355,1557.7740480533841
1557864.530853,656.9356182999865,1514.0996353321195
1557864.534469,612.714255821409,1481.2315551930424
1557870.900807,537.0195652303911,1441.137286724542
1557877.363364,537.0195652303911,1441.137286724542
1557884.843409,522.3660442893303,1441.7831359652816
1557891.981454,465.08781290375066,1429.8366013576247
1557904.235849,438.4419403603963,1423.198168783169
1557906.450393,424.77886041918623,1404.934194051131
1557912.684805,427.4419608418797,1350.1616720459267
1557920.151917,389.8575887582946,1306.2473070567748
1557926.373068,358.96955057685915,1276.6019103009353
1557934.68199,313.72406594199225,1207.2080004068928
1557943.008669,290.4364495779772,1153.9400870593972
1557947.841403,269.032581373357,1098.5283053936723
1557954.800257,272.9164581778421,1044.6082015615768
1557961.428264,305.27465781238544,1056.8258238352828
1557971.220096,342.56446042628966,1073.4391717913652
1557980.779384,401.4373259087745,1096.3348608063727
1557982.956649,430.2760694817464,1107.8806650735114
1557989.751648,461.7822853716466,1120.2043296585819
1557996.428749,496.92044052961353,1130.442172823481
1558003.716592,525.5942321331994,1139.9135212971717
1558014.960562,539.1837973300924,1145.528355400244
1558017.772605,539.1837973300924,1145.528355400244
1558024.761292,539.1837973300924,1145.528355400244
1558031.757348,539.1837973300924,1145.528355400244
1558038.752849,539.1837973300924,1145.528355400244
1558051.863462,539.1837973300924,1145.528355400244
1558052.399631,539.1837973300924,1145.528355400244
1558059.427037,539.1837973300924,1145.528355400244
1558067.68334,539.1837973300924,1145.528355400244
1558073.854785,539.1837973300924,1145.528355400244
1558080.811683,539.1837973300924,1145.528355400244
1558094.050345,539.1837973300924,1145.528355400244
1558094.444639,539.1837973300924,1145.528355400244
1558101.82233,539.1837973300924,1145.528355400244
1558108.705682,539.1837973300924,1145.528355400244
1558115.355308,539.1837973300924,1145.528355400244
1558131.990793,539.1837973300924,1145.528355400244
1558131.994323,539.1837973300924,1145.528355400244
1558136.682586,539.1837973300924,1145.528355400244
1558144.699712,539.1837973300924,1145.528355400244
1558150.693603,539.1837973300924,1145.528355400244
1558157.688347,539.1837973300924,1145.528355400244
1558173.178718,545.9193586602196,1132.688118738118
1558173.182349,548.4441020924868,1120.867993160065
1558178.374238,548.4441020924868,1120.867993160065
1558185.335827,548.4441020924868,1120.867993160065
1558192.363656,548.4441020924868,1120.867993160065
1558205.651228,548.4441020924868,1120.867993160065
1558207.739094,548.4441020924868,1120.867993160065
1558213.715979,548.4441020924868,1120.867993160065
1558220.437027,548.4441020924868,1120.867993160065
1558229.363617,548.4441020924868,1120.867993160065
1558234.842263,548.4441020924868,1120.867993160065
1558244.626407,548.4441020924868,1120.867993160065
1558248.3362,548.4441020924868,1120.867993160065
1558256.867662,548.4441020924868,1120.867993160065
1558262.666816,548.4441020924868,1120.867993160065
1558270.400759,548.4441020924868,1120.867993160065
1558280.356758,551.7620668577895,1119.6117265694074
1558283.807504,551.1498275695606,1121.4630815984806
1558290.365826,551.1498275695606,1121.4630816097886
1558298.124577,551.4788359453497,1123.7999962898907
1558304.664342,551.4788359453497,1123.7999962898907
1558313.447322,551.2818488969159,1124.5140357104665
1558319.429546,551.2822599431613,1124.515829704258
1558325.679587,551.2822599431613,1124.515829704258
1558333.91516,551.3923057689701,1125.2043185510036
1558339.337052,551.3586282661249,1124.9945434798433
1558354.102203,551.3513605572073,1124.5582832439634
1558354.105686,551.3513536529757,1124.5582830439407
1558360.341665,551.4941032765702,1124.4886931864487
1558367.3499,551.865305952447,1124.1071880345662
1558376.351907,552.1767587293702,1123.9021165295592
1558390.863248,551.3257624246132,1124.8859933999781
1558390.86683,551.6334090674379,1123.5589795670971
1558396.154179,551.8952756743178,1123.0604811163853
1558403.128972,552.6326974275471,1119.6101998242398
1558409.379937,552.5641065280332,1119.1192520941488
1558417.805288,552.5641065280332,1119.1192520941488
1558431.361439,553.8090547811872,1119.2303663237046
1558434.265598,554.8218233966073,1119.2248235466197
1558438.13194,554.8253384631884,1119.742783570574
1558445.147974,554.2042919076557,1119.9952720213985
1558452.115138,554.2042915923463,1119.995272220715
1558459.545922,555.1486640477605,1122.3896170377955
1558468.680755,556.4210639783585,1122.1011664954717
1558472.690424,557.1574230178431,1121.5163296772566
1558479.699981,557.1574230178431,1121.5163296772566
1558487.563077,558.2915432265775,1120.4701347696348
1558504.407579,558.2915432348325,1120.4701347696348
1558504.411367,559.7607413676532,1120.4407003270258
1558507.390027,560.946995091306,1120.5581537510614
1558514.756759,560.946995091306,1120.5581537510614
1558529.330323,560.946995091306,1120.5581537510614
1558529.333831,560.946995091306,1120.5581537510614
1558536.191812,560.946995091306,1120.5581537510614
1558542.679718,560.946995091306,1120.5581537510614
1558549.67121,560.946995091306,1120.5581537510614
1558556.674218,560.946995091306,1120.5581537510614
1558572.521497,560.946995091306,1120.5581537510614
1558572.529167,560.946995091306,1120.5581537510614
1558577.676192,560.946995091306,1120.5581537510614
1558584.373718,560.946995091306,1120.5581537510614
1558591.675524,560.946995091306,1120.5581537510614
1558598.679924,560.946995091306,1120.5581537510614
1558610.326708,560.946995091306,1120.5581537510614
1558612.44141,559.2006470626999,1121.0935686038638
1558619.393382,559.2006470626999,1121.0935686038638
1558626.671922,559.2006470626999,1121.0935686038638
1558633.682463,558.6489888527097,1120.8745321601127
1558647.33545,558.6489888527097,1120.8745321601127
1558649.36116,558.6489888527097,1120.8745321601127
1558654.343432,558.6489888527097,1120.8745321601127
1558662.404943,558.6489888527097,1120.8745321601127
1558668.683045,558.6489888527097,1120.8745321601127
1558677.660083,558.47405365996,1131.5037944421313
1558682.939385,578.2837106497882,1138.0543442808762
1558689.97293,579.1719692720112,1138.6311269439016
1558696.989238,579.6235284974003,1138.954860305541
1558703.349192,579.6235284974003,1138.954860305541
1558710.347662,579.6235284974003,1138.954860305541
1558720.893159,579.6235284974003,1138.954860305541
1558724.388103,592.5833175095635,1148.3035223882098
1558731.390321,609.6564895623552,1132.8783205182528
1558740.139476,625.5866838583098,1077.8816799743774
1558755.643167,626.4765463847842,1074.6962707415457
1558755.646763,626.4765463847842,1074.6962707415457
1558759.37408,626.4765463847842,1074.6962707415457
1558767.95167,629.6492260724181,1060.5457397401146
1558773.393486,593.5361027661407,1031.4670124019833
1558781.453462,490.2737884112854,974.875973125957
1558791.026249,446.80498866990513,933.1492882281985
1558794.766945,440.153701046602,885.3274409030954
1558801.719981,490.5539722389821,793.6800410199818
1558808.382576,471.565006180888,762.6174052217438
1558816.442474,464.5931796697934,755.438560647783
1558826.355068,464.5931796697934,755.438560647783
1558829.440379,464.5931796697934,755.438560647783
1558837.430932,464.5931796697934,755.438560647783
1558843.852618,464.5931796697934,755.438560647783
1558855.0717,464.5931796697934,755.438560647783
1558857.445818,456.9703080522474,751.8765291129273
1558864.445923,457.3328151745089,717.8693969886693
1558871.586204,479.1293144918419,693.2728242766575
1558899.183718,510.22153020583494,668.2664714367786
1558899.18734,533.0245512919203,652.9818602083064
1558899.191081,565.2401057616147,627.4257460697086
1558901.000255,643.143377202032,569.6301768169218
1558901.000922,643.143377202032,569.6301768169218
1558903.620311,643.143377202032,569.6301768169218
1558910.859185,647.9648222252353,564.1148156437483
1558917.618539,647.9648222252353,564.1148156437483
1558924.779629,647.9648222252353,564.1148156437483
1558931.839642,647.9648222252353,564.1148156437483
1558938.528401,666.9518149148902,557.5726423031904
1558951.074177,691.4788462733587,540.0540855261277
1558952.354963,761.2083707522204,485.5453759616875
1558960.522422,790.4980905961565,462.58262686802107
1558966.665393,826.0661427562693,428.19751268806317
1558980.067902,850.0114747525162,404.74900696321646
1558981.097871,821.1108971585832,371.00651677502805
1558987.037979,770.2665751315242,327.129333296748
1558994.145862,730.9763522780368,297.21625456313996
1559002.933734,730.9763522780368,297.21625456313996
1559007.994625,730.9763522780368,297.21625456313996
1559014.99393,730.9763522780368,297.21625456313996
1559025.048751,730.9763522780368,297.21625456313996
1559029.027786,730.9763522780368,297.21625456313996
1559035.992414,730.9763522780368,297.21625456313996
1559044.70197,726.9729449756801,292.3143621010719
1559050.092943,700.0195734720792,267.7584335046803
1559063.33994,657.1266412735085,232.02332659604645
1559066.060532,655.9132502741799,231.2824566686826
1559071.008636,655.9132502741799,231.2824566686826
1559077.995579,655.9132502741799,231.2824566686826
1559084.994488,618.5037722369722,201.0824859773956
1559102.067635,586.8273051259056,174.3356360119552
1559102.071331,543.5396960720259,134.97955526023296
1559106.153391,541.0551769333994,132.54459137754978
1559113.45667,541.0551769333994,132.54459137754978
1559120.019835,541.0551769333994,132.54459137754978
1559130.078145,541.0551769333994,132.54459137754978
1559134.395577,525.5572684015174,129.6819943264969
1559141.030119,448.8259242715339,42.69197706162964
1559148.038701,375.57799010876863,-13.793096544113364
1559155.055703,319.16015096917386,-59.04410271436277
1559164.78536,248.88244921283032,-78.92812275921129
1559176.344837,219.38911304500724,-61.075237810557745
1559178.589358,208.07110155773978,-5.460791597009504
1559183.022897,175.14675700312793,32.989873166436915
1559190.005953,124.48475424512503,16.554278901421
1559196.999259,80.47729532552042,1.8611804445737887
1559213.351863,18.129256309927186,-7.811175716394309
1559213.355407,11.701358878804383,-9.081665642909133
1559218.095964,11.701358878804383,-9.081665642909133
1559225.045947,11.701358878804383,-9.081665642909133
1559232.099586,11.701358878804383,-9.081665642909133
1559245.870617,11.701358878804383,-9.081665642909133
1559246.612171,11.701358878804383,-9.081665642909133
1559257.413037,-9.130489978089944,-12.646175412936095
1559260.044268,-31.017862808323926,-13.888252464838919
1559267.048482,-44.42272830527913,-19.19546697241828
1559276.738928,-67.44657850648156,-29.441920979512865
1559281.464828,-77.76588465705872,-32.643447371534045
1559289.25548,-102.37957555052431,-42.61862145752484
1559296.598755,-150.48380391994834,-61.01566649939404
1559301.999854,-202.99847522515503,-77.321424150159
1559309.023971,-291.67054535771854,-104.8231196375596
1559316.00427,-322.66800515208666,-106.74996320350785
1559323.559004,-353.3242769016735,-113.15849248096015
1559330.008996,-362.1550480001815,-118.25175874130097
1559338.539351,-393.72969749711126,-118.18123215558242
1559346.637571,-444.7954905984585,-117.83399040122043
1559351.044062,-487.4053246025079,-103.9906490751913
1559358.539406,-487.4053246025079,-103.9906490751913
1559365.646406,-487.4053246025079,-103.9906490751913
1559372.937653,-487.4053246025079,-103.9906490751913
1559379.618621,-487.4053246025079,-103.9906490751913
1559386.524186,-492.3856626897882,-100.52296519247943
1559396.041571,-506.60318175963914,-95.93832575026343
1559400.829341,-513.4743416892878,-107.5887414882909
1559403.697293,-513.4743416892878,-107.5887414882909
1559407.680036,-513.4743416892878,-107.5887414882909
1559414.750068,-513.4743416892878,-107.5887414882909
1559421.00798,-513.4743416892878,-107.5887414882909
1559428.00868,-513.4743416892878,-107.5887414882909
1559442.118993,-513.4743416892878,-107.5887414882909
1559442.643633,-513.4743416892878,-107.5887414882909
1559449.395257,-513.4743416892878,-107.5887414882909
1559456.056678,-513.4743416892878,-107.5887414882909
1559463.379955,-513.4743416892878,-107.5887414882909
1559467.996902,-513.4743416892878,-107.5887414882909
1559470.021534,-513.4743416892878,-107.5887414882909
1559480.828442,-471.2492538699937,-115.65702659396658
1559484.362208,-461.423222787619,-114.69235758610832
1559491.007226,-461.423222787619,-114.69235758610832
1559498.351338,-461.423222787619,-114.69235758610832
1559505.10603,-432.56208603810694,-121.32769645423485
1559512.099408,-393.8382634634615,-117.14088549003532
1559520.209741,-304.94669347864755,-126.27622320125373
1559526.328224,-288.404643452832,-140.5948850725397
1559533.006962,-288.8103804946903,-141.84879406079344
1559541.304285,-273.3716154958578,-170.66754246234044
1559547.31799,-253.30360998214002,-190.68133462918988
1559554.869279,-236.72445822863483,-206.19130032458045
1559562.775235,-223.79710157996314,-215.7919000284537
1559568.381389,-213.51338434435954,-220.00993349247634
1559575.415246,-203.58118748848466,-219.43980787282908
1559582.84406,-182.9547818592489,-218.1096189265758
1559589.036473,-162.4297677531074,-210.83661057354638
1559597.191139,-146.01507140802502,-219.4732472471364
1559603.527506,-126.36330751251279,-274.5646936720133
1559612.474973,-111.98418640732788,-296.874363919032
1559617.444315,-109.47816310786834,-300.05722283200487
1559625.543312,-94.6207682893651,-320.24341740344215
1559631.115863,-70.54841760104604,-301.0806686890389
1559638.393633,-55.17952627895011,-259.93650439440006
1559645.505303,-53.49683324919173,-196.72011848220527
1559652.614357,-29.675815278794186,-154.8189964705883
1559659.010368,0.8320783942165433,-120.39862156069901
1559666.224721,-2.007807001406102,-87.83502389771805
1559674.445771,-15.260518568341707,-52.51631167682365
1559680.455189,-33.37776405936878,-26.30154422135444
1559689.378094,-40.772738930314226,-14.721821352050034
1559694.009729,-40.772738930314226,-14.721821352050034
1559701.607206,-48.92275395665564,-6.620240759849748
1559714.710606,-67.34601897553199,30.254964492244195
1559716.92312,-73.96315691832356,61.54311027700152
1559722.939161,-85.59262748235523,100.22048906628966
1559732.176607,-107.54242138535943,163.2639758457412
1559736.482307,-113.13382360647368,202.27213776521666
1559744.014771,-113.53862273458112,212.3117374470029
1559750.884604,-128.7120573715559,253.36965996732314
1559757.95638,-136.5757461780014,282.7475597263835
1559764.87373,-144.45987727607167,318.8335032044369
1559771.620465,-149.42691288775447,332.30649567445494
1559779.466606,-151.0928789417404,346.7223377205148
1559786.037765,-159.79100884694236,387.9707503470934
1559792.013349,-187.44467987935403,452.598662007679
1559801.400872,-189.02773315957143,454.564194190525
1559806.566123,-194.4825438737761,475.5190453807382
1559817.256341,-178.90573592942744,503.9113275792683
1559820.375837,-147.84860954722893,519.8573377500567
1559827.217102,-136.15352279003076,525.5324659593194
1559834.49149,-93.59681166853723,544.3600031870302
1559841.678068,-48.025912497467885,564.6672695883859
1559848.644356,-13.147977700435623,575.9917253304064
1559855.114571,33.849280550011365,590.3285497550187
1559863.295127,75.82629007196563,602.6580729051033
1559869.353483,127.78607281393231,615.0473309335765
1559876.415372,208.53240761572712,638.8136230087749
1559886.590174,220.21443748597417,642.9318744534377
1559890.113143,220.21443748597417,642.9318744534377
1559898.331901,220.21443748597417,642.9318744534377
1559904.047829,220.21443748597417,642.9318744534377
1559913.564629,220.21443748597417,642.9318744534377
1559919.015951,220.21443748597417,642.9318744534377
1559925.711666,222.03855928607595,644.4128596725615
1559932.395952,245.58043118606466,647.7784097814255
1559939.395302,307.0467115553777,671.9624077725089
1559947.767416,354.1312928765179,694.8815901548162
1559953.429606,400.9568543144837,705.0813591426498
1559960.065573,414.38882288418216,708.9317228448839
1559968.807474,414.38882288418216,708.9317228448839
1559974.365958,414.38882288418216,708.9317228448839
1559982.999548,430.71779625988415,717.6868680677932
1559991.621266,465.0166866838471,728.3841971860834
1559995.365367,492.51557311177345,736.7439304738666
1560002.79003,520.5971449388396,765.925062113893
1560009.31609,520.5971449388396,765.925062113893
1560026.188798,512.5341538011781,791.301790115162
1560026.1923,466.6796300994261,864.9481467824338
1560030.446351,437.5528953699765,910.3640919633459
1560037.964422,456.58086958790597,965.8443252443528
1560044.45411,548.8751971597948,1007.814356148278
1560054.243498,577.4039502362862,1014.3068255784123
1560058.444245,577.4039502362862,1014.3068255784123
1560065.711324,577.4039502362862,1014.3068255784123
1560072.424811,577.4039502362862,1014.3068255784123
1560079.433964,577.4039502362862,1014.3068255784123
1560086.569119,577.4039502362862,1014.3068255784123
1560093.455153,577.4039502362862,1014.3068255784123
1560100.026321,581.8795982349735,1019.5286453051606
1560108.04882,581.8795982349735,1019.5286453051606
1560115.252101,581.8795982349735,1019.5286453051606
1560121.602371,581.8795982349735,1019.5286453051606
1560128.605062,581.8795982349735,1019.5286453051606
1560136.105062,581.8795982349735,1019.5286453051606
1560143.015671,581.8795982349735,1019.5286453051606
1560149.703019,581.8795982349735,1019.5286453051606
1560156.647176,581.8795982349735,1019.5286453051606
1560163.636218,581.8795982349735,1019.5286453051606
1560170.447213,574.0824511356947,1023.3503429247761
1560177.627342,548.7326909209315,1029.6773648615385
1560184.429229,523.2118275769402,1008.7352930879572
1560191.631624,515.6109352464653,1000.9306448618178
1560198.414738,496.6233661641915,989.827877562199
1560205.407177,479.2617527906025,986.6214478403083
1560212.446387,456.622415017028,963.37701106197
1560220.045021,443.9193915939095,923.5005530752459
1560226.574824,447.43189186084277,888.4596747706078
1560233.541722,478.83056770184186,826.1025182959967
1560240.567739,492.7911133275736,789.0198299964431
1560248.254251,478.9495379272263,760.7282272986599
1560254.655337,468.562978183347,731.9563123615196
1560261.121972,500.79416810082813,745.6669163141011
1560269.792649,541.8953217515965,763.1896853318807
1560275.505972,609.5528107918398,788.1172058442922
1560286.417954,651.7791827274125,806.231880302134
1560290.349708,694.5813703334079,827.1983726210078
1560296.440855,755.0440790558425,859.4422226846685
1560303.438956,795.2252332532296,877.5006263547455
1560310.373159,838.8847764617069,879.5454482964633
1560317.528264,869.7488300294266,904.2100047829933
1560324.462104,821.2844626700162,927.3605870703984
1560331.807941,774.2570155187439,949.0307637398299
1560338.059503,731.3796250418812,962.9687773849259
1560345.059598,731.3796250418812,962.9687773849259
1560352.479589,724.3520973758251,966.1990973900348
1560359.365096,721.2882843575169,967.0477696716864
1560366.227489,711.2210300298901,973.8690810599533
1560373.04974,687.3584445105564,988.1816599081925
1560380.755956,675.1526244039101,991.082877416679
1560387.115115,651.5982122590277,972.6454856918112
1560394.115096,651.5982122590277,972.6454856918112
1560401.572508,651.5982122590277,972.6454856918112
1560408.5455,643.0058897802834,969.2027621406431
1560415.527875,620.7848835558362,951.3906703869227
1560422.34997,618.0584078495494,949.51269342513
1560429.059248,611.8313814709628,973.7807473883098
1560436.119862,605.6565230457859,981.6832129232587
1560443.382547,595.0803454723113,999.2910249220062
1560451.464557,591.0183909361598,1001.446145788813
1560457.531631,579.711651325625,1010.1997979990367
1560464.352225,579.711651325625,1010.1997979990367
1560476.400264,579.711651325625,1010.1997979990367
1560478.352396,579.711651325625,1010.1997979990367
1560485.350607,579.711651325625,1010.1997979990367
1560492.362257,579.711651325625,1010.1997979990367
1560499.482631,579.711651325625,1010.1997979990367
1560506.422776,579.711651325625,1010.1997979990367
1560514.113961,579.711651325625,1010.1997979990367
1560520.346837,579.711651325625,1010.1997979990367
1560528.603435,579.711651325625,1010.1997979990367
1560534.369673,579.711651325625,1010.1997979990367
1560542.603765,579.711651325625,1010.1997979990367
1560548.345641,579.711651325625,1010.1997979990367
1560555.371985,579.711651325625,1010.1997979990367
1560563.803733,579.711651325625,1010.1997979990367
1560569.365024,579.711651325625,1010.1997979990367
1560576.410378,579.711651325625,1010.1997979990367
1560583.111452,579.711651325625,1010.1997979990367
1560590.351949,579.711651325625,1010.1997979990367
1560599.622058,579.711651325625,1010.1997979990367
1560604.522396,579.711651325625,1010.1997979990367
1560611.350293,579.711651325625,1010.1997979990367
1560619.836684,579.711651325625,1010.1997979990367
1560625.354107,579.711651325625,1010.1997979990367
1560632.38766,579.711651325625,1010.1997979990367
1560639.371613,575.0596374760711,1011.6091705836687
1560646.40995,572.7794057576266,1012.9638872500797
1560653.634591,572.7794057409695,1012.9638872610348
1560660.404263,572.7794057409695,1012.9638872610348
1560667.372875,572.7794057409695,1012.9638872610348
1560674.35936,572.7794057409695,1012.9638872610348
1560681.396937,578.5596604180669,1011.0690215800166
1560688.429009,579.6356725228113,1012.5715234193582
1560695.650047,579.588653016296,1012.6839852160791
1560702.813979,577.9974010688622,1011.6033738750823
1560709.39533,582.6357761461132,1008.6773720980962
1560717.100367,585.8829103726423,1007.4120571353047
1560723.500061,584.583453834187,1007.9251647560377
1560730.360508,584.5833650657927,1007.9253943641431
1560737.349403,584.5833650657927,1007.9253943641431
1560744.36156,584.5833650657927,1007.9253943641431
1560753.288476,584.5833650657927,1007.9253943641431
1560758.928023,584.5833650657927,1007.9253943641431
1560765.11918,584.5833650657927,1007.9253943641431
1560773.099323,584.5833650657927,1007.9253943641431
1560779.585134,584.5833650657927,1007.9253943641431
1560786.545277,584.5833650657927,1007.9253943641431
1560795.843358,584.5833650657927,1007.9253943641431
1560800.690021,584.5833650657927,1007.9253943641431
1560807.668941,584.5833650657927,1007.9253943641431
1560814.033748,584.5833650657927,1007.9253943641431
1560823.71619,584.5833650657927,1007.9253943641431
1560828.574414,584.5833650657927,1007.9253943641431
1560835.354057,584.5833650657927,1007.9253943641431
1560842.359496,584.5833650657927,1007.9253943641431
1560849.349686,584.5833650657927,1007.9253943641431
1560858.107512,584.5833650657927,1007.9253943641431
1560863.371157,584.5833650657927,1007.9253943641431
1560870.348951,584.5833650657927,1007.9253943641431
1560877.350255,584.5833650657927,1007.9253943641431
1560886.74475,584.5833650657927,1007.9253943641431
1560892.170322,584.5833650657927,1007.9253943641431
1560898.773212,584.5833650657927,1007.9253943641431
1560905.356016,584.5833650657927,1007.9253943641431
1560912.517163,584.5833650657927,1007.9253943641431
1560919.564859,584.5833650657927,1007.9253943641431
1560926.742225,584.5833650657927,1007.9253943641431
1560933.358971,584.5833650657927,1007.9253943641431
1560941.089954,583.7044448021991,1008.9183572004832
1560949.883971,593.3419279320268,1018.7692806836119
1560954.800906,609.6178600613733,1034.4659040862152
1560961.40656,632.4243647979072,1041.2713396658228
1560968.499259,662.8365630677018,1007.1954883175645
1560975.061978,664.6578415161493,1003.8836069331587
1560991.133918,667.4305687500249,999.8148205881714
1560991.134631,667.4305687500249,999.8148205881714
1560993.551364,667.4305687500249,999.8148205881714
1561000.581286,672.2424163288892,993.0792812540865
1561007.581313,651.5561452901844,974.2855850135136
1561019.709373,620.7537418299004,944.5616055080793
1561021.928611,557.8156966142722,875.4614216591215
1561028.582986,511.38383030574465,835.1683737151244
1561035.984325,508.2170103642516,830.1905745880831
1561042.966405,508.2170103642516,830.1905745880831
1561049.984783,493.79403096558815,819.059822903434
1561056.481385,469.41127104160887,848.2872113785353
1561063.51001,438.39983723515536,901.659794280709
1561072.480891,452.4616254040048,954.0997724846054
1561077.855862,505.4982299758149,995.8636194022155
1561084.878215,560.3961729898243,1018.348313538423
1561091.908078,575.0091909742678,1022.3795804169682
1561099.237825,584.8371229175868,1030.9160980569345
1561106.129549,584.8371229175868,1030.9160980569345
1561112.87635,574.6333778056651,1033.476755170936
1561119.867413,574.6333778056651,1033.476755170936
1561126.918847,574.6333778056651,1033.476755170936
1561133.847173,574.6333778056651,1033.476755170936
1561140.864627,574.6333778056651,1033.476755170936
1561147.838517,574.6333778056651,1033.476755170936
1561155.016252,574.6333778056651,1033.476755170936
1561161.845781,574.6333778056651,1033.476755170936
1561168.852034,574.6333778056651,1033.476755170936
1561175.828447,574.6333778056651,1033.476755170936
1561185.099971,574.6333778056651,1033.476755170936
1561190.850409,574.6333778056651,1033.476755170936
1561196.909789,574.6333778056651,1033.476755170936
1561203.87878,574.6333778056651,1033.476755170936
1561210.583856,574.6333778056651,1033.476755170936
1561222.260326,574.6333778056651,1033.476755170936
1561224.820098,574.6333778056651,1033.476755170936
1561231.877246,574.6333778056651,1033.476755170936
1561238.991091,574.6333778056651,1033.476755170936
1561246.248354,574.6333778056651,1033.476755170936
1561254.617869,574.6333778056651,1033.476755170936
1561259.988541,574.6333778056651,1033.476755170936
1561266.488493,574.6333778056651,1033.476755170936
1561275.385705,574.6333778056651,1033.476755170936
1561280.893691,574.6333778056651,1033.476755170936
1561288.135467,574.6333778056651,1033.476755170936
1561294.519844,574.6333778056651,1033.476755170936
1561302.572512,574.6333778056651,1033.476755170936
1561309.155144,574.6333778056651,1033.476755170936
1561316.156716,574.6333778056651,1033.476755170936
1561324.097549,574.6333778056651,1033.476755170936
1561330.216337,574.6333778056651,1033.476755170936
1561337.387273,574.6333778056651,1033.476755170936
1561344.143414,574.6333778056651,1033.476755170936
1561351.071729,574.6333778056651,1033.476755170936
1561358.748652,574.6333778056651,1033.476755170936
1561365.353369,574.6333778056651,1033.476755170936
1561371.732527,574.6333778056651,1033.476755170936
1561379.238984,574.6333778056651,1033.476755170936
1561385.861835,574.6333778056651,1033.476755170936
1561392.915434,574.6333778056651,1033.476755170936
1561402.614662,574.6333778056651,1033.476755170936
1561407.060338,574.6333778056651,1033.476755170936
1561414.449312,574.6333778056651,1033.476755170936
1561421.009872,574.6333778056651,1033.476755170936
1561429.049856,574.6333778056651,1033.476755170936
1561435.069328,574.6333778056651,1033.476755170936
1561443.538004,574.6333778056651,1033.476755170936
1561449.335223,574.6333778056651,1033.476755170936
1561455.933446,574.6333778056651,1033.476755170936
1561463.840083,574.6333778056651,1033.476755170936
1561469.968204,574.6333778056651,1033.476755170936
1561478.628768,574.6333778056651,1033.476755170936
1561483.949606,574.6333778056651,1033.476755170936
1561491.165829,574.6333778056651,1033.476755170936
1561499.201162,574.6333778056651,1033.476755170936
1561504.835122,539.8285814516432,1017.8208215893469
1561512.348867,478.54566614903257,993.4924156897988
1561523.402831,429.4425491855387,937.4846274796156
1561526.902317,465.886904788581,832.2179920947457
1561532.954285,478.53181701152647,806.1418191042028
1561541.414684,478.53181701152647,806.1418191042028
1561547.028865,486.5294110100516,783.842745024673
1561555.398515,468.3804777578666,752.4654709925825
1561561.208556,454.48395340777535,737.1899705693606
1561569.344287,454.48395340777535,737.1899705693606
1561575.100249,454.48395340777535,737.1899705693606
1561582.773107,454.48395340777535,737.1899705693606
1561589.446883,454.48395340777535,737.1899705693606
1561595.985178,454.48395340777535,737.1899705693606
1561603.91708,454.48395340777535,737.1899705693606
1561610.015305,454.48395340777535,737.1899705693606
1561617.268345,454.48395340777535,737.1899705693606
1561624.315023,454.48395340777535,737.1899705693606
1561630.527279,455.2007789418855,722.5898090154185
1561641.525262,471.2072337125757,708.9995331835773
1561645.103184,515.905721676048,681.0333643242449
1561652.200367,586.1979080738162,634.4988146322704
1561658.580254,630.203342601553,596.8625160446801
1561666.704354,635.933695460271,592.0832902420563
1561673.011597,635.933695460271,592.0832902420563
1561679.830111,637.4436300240711,588.2071075828396
1561686.873669,650.2502091617393,573.5515194879806
1561694.098008,626.0046787465423,527.8501891128611
1561700.492001,580.5043544877686,482.44852548690636
1561708.213314,558.8060751633603,464.2825167633324
1561714.585662,514.2275370279009,421.33278465276663
1561722.712605,478.32873395970427,382.08267696336173
1561728.921195,452.34899397764866,356.6881587780945
1561735.96188,354.94740029021546,272.32412759148644
1561742.536002,334.18877023339644,227.35692460985007
1561765.587938,324.94600948129107,171.14566703135878
1561765.596731,331.8169117720329,96.73355105650981
1561765.669006,331.8169117720329,96.73355105650981
1561767.436909,331.8169117720329,96.73355105650981
1561767.437446,331.8169117720329,96.73355105650981
1561769.988299,331.8169117720329,96.73355105650981
1561783.785729,339.00789021383395,65.72334758062263
1561784.145609,349.7428884351373,4.430440004332769
1561798.779688,347.5201813483144,-2.1636797337479825
1561798.7868,342.84716326797775,-7.844099466488683
1561805.462864,346.7384463564537,-30.391894878180693
1561819.048328,329.91873056364915,-51.91159868962607
1561819.982661,249.22318157260145,-78.10452065692724
1561827.855635,223.82404045705084,-64.1521496728502
1561833.443473,213.73730464366966,-23.13801526996849
1561840.527721,194.6773681766162,21.999550643163044
1561849.720602,169.68061860515033,30.013413364677437
1561854.918249,146.9569980920636,28.35873466496022
1561861.798628,138.2653231472227,28.222788185345138
1561868.811099,124.97168420239409,29.589783174120733
1561878.134166,98.46484219502175,20.91705703838431
1561882.827403,57.64327603660323,5.058982024385791
1561890.387899,11.495028575533109,-7.286061198022592
1561898.150889,-16.798209746536404,-19.978867144088177
1561903.757954,-21.474039843231076,-22.640707293078385
1561912.616539,-29.0350080394557,-28.06589909589281
1561917.926407,-50.79400816362917,-80.91066392198579
1561924.928301,-48.044660075032205,-94.75215948142936
1561931.967344,-35.49636552957955,-127.61008883068789
1561940.647189,-13.762415899470348,-145.5941713893272
1561947.42863,21.114745998295597,-153.32013422601557
1561953.262052,73.23928496102872,-177.77417772683648
1561961.560089,132.40246592051793,-240.89883561620027
1561966.555585,182.71503426704325,-277.69526482586537
1561973.467642,233.8106918079026,-315.86744867172507
1561981.172334,308.6217580514497,-374.12748759255635
1561987.47925,340.34519878217753,-399.36506785117876
1561994.560914,349.38908821042116,-406.7803536596423
1562007.639091,349.38908821042116,-406.7803536596423
1562008.784037,349.38908821042116,-406.7803536596423
1562015.890526,349.38908821042116,-406.7803536596423
1562024.584264,377.401789912747,-428.65369466318435
1562029.775035,426.5935855469848,-461.27405510804203
1562039.08595,453.7924832107293,-477.97504567626726
1562044.550672,478.6126699898754,-491.9646004663334
1562053.404433,526.3195611206037,-525.5500792517486
1562057.934291,574.9141253291407,-565.9348573839189
1562065.232082,634.1996719897617,-609.0953927046103
1562077.870627,669.1721314372738,-627.4781210925617
1562078.634105,712.5728374684962,-635.6323551689018
1562086.075125,784.9091489184044,-640.0779801061436
1562094.565388,844.3376064390549,-641.2536692364808
1562099.544586,916.1413359032038,-701.1048045800754
1562106.546536,922.9202959917053,-799.3361677695619
1562114.978647,859.171991977259,-853.2174580965257
1562128.915323,762.4924454734959,-858.0762740222075
1562128.918927,644.6557924161629,-899.5069439867493
1562134.486786,606.8893898185618,-980.1187467124707
1562143.588495,591.2102945225627,-1061.9069838711496
1562152.083088,573.2425067827751,-1163.9969167320437
1562159.101109,556.2829458591597,-1230.0224060046671
1562159.674961,547.0760488039748,-1264.1074703619986
1562159.675556,547.0760488039748,-1264.1074703619986
1562160.998293,539.1836350045184,-1296.2045941293322
1562167.956448,523.1346486299602,-1359.8956684611762
1562174.984143,515.8292512906803,-1384.0225654917865
1562182.786556,515.8292512906803,-1384.0225654917865
1562189.371498,515.8292512906803,-1384.0225654917865
1562196.734172,514.5131963189352,-1390.6025342015027
1562203.461296,537.686653513008,-1439.006021864594
1562210.378285,571.6170487969531,-1470.224602394705
1562217.792632,602.886947954218,-1503.3452132776142
1562225.589149,615.788846977473,-1528.006058122002
1562231.09166,615.788846977473,-1528.006058122002
1562241.024845,625.7954209473653,-1552.9828315284071
1562245.463346,639.4556604939245,-1595.7606802877494
1562252.410308,626.541499268226,-1637.5842398877442
1562261.889954,607.3926885907473,-1698.4371806152606
1562266.43292,614.4959220438044,-1829.2464575597241
1562273.352405,615.5291583605963,-1901.5423897062658
1562280.654232,596.7837434210401,-1935.9710144864412
1562294.176847,577.9169348555898,-1972.6967257192248
1562294.18057,566.8465323552538,-1988.8217021787523
1562305.769887,575.788144912229,-2015.7831535229366
1562308.719317,667.6780890186918,-2085.0867168232685
1562316.010642,742.3720896978266,-2148.433736194328
1562322.377168,811.6048477682115,-2223.278801216148
1562329.045284,929.0330816962972,-2324.3528801545826
1562336.055748,1008.9398712026239,-2398.9690395568496
1562347.417523,1083.1734951393237,-2470.552537863808
1562350.036526,1116.5806952149856,-2504.3301611748343
1562358.827171,1116.5806952149856,-2504.3301611748343
1562368.280582,1116.5806952149856,-2504.3301611748343
1562372.140928,1116.5806952149856,-2504.3301611748343
1562378.059107,1116.5806952149856,-2504.3301611748343
1562385.029512,1116.5806952149856,-2504.3301611748343
1562392.059169,1116.5806952149856,-2504.3301611748343
1562402.734674,1116.5806952149856,-2504.3301611748343
1562406.481272,1116.5806952149856,-2504.3301611748343
1562413.388142,1125.5236382639157,-2519.2608752231313
1562425.769521,1142.0917704210804,-2566.8144152418163
1562428.281471,1143.6858898216874,-2606.3797777920995
1562435.970794,1143.343019529555,-2621.1810473051164
1562440.995915,1143.343019529555,-2621.1810473051164
1562447.983877,1143.343019529555,-2621.1810473051164
1562458.070564,1143.343019529555,-2621.1810473051164
1562462.483877,1143.343019529555,-2621.1810473051164
1562470.220321,1143.343019529555,-2621.1810473051164
1562476.048526,1143.343019529555,-2621.1810473051164
1562483.103007,1143.343019529555,-2621.1810473051164
1562491.846029,1138.199344351003,-2661.001228138687
1562500.484156,1128.1334328368703,-2792.9664659672426
1562504.981833,1125.1361144149803,-2921.928445551739
1562511.345587,1118.4324838169205,-3045.8171064391718
1562518.182005,1115.0534371624872,-3220.1565637025265
1562525.003561,1129.6962422941922,-3325.16226394203
1562532.002482,1149.4070034335675,-3421.6574945642774
1562539.001912,1174.0912899878217,-3530.519797504423
1562546.075805,1180.1000896066935,-3562.487234915457
1562553.833118,1185.1347034265339,-3583.942587783599
1562560.052471,1203.4207850719085,-3663.864834998178
1562567.071979,1222.3165096464936,-3735.1949713162726
1562574.868995,1242.391052543667,-3816.6948629117014
1562581.05124,1274.4064812316158,-3951.025092253269
1562592.660661,1292.4286235699983,-4052.5184128368574
1562595.063367,1258.4900930273664,-4146.556939468176
1562604.700758,1166.9203618338229,-4235.804114313898
1562613.325071,1095.7990588320934,-4299.676016475091
1562616.053575,1024.6330346884877,-4367.779506147767
1562625.417559,915.7853422790927,-4469.393628844861
1562630.360229,854.5845045839935,-4528.580167303289
1562639.254938,789.5185455765051,-4589.481279391704
1574770.487154,-53.25414238565672,-257.13646169719385
1574770.487836,-53.25414238565672,-257.13646169719385
1574776.165368,-54.34660224132688,-221.240073544875
1574789.469064,-51.50371413274941,-185.91498562694784
1574790.238406,-14.714008240661654,-141.5964622106062
1574797.993786,1.5612913386951295,-121.60637429348839
1574804.174668,1.6856751792294247,-118.75986575727639
1574811.591528,-3.3508775367542887,-96.02545444810465
1574821.949527,-13.227885147167155,-70.89894289167196
1574825.486813,-26.314649777206878,-48.04229671112128
1574832.895409,-36.74352399636147,-34.236004209992736
1574839.434792,-42.064432660020714,-23.526929752741196
1574846.068869,-46.543777364937405,-6.329623194593751
1574854.764581,-67.07289039180048,47.88760742427463
1574860.139302,-72.30686360839044,65.54738812571054
1574867.584918,-96.03005411542757,130.70716270383835
1574874.466323,-106.84431765343034,185.38025931606924
1574885.432912,-116.99827854482945,215.65579322272006
1574888.937169,-123.329786572962,239.44140701441444
1574895.572042,-138.79945494409966,290.368251720626
1574903.033696,-145.37331784870813,303.5651213582008
1574909.065507,-145.4133200928818,304.18626076824506
1574917.380161,-154.8658710654763,327.0290367645114
1574923.063198,-168.3172811572344,369.77698546102
1574931.063064,-173.4619080243829,390.43851024641015
1574937.396784,-178.13361683706964,424.29934105472745
1574944.485408,-183.40380193887313,445.1139534686396
1574951.116581,-190.6258066602079,461.9161246141362
1574958.485878,-197.82583730700713,489.53272909551674
1574965.168335,-192.4146860474256,510.3726525026372
1574972.725614,-167.30292573126573,518.4174245602924
1574981.433081,-142.01225438476877,523.462656397778
1574986.396524,-132.92708299212472,526.5481286661858
1574993.566985,-132.5251883900022,527.0860056154041
1575000.40704,-128.95780118678059,528.3489430271677
1575007.924462,-92.42516819706023,544.3802876969764
1575017.246268,-44.070688203077005,563.1555367526091
1575021.501494,-2.0058771676893183,574.2697660843496
1575028.443895,21.508914643921045,575.7003148620905
1575039.01419,74.62870685471864,598.1753978219117
1575044.94337,94.17126003764518,608.8895812672129
1575049.801116,94.17126003764518,608.8895812672129
1575056.549963,94.17126003764518,608.8895812672129
1575063.453728,104.16403716789624,611.1597698586779
1575070.660892,144.93252979717855,623.954047394038
1575077.608357,192.13336706044134,640.6062378872671
1575086.478816,218.42367824673082,639.1002828597815
1575091.48948,218.42367824673082,639.1002828597815
1575098.152164,218.42367824673082,639.1002828597815
1575106.531155,270.2948912752309,664.3233720934269
1575112.635225,312.51256578933027,683.8858702335784
1575119.505655,355.07045589203665,699.8753855258909
1575126.868685,396.7188249596804,715.7298519160182
1575133.572546,396.7188249596804,715.7298519160182
1575140.451376,429.1367014934164,721.7729095927835
1575147.476469,458.71243410454395,729.0043263502073
1575154.082685,474.90710265500377,731.2266836121021
1575166.273747,501.7770965996877,745.9093201528297
1575168.165256,554.9498782892563,769.8433957959865
1575175.077186,619.3507152469753,800.1093342367826
1575183.410381,679.2325651934267,827.3897188452905
1575189.068328,724.8256752378795,850.329510860244
1575200.366601,766.0453725207414,867.9065551546773
1575203.553377,814.6766227911521,884.4283854049943
1575210.508256,872.1674681355104,896.7630856470657
1575217.083565,826.9859690621549,932.834845509164
1575230.496713,746.429110623179,971.4242123110203
1575231.256595,721.1870143729302,980.9611060995333
1575238.09123,721.1870143729302,980.9611060995333
1575246.234051,721.1870143729302,980.9611060995333
1575252.102638,721.1870143729302,980.9611060995333
1575259.102454,721.1870143729302,980.9611060995333
1575267.95797,711.6349672003913,984.6179622860998
1575273.152407,690.7885562466137,994.9116441516599
1575280.708915,690.7885562466137,994.9116441516599
1575287.067813,680.5679146253847,994.1001115299563
1575294.515576,637.3824160989186,964.3242077699787
1575307.186473,611.773971895803,931.1085557317602
1575308.400344,601.2425297519536,918.4968573273951
1575317.953915,601.2425297519536,918.4968573273951
1575323.11436,601.2425297519536,918.4968573273951
1575329.100916,601.2425297519536,918.4968573273951
1575337.544083,601.2425297519536,918.4968573273951
1575344.495933,601.2425297519536,918.4968573273951
1575357.744293,601.2425297519536,918.4968573273951
1575358.361883,601.2425297519536,918.4968573273951
1575365.606517,601.2425297519536,918.4968573273951
1575372.097286,597.909433119598,911.0981551476114
1575378.535392,544.84186044717,863.1761208173883
1575385.757923,520.1384724632139,830.9414732523588
1575393.826213,504.8877052431168,814.8896751826499
1575400.396437,503.7856174807468,813.1629971531605
1575406.109469,503.7856174807468,813.1629971531605
1575413.150974,499.85756252981855,808.7312415235775
1575420.119869,496.90561085770105,810.5906869354757
1575427.160084,458.17796926694115,881.7505354640479
1575436.019245,442.96847550905386,931.464392478318
1575443.276319,486.87510472834146,983.8968075523701
1575448.264597,531.6330658446042,1001.2948636316896
1575455.093368,566.1045793675588,1014.7582896791176
1575462.091193,610.6087455946696,1035.7413845086412
1575469.457191,610.6087455946696,1035.7413845086412
1575478.983727,610.6087455946696,1035.7413845086412
1575483.775178,610.6087455946696,1035.7413845086412
1575490.51981,620.9982724722296,1047.3609272079377
1575497.639632,634.3926055444122,1068.5091696394265
1575504.552094,618.4522532624746,1130.5295890657908
1575520.736255,588.7964549410623,1176.0238602457425
1575520.739881,567.1665213392914,1223.6834613732842
1575525.143981,531.9442494120945,1287.3077037878913
1575533.431978,508.1751242928272,1331.0963091777253
1575539.648728,487.5072320726529,1373.3089479392104
1575551.984387,505.62162133209154,1412.5098437470858
1575558.229732,539.1203925441786,1414.8923089204768
1575564.30264,549.5813649591656,1441.9037113467623
1575564.303187,549.5813649591656,1441.9037113467623
1575565.738897,549.5813649591656,1441.9037113467623
1575574.1589,539.9737677439869,1443.0988233001776
1575579.738108,539.9737677439869,1443.0988233001776
1575591.661853,539.9737677439869,1443.0988233001776
1575594.165466,484.4252923467267,1437.1278456122493
1575601.088401,446.89671679352404,1428.0867833360587
1575608.127794,418.5964302027559,1406.4980731285857
1575615.279102,420.15859561467136,1335.7766372624772
1575625.408749,376.26961344521686,1288.6521025997472
1575629.031669,345.105031310143,1251.180471893433
1575636.081656,300.1458425630598,1172.4394607322333
1575650.674035,271.7752387260391,1119.5235607059635
1575650.681961,252.9951556527057,1067.506308653426
1575656.894455,264.9391807051941,1045.1817560486572
1575663.783596,280.66999892079383,1042.4520882925615
1575671.033443,291.8816552010135,1047.7563520001588
1575678.356585,304.78790325087,1054.4527135656854
1575685.067605,335.8818638786766,1074.144111236275
1575696.619731,389.0773818895723,1090.363379091579
1575699.858664,458.57698266164687,1112.1148254212019
1575706.011777,493.65881352185426,1125.5238051311853
1575713.068565,530.0147938694763,1136.923071357447
1575720.030288,546.0158096622189,1142.2369853217072
1575731.987819,546.0158096622189,1142.2369853217072
1575734.039892,546.0158096622189,1142.2369853217072
1575740.788538,546.0158096622189,1142.2369853217072
1575747.794281,546.0158096622189,1142.2369853217072
1575755.096954,546.0158096622189,1142.2369853217072
1575761.729655,595.0053437104436,1148.0920517594311
1575772.658696,617.4294263166181,1112.9113182377544
1575775.730668,619.5139394515613,1103.0522909541016
1575783.422645,619.5139394515613,1103.0522909541016
1575789.78122,619.5139394515613,1103.0522909541016
1575797.209951,619.5139394515613,1103.0522909541016
1575808.40139,619.5139394515613,1103.0522909541016
1575811.190011,619.9439722447705,1093.9680629476302
1575818.130559,621.9612081967985,1074.5092384803504
1575824.777088,621.9612081967985,1074.5092384803504
1575832.942888,621.9612081967985,1074.5092384803504
1575838.687344,621.9612081967985,1074.5092384803504
1575848.315926,621.9612081967985,1074.5092384803504
1575853.148383,621.9612081967985,1074.5092384803504
1575860.173793,593.95813456794,1038.5596713254272
1575867.471312,498.73311738834826,990.1444180259737
1575874.14378,439.9538048664655,962.6804038766655
1575881.302628,434.970849909511,956.738402012382
1575887.852102,434.970849909511,956.738402012382
1575896.651597,432.96419599276356,952.9261025724635
1575902.278394,422.9129971153549,917.202405805416
1575913.316812,464.5261863429499,846.8502404480397
1575916.519688,494.37883398560916,800.0802703898203
1575923.145338,477.66724701089265,759.5430179241008
1575930.151187,412.9170793728484,713.6018438166556
1575936.688954,377.80883926028883,702.2018216459651
1575943.711627,370.35659353323126,688.7129427994122
1575952.139831,321.1773914618028,680.8097189247153
1575958.098359,290.8219048031635,671.3160014579767
1575965.013524,288.60260006524936,672.2782939348516
1575973.113873,288.60260006524936,672.2782939348516
1575979.19544,288.60260006524936,672.2782939348516
1575987.221223,271.52657288334933,670.3354219223038
1575993.323723,205.13786734676734,649.6934180668347
1576000.111619,164.6189163369153,630.7021289300612
1576006.818802,122.33335527114676,609.6728277469581
1576019.456735,47.35320645784955,594.922325958932
1576020.734592,7.112758524778226,580.7842140344131
1576029.62208,-15.773567218743294,573.9939757415038
1576035.456858,-51.23062373846553,565.7967968945263
1576042.14235,-61.1358117043387,559.8870741728091
1576052.327765,-66.72036151182508,556.574468680724
1576056.183249,-76.38850680103927,552.9217014062323
1576063.131354,-88.12788069007173,551.6466062844684
1576070.018023,-101.81923015118458,551.6347340644634
1576078.655814,-117.15941244911073,569.8733345859758
1576085.479217,-117.86620953553552,573.941372611018
1576091.139261,-130.27487655937895,582.4890972839082
1576098.046073,-176.3989379631508,562.0806375206605
1576106.247172,-187.89414954314745,562.0926676180461
1576112.0438,-187.89414954314745,562.0926676180461
1576124.670669,-202.21644520723004,556.8600740619235
1576125.757179,-211.8818277898566,548.7953405022324
1576132.728556,-211.8818277898566,548.7953405022324
1576139.720073,-208.19434039715222,524.2105911279214
1576148.668854,-205.2035743501952,498.59356745016834
1576155.991601,-204.930353604132,486.39139666087357
1576161.115598,-202.81008384204983,470.8853739608765
1576168.16345,-195.12730702550732,447.4095812139508
1576175.106405,-191.99978719604192,438.46535033331645
1576182.141351,-191.99978719604192,438.46535033331645
1576194.29054,-188.05050610641194,426.1667814231759
1576195.812667,-187.89648161006906,425.26438722571805
1576203.237688,-183.3041976403356,419.1504084650118
1576209.70159,-163.4841612143452,368.82900679743176
1576216.721507,-146.7435192453482,323.9521501906725
1576223.6921,-142.98253965823304,287.1205556305204
1576239.588064,-143.3167657483832,275.86949391625467
1576239.591681,-135.90354705643153,254.37382894463423
1576256.300656,-116.63790290795865,206.51293857487448
1576256.304323,-111.44314470497739,177.38059491314468
1576258.742536,-105.33289048243515,157.65473702687228
1576266.556801,-87.62617816240484,114.70147334375102
1576273.223136,-73.21742476604109,81.9816099376572
1576281.831432,-59.60902001084272,54.01036610831654
1576286.791661,-54.250322386127706,17.427239305970534
1576300.008207,-54.250322386127706,17.427239305970534
1576304.797444,-52.91604960781572,2.2127885420524946
1576305.191232,-51.869826625297435,-0.5939621920731953
1576305.191948,-51.869826625297435,-0.5939621920731953
1576306.490464,-51.869826625297435,-0.5939621920731953
1576313.589708,-47.81752927818799,-29.15559108942596
1576320.590895,-62.40942220400217,-33.18101194755358
1576329.437264,-87.86675500857798,-42.13161994291577
1576335.879538,-145.3488312578406,-52.433157901544845
1576341.48124,-176.99639027533902,-47.1358102758082
1576350.108831,-195.06518984929573,-53.77045084490129
1576355.559453,-241.61274426520953,-84.2301213611017
1576362.884453,-300.21022575083515,-101.81955145987831
1576380.608825,-342.7047713647848,-107.32836296626414
1576380.615693,-406.4056536427547,-98.40238809722584
1576383.481749,-462.5679312984043,-96.18351729073284
1576391.825635,-505.94450758105046,-90.42472374217206
1576398.142579,-536.4859369993466,-81.30114399653341
1576404.996521,-564.6659835046308,-62.76091556497891
1576413.169851,-611.4828092175147,-48.00903412956951
1576418.510174,-634.3442935157332,-44.1512420555943
1576425.484166,-634.3442935157332,-44.1512420555943
1576433.908083,-634.3442935157332,-44.1512420555943
1576440.128356,-686.2120670531891,-38.97901601959552
1576450.302078,-741.3861613663763,-33.809432384502635
1576453.511968,-796.1370113331307,-3.000565945667265
1576461.983262,-896.1977643230783,24.359095220025296
1576467.580343,-965.4079616497784,47.0835313711326
1576474.640351,-998.5178572568701,54.296714096465585
1576483.401432,-1005.6073495408228,55.06214938936444
1576489.006862,-1005.6073495408228,55.06214938936444
1576495.511948,-1005.6073495408228,55.06214938936444
1576502.502476,-1026.4904019289747,60.73659713572868
1576532.0116,-1268.1832131491021,197.6224588605515
1576532.012245,-1268.1832131491021,197.6224588605515
1576533.817044,-1290.3040438348594,217.8182924546403
1576540.737087,-1302.150677260789,236.0182512596918
1576553.878238,-1319.1447185516602,256.55357309775144
1576555.777333,-1319.1447185516602,256.55357309775144
1576562.051242,-1336.8045330350644,280.81656018491316
1576569.188888,-1389.2703948081028,341.03278020794716
1576575.692826,-1424.6297422934651,373.84493084904085
1576595.946378,-1591.7823895185977,502.70657045296673
1576595.946965,-1591.7823895185977,502.70657045296673
1576597.448083,-1591.7823895185977,502.70657045296673
1576614.617328,-1641.6341301922016,428.97870676780025
1576614.746826,-1644.921007077114,416.48977353471093
1576621.501072,-1644.921007077114,416.48977353471093
1576625.440449,-1644.921007077114,416.48977353471093
1576635.470962,-1644.921007077114,416.48977353471093
1576639.450609,-1644.921007077114,416.48977353471093
1576647.08761,-1644.921007077114,416.48977353471093
1576654.825026,-1644.1083098180347,414.51931963162474
1576660.49941,-1655.8044106487969,374.3699074433499
1576667.498472,-1675.1344634126867,306.90860475272314
1576677.361108,-1673.6731285348496,252.33976214104132
1576688.445367,-1655.081429383646,203.77679965195716
1576688.873755,-1625.9587094400783,151.12107833382376
1576698.225736,-1622.558569344276,146.55003443670233
1576712.64048,-1606.9994344293543,126.52291498703237
1576713.174332,-1561.7908854545647,47.14921640070979
1576716.462553,-1531.6015099058554,-2.0148762816780543
1576725.625957,-1510.9141620836322,-39.8213796081491
1576730.468485,-1470.829906624335,-107.10379442021488
1576743.796981,-1425.9961277239265,-159.53608850391615
1576744.807893,-1373.5772290989394,-210.6095757930223
1576751.49871,-1325.4035783258964,-257.00222769665305
1576761.244071,-1300.709385897628,-283.51427266910025
1576769.307893,-1276.2986131081939,-310.5261153271502
1576774.446375,-1222.6680705629065,-364.97378555201107
1576779.420896,-1173.044872659682,-418.14974722044605
1576787.054542,-1140.7995446830485,-451.71425956388305
1576793.829893,-1076.743625488046,-517.7941010514645
1576800.437985,-1025.7756384737368,-572.7629476155882
1576807.468061,-975.7983131861109,-623.4038833188062
1576816.211306,-870.8436189127503,-692.6911535160386
1576821.439858,-807.1590269443371,-716.6761325750074
1576832.893387,-773.8188373996701,-721.8015415009952
1576836.792574,-743.7848440178544,-725.346018258861
1576842.692538,-723.2862087781082,-724.8288168763347
1576854.255911,-708.2145265655153,-757.1890210354437
1576856.772504,-709.8761867435289,-760.2728318444728
1576863.81552,-709.8761867435289,-760.2728318444728
1576870.453766,-709.8761867435289,-760.2728318444728
1576878.954258,-709.8761867435289,-760.2728318444728
1576885.088843,-709.8761867435289,-760.2728318444728
1576893.128762,-716.9958815952606,-774.2451308508547
1576899.168077,-722.2539411294566,-868.8245529006832
1576905.849913,-729.7622920934988,-901.6231931546066
1576912.759416,-731.4963769801087,-903.8459278133637
1576921.995991,-731.4963769801087,-903.8459278133637
1576926.502909,-731.4963769801087,-903.8459278133637
1576933.817452,-731.4963769801087,-903.8459278133637
1576940.593779,-734.5076403087763,-905.8501251167046
1576950.123617,-758.9373469589843,-937.5459801843773
1576954.660517,-791.5184372977374,-992.5160299993723
1576962.048565,-826.9742492278234,-1051.385719312419
1576968.544852,-851.5374269408329,-1087.6708820804608
1576975.472263,-879.6893682360247,-1131.1200123497727
1576987.761294,-904.3960762088145,-1177.3749785019938
1576989.620979,-920.4671392044056,-1201.303063275036
1576996.519848,-920.4671392044056,-1201.303063275036
1577017.605805,-959.536559366221,-1254.9039295565237
1577017.606614,-959.536559366221,-1254.9039295565237
1577019.270627,-977.5668251128852,-1278.5098046195608
1577026.3433,-1011.8600380395022,-1331.1335695540502
1577033.334115,-1046.5333621020075,-1384.1828985938146
1577042.108982,-1060.7250205711912,-1402.6703709218639
1577047.335462,-1060.7250205711912,-1402.6703709218639
1577054.327951,-1060.7250205711912,-1402.6703709218639
1577061.236525,-1060.7250205711912,-1402.6703709218639
1577068.324315,-1060.7250205711912,-1402.6703709218639
1577075.271467,-1060.7250205711912,-1402.6703709218639
1577085.676813,-1060.7250205711912,-1402.6703709218639
1577089.5758,-1065.222431407222,-1405.739220085452
1577096.285965,-1086.9637538833374,-1442.9926345729864
1577106.561014,-1126.6574861571066,-1515.838487940644
1577110.285056,-1151.957917069237,-1561.2198631335114
1577117.35066,-1174.714696632547,-1598.0623997969801
1577124.335872,-1187.5377147675924,-1615.9707318906153
1577131.57709,-1187.5377147675924,-1615.9707318906153
1577138.32788,-1187.5377147675924,-1615.9707318906153
1577145.259297,-1187.5377147675924,-1615.9707318906153
1577152.289061,-1187.5377147675924,-1615.9707318906153
1577160.599605,-1187.5377147675924,-1615.9707318906153
1577166.350035,-1187.5377147675924,-1615.9707318906153
1577173.640294,-1187.5377147675924,-1615.9707318906153
1577181.29346,-1187.5377147675924,-1615.9707318906153
1577187.281004,-1187.5377147675924,-1615.9707318906153
1577195.245155,-1187.5377147675924,-1615.9707318906153
1577201.669618,-1195.152466006087,-1635.2045733176315
1577208.597574,-1244.6899528399945,-1705.2533136073
1577215.992718,-1272.1140980348014,-1748.8571067819084
1577222.34066,-1295.6937651680341,-1797.7366845777367
1577230.156218,-1327.7038781184506,-1867.7945424523434
1577237.952576,-1343.5973410418228,-1898.5442334421414
1577243.618947,-1345.410628384207,-1904.1398854265674
1577250.6328,-1390.0686337850318,-1998.9002987963327
1577257.596021,-1423.9465165504066,-2060.7021833672993
1577264.967034,-1426.911067993022,-2093.625748832597
1577272.523932,-1426.2736328496974,-2116.7208750956083
1577279.261658,-1426.2736328496974,-2116.7208750956083
1577285.308183,-1426.2736328496974,-2116.7208750956083
1577292.379266,-1422.394982574286,-2145.901963616429
1577299.427768,-1422.3240635167226,-2167.741027236211
1577306.287843,-1421.3788764911592,-2175.3722306219784
1577313.287702,-1423.7948154416542,-2191.228756303879
1577320.658719,-1423.5805050268282,-2217.117326536084
1577327.294539,-1416.8580270668338,-2252.0020400212097
1577345.195025,-1411.2986898658216,-2318.717815868566
1577345.316004,-1410.3593323892987,-2349.8897898177283
1577348.838145,-1410.9566546954195,-2362.3766703414276
1577355.305692,-1405.576322594302,-2384.515484333573
1577363.728491,-1406.834650255146,-2449.223347707884
1577369.345708,-1404.8105126127853,-2506.868577527107
1577376.359495,-1407.223914318025,-2532.5881684430883
1577387.367098,-1407.223914318025,-2532.5881684430883
1577390.347498,-1407.223914318025,-2532.5881684430883
1577398.4418,-1405.5907844215835,-2549.1416733335536
1577404.347,-1409.5510653631013,-2583.463280068242
1577411.294786,-1445.6593895046437,-2608.632185202244
1577418.457772,-1514.2111107043754,-2646.3874523631466
1577425.290765,-1563.025847425802,-2661.174214640918
1577432.34083,-1606.478671235859,-2667.825659807154
1577439.300887,-1622.5851688983514,-2669.0798729634826
1577448.710165,-1622.5851688983514,-2669.0798729634826
1577459.097273,-1625.5447590607475,-2668.240846894376
1577460.29559,-1676.5448240751602,-2675.062008826266
1577467.357031,-1716.4343690393025,-2667.60095129482
1577474.296014,-1766.0375963873805,-2660.281438515946
1577487.612338,-1831.719291243752,-2672.411478397773
1577489.398584,-1845.0154699298,-2678.429883302602
1577495.303828,-1845.0154699298,-2678.429883302602
1577502.361139,-1845.0154699298,-2678.429883302602
1577509.343872,-1845.0154699298,-2678.429883302602
1577516.69904,-1845.0154699298,-2678.429883302602
1577523.624609,-1872.118413623676,-2719.9687280862104
1577530.317922,-1910.0328911326171,-2767.0218602902455
1577537.297571,-1913.843586958488,-2771.9031133276826
1577548.199976,-1913.843586958488,-2771.9031133276826
1577551.358941,-1913.843586958488,-2771.9031133276826
1577559.607224,-1913.843586958488,-2771.9031133276826
1577565.448162,-1913.843586958488,-2771.9031133276826
1577572.34969,-1913.843586958488,-2771.9031133276826
1577582.695259,-1913.843586958488,-2771.9031133276826
1577586.724853,-1913.843586958488,-2771.9031133276826
1577599.423652,-1918.2697776669163,-2780.0984988250725
1577600.389937,-1941.601339796534,-2812.461461787705
1577607.348456,-1996.4320098728763,-2850.142669825016
1577614.298384,-2065.2719955175517,-2868.3942304820844
1577621.297425,-2129.2445001227284,-2879.295071901967
1577628.379018,-2208.90075038151,-2898.093119889012
1577637.443596,-2244.8675302453735,-2906.1605951669976
1577642.678926,-2273.084421971653,-2913.3222608515666
1577649.67552,-2314.4145851152207,-2922.9152274128223
1577658.041945,-2344.371364603903,-2929.66980997964
1577663.779044,-2369.7127224126516,-2935.6822399406688
1577672.828044,-2439.320317464531,-2952.4217374271184
1577677.296862,-2491.5854091045194,-2964.2030211294577
1577685.54522,-2573.3344377683334,-2970.7404844183466
1577691.30072,-2633.0499794913258,-2948.0499096312706
1577701.771913,-2633.0499794913258,-2948.0499096312706
1577706.823151,-2633.0499794913258,-2948.0499096312706
1577712.352123,-2653.5941897677267,-2926.3920714877017
1577719.351215,-2677.9608774392145,-2896.298544846967
1577726.352027,-2693.7522174946866,-2867.1525669280672
1577734.500932,-2709.8511339214633,-2827.137601392417
1577743.910253,-2712.730582978419,-2818.772285955514
1577747.320024,-2723.0789321673647,-2782.992556467797
1577756.056991,-2742.956765149915,-2729.6901182091706
1577761.60997,-2753.266973163842,-2713.855499814849
1577768.712602,-2758.0044430804755,-2704.881700704041
1577777.386983,-2766.6472999370494,-2694.748120421297
1577782.782742,-2766.6472999370494,-2694.748120421297
1577790.091569,-2766.6472999370494,-2694.748120421297
1577796.731207,-2766.6472999370494,-2694.748120421297
1577803.728523,-2766.6472999370494,-2694.748120421297
1577812.206598,-2766.6472999370494,-2694.748120421297
1577817.350047,-2781.0602879328053,-2677.564640324162
1577824.691008,-2807.838516807118,-2650.840841258875
1577834.279454,-2852.1663298389867,-2607.261646693487
1577838.444057,-2881.0325305509864,-2571.876162151148
1577845.731058,-2885.0113528414495,-2568.100481691748
1577852.356891,-2885.0113528414495,-2568.100481691748
1577859.346961,-2915.598617015542,-2544.05407089521
1577866.348878,-2952.6691361317476,-2495.2702442901546
1577875.049093,-2982.005022316084,-2462.4380638342536
1577880.614951,-3019.0684990064274,-2426.6807945973383
1577887.621541,-3035.6314968589313,-2410.628677603136
1577894.657121,-3057.5319016435133,-2390.6312210865785
1577901.662986,-3102.304412403023,-2346.394661612617
1577908.623905,-3131.502364863209,-2318.345784187455
1577915.751161,-3155.0979222186334,-2294.762333923008
1577922.634471,-3171.2233295811952,-2273.629081425762
1577929.62305,-3174.4590144494678,-2270.485511637804
1577936.580527,-3193.775700685685,-2255.603104194838
1577944.760321,-3223.3225161261707,-2228.853835872469
1577953.693635,-3223.3225161261707,-2228.853835872469
1577957.710533,-3223.3225161261707,-2228.853835872469
1577964.288675,-3223.3225161261707,-2228.853835872469
1577971.932288,-3223.3225161261707,-2228.853835872469
1577978.316941,-3223.3225161261707,-2228.853835872469
1577985.493879,-3223.3225161261707,-2228.853835872469
1577994.024599,-3223.3225161261707,-2228.853835872469
1577999.30094,-3223.3225161261707,-2228.853835872469
1578006.299485,-3233.3459185042802,-2214.9638267360765
1578013.383282,-3260.00970440956,-2193.769156111079
1578020.661826,-3276.5608978713863,-2188.7840221186934
1578027.668326,-3316.9169490380136,-2176.5583701390437
1578034.822917,-3344.4608691829767,-2135.4173557383197
1578041.972318,-3380.8443895922524,-2061.343864399882
1578049.709875,-3446.855312489037,-1975.1846381290734
1578056.53471,-3450.145444002551,-1969.698242921087
1578062.3588,-3450.862516286412,-1963.9955176405592
1578069.360133,-3443.0658122634586,-1899.7879449710958
1578077.765817,-3443.637567434365,-1841.3064217606156
1578083.309318,-3463.4644368966765,-1770.0117181135759
1578090.350105,-3503.116486655322,-1629.288402787422
1578097.350275,-3515.9512607838797,-1526.7538220656875
1578108.177038,-3511.4904086652086,-1417.1956982153115
1578111.942086,-3501.6674260057994,-1281.8664786480904
1578121.045417,-3498.499454360404,-1190.980695907522
1578125.299073,-3495.8434168952517,-1089.549596748838
1578132.353303,-3489.314140700765,-967.3771422083202
1578139.376364,-3476.863714960209,-903.9173781010697
1578148.785919,-3476.006962945768,-885.2465607729301
1578157.283177,-3474.9034182432147,-877.1484800529201
1578160.344867,-3474.9034182432147,-877.1484800529201
1578167.293529,-3475.116416919567,-874.0035538088846
1578175.393029,-3475.0845633467293,-873.2411348829012
1578181.294505,-3475.098974561541,-871.0805321416799
1578190.905476,-3475.027774255273,-856.3858500081952
1578195.375184,-3477.0362081267563,-854.6505046023119
1578202.653749,-3497.2142660595264,-854.0747742020835
1578209.739703,-3540.3078095418578,-849.9728333851407
1578216.769085,-3640.539406492556,-834.4471033339563
1578223.734558,-3710.0702944340073,-824.9142791305413
1578231.664331,-3766.549118615407,-812.1087457095343
1578237.373851,-3872.523276607157,-773.7834807654143
1578244.365785,-3949.3841370006735,-742.8534404245547
1578254.712672,-4002.2279190124104,-704.4030195641105
1578258.791391,-4072.8435954150937,-628.7169441895206
1578265.372296,-4129.1350479016755,-565.6480026673858
1578274.265718,-4187.797481248579,-504.70068493051343
1578282.522063,-4251.678355059269,-443.33117960252076
1578286.60491,-4287.616596443011,-403.49205376867326
1578293.36786,-4309.450200096947,-376.5482954092065
1578302.769475,-4309.450200096947,-376.5482954092065
1578307.923398,-4309.450200096947,-376.5482954092065
1578314.372778,-4309.450200096947,-376.5482954092065
1578321.363339,-4309.450200096947,-376.5482954092065
1578333.130256,-4309.450200096947,-376.5482954092065
1578337.386948,-4321.047630918789,-364.2245151151626
1578342.362787,-4367.868908078494,-307.4938660310536
1578350.105889,-4384.655849893927,-286.46285149766527
1578357.726046,-4385.946497403853,-285.0379344364375
1578363.370821,-4385.946497403853,-285.0379344364375
1578370.291578,-4385.946497403853,-285.0379344364375
1578379.546029,-4385.946497403853,-285.0379344364375
1578384.265083,-4385.946497403853,-285.0379344364375
1578392.831737,-4385.946497403853,-285.0379344364375
1578398.356899,-4385.946497403853,-285.0379344364375
1578410.254144,-4385.946497403853,-285.0379344364375
1578412.58723,-4385.946497403853,-285.0379344364375
1578419.777591,-4390.665400878527,-276.1140332424982
1578426.60024,-4392.9062436101,-232.05600279178915
1578433.380473,-4385.4913072206655,-209.1902334947322
1578441.774655,-4393.799359777457,-180.96918565538343
1578447.723903,-4412.016871110198,-162.63865980397378
1578454.598461,-4412.016871110198,-162.63865980397378
1578461.697043,-4412.016871110198,-162.63865980397378
1578470.035184,-4417.267339673345,-159.35766002947287
1578475.603563,-4444.217334958803,-125.62102316501692
1578482.362835,-4466.1473044441245,-70.78765036728464
1578490.687898,-4499.687755722462,13.018188008975335
1579508.52913,-4485.2049181617895,3047.706781160153
1579515.830526,-4463.611370159248,2966.9109227647864
1579524.150414,-4404.735469488328,2945.885151003494
1579529.943333,-4285.840034706634,2975.366356437564
1579536.532185,-4258.860291359891,3040.6712213280275
1579545.235661,-4238.009612636606,3094.500564502417
1579550.536956,-4178.407437302388,3029.7953884335207
1579558.223152,-4187.858564894081,2938.029515950719
1579564.443445,-4188.6676154106435,2831.7627846678147
1579571.772891,-4172.580490555091,2693.4632456317195
1579579.625693,-4162.5779914182085,2614.941203941233
1579585.940383,-4157.512398911383,2543.966613742312
1579592.475355,-4157.554119535112,2432.8533262323826
1579605.464474,-4158.374664849254,2342.8472661293117
1579606.802997,-4148.568338831089,2267.1146695582943
1579613.490877,-4072.6253574014413,2259.871010962757
1579620.577967,-4046.759512456565,2319.537934465051
1579630.423276,-4050.6808263021626,2380.9525870535676
1579634.532598,-4003.552919534756,2460.03224658365
1579641.483333,-3943.1710661874067,2493.3317080656093
1579648.441473,-3893.8763913409907,2511.148865819132
1579657.796689,-3812.623611306524,2513.776111806617
1579666.744818,-3746.1823566435114,2515.8867954470807
1579669.524981,-3721.89848193345,2517.114562874406
1579676.871291,-3721.89848193345,2517.114562874406
1579686.88828,-3708.5440633180756,2518.087519796492
1579690.559042,-3702.6244416620743,2520.289553467436
1579697.531819,-3657.204811199846,2516.4253213290444
1579704.961037,-3620.234698895642,2506.8019394833827
1579711.911501,-3579.5718634944215,2498.3406063276643
1579718.528788,-3563.598157378988,2501.3155537280527
1579725.52732,-3542.8384944757645,2538.064629854429
1579733.820977,-3528.1782823197473,2574.6398730034857
1579741.276449,-3503.9933045435355,2629.2391985629893
1579746.523947,-3474.706967984462,2598.216131515349
1579753.53447,-3448.1624086100724,2552.550656420793
1579763.499927,-3432.1718635373636,2497.601236413853
1579767.864117,-3419.9792436874122,2483.957899009005
1579776.570692,-3419.9792436874122,2483.957899009005
1579787.033724,-3384.3066585391834,2497.8620534918145
1579790.056165,-3366.773155515181,2494.4136318172546
1579797.266944,-3345.334523387417,2487.278148030075
1579807.251933,-3309.207063973729,2505.8648751930727
1579809.44036,-3272.6375184165445,2549.5169375069668
1579818.382539,-3217.574827842712,2592.0866393212273
1579824.254578,-3135.4254316251368,2633.7126608077415
1579830.865916,-3093.7784493442764,2671.727647735039
1579837.486717,-3066.6694919225306,2722.966417292526
1579844.528341,-3049.584979196083,2814.4341225519524
1579852.32762,-3052.850791503097,2887.749817629868
1579858.621172,-3052.820195316773,2942.2288516876188
1579865.567571,-3002.333964542233,2987.9173613291487
1579872.95162,-2974.942773158845,2973.851509758684
1579879.878498,-2944.1566138251674,2966.957541510183
1579890.766036,-2941.7102979475335,2904.135501861154
1579896.159557,-2949.498394217907,2831.0305541046982
1579901.77546,-2956.565410910032,2761.840887418936
1579908.775327,-2968.7161278496196,2664.872133892418
1579914.878009,-2998.3604242020892,2592.6396034688437
1579921.860072,-3041.293006322999,2522.4064019430375
1579929.094815,-3067.303049976947,2432.353435837419
1579935.470205,-3075.8592410074893,2406.1132459665782
1579949.071251,-3078.512667198215,2401.904585225433
1579949.489291,-3086.1953987086686,2391.9049861723474
1579958.131712,-3086.1953987086686,2391.9049861723474
1579963.965309,-3079.723829435633,2394.655309407786
1579971.133944,-3072.153239873498,2406.6587593195786
1579978.082992,-3072.153239873498,2406.6587593195786
1579984.440599,-3072.153239873498,2406.6587593195786
1579991.484606,-3072.153239873498,2406.6587593195786
1579998.471777,-3072.153239873498,2406.6587593195786
1580007.076144,-3072.153239873498,2406.6587593195786
1580013.903702,-3072.153239873498,2406.6587593195786
1580019.441519,-3072.153239873498,2406.6587593195786
1580026.539757,-3072.153239873498,2406.6587593195786
1580033.523477,-3072.153239873498,2406.6587593195786
1580041.267608,-3069.2732004808354,2421.0522559149745
1580047.992027,-3069.2732004808354,2421.0522559149745
1580054.530771,-3069.2732004808354,2421.0522559149745
1580061.537113,-3069.2732004808354,2421.0522559149745
1580071.034925,-3069.2732004808354,2421.0522559149745
1580075.538917,-3062.358611492367,2429.4775844590285
1580083.972192,-3028.4863167453886,2417.170601593652
1580089.92133,-3009.0730415320486,2426.473993001103
1580097.184493,-3009.717994927689,2436.2094730843182
1580103.781911,-3009.717994927689,2436.2094730843182
1580110.563285,-3015.759949788988,2454.9904827253263
1580118.037387,-3056.085613730433,2440.933417026901
1580125.483756,-3066.156131486867,2438.0704349876514
1580134.372295,-3065.9108512443368,2451.6073273332922
1580139.014737,-3043.441983956314,2511.6356632970096
1580145.538063,-3015.8835429188316,2573.4758361489485
1580155.009816,-2975.664521241222,2631.351827451631
1580167.757575,-2954.2938686099983,2724.2975442772013
1580167.761225,-2948.9969006555134,2782.543070928239
1580278.547069,-2589.8562171781523,2473.1738990287836
1580278.548383,-2589.8562171781523,2473.1738990287836
1580281.846094,-2578.5921341999792,2507.573484441895
1580288.967136,-2524.120250039806,2557.230336231868
1580295.872983,-2484.8231905117827,2512.45613299842
1580303.098791,-2485.8196117738576,2440.1563334240996
1580311.923642,-2485.94982399141,2331.6122141961487
1580316.951862,-2441.323066450756,2277.482567168506
1580324.97614,-2406.642306093593,2248.9215362917234
1580331.330616,-2391.462596513386,2235.9811588646235
1580340.257152,-2368.3098649947706,2223.52941907953
1580344.948417,-2361.4535897295464,2199.394790862132
1580351.943761,-2425.2740483588277,2124.8028408529362
1580359.232968,-2438.9971495962523,2102.506867266433
1580366.267737,-2410.6221027027814,2049.508342758544
1580373.337292,-2382.67090970779,1950.244467202779
1580381.11832,-2379.0512091217047,1896.1697725477839
1580387.838483,-2369.9697845473383,1849.9260724521068
1580393.900999,-2369.6949578261774,1843.4960223030098
1580411.825395,-2369.6949578261774,1843.4960223030098
1580411.828997,-2353.550164942459,1844.8166212333929
1580414.850777,-2287.208098877425,1865.8625041467744
1580422.448586,-2254.176845057642,1868.3959116278606
1580429.229154,-2217.15111062348,1877.051471954722
1580436.303522,-2204.9907222093298,1884.6669390631937
1580443.363722,-2204.9907222093298,1884.6669390631937
1580450.566521,-2204.9907222093298,1884.6669390631937
1580456.855422,-2204.9907222093298,1884.6669390631937
1580464.187277,-2204.9907222093298,1884.6669390631937
1580471.34171,-2204.9907222093298,1884.6669390631937
1580478.384074,-2204.9907222093298,1884.6669390631937
1580485.582215,-2204.9907222093298,1884.6669390631937
1580492.402599,-2204.9907222093298,1884.6669390631937
1580498.892313,-2204.9907222093298,1884.6669390631937
1580505.885682,-2204.9907222093298,1884.6669390631937
1580512.885143,-2194.2385470139516,1899.3610637436057
1580519.956634,-2149.994295597931,1923.7528479388595
1580527.432274,-2114.7811145892556,1931.2296675590612
1580533.952307,-2091.8416018210846,1939.6060405131168
1580540.90056,-2051.5286711101617,1942.0047070046214
1580549.559274,-2040.0454470983336,1933.4686622886197
1580554.949078,-2039.08891934076,1902.4524363615521
1580562.576178,-2039.550353231355,1874.608297293876
1580569.263845,-2043.0558390065112,1861.4406827079213
1580576.318642,-2045.9396163491274,1836.9290919607597
1580582.953369,-2033.9158520144788,1813.088414129501
1580591.063858,-2038.0346637354903,1760.797329536705
1580598.650001,-2039.7478694275346,1707.8928913267134
1580604.250208,-2040.4155728084752,1694.038069174465
1580611.29266,-2040.4155728084752,1694.038069174465
1580620.178318,-2040.4155728084752,1694.038069174465
1580624.955008,-2040.4155728084752,1694.038069174465
1580634.127857,-2040.4155728084752,1694.038069174465
1580643.330773,-2040.4155728084752,1694.038069174465
1580646.27582,-2044.8650520405133,1639.3498272314253
1580652.885813,-2048.19918991216,1589.6159427128916
1580659.858814,-2049.829553052461,1536.609783799102
1580669.431816,-2051.925204829684,1446.752796883711
1580674.472046,-2052.549775847872,1393.341676834353
1580681.188382,-2056.1221663628507,1345.2486724848443
1580690.145781,-2057.054032200616,1276.5144827314814
1580695.896021,-2060.3757495593427,1241.2085361532982
1580701.945448,-2063.5771069470434,1208.5866757323045
1580709.289808,-2067.645923558685,1150.9460640611549
1580716.237031,-2066.1816457384234,1116.4701913123897
1580723.985035,-2060.4218635984007,1086.3301269577928
1580730.438655,-2058.4865091590814,1073.8119872037835
1580737.23618,-2069.509141859572,1058.9796218800361
1580743.946367,-2076.8709114051494,1058.4002959962909
1580755.841911,-2116.1815018747297,1059.9202382570998
1580757.943876,-2138.66553293845,1060.504157292346
1580766.307887,-2150.6632932430934,1044.621017133227
1580772.586063,-2150.733495755472,1031.6631992257817
1580780.847034,-2149.8446948483465,1029.8584647591388
1580790.919854,-2133.942662940989,1017.5022588657721
1580793.484448,-2080.6947761894335,1003.2857926115998
1580800.601926,-2080.6947761894335,1003.2857926115998
1580807.442318,-2080.6947761894335,1003.2857926115998
1580814.757722,-2080.6947761894335,1003.2857926115998
1580822.79396,-2080.6947761894335,1003.2857926115998
1580828.356837,-2065.842743095316,997.3167275183237
1580835.199686,-1997.182757366168,985.4070909396313
1580842.298775,-1951.0846223151175,966.4385865765087
1580849.338343,-1891.0321929344138,938.8957112027987
1580856.254015,-1816.4344826838717,884.1851277165582
1580862.959977,-1772.343530814444,860.9992152895597
1580873.410069,-1720.167928380057,842.5698574720069
1580878.766834,-1658.1683575104705,815.9265677767867
1580885.031084,-1614.929657691845,799.6166717120932
1580891.277814,-1583.371856922242,785.2128423642071
1580897.885057,-1565.6683548839753,773.2074945538258
1580904.885421,-1543.4040482145688,753.8950031897242
1580912.600504,-1525.2285076533553,726.349930524985
1580918.869711,-1523.6156755244551,714.120262467896
1580933.054376,-1523.6156755244551,714.120262467896
1580933.762737,-1528.355093277392,702.8035879486087
1580940.294431,-1530.3784396457436,672.0414041848447
1580947.371894,-1529.406972008942,647.0924363059038
1580954.254082,-1528.5920826766862,626.8979751985751
1580963.322134,-1534.8022932396448,605.9702363201188
1580968.222061,-1534.8022932396448,605.9702363201188
1580977.086002,-1534.8022932396448,605.9702363201188
1580984.219046,-1541.5617719778227,599.7026662178852
1580988.893948,-1578.8633618026727,596.8295589214015
1580998.270039,-1622.1919831796401,605.6656603237254
1581004.347291,-1630.0277892859165,608.4081394994839
1581010.231705,-1630.0277892859165,608.4081394994839
1581018.592836,-1630.0277892859165,608.4081394994839
1581026.392819,-1630.0277892859165,608.4081394994839
1581032.975475,-1630.0277892859165,608.4081394994839
1581038.775992,-1630.0277892859165,608.4081394994839
1581045.427739,-1630.0277892859165,608.4081394994839
1581054.641099,-1630.0277892859165,608.4081394994839
1581059.215787,-1630.0277892859165,608.4081394994839
1581066.253226,-1630.0277892859165,608.4081394994839
1581074.662652,-1630.0277892859165,608.4081394994839
1581080.239791,-1630.0277892859165,608.4081394994839
1581087.451474,-1630.0277892859165,608.4081394994839
1581093.971899,-1630.0277892859165,608.4081394994839
1581102.24504,-1630.0277892859165,608.4081394994839
1581107.909199,-1630.0277892859165,608.4081394994839
1581116.680331,-1630.0277892859165,608.4081394994839
1581122.332257,-1630.0277892859165,608.4081394994839
1581130.834568,-1630.0277892859165,608.4081394994839
1581137.090025,-1630.0277892859165,608.4081394994839
1581143.298193,-1630.0277892859165,608.4081394994839
1581150.419085,-1636.9171596279762,600.9913604737312
1581157.022509,-1636.9171596279762,600.9913604737312
1581163.901955,-1636.9171596279762,600.9913604737312
1581173.931881,-1636.9171596279762,600.9913604737312
1581178.618563,-1636.9171596279762,600.9913604737312
1581185.443646,-1636.9171596279762,600.9913604737312
1581192.410287,-1636.9171596279762,600.9913604737312
1581199.388877,-1636.9171596279762,600.9913604737312
1581206.321648,-1636.9171596279762,600.9913604737312
1581213.317435,-1636.9171596279762,600.9913604737312
1581220.334375,-1636.9171596279762,600.9913604737312
1581227.44448,-1636.9171596279762,600.9913604737312
1581236.960291,-1636.9171596279762,600.9913604737312
1581241.371272,-1636.9171596279762,600.9913604737312
1581248.420224,-1636.9171596279762,600.9913604737312
1581255.34747,-1636.9171596279762,600.9913604737312
1581261.874163,-1636.9171596279762,600.9913604737312
1581268.866695,-1636.9171596279762,600.9913604737312
1581275.90507,-1636.9171596279762,600.9913604737312
1581283.339397,-1636.9171596279762,600.9913604737312
1581290.615406,-1636.9171596279762,600.9913604737312
1581297.313294,-1632.1587831811903,607.6981440681957
1581305.56539,-1632.1587831811903,607.6981440681957
1581311.203539,-1632.1587831811903,607.6981440681957
1581318.466636,-1632.1587831811903,607.6981440681957
1581325.327206,-1632.1587831811903,607.6981440681957
1581335.544316,-1632.1587831811903,607.6981440681957
1581339.29055,-1632.1587831811903,607.6981440681957
1581352.187366,-1632.1587831811903,607.6981440681957
1581352.870578,-1632.1587831811903,607.6981440681957
1581362.102641,-1632.1587831811903,607.6981440681957
1581369.241237,-1632.1587831811903,607.6981440681957
1581374.330282,-1632.1587831811903,607.6981440681957
1581381.382347,-1642.437308236723,606.5300263554943
1581388.319414,-1640.5698584667375,605.008025637905
1581394.902483,-1632.6322765211441,612.653085538611
1581404.175696,-1633.6066465256351,621.0749072660489
1581409.295556,-1633.015613942669,621.0700364963955
1581416.26203,-1633.0136312895393,621.0675594605343
1581423.25644,-1633.0136312895393,621.0675594605343
1581430.268596,-1633.0136312895393,621.0675594605343
1581437.265274,-1633.0136312895393,621.0675594605343
1581444.302065,-1633.0136312895393,621.0675594605343
1581451.328802,-1634.4798268665566,620.3051779613587
1581458.236507,-1643.6785934963038,612.2367041115
1581465.398053,-1633.1751561234728,676.4595279787512
1581472.142353,-1624.8824078839484,718.6908727043851
1581479.329754,-1619.2583514095052,785.9589011496727
1581486.165891,-1610.4931089932165,882.1756074079726
1581498.015081,-1604.0425654968385,952.5157822355742
1581500.746875,-1577.2567684107985,974.4189945576045
1581510.120026,-1481.586510215722,959.6498572335668
1581513.893767,-1427.8939454438191,952.0462602626628
1581522.172361,-1421.7781274017557,950.4932567877764
1581528.322494,-1421.7781274017557,950.4932567877764
1581535.71246,-1421.7781274017557,950.4932567877764
1581543.859184,-1414.218407949683,949.2304785235768
1581549.213894,-1414.218407949683,949.2304785235768
1581555.883532,-1414.218407949683,949.2304785235768
1581562.905281,-1414.218407949683,949.2304785235768
1581574.109047,-1380.1108231253213,947.6224977875687
1581583.729032,-1271.6344919769735,941.4602163927829
1581583.729758,-1271.6344919769735,941.4602163927829
1581585.088905,-1257.289073284445,938.7848894001434
1581592.99509,-1224.3301619149902,936.8349781758237
1581599.1341,-1196.341406493429,926.5278026794408
1581608.469662,-1141.0163085963277,949.5335081489386
1581613.511259,-1114.5785529454329,965.5868495351795
1581620.93978,-1114.5785529454329,965.5868495351795
1581627.449116,-1056.1430397729766,997.8821503768959
1581634.147736,-1008.200191273072,1009.9755007828979
1581644.694308,-985.0787216239003,971.3782369374919
1581648.631346,-943.7687298430646,911.9821170520772
1581655.540753,-872.5327915708879,894.7158139934005
1581664.420715,-823.0515958551207,895.2073448298617
1581669.607558,-805.5698183210134,898.1490021591873
1581677.749538,-793.4858239188032,895.7494186591568
1581685.112947,-755.8802997275247,892.9578563855182
1581690.581101,-709.7885554648617,889.2216953317256
1581698.744877,-709.7885554648617,889.2216953317256
1581704.605837,-709.7885554648617,889.2216953317256
1581712.578424,-709.7885554648617,889.2216953317256
1581718.053135,-671.8299634326048,887.055688445626
1581726.280804,-617.6753741734235,883.9106559893896
1581732.441566,-552.0349346050402,879.8757154141241
1581739.598046,-506.6761583722106,874.7585334358545
1581746.751684,-487.63856968403775,869.3710412028888
1581753.975173,-426.81145238886467,863.2914038563799
1581760.075643,-400.4443755342364,856.5725651810021
1581767.748461,-374.37133867201834,850.9715979874
1581774.532743,-344.33435562242283,846.9175021413943
1581781.576275,-335.6118125115417,839.62853769023
1581788.679137,-313.87934026516007,808.878621518741
1581798.031129,-287.082107346716,726.0695248759318
1581806.038424,-287.082107346716,726.0695248759318
1581809.387314,-249.9629058176312,581.0682052476772
1581816.479539,-212.1110730520142,507.81648170301617
1581826.665453,-194.49823444159782,454.48848953872573
1581831.85674,-186.54924611646385,426.9639263700311
1581839.236238,-181.59573418614232,412.7844668611323
1581848.405648,-181.59573418614232,412.7844668611323
1581851.608149,-168.33076481507268,388.65460011385954
1581859.96349,-156.0641710100473,349.374868527259
1581867.248351,-154.23944243687745,324.66619747597696
1581872.438915,-150.72252994182116,321.061169851569
1581880.156661,-149.04406298852226,302.97534587242507
1581886.07266,-137.92653066209633,286.1138640387681
1581894.640658,-127.60503438960905,244.4631367654898
1581900.073282,-108.06585622089446,160.51648645380067
1581907.573129,-95.24368176015635,120.57782256263769
1581916.105875,-79.12116064286859,81.28660303451217
1581921.879987,-74.21269066083684,75.3223484011518
1581928.85825,-75.290099293002,52.49996471085929
1581935.560842,-62.77424677990007,21.54736826180572
1581942.674923,-60.28353558158874,7.7384646175168195
1581954.753973,-56.85664639687896,-14.888851109725191
1581957.071984,-48.31204399435997,-40.94617833565263
1581963.835277,-30.39254321532086,-112.16918467546535
1581973.355332,-10.575115931228657,-137.90360575933173
1581977.423294,37.90661662204878,-148.45038953356166
1581984.516172,100.99556213514562,-205.8272518845424
1581995.015906,153.1629020863331,-257.5905478513311
1581998.351396,219.09118249696635,-306.8602547630888
1582005.190071,296.0184903863413,-362.37812962257703
1582012.154059,326.4485453713725,-385.2882153551405
1582019.149453,334.2743419741976,-391.1253538472267
1582031.456406,334.2743419741976,-391.1253538472267
1582033.865018,358.42747316389415,-410.7647867175915
1582040.953422,403.6294944159532,-417.58691590239994
1582048.746017,480.8394444114737,-386.9863639600426
1582054.787465,534.4463004827132,-373.5252850327967
1582061.501595,578.9515082491195,-365.93695023295277
1582068.679997,616.3263621277629,-356.0055613424089
1582076.377003,616.3263621277629,-356.0055613424089
1582082.150668,616.3263621277629,-356.0055613424089
1582090.844453,616.3263621277629,-356.0055613424089
1582096.816455,616.3263621277629,-356.0055613424089
1582103.502348,616.3263621277629,-356.0055613424089
1582111.687566,639.8019508361551,-355.3963741180289
1582117.514208,683.4628485808902,-342.93971026772954
1582124.154221,746.15235014805,-319.1055544423875
1582135.131145,835.0695735884308,-287.7503350888513
1582146.147031,885.0475871055767,-264.4631369553838
1582178.963697,1055.9492408415092,-22.63042042641257
1582178.964447,1055.9492408415092,-22.63042042641257
1582181.794055,1055.9492408415092,-22.63042042641257
1582188.729506,1113.5085562853678,52.698648882308085
1582195.838153,1157.7913715788923,112.03372061624808
1582202.710698,1209.070919692934,167.37813235213346
1582209.690571,1227.7978293177464,187.47075815198713
1582217.36905,1251.0647888092901,216.39650512283288
1582230.222325,1296.64778484652,272.93043610512836
1582235.53099,1305.6889256494746,286.88599341258725
1582237.599416,1305.6889256494746,286.88599341258725
1582244.63107,1305.6889256494746,286.88599341258725
1582251.642368,1305.6889256494746,286.88599341258725
1582258.644148,1305.6889256494746,286.88599341258725
1582269.116298,1305.6889256494746,286.88599341258725
1582273.131736,1305.6889256494746,286.88599341258725
1582280.097915,1305.6889256494746,286.88599341258725
1582287.146583,1310.5535964439675,296.0816070571114
1582294.456307,1313.7120846817702,301.7204664228112
1582301.05144,1322.3137610921356,312.1784542759253
1582307.640172,1346.5621596788008,344.36631528463477
1582314.640034,1346.5621596788008,344.36631528463477
1582321.681974,1346.5621596788008,344.36631528463477
1582328.689431,1346.5621596788008,344.36631528463477
1582335.610207,1362.6368913965584,364.7596680052751
1582347.421526,1386.2846918228354,392.14526277044325
1582350.668871,1413.0575176338778,436.0768251445532
1582356.628117,1381.7585172103813,472.9750032582144
1582363.729582,1351.557768372281,503.90028747269974
1582370.691447,1334.3959406435802,539.3907635983508
1582382.69729,1334.3959406435802,539.3907635983508
1582385.332054,1334.3959406435802,539.3907635983508
1582392.029518,1327.8121682526842,562.8259322621808
1582399.056128,1361.1925529326847,598.8414119492562
1582406.035519,1409.5842239978672,637.8843835298784
1582412.705436,1434.27239251798,659.344113692635
1582423.333986,1434.27239251798,659.344113692635
1582426.707098,1434.27239251798,659.344113692635
1582433.690694,1437.6119182057023,662.0946624922493
1582444.077151,1503.4657039827478,709.354595559137
1582447.646713,1561.1477933286021,755.0798519268322
1582454.694524,1592.2323298001947,784.0137020099397
1582462.115049,1616.4520986569921,804.3668089804199
1582468.648487,1661.6455796427,838.1151440395195
1582480.971706,1747.6361441118468,910.9642259699727
1582482.708127,1789.7688580471715,907.3049833492265
1582492.030876,1789.7688580471715,907.3049833492265
1582497.26813,1796.7939878595923,893.2350063161264
1582503.633097,1796.7939878595923,893.2350063161264
1582512.214263,1796.7939878595923,893.2350063161264
1582517.746378,1793.150099861257,884.7947928947162
1582524.995309,1791.3284943590966,892.7574446028275
1582537.198596,1791.3284943590966,892.7574446028275
1582538.643085,1791.3284943590966,892.7574446028275
1582548.102211,1791.3284943590966,892.7574446028275
1582552.644748,1790.9718784542458,882.1813597964154
1642778.01753,-779.3165847673628,-4599.676089558015
1642783.915047,-751.0260007147496,-4524.454130153663
1642791.095064,-731.497085525212,-4444.165260753085
1642798.195347,-706.1920219312337,-4314.377276320495
1642807.638169,-691.8104946376848,-4240.085356982884
1642811.896864,-673.7717017660583,-4168.318019471256
1642820.049043,-575.6798303883712,-4073.918570828531
1642826.450496,-522.1860581229301,-4014.097855034743
1642842.656357,-476.36073890404515,-3933.6873665158396
1642842.66256,-394.36674392825296,-3827.6750722252277
1642846.947134,-384.6172305805044,-3816.3271989475015
1642857.033097,-384.6172305805044,-3816.3271989475015
1642861.265839,-384.6172305805044,-3816.3271989475015
1642869.672126,-384.6172305805044,-3816.3271989475015
1642875.280762,-384.6172305805044,-3816.3271989475015
1642882.221696,-384.6172305805044,-3816.3271989475015
1642889.229709,-352.7559900107845,-3782.6992071758964
1642895.894948,-332.8030334333518,-3727.1905912455286
1642904.572373,-316.7641327340785,-3608.104227999112
1642910.27566,-306.19112590188575,-3518.5820301131107
1642916.951985,-296.1915123342301,-3422.2267806602003
1642925.928177,-280.746777169731,-3305.5358025555774
1642931.389682,-278.4411303723353,-3286.3835517215552
1642939.33921,-278.4411303723353,-3286.3835517215552
1642944.951365,-278.4411303723353,-3286.3835517215552
1642951.944519,-278.4411303723353,-3286.3835517215552
1642958.953682,-271.4227946975452,-3251.5961338584984
1642965.978327,-259.61828773477004,-3128.125512742146
1642972.953851,-249.12568994705262,-3028.937412375521
1642979.880852,-235.44517351008855,-2929.3653934203753
1642986.918768,-229.13160507504918,-2878.5301726272346
1642993.939244,-206.55621382430363,-2691.803570407517
1643001.163445,-203.64823067228883,-2658.1250496547445
1643009.934514,-190.24764213038856,-2524.7143198554845
1643014.926028,-172.81022914994287,-2423.354281419576
1643021.928095,-159.39398671894176,-2344.7466224581494
1643028.943516,-113.82200399825933,-2283.696556422099
1643036.422704,-113.82200399825933,-2283.696556422099
1643044.853261,-113.82200399825933,-2283.696556422099
1643050.247272,-113.82200399825933,-2283.696556422099
1643057.356201,-113.82200399825933,-2283.696556422099
1643065.933185,-113.82200399825933,-2283.696556422099
1643071.42354,-113.82200399825933,-2283.696556422099
1643078.854363,-79.1270858314685,-2252.0775959379034
1643085.163432,-76.93022457663643,-2178.2969227843846
1643092.572281,-37.843112786159,-2077.148757156246
1643101.190321,2.1579675317124436,-2000.1632461490115
1643106.41558,23.9872866874242,-1956.6915274420799
1643112.914255,68.59408110826557,-1875.6396388433384
1643121.35422,117.88990662179029,-1821.4471660509926
1643126.945293,130.26931979629057,-1807.0670434611804
1643133.864126,130.26931979629057,-1807.0670434611804
1643140.954866,130.26931979629057,-1807.0670434611804
1643147.954877,130.26931979629057,-1807.0670434611804
1643156.210351,119.21315284137798,-1764.9056144998299
1643162.202758,109.76217411448424,-1704.0848300754494
1643170.095893,98.54856209914246,-1633.1998664198907
1643176.45091,135.5429331133939,-1574.6664656255807
1643182.97683,186.9920879220125,-1489.183876522194
1643189.950837,199.13522204932863,-1423.2313522635682
1643196.943588,162.46453599348405,-1320.5494656621772
1643203.945701,168.5171419943382,-1297.694252674658
1643212.645278,169.659157921595,-1296.5971022583826
1643218.383254,173.10801148793988,-1293.4477886848172
1643225.315567,177.24001160067192,-1290.981044727457
1643232.224476,177.24001160067192,-1290.981044727457
1643239.004039,189.3028991078557,-1278.4588615678192
1643245.973517,149.047139258824,-1236.757623850443
1643252.953429,63.557958732456235,-1181.5332499455772
1643259.954626,-19.622155139904383,-1096.8781806099678
1643266.958187,-22.72286623681496,-1094.4505578378235
1643276.641417,-22.72286623681496,-1094.4505578378235
1643280.883892,-22.72286623681496,-1094.4505578378235
1643287.885044,-22.72286623681496,-1094.4505578378235
1643295.902786,-32.27333148287115,-1083.5388071616205
1643302.30094,-70.45253844392705,-1037.6630585774146
1643308.900594,-91.64294896654627,-1017.5673138078512
1643324.706054,-92.0712603582494,-1016.4659165596117
1643324.826185,-92.0712603582494,-1016.4659165596117
1643330.01873,-92.0712603582494,-1016.4659165596117
1643341.649517,-96.60723319995087,-1011.981081257046
1643344.003542,-111.75041069059498,-1000.1722188013645
1643357.495763,-125.43357675214433,-981.1237315890054
1643357.854816,-104.7469097486802,-932.5173137110144
1643366.071007,-119.93523892635307,-838.4417615739964
1643372.099422,-139.56173430318134,-777.8807478104346
1643378.937033,-156.71000811184183,-724.5608513929478
1643386.33823,-159.27319812441536,-711.5910719058751
1643393.320163,-160.3162065765287,-705.5523272422955
1643400.597547,-173.5138328004785,-662.9915695431703
1643406.898561,-197.8316483007961,-579.9340884487241
1643414.923901,-182.97975263032782,-512.9770865234038
1643421.226806,-153.3590384045255,-456.5871479139358
1643427.905692,-93.40739962813417,-389.7622618340692
1643434.953831,-66.76709992549046,-348.6029532431715
1643442.637482,-57.06459109376367,-299.2035451275776
1643448.954405,-49.55547040707942,-226.04221563432
1643456.469058,-48.000642609411315,-191.8396419514882
1643463.71853,-31.827892940103084,-164.3194996816702
1643470.713418,6.857170287580809,-123.27089422468364
1643476.882789,6.447909515488959,-112.21834818057866
1643486.025381,2.5377955985018588,-84.07854490074344
1643491.249122,-15.567661430105979,-34.14308173544289
1643497.941514,1.6331299872511713,-18.45444880170683
1643505.329676,37.85083127415698,-13.948313937711061
1643512.287977,59.41967180196296,-6.364149070277454
1643519.33228,59.41967180196296,-6.364149070277454
1643526.622732,59.41967180196296,-6.364149070277454
1643534.023839,59.41967180196296,-6.364149070277454
1643540.287694,59.41967180196296,-6.364149070277454
1643547.301453,59.41967180196296,-6.364149070277454
1643553.954787,59.41967180196296,-6.364149070277454
1643562.228733,59.41967180196296,-6.364149070277454
1643568.219887,59.41967180196296,-6.364149070277454
1643575.306781,59.41967180196296,-6.364149070277454
1643582.261023,59.41967180196296,-6.364149070277454
1643589.356317,59.41967180196296,-6.364149070277454
1643596.743559,59.41967180196296,-6.364149070277454
1643602.960062,59.41967180196296,-6.364149070277454
1643610.416257,59.41967180196296,-6.364149070277454
1643617.469318,59.41967180196296,-6.364149070277454
1643624.39871,59.41967180196296,-6.364149070277454
1643631.62094,52.60700080362755,-6.755546661123438
1643638.405294,10.634204337288892,-15.550805204567842
1643645.490523,-13.29238979898517,-18.464687862760318
1643652.421853,-33.82814978720757,-16.446717321790707
1643659.409602,-69.34558583271941,-23.37925467947824
1643666.394447,-89.52418063971608,-27.34639711925628
1643672.864278,-144.16377196815768,-37.11650725438644
1643679.869056,-241.58023118174185,-74.74117720628254
1643686.958636,-305.9485311424985,-92.87923057263434
1643695.291672,-331.2045925281593,-98.25827034280714
1643700.860112,-384.15666713266245,-107.85265419657408
1643716.990032,-537.9760965570463,-84.41183856496811
1643716.990667,-537.9760965570463,-84.41183856496811
1643718.10312,-537.9760965570463,-84.41183856496811
1643718.103707,-537.9760965570463,-84.41183856496811
1643719.831588,-568.8154958624106,-69.86041337390361
1643728.321576,-635.7315855904396,-52.160147576558586
1643734.614375,-734.9696749935247,-42.5517473750254
1643742.221144,-780.1544192598935,-24.17348043010126
1643749.433555,-784.3606664939848,-20.22677967219659
1643755.167329,-791.9385702187877,-11.749156177943254
1643762.165582,-798.9119589108922,-7.091278723729821
1643769.406063,-815.1050816784616,-10.204544068218418
1643776.39342,-832.5904860665244,-43.47438834467871
1643782.881524,-835.0611336180722,-59.801799566646665
1643789.882976,-834.1488584705087,-79.89175988082145
1643796.87936,-854.9748990189057,-84.3587886058628
1643803.868475,-866.0888976124155,-95.25322415350628
1643810.87784,-872.8980152010062,-104.3993384915358
1643819.310604,-902.6836965700518,-120.54264674353772
1643825.171801,-906.6016517509187,-121.34965305504801
1643832.17847,-916.0996294431249,-127.61945065001792
1643839.16608,-916.0996294431249,-127.61945065001792
1643845.941884,-916.0996294431249,-127.61945065001792
1643853.167538,-916.0996294431249,-127.61945065001792
1643861.356198,-916.0996294431249,-127.61945065001792
1643867.17835,-916.0996294431249,-127.61945065001792
1643875.369405,-916.0996294431249,-127.61945065001792
1643881.16641,-916.0996294431249,-127.61945065001792
1643888.164825,-916.0996294431249,-127.61945065001792
1643896.411632,-916.0996294431249,-127.61945065001792
1643902.178614,-916.0996294431249,-127.61945065001792
1643909.169071,-916.0996294431249,-127.61945065001792
1643917.437041,-916.0996294431249,-127.61945065001792
1643922.867977,-917.8861116337991,-149.47105474147867
1643930.169327,-919.5575166262489,-156.39610415756906
1643940.070574,-927.6665098044564,-173.22575000219067
1643944.654099,-940.1775925012968,-188.02687497987827
1643952.304965,-945.0298603775577,-190.06914172417865
1643959.373014,-959.1639235100444,-194.81128781595643
1643964.842011,-974.390560307728,-196.90624608204007
1643978.942291,-1031.8992206016585,-165.45106789093222
1643978.995611,-1049.6738142996578,-155.96939398538956
1643986.347786,-1068.0605626140573,-153.82938067149593
1643994.683852,-1074.6490676857595,-158.62715991428732
1644001.972357,-1075.4371037415747,-163.570580813671
1644007.620776,-1095.3009499336274,-205.12038669578868
1644014.242618,-1114.1896607430353,-204.718148628714
1644020.929883,-1114.1896607430353,-204.718148628714
1644028.345661,-1092.6394741681388,-242.236583900999
1644036.908079,-1043.7716803430142,-230.92243495091853
1644041.843325,-1004.620856070476,-206.06382574219882
1644050.852197,-967.0587199680683,-195.20548193117847
1644056.53259,-955.3766346397061,-194.74697181984925
1644063.361101,-953.6404736280043,-193.66665824529267
1644070.263096,-950.8049646661368,-179.83822668671772
1644077.17197,-944.0673183648985,-169.55972418421686
1644084.178562,-934.6170127939185,-159.9102203628808
1644092.10087,-917.9818084990824,-147.7109343612771
1644098.178394,-908.2520273128215,-139.2687898263627
1644104.883609,-902.3888474628253,-135.2299755900656
1644112.638325,-896.0237894499072,-123.23311954333873
1644118.872961,-890.7390919352756,-117.8930994840847
1644125.881938,-888.0723864949733,-107.15549819290041
1644133.328146,-888.0723864949733,-107.15549819290041
1644140.308199,-888.0723864949733,-107.15549819290041
1644147.421269,-888.0723864949733,-107.15549819290041
1644153.84083,-888.0723864949733,-107.15549819290041
1644161.543116,-867.9177310517368,-89.8294963208377
1644167.847647,-858.793517750783,-82.19059731423182
1644175.706868,-848.0286681844136,-71.62674866312122
1644182.42549,-860.2958004948161,-55.993502300934274
1644189.390122,-874.5314844169263,-47.73325962771439
1644196.395293,-892.6526843830886,-46.576149836871515
1644203.366823,-875.6950240273791,-11.219440834348276
1644210.958064,-858.955655225644,12.917126856625188
1644216.8684,-783.4442051358037,-20.95027450332715
1644224.275969,-741.6754661086128,-45.17990450876502
1644231.200252,-735.0831544117316,-45.18682642757135
1644238.22338,-735.0831544117316,-45.18682642757135
1644246.710532,-735.0831544117316,-45.18682642757135
1644252.226922,-709.4168449996617,-52.7241571072268
1644258.8772,-665.2087545681056,-57.24560504834149
1644266.213331,-623.0006521392788,-56.23428464996823
1644273.262667,-556.4088009452074,-69.07782230811699
1644282.441236,-515.0158023713236,-120.851646372264
1644287.483952,-520.478254038202,-203.15753978346146
1644294.87022,-491.28309113692455,-232.83065773949832
1644301.146433,-408.0759935259158,-230.24538568778692
1644315.233419,-340.3033045368666,-227.09798318659273
1644316.664401,-263.0092503088623,-225.3591538128023
1644322.244635,-175.29465802822327,-202.88066460045306
1644328.859577,-136.47717244518577,-234.41924751155796
1644337.199784,-111.95156288828993,-302.87478469331063
1644343.409768,-63.49962328444278,-286.7581020587931
1644352.031322,-53.545347801252156,-217.0998107648675
1644357.311173,-44.67942405963824,-174.5518067034286
1644364.332232,9.48762262083134,-109.00652290674073
1644370.930953,6.452409240858257,-83.2213412942959
1644379.025198,-3.7738166811342366,-55.732934669746996
1644385.395967,-12.553029332261474,-38.829967386733514
1644392.302924,-15.32189712609287,-30.54101498832024
1644399.337548,5.353181532319018,-16.130322573608428
1644406.252352,57.28802098880214,-8.214536272630648
1644413.823219,60.039564411139615,-7.642077465914984
1644420.229415,60.039564411139615,-7.642077465914984
1644427.392078,60.039564411139615,-7.642077465914984
1644434.303973,59.75920695506209,-3.0075628593299455
1644441.408122,54.749248407603226,4.343455439397216
1644448.648094,5.431116906391068,-7.8986454386549205
1644454.866862,-18.261963693797966,-13.765857978600641
1644465.450153,-42.78790272419128,-13.909675282425482
1644469.291792,-71.86836560888564,-25.758671641563758
1644476.321413,-71.86836560888564,-25.758671641563758
1644483.768421,-71.86836560888564,-25.758671641563758
1644490.199059,-71.86836560888564,-25.758671641563758
1644498.406904,-71.86836560888564,-25.758671641563758
1644504.64087,-71.86836560888564,-25.758671641563758
1644511.356623,-71.86836560888564,-25.758671641563758
1644518.423573,-71.86836560888564,-25.758671641563758
1644525.32401,-71.86836560888564,-25.758671641563758
1644531.948438,-71.86836560888564,-25.758671641563758
1644538.971505,-71.86836560888564,-25.758671641563758
1644547.43344,-71.86836560888564,-25.758671641563758
1644553.36982,-71.86836560888564,-25.758671641563758
1644560.433324,-71.86836560888564,-25.758671641563758
1644567.544441,-71.86836560888564,-25.758671641563758
1644574.004377,-71.86836560888564,-25.758671641563758
1644582.041059,-71.86836560888564,-25.758671641563758
1644588.527838,-71.86836560888564,-25.758671641563758
1644595.535683,-71.86836560888564,-25.758671641563758
1644602.578371,-71.86836560888564,-25.758671641563758
1644608.873767,-71.86836560888564,-25.758671641563758
1644618.171445,-71.86836560888564,-25.758671641563758
1644623.718342,-71.86836560888564,-25.758671641563758
1644630.744996,-71.86836560888564,-25.758671641563758
1644637.410396,-71.86836560888564,-25.758671641563758
1644643.856657,-71.86836560888564,-25.758671641563758
1644650.86758,-71.86836560888564,-25.758671641563758
1644661.137029,-71.86836560888564,-25.758671641563758
1644664.887579,-71.86836560888564,-25.758671641563758
1644671.959382,-72.47859554836266,-25.89705622548069
1644679.288242,-72.47859554836266,-25.89705622548069
1644685.942711,-72.47859554836266,-25.89705622548069
1644694.201317,-72.47859554836266,-25.89705622548069
1644699.96444,-72.47859554836266,-25.89705622548069
1644708.416163,-72.47859554836266,-25.89705622548069
1644714.300616,-72.47859554836266,-25.89705622548069
1644722.384882,-72.47859554836266,-25.89705622548069
1644728.227044,-72.47859554836266,-25.89705622548069
1644734.961187,-72.47859554836266,-25.89705622548069
1644743.431111,-72.47859554836266,-25.89705622548069
1644749.280783,-72.47859554836266,-25.89705622548069
1644755.872227,-72.47859554836266,-25.89705622548069
1644764.42674,-72.47859554836266,-25.89705622548069
1644769.88964,-72.47859554836266,-25.89705622548069
1644776.854756,-72.47859554836266,-25.89705622548069
1644784.590783,-72.47859554836266,-25.89705622548069
1644791.284298,-72.47859554836266,-25.89705622548069
1644799.629161,-72.47859554836266,-25.89705622548069
1644805.477417,-72.47859554836266,-25.89705622548069
1644812.441497,-72.47859554836266,-25.89705622548069
1644818.939673,-72.47859554836266,-25.89705622548069
1644826.474868,-72.47859554836266,-25.89705622548069
1644833.202268,-72.47859554836266,-25.89705622548069
1644842.446036,-73.010759372064,-27.3758408935555
1644847.461485,-62.557969809777845,-49.13290027558209
1644855.833616,-52.240482625685125,-79.3022032501104
1644863.077462,-41.99799104619195,-113.47089354759807
1644868.311345,-18.832436914818306,-133.27876301101563
1644877.210849,-6.3673951961511825,-132.80161875118662
1644881.899313,6.66879551797994,-107.99902908435907
1644889.31132,1.9487323788963307,-75.00570889661338
1644895.939386,-12.146871568097774,-46.35041837387337
1644904.004418,-13.013715854307812,-28.55272017515844
1644910.381973,-13.009567111157168,-28.543077355093377
1644919.516224,-9.858268978411358,-24.963685988267986
1644924.329125,22.66722903249826,-13.790558365131723
1644931.273604,82.91689287793162,0.5554511025956906
1644938.463667,129.99640546986635,13.456625333287658
1644944.967286,173.12493943518245,29.309996678294265
1644952.211919,212.19865142836255,-8.25911202066042
1644960.729084,224.13706234320682,-59.49903347419707
1644966.242676,254.81699596476182,-82.96537529163312
1644973.264781,337.6261338811802,-77.74310902127924
1644987.39007,357.69445049228335,-52.480976450779515
1644987.704283,357.4624223675192,-49.36289650720059
1644987.705183,357.4624223675192,-49.36289650720059
1644988.968347,357.4624223675192,-49.36289650720059
1644999.10999,357.4624223675192,-49.36289650720059
1645002.970225,357.4624223675192,-49.36289650720059
1645013.78778,356.6776138852246,-40.68697689732043
1645016.956,358.46268319635254,-8.385648333535661
1645025.916827,348.1388606767364,66.58719391983028
1645032.579258,329.9600980492894,139.84537401507623
1645038.425134,334.70982292914175,187.42246646670517
1645045.651833,338.34219410903756,197.4974774834518
1645053.591602,338.34219410903756,197.4974774834518
1645059.021427,339.7805619483553,212.24112780990805
1645068.727812,349.78770683212133,234.6569732777854
1645073.270743,349.78770683212133,234.6569732777854
1645080.257833,349.78770683212133,234.6569732777854
1645086.974742,356.4577553947866,254.62591888280366
1645094.900252,376.59356602631846,294.3406693999848
1645101.686367,403.7074381547613,328.1463913403736
1645108.289368,471.23017283650563,383.98740614921616
1645114.931963,515.1965456701226,419.9765756598082
1645123.714678,557.3305770517178,463.0447722964627
1645129.355278,613.6984648177704,516.0785094659743
1645136.076371,652.5104159908537,549.915169382201
1645148.138504,662.6744801299138,560.5366324915699
1645149.956911,691.6072025151553,531.155126700907
1645156.935675,735.4545193134622,501.3979313340672
1645164.761148,779.1018885824842,469.0888070645008
1645171.022487,818.4164339429219,442.15237353297226
1645177.947803,836.096686325264,427.38250124580196
1645184.948287,879.4049891445061,393.53426235491344
1645192.908779,941.8565275987999,343.428668658053
1645199.299388,967.9633181191299,331.8376153406027
1645206.26994,999.653460825046,315.86960677662245
1645213.351193,1042.8326601957376,282.05694419697403
1645224.761843,1085.1116409369931,245.70313906546636
1645230.725476,1129.4186332633267,208.73904431033517
1645234.127428,1150.576369404841,193.27981898604116
1645241.586051,1150.576369404841,193.27981898604116
1645251.593351,1160.2380980656171,179.22625262856994
1645269.122353,1244.6223031987938,60.11198353178449
1645269.123016,1244.6223031987938,60.11198353178449
1645270.985242,1266.2127360224106,37.33946524220773
1645283.345725,1305.8579913936935,5.151471259328793
1645286.716532,1347.071944147049,9.233675911056663
1645293.661149,1347.071944147049,9.233675911056663
1645324.219998,1347.071944147049,9.233675911056663
1645324.220616,1347.071944147049,9.233675911056663
1645330.005495,1347.071944147049,9.233675911056663
1645337.085393,1347.071944147049,9.233675911056663
1645344.085311,1347.071944147049,9.233675911056663
1645353.329975,1347.071944147049,9.233675911056663
1645358.243708,1347.071944147049,9.233675911056663
1645365.104001,1371.2758225866794,-0.8813858263011123
1645375.242503,1394.911959897013,37.5019091469381
1645379.461859,1379.535930975303,63.59300390605105
1645386.032424,1379.535930975303,63.59300390605105
1645394.111965,1381.2154101055623,78.1869577194607
1645400.418663,1367.8591002916492,111.11492117871987
1645407.003101,1313.1517875153597,142.94761698739114
1645414.530195,1257.573567499479,168.9674547886175
1645421.052559,1238.293495869416,178.07295004970396
1645433.912782,1238.293495869416,178.07295004970396
1645435.031831,1238.293495869416,178.07295004970396
1645442.092266,1238.293495869416,178.07295004970396
1645450.942015,1238.293495869416,178.07295004970396
1645456.025026,1238.293495869416,178.07295004970396
1645463.385423,1238.293495869416,178.07295004970396
1645473.180216,1214.1026104721623,194.33061482928778
1645505.230707,936.0156371977606,359.80816232932517
1645505.231444,936.0156371977606,359.80816232932517
1645506.756297,936.0156371977606,359.80816232932517
1645513.793662,878.8703675752415,393.60786306467594
1645526.129696,862.9692232175971,406.39736219571563
1645528.090847,824.9595352206483,390.08455533990167
1645536.231159,760.5291472659765,331.75301255693455
1645541.751399,748.0867649154274,317.59056659158244
1645550.621367,748.0867649154274,317.59056659158244
1645556.112901,748.0867649154274,317.59056659158244
1645563.202295,727.9578001375286,296.4505221629716
1645569.78932,642.2634964199276,230.4814388430305
1645576.76851,609.180422552172,229.55682820408074
1645585.516357,552.0765241649524,295.0076865938963
1645591.197152,514.8274529949467,337.37309057397084
1645597.7795,514.8274529949467,337.37309057397084
1645604.757737,269.6063715689583,620.1413375521225
1645612.098927,256.3463965773004,634.7540654684847
1645619.097705,256.3463965773004,634.7540654684847
1645626.082042,256.3463965773004,634.7540654684847
1645632.757285,238.33508204585928,651.7356288966713
1645640.201489,182.85058996319972,708.0213222090041
1645647.201522,148.24589465234519,747.8927507224743
1645654.256303,134.8458494498573,764.4556647595734
1645664.001104,134.8458494498573,764.4556647595734
1645668.12966,123.82798023291157,776.4944421789612
1645674.821944,81.33763148322386,814.1627614890045
1645682.845306,35.319387353893454,873.922772421229
1645688.791759,27.151060907319277,889.9232545015068
1645695.766509,13.473457483565111,890.899339615689
1645705.57111,-5.74225425184702,916.2039764204565
1645711.008768,-18.324589854427025,948.8092410984992
1645716.808399,-42.28819843411591,982.5810148844325
1645723.813895,-79.34240657328412,1022.8203060446497
1645730.814625,-102.26733908795407,1048.308945171377
1645738.493796,-109.0548770723454,1057.9986626255147
1645745.293778,-123.27562765955938,1068.6395875481392
1645752.346311,-141.24749232558796,1084.9859864932175
1645760.708625,-154.31134634432382,1092.5374277785745
1645765.758823,-178.8419261800919,1116.7090425957476
1645772.770689,-196.36861633385067,1134.6788195566278
1645780.974225,-219.1442083588817,1158.7503300214496
1645787.122976,-249.18139151415153,1196.6219795329234
1645794.265768,-271.0711997978205,1227.0495925010555
1645801.280648,-286.04138795103546,1246.5113320656587
1645808.188427,-314.05383567436974,1280.502994048177
1645815.540991,-315.91374560035723,1283.5007211673899
1645824.2045,-330.2943087707195,1301.7364461702832
1645829.189698,-350.0903542589346,1321.8298708703887
1645836.208045,-370.95074280360694,1339.1388721263645
1645842.771772,-395.5368533179258,1365.9443872843344
1645850.158311,-431.73344090491713,1409.096063261894
1645857.102063,-452.7941833513977,1431.6513269555849
1645864.189561,-457.4751345329,1436.67117881082
1645871.25339,-466.38432753233826,1442.390633060116
1645878.871446,-472.10070192498415,1461.5028526732808
1645885.213537,-483.6244348710007,1486.7290854467626
1645892.373062,-453.5990305723827,1529.0147163501863
1645899.452194,-461.8236285014972,1576.913067171402
1645908.242735,-497.37165658177025,1593.4333351949176
1645912.846903,-562.9944048654319,1574.2775613327738
1645920.411732,-606.5126368855922,1543.5081951872753
1645926.86873,-625.320054748161,1506.773682824041
1645934.469757,-681.1947699504865,1485.203191429742
1645941.131966,-701.3085814458261,1481.087721934642
1645947.766431,-723.465334695772,1525.6945796645912
1645954.765851,-732.3683134985029,1576.5379002813474
1645964.399693,-727.8321681798207,1583.6471770940068
1645969.268157,-727.8321681798207,1583.6471770940068
1645976.506555,-684.1808996021149,1596.5907262501873
1645983.160444,-619.8405915788235,1623.218200913081
1645990.215819,-535.9747671308908,1647.7644067576605
1645997.237899,-433.7692160701638,1680.655836522493
1646004.148472,-377.5674047878427,1713.8637338527255
1646011.142609,-292.754856368394,1746.5731917802996
1646018.129879,-174.88333972622675,1784.0114482215006
1646027.657274,-131.99799894539422,1755.7514267455829
1646032.51356,-123.72327826559376,1677.4491197175246
1646039.339967,-100.62083216064991,1540.4301459260419
1646045.803476,-52.779356877006585,1459.689525870308
1646053.230603,12.102843737653547,1416.3144430669097
1646060.243187,118.78663844198827,1338.5792509302787
1646067.172943,177.9882823678912,1293.3852839702995
1646074.122678,255.3462672701104,1296.7588347985186
1646080.765702,369.1082560754198,1367.7601476190034
1646089.871699,451.97160433072816,1421.274215976498
1646095.280826,545.7546329787518,1433.948089372794
1646102.137278,655.7490234032505,1452.4202360003885
1646109.270091,720.3731919166999,1503.3750329880334
1646126.387984,808.2281489677792,1548.389021206453
1646126.538359,808.2281489677792,1548.389021206453
1646129.867424,1104.4085462027663,1556.8708802460249
1646137.463629,1214.6938034739255,1551.6834550658423
1646144.068259,1269.762958643038,1551.7463879974346
1646151.411523,1269.762958643038,1551.7463879974346
1646158.336886,1269.762958643038,1551.7463879974346
1646166.942483,1269.762958643038,1551.7463879974346
1646172.167711,1269.762958643038,1551.7463879974346
1646188.703003,1269.762958643038,1551.7463879974346
1646188.813737,1269.762958643038,1551.7463879974346
1646193.298881,1863.889953579489,1082.0960247277233
1646199.799632,1880.8721750562793,1029.6818875924787
1646206.799395,1899.2000345142062,983.2176966319107
1646213.825902,1914.6287220186566,905.9690703041786
1646225.142047,1870.4086107010141,873.077759279382
1646228.22355,1837.6292984376078,847.7836601498508
1646235.280048,1799.7015972025067,812.5207673368443
1646242.179812,1772.1762409600826,788.6792042498013
1646248.861309,1751.0070778801926,767.8233896498408
1646255.990883,1713.318884382033,729.2576199804153
1646266.211272,1684.6008065631718,708.6882642845459
1646271.960607,1672.2232985950943,699.4769481826377
1646276.800749,1642.6860380004284,723.2597158595088
1646283.822736,1642.6860380004284,723.2597158595088
1646290.862376,1642.6860380004284,723.2597158595088
1646298.75366,1642.6860380004284,723.2597158595088
1646305.282973,1642.6860380004284,723.2597158595088
1646312.285802,1642.6860380004284,723.2597158595088
1646318.764649,1643.5396658160007,717.9866548630072
1646325.804543,1643.5396658160007,717.9866548630072
1646334.740306,1643.5396658160007,717.9866548630072
1646340.260265,1643.5396658160007,717.9866548630072
1646347.417282,1643.5396658160007,717.9866548630072
1646354.245847,1643.5396658160007,717.9866548630072
1646363.25218,1643.5396658160007,717.9866548630072
1646368.273602,1643.5396658160007,717.9866548630072
1646376.912359,1643.5396658160007,717.9866548630072
1646382.307385,1643.5396658160007,717.9866548630072
1646389.268134,1643.5396658160007,717.9866548630072
1646396.324915,1643.5396658160007,717.9866548630072
1646403.280231,1643.5396658160007,717.9866548630072
1646410.273884,1643.5396658160007,717.9866548630072
1646417.280109,1643.5396658160007,717.9866548630072
1646424.262856,1643.5396658160007,717.9866548630072
1646431.596073,1643.5396658160007,717.9866548630072
1646437.798291,1643.5396658160007,717.9866548630072
1646445.296282,1646.9808598486543,722.7739265034122
1646452.248154,1646.9808598486543,722.7739265034122
1646459.284445,1646.9808598486543,722.7739265034122
1646466.308794,1646.9808598486543,722.7739265034122
1646473.28092,1646.9808598486543,722.7739265034122
1646480.328306,1646.9808598486543,722.7739265034122
1646487.392191,1646.9808598486543,722.7739265034122
1646494.596456,1646.9808598486543,722.7739265034122
1646501.26964,1646.9808598486543,722.7739265034122
1646508.325575,1646.9808598486543,722.7739265034122
1646515.256376,1646.9808598486543,722.7739265034122
1646522.269679,1646.9808598486543,722.7739265034122
1646529.290887,1646.9808598486543,722.7739265034122
1646536.274832,1646.9808598486543,722.7739265034122
1646543.246967,1647.8394704910002,720.6416178273508
1646550.307186,1648.0753212787447,719.5643626501211
1646557.329556,1648.0753212787447,719.5643626384588
1646563.816068,1647.8706742475254,719.6375780350121
1646572.609424,1647.8706458170454,719.6375904969087
1646578.303499,1647.8706458170454,719.6375904969087
1646585.216303,1646.0626688031402,720.6649756679898
1646592.264296,1634.805852626348,732.9674727633371
1646599.310821,1608.9211357316394,758.7621564179908
1646606.325173,1609.5644639227553,771.00718554428
1646613.45966,1643.740773474712,791.9790823015973
1646620.296824,1681.6778991821311,819.3402409455082
1646627.175824,1692.7801828293957,855.0834805938092
1646634.102509,1646.9329674884914,837.2818622864978
1646641.366502,1604.4238790384943,805.8209875544344
1646648.566165,1560.8232620831498,771.0313265608679
1646654.864143,1536.6583923740952,748.4833444071429
1646662.494,1536.6583923740952,748.4833444071429
1646669.101672,1536.6583923740952,748.4833444071429
1646676.229437,1536.6583923740952,748.4833444071429
1646682.869366,1517.5305700922775,723.9247328634657
1646690.143129,1468.0493446944552,697.5250376287087
1646697.171624,1389.916135213423,640.2855310852841
1646704.382948,1350.4129421196956,609.5781618462335
1646711.252585,1343.3513257360362,603.3932800248564
1646718.301693,1343.3513257360362,603.3932800248564
1646725.305799,1343.3513257360362,603.3932800248564
1646732.282614,1343.3513257360362,603.3932800248564
1646739.812241,1343.3513257360362,603.3932800248564
1646746.284164,1343.3513257360362,603.3932800248564
1646753.223544,1339.835693024072,601.004733979597
1646760.205795,1290.9261674915883,585.1673187092746
1646766.799864,1248.4531045606955,593.5200439625366
1646773.799747,1191.7709502128212,612.3323886482916
1646787.991904,1157.7880209623634,635.352412664138
1646788.998307,1118.5690483447381,664.9926153690354
1646801.188382,1084.5894877626524,628.8161228984525
1646801.772064,1035.7608426775605,567.7295214284959
1646808.804511,982.249671697292,517.924443500567
1646816.672962,920.0469713887425,468.4244476362826
1646823.690565,818.8074248858218,379.23669737204983
1646830.180565,749.6147089686922,322.4322048245771
1646838.796574,687.8153889121352,268.52486909664395
1646844.507011,582.5689384234217,175.1083788533717
1646852.253843,506.7493356159639,106.93127649780271
1646858.730376,436.5656870541521,44.07103493434732
1646864.869138,347.56948424323747,-29.83974373054354
1646874.425054,322.1188109621457,-58.188829714633066
1646878.879116,338.511338523271,-76.84214673497286
1646885.879181,360.11062164421304,-109.65920708621078
1646894.609496,354.2225591426452,-136.83811771282413
1646900.159464,348.53312931014443,-169.45021355985708
1646907.117546,342.8331673063575,-234.82200941573296
1646915.628622,366.7399750849382,-263.70112070924614
1646924.749985,376.366449195743,-302.526027696732
1646927.805775,399.9905029711726,-340.0061697341162
1646936.455761,399.9905029711726,-340.0061697341162
1646942.150322,399.9905029711726,-340.0061697341162
1646949.231534,417.7349557493794,-342.33479887315735
1646956.241918,436.7291372001086,-356.5806090836575
1646963.226144,450.6353570407817,-373.76713275583745
1646971.614237,451.17832008711895,-382.41682117386114
1646977.223427,440.42518801767363,-389.8828839189696
1646984.351268,434.27026299663993,-390.35128244778736
1646991.215826,402.6684303441412,-401.2169343880587
1646998.796645,391.59119038734343,-430.83298980645594
1647005.220403,421.9885916171486,-459.3872116691669
1647012.504322,481.57289497498556,-495.1168070836923
1647019.116941,519.6563610158544,-518.9884775369815
1647026.290828,561.0609265251235,-551.9969232218957
1647036.077712,625.2864540390324,-600.3349427512777
1647040.238921,659.9120355248848,-621.2570405030272
1647047.116694,699.5594181166324,-632.5774333998077
1647054.142639,771.1672053714537,-641.2376455540073
1647062.10251,801.8728971515258,-645.0421871967387
1647067.862642,876.0663152719259,-682.2369066285783
1647076.827288,930.2998396963953,-727.2834180110415
1647082.336624,929.0205011568194,-781.034795925564
1647089.120094,911.1401062710177,-820.2366287768509
1647096.232987,911.1401062710177,-820.2366287768509
1647103.113766,911.1401062710177,-820.2366287768509
1647110.140394,911.1401062710177,-820.2366287768509
1647117.202704,911.1401062710177,-820.2366287768509
1647124.095118,911.1401062710177,-820.2366287768509
1647131.207098,911.1401062710177,-820.2366287768509
1647138.139627,863.9018392498143,-850.179910031018
1647145.259853,806.0094596778993,-854.960686667792
1647153.801963,755.9889170277414,-852.2121605523495
1647158.820927,660.6215711762942,-886.1139813866478
1647166.177661,617.139723988002,-943.7314537764606
1647173.237487,607.5590377606865,-994.039256169682
1647180.325959,607.1716913727981,-999.689711079469
1647187.552298,607.1716913727981,-999.689711079469
1647193.778393,607.1716913727981,-999.689711079469
1647200.768357,591.7143767912567,-1061.3217618344872
1647211.16665,575.3077862929888,-1144.0204766412828
1647214.859137,554.6469237045494,-1245.6425613231863
1647235.783203,520.1786959934549,-1391.0868914817165
1647235.78385,520.1786959934549,-1391.0868914817165
1647237.066193,520.1786959934549,-1391.0868914817165
1647237.066828,520.1786959934549,-1391.0868914817165
1647238.360284,520.1786959934549,-1391.0868914817165
1647254.195917,520.1786959934549,-1391.0868914817165
1647260.748141,520.1786959934549,-1391.0868914817165
1647260.75318,523.8411477027637,-1403.8505255627656
1647286.557707,615.1533063637157,-1677.4561275527612
1647286.558421,615.1533063637157,-1677.4561275527612
1647287.600522,607.4590070224266,-1721.3429197890355
1647294.659305,615.7149550643519,-1822.5933308341264
1647301.710273,610.3106737080223,-1912.0243675816016
1647308.629869,564.7537135596759,-1992.6293579918733
1647315.658504,582.6020170531435,-2022.7646930067706
1647327.633359,639.3538964371655,-2063.400071190897
1647330.018384,759.6762163067526,-2166.0189813656943
1647338.009026,831.9737864129645,-2241.986927650508
1647343.609391,920.9614908884699,-2316.29880930064
1647350.659441,1057.0139640141194,-2444.555061695868
1647357.658444,1113.8970211683684,-2501.1243308083685
1647369.245628,1124.2714877796625,-2515.210190374081
1647372.369177,1124.2714877796625,-2515.210190374081
1647379.231009,1124.2714877796625,-2515.210190374081
1647385.581418,1124.2714877796625,-2515.210190374081
1647392.661039,1124.2714877796625,-2515.210190374081
1647399.650731,1124.2714877796625,-2515.210190374081
1647409.817059,1124.2714877796625,-2515.210190374081
1647414.356867,1144.8324982055872,-2573.2410031702707
1647421.516543,1146.3105485461322,-2620.844584432532
1647428.290258,1146.3105485461322,-2620.844584432532
1647435.340132,1146.3105485461322,-2620.844584432532
1647442.311645,1146.3105485461322,-2620.844584432532
1647449.252747,1146.3105485461322,-2620.844584432532
1647456.219794,1146.3105485461322,-2620.844584432532
1647463.21925,1146.3105485461322,-2620.844584432532
1647470.498002,1146.3105485461322,-2620.844584432532
1647477.286243,1146.3105485461322,-2620.844584432532
1647484.110419,1143.094323539523,-2634.3400557955465
1647490.931081,1137.8967935937392,-2693.627505363171
1647498.285749,1125.1865038897242,-2852.3944783784564
1647505.29747,1117.7939597603793,-2972.638744342034
1647512.75424,1111.0750159239233,-3091.082355755393
1647518.638046,1129.4453268304294,-3293.943126250013
1647528.617868,1163.1516207519476,-3440.3493378663156
1647532.608571,1189.359051035074,-3548.780461347641
1647541.076116,1199.7275223399306,-3593.6607152768684
1647547.38465,1199.7275223399306,-3593.6607152768684
1647554.01853,1205.994914517152,-3622.5875967635156
1647561.409298,1231.2857035521859,-3728.8844162718374
1647568.055755,1254.1186157851819,-3831.841323914434
1647575.268761,1280.0232190917156,-3950.0647450562305
1647581.664867,1273.374837727276,-4118.2272526082925
1647588.65392,1200.0154597903286,-4206.305149460279
1647595.56491,1126.7017372566077,-4271.50163314139
1647602.66622,1002.0595896737376,-4389.39857312327
1647610.282014,911.5985432447502,-4475.0150357620505
1647616.969708,821.4784475364169,-4560.768508262072
1650554.744988,-768.1458891232473,-4572.893454041081
1650566.852952,-735.2869561657699,-4473.410545550536
1650569.00189,-727.1292322468761,-4443.76935278827
1650575.696788,-727.1292322468761,-4443.76935278827
1650582.644812,-727.1292322468761,-4443.76935278827
1650589.704099,-727.1292322468761,-4443.76935278827
1650596.736655,-727.1292322468761,-4443.76935278827
1650603.696452,-718.0873191822604,-4375.5011402718765
1650610.686014,-704.5193186309734,-4299.771466514069
1650620.535731,-690.700976542639,-4230.248124922677
1650624.795744,-609.4586059431215,-4110.112725250523
1650631.695799,-527.866468993044,-4022.5973302339576
1650638.645693,-468.70663836094815,-3922.604179629521
1650649.064565,-393.5738371305066,-3827.838755166785
1650653.088452,-371.84936854999825,-3803.830687740832
1650662.302301,-371.84936854999825,-3803.830687740832
1650666.611738,-371.84936854999825,-3803.830687740832
1650673.691888,-371.84936854999825,-3803.830687740832
1650680.693457,-371.84936854999825,-3803.830687740832
1650687.692483,-371.84936854999825,-3803.830687740832
1650694.641832,-355.5335165289091,-3790.8489871749075
1650702.311749,-335.4634450731212,-3749.8555812926948
1650708.69183,-321.88707773857175,-3630.675171220634
1650718.682224,-314.5587923574907,-3553.4987146616168
1650722.626261,-306.74229848778856,-3487.7621188315024
1650729.695977,-289.51221768271637,-3351.5923291250697
1650739.068953,-282.44210294399454,-3288.289026621138
1650743.715894,-280.46847199084044,-3273.3868238278637
1650750.646052,-279.92373501325636,-3252.6272631789698
1650757.696116,-272.72530250410836,-3192.342459481001
1650764.6956,-259.0549669327001,-3096.328065715915
1650771.645782,-241.67674220640228,-2970.095461729427
1650782.253117,-239.32025347857925,-2951.0809689906905
1650785.693089,-239.32025347857925,-2951.0809689906905
1650792.641717,-239.32025347857925,-2951.0809689906905
1650803.188245,-239.32025347857925,-2951.0809689906905
1650807.210165,-238.01432828631468,-2939.465286840865
1650815.522289,-226.96087338460308,-2843.5063972471035
1650820.680902,-218.29915566472565,-2775.3840265849635
1650827.682425,-214.69778407460652,-2742.727992557413
1650835.517621,-214.69778407460652,-2742.727992557413
1650842.007299,-214.69778407460652,-2742.727992557413
1650848.983796,-214.69778407460652,-2742.727992557413
1650857.394648,-214.69778407460652,-2742.727992557413
1650862.93746,-214.69778407460652,-2742.727992557413
1650871.46649,-214.69778407460652,-2742.727992557413
1650876.993032,-214.69778407460652,-2742.727992557413
1650883.947617,-214.69778407460652,-2742.727992557413
1650892.342437,-214.69778407460652,-2742.727992557413
1650897.961448,-214.69778407460652,-2742.727992557413
1650904.98618,-214.69778407460652,-2742.727992557413
1650911.641778,-214.69778407460652,-2742.727992557413
1650918.691799,-214.69778407460652,-2742.727992557413
1650925.642853,-212.00154540523175,-2733.6890776176665
1650934.164042,-203.09602687316607,-2675.094660912866
1650942.490303,-186.95727204027318,-2544.1963459306826
1650946.710158,-173.77716077801583,-2443.56547849564
1650956.013745,-162.50058784378578,-2354.363697880219
1650961.150519,-118.1489807232451,-2289.654220098058
1650967.696057,-116.63055916876176,-2288.5593554778225
1650974.706312,-116.63055916876176,-2288.5593554778225
1650981.744115,-116.63055916876176,-2288.5593554778225
1650988.696084,-116.63055916876176,-2288.5593554778225
1650995.7253,-104.38414402218888,-2277.6561146816816
1651002.645668,-80.70745206269393,-2205.4023508068613
1651009.756288,-74.91861609665231,-2151.983232930503
1651016.868948,-44.73758898299891,-2095.7681517153087
1651020.936161,-44.73758898299891,-2095.7681517153087
1651023.696948,7.39863652934648,-1997.1326047348566
1651034.730349,32.87888453388041,-1947.8623824450854
1651037.700212,59.988337541286946,-1913.9586214975343
1651044.698994,130.63710006629913,-1827.742819334977
1651051.706702,177.4889249025258,-1781.1711442717908
1651058.74951,235.6460730869236,-1721.484135546613
1651065.699514,343.34966831198307,-1607.670549621022
1651072.610082,403.85429506270384,-1546.9230896077536
1651079.64817,434.3049387593366,-1516.6751324360282
1651091.280097,438.2227892614685,-1513.4303215348616
1651093.967194,438.2227892614685,-1513.4303215348616
1651101.10354,438.2227892614685,-1513.4303215348616
1651107.706309,438.2227892614685,-1513.4303215348616
1651114.699902,442.23442504358553,-1510.8214036060845
1651121.721049,459.7404988387858,-1494.5689643781363
1651128.70053,482.47113860305933,-1468.5490685794825
1651135.690499,506.4168062484192,-1440.4586980435572
1651146.182248,543.731312292102,-1441.5845105790493
1651149.690246,615.3647790972793,-1517.7385718077435
1651156.626393,644.7677012814884,-1599.4701402603075
1651163.702504,614.2534435705527,-1692.2776269622066
1651170.72629,616.0562747537589,-1853.0354126675056
1651181.83638,592.9185387888842,-1951.8688343753938
1651181.880316,-44.73758898299891,-2095.7681517153087
1651184.656107,556.6666931341067,-2000.8276962176112
1651191.708061,528.7012473480062,-2033.4253076768007
1651199.371567,541.3373044695726,-2050.117752246446
1651205.967765,561.1361272918084,-2069.8038764101243
1651212.946792,592.0288692091781,-2106.089951155967
1651220.138854,605.5876520991197,-2122.7564943003904
1651226.984247,617.8722330359043,-2138.99031684377
1651234.027318,634.1017848279157,-2158.9074668827284
1651240.716278,634.1017848279157,-2158.9074668827284
1651247.708651,634.1017848279157,-2158.9074668827284
1651254.688066,634.1017848279157,-2158.9074668827284
1651261.70897,634.1017848279157,-2158.9074668827284
1651268.686969,634.1017848279157,-2158.9074668827284
1651275.697075,634.1017848279157,-2158.9074668827284
1651282.697161,626.6046380559962,-2150.352478748686
1651289.696563,624.0278604747849,-2145.2390454447877
1651296.687559,624.0278604747849,-2145.2390454447877
1651303.701434,624.0278604747849,-2145.2390454447877
1651310.662611,624.0278604747849,-2145.2390454447877
1651317.701503,624.0278604747849,-2145.2390454447877
1651324.702981,624.0278604747849,-2145.2390454447877
1651332.385317,624.0278604747849,-2145.2390454447877
1651339.008161,624.0278604747849,-2145.2390454447877
1651345.953369,624.0278604747849,-2145.2390454447877
1651352.656647,624.0278604747849,-2145.2390454447877
1651359.696976,624.0278604747849,-2145.2390454447877
1651366.972054,624.0278604747849,-2145.2390454447877
1651374.962995,624.0278604747849,-2145.2390454447877
1651380.942914,624.0278604747849,-2145.2390454447877
1651387.953293,624.0278604747849,-2145.2390454447877
1651396.016038,624.0278604747849,-2145.2390454447877
1651401.963146,624.0278604747849,-2145.2390454447877
1651410.07567,624.0278604747849,-2145.2390454447877
1651415.642188,624.0278604747849,-2145.2390454447877
1651422.640181,624.0278604747849,-2145.2390454447877
1651429.708186,624.0278604747849,-2145.2390454447877
1651436.698261,624.0278604747849,-2145.2390454447877
1651443.724544,624.0278604747849,-2145.2390454447877
1651452.940783,624.0278604747849,-2145.2390454447877
1651458.121488,624.0278604747849,-2145.2390454447877
1651464.639175,624.0278604747849,-2145.2390454447877
1651473.66096,624.0278604747849,-2145.2390454447877
1651479.063233,624.0278604747849,-2145.2390454447877
1651487.408901,624.0278604747849,-2145.2390454447877
1651493.117606,624.1074633690235,-2144.345080858321
1651500.12273,624.1074633690235,-2144.345080858321
1651508.351991,624.1074633690235,-2144.345080858321
1651514.032058,624.1074633690235,-2144.345080858321
1651520.945536,624.1074633690235,-2144.345080858321
1651527.96326,617.5695085170714,-2138.232810124269
1651535.264692,597.9878532215882,-2113.160924856773
1651541.648983,566.4955721032985,-2073.589429813345
1651548.700442,533.1755412837745,-2032.2275365900878
1651555.739924,531.6795360529434,-2022.7480973326522
1651562.702908,554.0117691833963,-2003.5652706045007
1651571.73064,582.4806671361658,-1980.1596047078374
1651576.990286,609.1091185633373,-1923.2534497572683
1651583.61802,629.339684441261,-1842.5719917226666
1651590.743801,614.4345909532356,-1720.5798632761473
1651598.066015,629.1783706022813,-1638.6038692674854
1651604.710178,644.9652232965766,-1591.7653696673333
1651611.702304,646.7931707553109,-1581.4864804223002
1651618.804254,645.3220925467332,-1561.5035131011668
1651621.133098,-44.73758898299891,-2095.7681517153087
1651625.817001,624.2688304507933,-1521.7684565126278
1651632.711719,588.8922222102526,-1445.7285615363191
1651642.713278,571.4061293447044,-1425.823918518244
1651647.84376,566.2780362859038,-1417.6906057123226
1651653.704099,565.2752530163631,-1374.791635702223
1651660.714329,545.6844203250107,-1342.9233401567535
1651668.633058,507.2117873470068,-1310.5767863847866
1651674.711945,446.5488387286435,-1266.046491620705
1651683.754883,408.4286077882902,-1236.820096915631
1651689.068403,371.0476933049741,-1208.829425548623
1651696.056353,297.648856754785,-1157.4589084961995
1651703.379196,254.69722235977167,-1124.7891382102646
1651709.708727,214.98127662851016,-1096.2983817401039
1651718.249651,141.94349052106972,-1043.605941404629
1651723.708629,120.83922993297719,-1027.5341575633618
1651730.714027,111.4074026102132,-1018.680718573216
1651737.708613,63.23833318621738,-980.5996745607517
1651744.708394,9.100840028082084,-937.5715751468975
1651751.758809,-46.18575488961102,-891.0502139576662
1651762.474427,-89.87629721205754,-860.8928799530838
1651766.158016,-103.14462770625272,-854.7868579803485
1651773.052241,-128.12366370262467,-829.6792349077699
1651779.697129,-154.50944308420213,-744.5652168030932
1651786.706978,-163.8323204220859,-703.9779180926018
1651801.95604,-176.3969193695897,-657.6458984310475
1651802.130083,-199.5485919145459,-577.5513191544023
1651807.641458,-189.45814471017007,-520.5441352841553
1651816.027763,-168.33461416735997,-473.9011520855744
1651822.042297,-113.64472507068078,-415.072683638246
1651828.611689,-82.21619705605225,-381.93423605630363
1651836.336959,-70.24785547903,-359.6476921671595
1651842.650752,-64.02238877674259,-324.5977196849476
1651850.003988,-53.63200027178836,-271.17128185485234
1651856.707972,-52.53240085994149,-229.54097523340187
1651863.706687,-48.88577573574769,-189.9433575436729
1651873.364855,-31.00483421992078,-159.26174484740258
1651878.685068,-10.822106826478628,-137.3619267033573
1651885.206886,-4.3946735515697295,-93.60575674399084
1651892.167519,-23.4992858672979,-50.24197396910797
1651899.418475,-32.56774181106428,-38.331182296056056
1651906.218669,-48.02445295265622,-13.976772032805856
1651913.278872,-53.37136473720889,-2.600514766339005
1651920.063155,-69.52854483800067,43.387127925941456
1651927.149753,-91.88623685246861,106.80089191750145
1651933.65137,-104.77014388187713,147.7969905525846
1651940.666692,-112.08679886254004,175.43402446026872
1651948.202518,-123.10434434117664,215.81658839734487
1651955.001644,-126.40273889923573,231.7129856323595
1651962.227038,-131.25632808720724,244.77484937756225
1651969.406558,-148.88113883018485,280.4477054217465
1651976.10012,-159.70996642370852,314.88763864005045
1651984.768277,-166.64748951771318,346.5068389658732
1651990.349928,-167.45234984230208,351.2615498773964
1651997.488291,-167.45234984230208,351.2615498773964
1652004.51775,-167.45234984230208,351.2615498773964
1652012.572612,-167.45234984230208,351.2615498773964
1652019.367027,-167.45234984230208,351.2615498773964
1652024.617387,-167.45234984230208,351.2615498773964
1652034.808082,-167.45234984230208,351.2615498773964
1652039.606942,-167.45234984230208,351.2615498773964
1652046.380997,-167.45234984230208,351.2615498773964
1652053.262982,-167.45234984230208,351.2615498773964
1652062.561961,-167.45234984230208,351.2615498773964
1652067.408127,-167.45234984230208,351.2615498773964
1652074.018892,-173.2342466838739,387.5414427059501
1652081.573424,-172.084114699021,394.0843341045171
1652088.418867,-172.084114699021,394.0843341045171
1652095.420613,-174.81015803449057,414.3534311541495
1652102.006414,-189.781422902569,442.70607360449776
1652108.710578,-192.4760130636402,450.37823827429077
1652116.028998,-192.4760130636402,450.37823827429077
1652123.128832,-192.4760130636402,450.37823827429077
1652132.075842,-198.43389032711463,466.41983326409115
1652137.03349,-200.65110001807264,476.6534354777905
1652146.282161,-199.24461765985535,487.2803310284651
1652150.711232,-190.2091662167927,500.776126900866
1652158.116425,-178.41226572884548,508.40117417447095
1652164.994293,-146.884214849522,517.1003054515746
1652172.015367,-128.94884870521713,523.4832049019344
1652178.671935,-114.36439781391778,530.7058150413368
1652186.448891,-88.99310545411718,543.6758389320555
1652192.991046,-32.44093921000681,561.5826273258165
1652200.404495,1.700178863732683,573.9154881814591
1652207.012458,43.398926400568484,589.7019832724544
1652214.026337,94.9885128262209,603.9322511256294
1652221.027486,94.9885128262209,603.9322511256294
1652228.121072,94.9885128262209,603.9322511256294
1652234.967789,152.1686412726632,613.031601495031
1652242.20513,208.21159068017764,633.2398347934294
1652249.161789,222.33671599136318,640.2004888505172
1652256.427763,222.33671599136318,640.2004888505172
1652263.047292,222.33671599136318,640.2004888505172
1652269.621227,222.33671599136318,640.2004888505172
1652276.654765,222.33671599136318,640.2004888505172
1652284.144375,222.33671599136318,640.2004888505172
1652290.997038,227.20598978844998,658.8114786239901
1652297.626998,299.48284114182644,678.4241148485579
1652306.046497,357.7291080980816,696.9596677743117
1652312.053891,398.6353796687828,709.9033052461083
1652318.95464,409.2867932907786,713.3088055331475
1652325.950664,409.2867932907786,713.3088055331475
1652332.960636,409.2867932907786,713.3088055331475
1652339.958522,409.2867932907786,713.3088055331475
1652343.115993,409.2867932907786,713.3088055331475
1652343.116579,409.2867932907786,713.3088055331475
1652345.281419,409.2867932907786,713.3088055331475
1652352.663986,420.9829676526516,717.9935458898084
1652359.416051,447.72636807015095,725.9778968500111
1652367.064489,482.2810892183435,735.5118582146173
1652375.406082,516.9693632830102,766.019753129134
1652380.228332,505.4829763867207,801.3356606518591
1652387.262106,485.1926009868071,830.8333446737878
1652395.821932,441.1799301011802,908.6546967029747
1652401.666059,465.31392461974093,973.4759203390779
1652408.267856,535.9911700278152,1006.3456668818679
1652415.259417,596.1363892419622,1025.2927259580317
1652422.768996,598.3896041526526,1026.3471012105078
1652429.672114,598.3896041526526,1026.3471012105078
1652436.58754,598.3896041526526,1026.3471012105078
1652443.229515,614.9388769566418,1032.9428914707626
1652450.943905,635.6022462914426,1065.433450779966
1652457.260469,616.827400971228,1131.3302212847038
1652464.832205,622.3069715637165,1168.6944684851474
1652474.291839,665.3294370089,1185.321465876858
1652475.326495,664.9164953265768,1193.1161968157742
1652478.273344,663.0098683653192,1192.1788942597398
1652485.275314,663.0098683653192,1192.1788942597398
1652492.323574,663.0098683653192,1192.1788942597398
1652499.650891,663.0098683653192,1192.1788942597398
1652506.923882,663.0098683653192,1192.1788942597398
1652513.650548,663.0098683653192,1192.1788942597398
1652520.888654,663.0098683653192,1192.1788942597398
1652527.738982,663.0098683653192,1192.1788942597398
1652534.631406,663.0098683653192,1192.1788942597398
1652541.297704,663.0098683653192,1192.1788942597398
1652549.708281,663.0098683653192,1192.1788942597398
1652555.676261,663.0098683653192,1192.1788942597398
1652562.683801,663.0098683653192,1192.1788942597398
1652569.25999,663.0098683653192,1192.1788942597398
1652576.659079,663.0098683653192,1192.1788942597398
1652583.756556,663.0098683653192,1192.1788942597398
1652590.725624,663.0098683653192,1192.1788942597398
1652597.748811,663.0098683653192,1192.1788942597398
1652606.233821,663.0098683653192,1192.1788942597398
1652611.784093,652.4705524548906,1184.6067147861083
1652618.677608,652.4705524548906,1184.6067147861083
1652626.864447,652.4705524548906,1184.6067147861083
1652632.370437,652.4705524548906,1184.6067147861083
1652639.756753,652.4705524548906,1184.6067147861083
1652646.723509,652.4705524548906,1184.6067147861083
1652653.783667,652.4705524548906,1184.6067147861083
1652660.76681,652.4705524548906,1184.6067147861083
1652667.272033,652.4705524548906,1184.6067147861083
1652675.726476,652.4705524548906,1184.6067147861083
1652682.032624,652.4705524548906,1184.6067147861083
1652688.260221,652.4705524548906,1184.6067147861083
1652695.803441,652.4705524548906,1184.6067147861083
1652702.756328,652.4705524548906,1184.6067147861083
1652709.762093,652.4705524548906,1184.6067147861083
1652716.755404,652.4705524548906,1184.6067147861083
1652723.260426,652.4705524548906,1184.6067147861083
1652733.054317,637.1027622009076,1177.9662165213704
1652737.759135,637.1027622009076,1177.9662165213704
1652744.782356,637.1027622009076,1177.9662165213704
1652751.822977,637.1027622009076,1177.9662165213704
1652758.781447,637.1027622009076,1177.9662165213704
1652765.792578,637.1027622009076,1177.9662165213704
1652773.114008,638.9333114340072,1174.419474918705
1652779.802215,638.9333114340072,1174.419474918705
1652787.580636,638.9333114340072,1174.419474918705
1652793.235798,633.3534075010688,1171.9002077165273
1652798.720885,633.3534075010688,1171.9002077165273
1652800.234631,633.3534075010688,1171.9002077165273
1652807.271542,633.3461225978351,1169.6073905162095
1652814.748735,633.6615590952453,1168.495573639792
1652821.845239,633.6615559666204,1168.495541175168
1652828.637526,640.7991000343685,1166.2198411242448
1652835.660986,673.1197498988407,1182.1048315306673
1652842.569752,706.1672870181728,1198.2753570952646
1652849.264809,739.4310991367937,1211.2700070404524
1652856.797937,809.7077775231958,1238.3271262609003
1652863.597936,874.8386145317359,1262.583807878502
1652871.939623,939.1944088022836,1286.3557122965944
1652877.636178,972.9085088849972,1297.8654960809854
1652885.890638,972.9085088849972,1297.8654960809854
1652893.14143,972.9085088849972,1297.8654960809854
1652898.259607,985.8057946499719,1304.1768654332504
1652905.963716,1029.50857275262,1318.6152577239077
1652912.269739,1106.58318857289,1346.5678014158996
1652919.875159,1207.7933923793632,1400.5776839998707
1652927.898655,1256.0204102569232,1460.4693714653067
1652933.237538,1255.4878082532596,1486.3831908139196
1652940.855728,1186.94998079286,1473.839128291554
1652947.34372,1159.5006498505452,1465.2855322744135
1652954.294668,1148.992956143641,1461.8869551582973
1652962.776608,1148.992956143641,1461.8869551582973
1652968.248422,1148.992956143641,1461.8869551582973
1652975.936408,1148.992956143641,1461.8869551582973
1652981.379502,633.3534075010688,1171.9002077165273
1652982.237846,1143.215686144507,1453.8729901544698
1652989.712289,1120.2802316132588,1442.9243513668164
1652996.244202,1074.4942360594441,1426.9265378755222
1653004.903307,994.9587517317465,1400.583578300082
1653010.897688,936.1272405893799,1381.704671885492
1653017.606797,883.7950820111862,1367.8310414500809
1653026.624448,816.1163457541419,1341.9959832268505
1653031.720591,781.4801094489613,1331.4078491959422
1653038.351774,738.9241299267317,1315.4091152518395
1653045.599851,675.5603179169392,1293.5964283307922
1653052.339538,634.2304020221748,1283.5502792424747
1653060.53257,583.6882170270509,1274.9056585110736
1653066.671315,548.0449360482725,1262.8727673255016
1653073.628848,528.291864356838,1278.5674967239424
1653082.159489,503.3312540739161,1319.7709285397164
1653087.807898,480.2315784384336,1368.8904199323836
1653094.284922,483.25567079708424,1388.0196692659124
1653101.292729,490.9552348406626,1402.2279023306032
1653108.332937,548.172870937284,1415.8911776439352
1653117.262385,550.0564603640775,1420.7254133752133
1653122.269507,550.0564603640775,1420.7254133752133
1653129.283881,530.8873229297026,1446.4790136347933
1653138.421309,509.65519669962447,1441.7677227458794
1653141.680493,633.3534075010688,1171.9002077165273
1653143.434758,504.6072975486353,1440.861628801781
1653150.912479,501.90024779095756,1438.8392296204622
1653157.341624,482.6039914500778,1434.516535820225
1653165.632762,455.22808831071677,1430.296409090696
1653171.805453,426.1608438963602,1420.9521676377844
1653178.726537,429.5505338964396,1385.679858312103
1653185.814476,429.24488742469634,1345.7377044062362
1653193.074177,365.34110867945765,1274.4646878742092
1653199.979394,328.2045667672084,1230.2478555704934
1653207.027235,295.3823346840795,1177.6828579615228
1653213.241645,258.627651477428,1102.2830881549237
1653220.28105,247.39167501423375,1066.3445226006534
1653227.743346,256.2799131061832,1028.5601435260446
1653234.371702,260.22107772310756,956.7521957543216
1653241.341466,263.8313115490094,919.1675781096101
1653248.94901,266.37642235614163,894.0543755093845
1653255.711092,251.31098711213872,870.7619817820189
1653264.456553,219.50769398261806,892.2174370486109
1653269.336948,204.23574937929482,899.6082978307987
1653293.727843,174.24675758392337,917.0898303661503
1653293.736916,174.24675758392337,917.0898303661503
1653294.555746,174.24675758392337,917.0898303661503
1653294.927871,82.75236543757414,969.4941717234677
1653294.928552,82.75236543757414,969.4941717234677
1653296.608394,82.75236543757414,969.4941717234677
1653312.42467,50.29247767067472,997.3581638579512
1653312.428279,38.00686746809742,1035.1276147509013
1653317.693082,29.787821758541263,1071.9725971524147
1653325.402943,23.04736905373752,1094.3165961577797
1653332.658571,8.41790822037213,1140.270462510138
1653340.28025,-7.544104777618885,1199.537268496424
1653352.671511,-25.04736436746351,1237.726862146875
1653353.242174,-50.838063777129406,1262.700132009015
1653362.083842,-98.48309663000701,1296.4059805730444
1653366.55271,-131.79189820985158,1323.6935202726108
1653375.648455,-156.2502734863448,1342.5984189529954
1653380.959362,-207.47129620842844,1383.5807754362702
1653388.203493,-238.42936994546196,1415.685545322894
1653397.568199,-272.9230598048129,1461.7063482481942
1653401.984254,-312.4799991146018,1512.0664569333605
1653414.438943,-304.415808144707,1526.982429588269
1653415.679218,-277.6441168296582,1538.049931246368
1653471.511483,-239.15268536002938,1535.373781354757
1653471.512209,-239.15268536002938,1535.373781354757
1653473.726214,-239.15268536002938,1535.373781354757
1653481.760562,-245.6571101941789,1547.8179266454745
1653487.982543,-262.9896184752259,1541.5780429802942
1653497.503793,-282.66708521024015,1533.392054597454
1653502.665217,-308.35930040526034,1521.858606052883
1653509.340021,-308.69402523935173,1495.8454953268372
1653518.675099,-252.5326588028518,1434.5240375366845
1653522.894261,-241.71253499626664,1416.8904193485919
1653533.896369,-254.72581609357047,1415.9115104873342
1653546.211106,-328.55985709155067,1478.4744077871019
1653576.31981,-409.8814436204776,1512.0832497743445
1653576.320576,-409.8814436204776,1512.0832497743445
1653578.121663,-409.8814436204776,1512.0832497743445
1653584.77916,-443.36458339029616,1555.6525563341181
1653592.92747,-467.09171899361576,1576.1496241814227
1653598.768861,-493.6417583515875,1587.8526327558623
1653605.769281,-506.0977776252663,1586.8418381749075
1653612.775697,-506.0977776252663,1586.8418381749075
1653622.394227,-523.3545751344496,1579.1227385839563
1653627.596614,-542.0733351982005,1574.8974987468073
1653634.624893,-561.1943073847685,1570.874936241778
1653641.980221,-592.5633853889739,1559.305065853566
1653648.025119,-611.2353027490115,1509.0798334804138
1653661.227087,-594.3444891521073,1483.2709645726607
1653661.679495,-565.4899586201409,1469.3623059875988
1653669.519179,-563.0865027006854,1468.9879631660538
1653676.39145,-555.0297409243897,1468.9848468878163
1653683.212858,-555.0297409243897,1468.9848468878163
1653689.770938,-541.0608488288207,1462.211132491272
1653697.300687,-538.1281406988594,1454.256717523374
1653704.52161,-535.8181087372282,1425.6829589232734
1653713.390137,-541.59308513073,1391.6442495855222
1653717.719156,-540.016210183658,1362.986115999243
1653724.718677,-544.1327748195544,1331.7205124459865
1653732.52806,-550.300859824883,1281.3854646530976
1653739.843791,-554.52899342209,1247.8327110435912
1653746.243778,-558.90393622677,1200.8540368659965
1653753.126588,-562.9773948799477,1161.9867667864398
1653761.437532,-575.3681370898781,1142.7078053950675
1653766.797736,-576.6578018682582,1110.2681568670564
1653774.514001,-575.8186750769008,1077.9209592677903
1653781.122666,-540.0330828964491,1066.084964373036
1653788.183654,-491.57711894042563,1060.82158801908
1653795.080388,-463.6384275931807,1054.7310818417966
1653801.773031,-465.0058747063228,1031.2519873564063
1653808.840061,-469.31140333438896,989.0272034582974
1653816.839999,-472.20345887252614,936.1650112593862
1653822.79102,-475.9923517035401,917.6691240446223
1653829.718259,-478.7291122638995,896.8498209795542
1653837.275703,-479.3297295065883,888.2066631868059
1653844.174444,-479.3297295065883,888.2066631868059
1653851.098889,-477.8963100643013,872.6289142893353
1653857.777396,-422.8906962819146,858.7055038765258
1653867.953299,-380.15814514677584,851.8484040087927
1653871.694022,-374.2741628848911,861.4627599209217
1653879.309936,-362.6217961533081,893.3470372675818
1653896.186656,-350.15910816449684,898.3800876769052
1653897.11986,-346.57447149227573,898.7714554026539
1653900.102284,-346.57447149227573,898.7714554026539
1653907.279775,-346.57447149227573,898.7714554026539
1653914.299935,-346.57447149227573,898.7714554026539
1653921.30327,-346.57447149227573,898.7714554026539
1653927.675747,-346.57447149227573,898.7714554026539
1653938.025886,-346.57447149227573,898.7714554026539
1653942.236457,-346.57447149227573,898.7714554026539
1653949.088572,-346.57447149227573,898.7714554026539
1653956.06413,-346.57447149227573,898.7714554026539
1653962.72722,-346.57447149227573,898.7714554026539
1653970.976273,-346.57447149227573,898.7714554026539
1653976.735241,-346.57447149227573,898.7714554026539
1653985.132982,-346.57447149227573,898.7714554026539
1653990.802341,-346.57447149227573,898.7714554026539
1653999.169105,-346.57447149227573,898.7714554026539
1654004.748675,-346.57447149227573,898.7714554026539
1654013.465727,-346.57447149227573,898.7714554026539
1654022.578853,-346.57447149227573,898.7714554026539
1654026.315914,-346.57447149227573,898.7714554026539
1654033.23311,-346.57447149227573,898.7714554026539
1654040.34883,-346.57447149227573,898.7714554026539
1654053.667274,-346.57447149227573,898.7714554026539
1654055.936334,-346.57447149227573,898.7714554026539
1654060.742602,-346.57447149227573,898.7714554026539
1654070.988323,-346.57447149227573,898.7714554026539
1654085.914376,-346.57447149227573,898.7714554026539
1654085.91497,-346.57447149227573,898.7714554026539
1654092.904678,-346.57447149227573,898.7714554026539
1654092.905394,-346.57447149227573,898.7714554026539
1654096.025763,-346.57447149227573,898.7714554026539
1654103.166011,-346.57447149227573,898.7714554026539
1654112.757694,-346.57447149227573,898.7714554026539
1654117.191795,-346.57447149227573,898.7714554026539
1654125.18481,-346.57447149227573,898.7714554026539
1654130.868104,-346.57447149227573,898.7714554026539
1654139.300447,-346.57447149227573,898.7714554026539
1654145.261071,-346.57447149227573,898.7714554026539
1654152.560115,-346.57447149227573,898.7714554026539
1654159.346281,-346.57447149227573,898.7714554026539
1654166.403591,-350.92452058816446,907.2214895811276
1654177.803174,-350.92452058816446,907.2214895811276
1654179.917367,-350.92452058816446,907.2214895811276
1654190.020416,-350.92452058816446,907.2214895811276
1654194.399184,-354.3599860358293,910.7520793280094
1654206.221755,-358.3583015070067,913.7540667814983
1654208.235207,-359.06232063505036,914.3467230608167
1654221.239701,-358.8780312086009,914.3595606988263
1654226.126489,-359.20931497328,914.1067416024207
1654234.317341,-359.9205479947696,914.025691128112
1654236.406977,-360.6106931979067,914.2555724820049
1654247.153595,-359.7789269745073,914.0334514779646
1654250.291823,-358.8275016146858,913.7035501235722
1654260.804782,-359.04716076849326,913.1272313432974
1654267.421794,-358.9299431470619,913.0220845410231
1654273.799809,-358.6612070730864,913.0066876948548
1654278.317825,-359.4128043497148,913.1650810586732
1654288.85063,-359.43675811469785,913.1844165635467
1654293.978174,-359.43675811469785,913.1844165635467
1654301.11363,-358.7672608799435,912.6987501961424
1654305.893668,-359.3907354407792,912.5781271545849
1654314.427177,-361.43348197825804,912.4110439058758
1654320.336126,-361.53165327014125,912.2230252343551
1654334.278734,-359.73227651584324,911.9599556562519
1654337.708282,-355.6434624747705,910.55587915592
1654341.383118,-345.70531152060374,894.6879424584698
1654348.564526,-340.53103540167155,888.117756776972
1654354.936484,-335.85413039365386,877.4721036550409
1654362.402077,-334.56456674740417,862.386597099929
1654368.928835,-327.6324764890286,850.7261850268578
1654376.674374,-322.2828325465302,843.4335198541847
1654383.482623,-330.20824513206713,837.7696651887837
1654392.449695,-375.5276724069643,819.9670253985953
1654397.3267,-425.30003235504824,797.4582879398486
1654405.49907,-467.7786808101097,776.0916065721007
1654411.17856,-476.06377528122977,769.8322704710394
1654418.172987,-479.0358216153244,770.8584254182548
1654426.558232,-484.72799512390833,780.1655990662365
1654432.37462,-481.5041987850836,836.2860311432999
1654439.285296,-468.4773979451324,844.1042380912886
1654448.482558,-462.9905210951186,846.2177740877563
1654452.829121,-462.9905210951186,846.2177740877563
1654460.286857,-462.9905210951186,846.2177740877563
1654466.831728,-462.9905210951186,846.2177740877563
1654473.866605,-462.9905210951186,846.2177740877563
1654483.407724,-463.27881469015927,854.4747712050529
1654484.818025,-464.896428989936,862.12557774294
1654487.861005,-462.01881131321477,870.9776138889995
1654492.40635,-454.2521785925933,876.7729905253938
1654495.334193,-437.5825362000228,878.273757890331
1654502.007091,-394.5873309049308,872.4715966524192
1654502.398917,-394.5873309049308,872.4715966524192
1654509.488421,-382.97515441891346,868.5736152233759
1654516.921553,-383.92555361123345,870.3644567181639
1654523.377532,-383.92555361123345,870.3644567181639
1654530.533565,-383.92555361123345,870.3644567181639
1654538.283648,-383.92555361123345,870.3644567181639
1654543.831475,-383.92555361123345,870.3644567181639
1654550.846992,-383.92555361123345,870.3644567181639
1654558.468956,-383.92555361123345,870.3644567181639
1654565.390071,-383.92555361123345,870.3644567181639
1654573.342232,-383.92555361123345,870.3644567181639
1654581.410537,-383.92555361123345,870.3644567181639
1654586.238433,-383.92555361123345,870.3644567181639
1654595.130984,-370.69356776518896,869.9330122353393
1654599.93045,-370.69356776518896,869.9330122353393
1654607.651514,-370.69356776518896,869.9330122353393
1654613.84511,-370.69356776518896,869.9330122353393
1654624.069518,-370.69356776518896,869.9330122353393
1654628.526362,-370.69356776518896,869.9330122353393
1654636.138764,-370.69356776518896,869.9330122353393
1654642.753702,-370.69356776518896,869.9330122353393
1654649.804217,-370.69356776518896,869.9330122353393
1654656.76828,-370.69356776518896,869.9330122353393
1654663.73521,-370.69356776518896,869.9330122353393
1654669.879613,-370.69356776518896,869.9330122353393
1654677.435073,-370.69356776518896,869.9330122353393
1654684.492013,-370.69356776518896,869.9330122353393
1654691.33482,-370.69356776518896,869.9330122353393
1654697.943741,-358.2547144589146,868.7082471980294
1654704.933536,-358.2547144589146,868.7082471980294
1654712.868287,-358.2547144589146,868.7082471980294
1654718.94181,-358.2547144589146,868.7082471980294
1654725.93094,-358.2547144589146,868.7082471980294
1654732.839116,-358.2547144589146,868.7082471980294
1654740.164318,-358.2547144589146,868.7082471980294
1654747.425518,-358.2547144589146,868.7082471980294
1654754.389745,-358.2547144589146,868.7082471980294
1654761.464336,-358.2547144589146,868.7082471980294
1654769.133459,-358.2547144589146,868.7082471980294
1654775.573722,-358.2547144589146,868.7082471980294
1654782.481513,-358.2547144589146,868.7082471980294
1654788.835658,-358.2547144589146,868.7082471980294
1654797.468082,-358.2547144589146,868.7082471980294
1654803.315789,-362.9178667405396,869.2602200451589
1654810.652425,-362.9178667405396,869.2602200451589
1654818.404193,-362.9178667405396,869.2602200451589
1654823.865424,-362.9178667405396,869.2602200451589
1654831.911493,-362.9178667405396,869.2602200451589
1654839.120308,-362.9178667405396,869.2602200451589
1654848.342955,-361.7991355590198,866.5284011026282
1654852.433913,-361.33037009007995,860.890956585341
1654858.868496,-361.043841181404,854.4079954374639
1654869.101578,-364.31390190333946,850.1580546680476
1654872.866187,-364.3139026170974,850.158054188839
1654880.423033,-364.3139026170974,850.158054188839
1654887.320369,-364.4488047121603,850.9251147257161
1654894.463021,-364.83577496552766,851.8346763797061
1654901.777485,-364.83577496552766,851.8346763797061
1654908.593605,-355.4738506266694,854.1601600743132
1654914.863628,-355.47385061826714,854.1601600856206
1654923.157833,-355.47385061826714,854.1601600856206
1654929.602953,-355.47385061826714,854.1601600856206
1654936.55388,-355.47385061826714,854.1601600856206
1654942.854116,-354.9332659357343,854.2571692068816
1654950.735736,-354.3889413654931,854.2121004075166
1654956.841536,-354.3889413654931,854.2121004075166
1654961.551375,-353.9826654733087,854.4754092770121
1654963.87559,-353.9826654733087,854.4754092770121
1654972.198605,-353.9780744818355,854.4830768371891
1654977.85434,-353.9780744818355,854.4830768371891
1654986.46802,-353.9780744818355,854.4830768371891
1654992.440414,-353.39256636887666,855.9493061646721
1654999.388174,-350.8802752392881,857.9552979305446
1655006.46711,-345.9579267945505,860.3281557016469
1655014.277505,-345.9579267945505,860.3281557016469
1655020.384103,-345.9579267945505,860.3281557016469
1655028.080472,-345.9579267945505,860.3281557016469
1655033.881736,-340.6566112040512,862.1305728148633
1655040.932418,-340.6566112205611,862.1305728261722
1655048.448188,-358.995141498031,865.9642554718736
1655055.457463,-416.69540019253606,876.6164013050563
1655062.716209,-465.01489360851303,876.8207418024368
1655068.933468,-513.326504246975,878.1929804894978
1655075.883509,-531.6927266185822,880.9498176115337
1655082.892012,-531.6927266185822,880.9498176115337
1655089.883388,-550.5790452738684,885.9809405904963
1655098.937351,-596.4581436512137,890.9679889614386
1655105.511671,-622.852312708226,888.4538693104934
1655111.29542,-633.6232791242037,889.3737442328379
1655121.113063,-659.2343996529647,893.2800584013969
1655126.168863,-740.6308874618104,901.1919311313029
1655131.946081,-790.1637126203427,904.9069954680617
1655139.858897,-877.0256808607011,914.8658360844687
1655146.714492,-896.6294603373185,916.3650253359322
1655152.887328,-926.6581729513282,923.2639787524547
1655160.431561,-959.2145615395185,924.8165910002857
1655166.933677,-979.8507191999219,949.8150320966677
1655174.464956,-995.4881269074434,981.5381957889512
1655181.324914,-1025.8950416031914,1005.74343806617
1655188.48565,-1057.1068616772036,993.8211018755278
1655195.69438,-1074.9372992577646,986.116013074211
1655202.334307,-1076.7680038505925,985.8305117977244
1655208.877097,-1076.7680038505925,985.8305117977244
1655217.89401,-1101.585002993139,975.1898621962323
1655222.850861,-1135.938465378721,957.1175983657441
1655231.807736,-1167.6184015824274,946.636616395589
1655237.346014,-1188.3080073226315,944.0969317640638
1655244.234281,-1201.2285506572482,943.7747031095728
1655251.244864,-1201.2285506572482,943.7747031095728
1655258.266478,-1201.2285506572482,943.7747031095728
1655265.571512,-1201.2285506572482,943.7747031095728
1655272.346299,-1201.2285506572482,943.7747031095728
1655278.867672,-1201.2285506572482,943.7747031095728
1655287.81518,-1201.2285506572482,943.7747031095728
1655294.618676,-1201.2285506572482,943.7747031095728
1655299.932948,-1201.2285506572482,943.7747031095728
1655307.75182,-1201.2285506572482,943.7747031095728
1655313.935259,-1201.2285506572482,943.7747031095728
1655320.8851,-1201.2285506572482,943.7747031095728
1655330.213187,-1201.2285506572482,943.7747031095728
1655336.295543,-1201.2285506572482,943.7747031095728
1655342.237111,-1201.2285506572482,943.7747031095728
1655349.356978,-1201.2285506572482,943.7747031095728
1655356.2888,-1201.2285506572482,943.7747031095728
1655363.321226,-1196.5965134869482,936.1461608480815
1655371.923685,-1170.3809361528267,941.866133217645
1655377.298863,-1127.2484867102617,960.7460346181314
1655382.638586,-1109.4777260157337,976.9103995477894
1655383.891811,-1109.4777260157337,976.9103995477894
1655392.440691,-1114.5320687875221,978.0348511435596
1655397.85688,-1114.5320687875221,978.0348511435596
1655404.93647,-1114.5320687875221,978.0348511435596
1655411.936161,-1114.5320687875221,978.0348511435596
1655418.935252,-1114.5320687875221,978.0348511435596
1655427.539369,-1114.5320687875221,978.0348511435596
1655432.837001,-1114.5320687875221,978.0348511435596
1655440.210578,-1114.5320687875221,978.0348511435596
1655448.559769,-1114.5320687875221,978.0348511435596
1655453.84053,-1114.5320687875221,978.0348511435596
1655462.053878,-1114.5320687875221,978.0348511435596
1655467.868278,-1119.8333792680164,970.5624413788764
1655474.867858,-1119.8333792680164,970.5624413788764
1655482.395884,-1119.8333792680164,970.5624413788764
1655489.332962,-1119.8333792680164,970.5624413788764
1655496.471583,-1119.8333792680164,970.5624413788764
1655503.351658,-1119.8333792680164,970.5624413788764
1655510.374109,-1119.8333792680164,970.5624413788764
1655517.358654,-1119.8333792680164,970.5624413788764
1655523.941575,-1119.8333792680164,970.5624413788764
1655530.941255,-1119.8333792680164,970.5624413788764
1655538.304737,-1119.8333792680164,970.5624413788764
1655545.307564,-1119.8333792680164,970.5624413788764
1655552.307375,-1119.8333792680164,970.5624413788764
1655560.316937,-1119.8333792680164,970.5624413788764
1655566.357151,-1119.8333792680164,970.5624413788764
1655573.313954,-1119.8333792680164,970.5624413788764
1655579.943843,-1119.8333792680164,970.5624413788764
1655586.985786,-1119.8333792680164,970.5624413788764
1655594.598391,-1119.8333792680164,970.5624413788764
1655601.445452,-1119.8333792680164,970.5624413788764
1655608.668083,-1119.8333792680164,970.5624413788764
1655615.799722,-1119.8333792680164,970.5624413788764
1655622.347433,-1119.8333792680164,970.5624413788764
1655629.409463,-1119.8333792680164,970.5624413788764
1655638.559512,-1119.8333792680164,970.5624413788764
1655643.691598,-1119.8333792680164,970.5624413788764
1655649.861249,-1124.3705602893438,961.9795298710101
1655658.346761,-1130.078003703618,957.7206800960158
1655664.443818,-1130.078003703618,957.7206800960158
1655671.450695,-1130.078003703618,957.7206800960158
1655677.949281,-1130.078003703618,957.7206800960158
1655687.495929,-1130.0784796685348,957.714985751306
1655692.543919,-1130.0784796685348,957.714985751306
1655698.95488,-1130.0784796685348,957.714985751306
1655705.944747,-1130.0784796685348,957.714985751306
1655712.95067,-1130.0784796685348,957.714985751306
1655721.409426,-1130.0784796685348,957.714985751306
1655727.436819,-1130.0784796685348,957.714985751306
1655734.523557,-1130.0784796685348,957.714985751306
1655741.458026,-1130.0784796685348,957.714985751306
1655748.472589,-1130.0784796685348,957.714985751306
1655755.686681,-1130.0784796685348,957.714985751306
1655764.132779,-1130.0784796685348,957.714985751306
1655768.88917,-1132.3041207010622,959.9237769901627
1655775.899243,-1132.3041207010622,959.9237769901627
1655783.488798,-1132.3041207010622,959.9237769901627
1655790.503433,-1134.9113223789802,961.0532374344448
1655797.627451,-1134.911322387235,961.053237445045
1655803.942003,-1134.911322387235,961.053237445045
1655813.443519,-1134.911322387235,961.053237445045
1655818.728549,-1134.911322387235,961.053237445045
1655826.2475,-1134.911322387235,961.053237445045
1655831.944608,-1134.911322387235,961.053237445045
1655840.853876,-1134.911322387235,961.053237445045
1655846.463042,-1134.911322387235,961.053237445045
1655853.828981,-1134.911322387235,961.053237445045
1655860.469301,-1134.911322387235,961.053237445045
1655867.415605,-1134.911322387235,961.053237445045
1655874.414303,-1134.911322387235,961.053237445045
1655881.523561,-1134.911322387235,961.053237445045
1655887.891523,-1134.911322387235,961.053237445045
1655894.939721,-1134.911322387235,961.053237445045
1655902.590158,-1134.911322387235,961.053237445045
1655909.496829,-1134.911322387235,961.053237445045
1655917.031745,-1134.911322387235,961.053237445045
1655922.844668,-1134.911322387235,961.053237445045
1655931.957926,-1134.911322387235,961.053237445045
1655937.762671,-1134.911322387235,961.053237445045
1655943.940638,-1134.911322387235,961.053237445045
1655952.453545,-1134.911322387235,961.053237445045
1655957.950739,-1134.911322387235,961.053237445045
1655966.594386,-1134.911322387235,961.053237445045
1655972.45055,-1134.911322387235,961.053237445045
1655979.582218,-1134.911322387235,961.053237445045
1655986.574913,-1134.911322387235,961.053237445045
1655993.523274,-1134.911322387235,961.053237445045
1656000.529433,-1134.911322387235,961.053237445045
1656007.51176,-1134.911322387235,961.053237445045
1656013.896937,-1134.911322387235,961.053237445045
1656022.871663,-1123.4139754732294,942.5392297087144
1656028.559576,-1121.3681265726966,944.5389057700465
1656035.476649,-1121.9685310420098,945.836999290883
1656042.45698,-1123.3663474843547,949.1200778022921
1656049.48856,-1125.1832382160103,952.2687138272979
1656056.466056,-1137.8443006073926,947.4219786243359
1656063.268583,-1136.4228589020315,948.2158774186157
1656071.239412,-1136.4228589020315,948.2158774186157
1656076.851494,-1136.4228589020315,948.2158774186157
1656084.471383,-1136.4228589020315,948.2158774186157
1656091.418402,-1136.4228589020315,948.2158774186157
1656098.427749,-1136.4228589020315,948.2158774186157
1656107.095356,-1136.4228589020315,948.2158774186157
1656112.639699,-1136.4228589020315,948.2158774186157
1656119.535321,-1136.4228589020315,948.2158774186157
1656126.585656,-1139.3149972010258,948.137194870775
1656132.852495,-1140.846009696551,948.0929456046177
1656141.352656,-1147.7369214952812,947.2346231280632
1656147.326032,-1147.736923428856,947.2346228513514
1656149.944621,-1147.736923428856,947.2346228513514
1656155.014116,-1147.0575179426069,944.6380501311617
1656161.436822,-1136.8443839257566,951.9965688179624
1656168.380814,-1112.4478326753201,964.5090154490997
1656176.580992,-1112.447820758714,964.5090243459116
1656182.510215,-1112.447820758714,964.5090243459116
1656189.175556,-1112.447820758714,964.5090243459116
1656197.64108,-1112.447820758714,964.5090243459116
1656203.178002,-1112.447820758714,964.5090243459116
1656210.358196,-1101.9024697511036,968.648246424864
1656217.333186,-1067.52145835651,983.920587327938
1656224.407459,-1034.5163007762376,999.4710668234795
1656231.807361,-1003.5973953417304,993.3457487744295
1656238.214063,-989.8745885404592,968.831237563947
1656245.187377,-979.5200360847392,943.601382103443
1656252.272758,-958.767518744908,897.1839636321001
1656259.449341,-948.985807108182,871.6640106980254
1656266.409184,-938.2308888692108,842.8704405079231
1656274.633019,-910.1419642411798,790.5408268586435
1656282.445785,-905.9642811757349,767.2299344590676
1656287.184554,-905.9642811757349,767.2299344590676
1656293.866789,-905.9642811757349,767.2299344590676
1656300.920489,-905.9642811757349,767.2299344590676
1656307.850553,-905.9642811757349,767.2299344590676
1656315.232612,-905.9642811757349,767.2299344590676
1656321.86775,-905.9642811757349,767.2299344590676
1656328.947965,-905.9642811757349,767.2299344590676
1656336.049399,-905.9642811757349,767.2299344590676
1656343.048921,-905.9642811757349,767.2299344590676
1656350.217704,-905.9642811757349,767.2299344590676
1656356.968519,-899.9899704304072,751.1403846691951
1656364.189244,-899.9899704304072,751.1403846691951
1656371.319774,-908.2146712808978,739.065175250591
1656378.459698,-952.3142643148889,712.9567784142902
1656384.902683,-954.1435562003903,710.4072544452342
1656391.902997,-954.1435562003903,710.4072544452342
1656398.90116,-954.1435562003903,710.4072544452342
1656405.902554,-967.5986046021493,700.5719123079381
1656413.966551,-953.524633895145,658.2692756778694
1656420.329321,-929.811264352009,608.4201459162786
1656427.188382,-929.811264352009,608.4201459162786
1656434.335098,-929.811264352009,608.4201459162786
1656441.239871,-929.811264352009,608.4201459162786
1656448.579192,-929.811264352009,608.4201459162786
1656454.909908,-929.811264352009,608.4201459162786
1656462.767564,-929.811264352009,608.4201459162786
1656469.989366,-929.811264352009,608.4201459162786
1656476.24446,-929.811264352009,608.4201459162786
1656483.41913,-922.7935878518309,586.1453305430817
1656490.187065,-914.5327529474129,557.6298460301399
1656497.255271,-900.8438060675118,514.8242821073507
1656504.272489,-859.32167235181,434.39864028957203
1656511.206595,-850.1816968672301,410.7524362878369
1656518.213737,-850.1816968672301,410.7524362878369
1656525.293338,-844.0261868063538,392.2351961663979
1656532.242269,-820.1270960391416,384.4554388589347
1656538.992837,-817.8326199556536,384.4391581863153
1656546.755885,-794.8879009111713,383.0811965778442
1656553.834107,-758.373567835147,380.80263988586074
1656560.259971,-742.4161813679921,355.9537651311328
1656567.50445,-718.5819927297688,343.76827039828487
1656577.1889,-657.5020267823957,343.7338551426983
1656581.196461,-654.3955359634006,364.30144377814264
1656588.407989,-650.6491856530827,389.05337557353664
1656595.417682,-624.9268200001134,399.98607591717285
1656602.289646,-600.3875004840809,403.89444659591084
1656609.215794,-565.6979292826519,401.7611373044502
1656616.186165,-553.9014244565681,395.0366244634443
1656626.59702,-534.8141236802683,396.6766874606552
1656630.224316,-517.2684551881447,394.7389747221107
1656636.893582,-517.2684551881447,394.7389747221107
1656644.932223,-510.8465940491246,396.2710863175032
1656651.368271,-477.2548596055916,393.4485924442387
1656658.284056,-457.18676168771026,390.7548530049657
1656665.300939,-445.4687873117956,386.7574121361963
1656672.276236,-443.2445424596443,376.82591831792246
1656678.855196,-437.99089760443024,366.9589246312063
1656687.771211,-437.99089760443024,366.9589246312063
1656693.550707,-431.06725526757646,346.387139845867
1656700.408355,-431.06725526757646,346.387139845867
1656707.538049,-431.06725526757646,346.387139845867
1656714.324607,-436.36016910941083,320.13625520080274
1656721.343386,-436.36016910941083,320.13625520080274
1656728.587721,-436.36016910941083,320.13625520080274
1656735.086058,-436.36016910941083,320.13625520080274
1656743.09243,-436.36016910941083,320.13625520080274
1656749.832432,-436.36016910941083,320.13625520080274
1656755.909056,-436.36016910941083,320.13625520080274
1656764.857554,-432.69375279031607,311.2981453656553
1656770.382286,-432.4188473297896,305.03444954947486
1656777.30644,-436.8256979490013,289.54269056644955
1656784.432397,-441.6261178428339,279.7575441206335
1656794.135161,-447.7609262358188,273.94830488330257
1656797.871852,-447.7609262358188,273.94830488330257
1656805.684413,-447.7609262358188,273.94830488330257
1656812.560208,-453.0697614413627,262.91916630596006
1656819.464547,-465.61088990239796,253.27966109219759
1656826.64287,-468.9962885837176,237.47687740593483
1656833.944489,-468.3579556302295,235.47105607241505
1656839.942099,-453.69353036406005,232.4109793537141
1656847.329433,-422.9678901080125,234.79458835952855
1656855.284303,-397.8891410467365,239.06079204358676
1656861.629949,-372.5625168496521,247.5278789499716
1656868.449985,-353.25137644376616,250.86066144951934
1656875.300486,-323.26501793761815,252.10775704293403
1656882.548544,-281.3348076492033,253.3275307685958
1656892.032575,-269.4196194831837,252.65138579939645
1656896.325187,-266.2685300151204,264.4776005888129
1656903.516662,-251.49375395888313,304.52203734712145
1656910.251721,-242.91590852747262,319.80949716270254
1656917.207733,-247.24200113710825,326.20753495321156
1656924.248303,-251.43594326238605,368.2683743841665
1656931.208377,-251.47709377736038,391.74024909657
1656941.486634,-245.80366070741462,400.19667252214697
1656944.906582,-235.40487684571258,406.3678307339885
1656951.857674,-211.4566036721902,415.95833689584913
1656967.262873,-192.89926272695564,417.61699242618874
1656967.272004,-187.16209539807218,416.67040199310753
1656974.19806,-187.49159835242762,414.0135947250011
1656980.383583,-201.29002557134854,430.0680066768179
1656987.342114,-206.52769041970436,456.6338822933696
1656994.623291,-201.1836696765963,489.52224325874164
1657001.99603,-190.64458727377402,514.430607776056
1657008.487972,-173.65579864568767,531.81263380098
1657015.717147,-136.54622037252258,540.9029657861508
1657023.916943,-106.55907417186368,541.1730913650787
1657029.271463,-108.02381276136063,565.6939709965466
1657036.481481,-139.55784428024373,584.9585209100953
1657043.317192,-179.83362340046529,569.9863987331483
1657050.25534,-209.89412593163786,554.0198716760043
1657057.349399,-209.89412593163786,554.0198716760043
1657064.515714,-209.89412593163786,554.0198716760043
1657071.200319,-233.0855482819367,563.7462064264992
1657077.85871,-236.729882449113,589.6013322934105
1657086.672382,-241.9843012429016,612.119245950232
1657092.413775,-241.9843012429016,612.119245950232
1657099.518824,-242.61198442852802,609.0679333172948
1657106.439356,-287.4640864832646,597.9120150749841
1657113.298948,-343.0135816222899,607.8724247073264
1657120.24573,-360.0680225798763,618.1787360431413
1657127.200686,-384.04044873381173,621.0567877351648
1657134.192999,-399.939802255304,621.0159142186016
1657140.892392,-399.939802255304,621.0159142186016
1657148.94164,-399.939802255304,621.0159142186016
1657155.197475,-399.939802255304,621.0159142186016
1657162.185723,-399.939802255304,621.0159142186016
1657169.211789,-399.939802255304,621.0159142186016
1657176.193125,-399.939802255304,621.0159142186016
1657183.21988,-399.939802255304,621.0159142186016
1657190.193096,-399.939802255304,621.0159142186016
1657197.264218,-399.939802255304,621.0159142186016
1657204.358427,-399.939802255304,621.0159142186016
1657212.163326,-399.939802255304,621.0159142186016
1657218.200331,-399.939802255304,621.0159142186016
1657225.474953,-399.939802255304,621.0159142186016
1660241.551084,-399.939802255304,621.0159142186016
1660241.551847,-399.939802255304,621.0159142186016
1660248.929162,-399.939802255304,621.0159142186016
1663088.843851,-768.2278899073965,-4586.635508512446
1663095.943844,-736.1323410037686,-4474.7913519688
1663102.812829,-722.0896527173437,-4406.343281660444
1663111.53648,-708.3601122697123,-4328.649967199202
1663117.344424,-687.7679535962858,-4224.06203237019
1663124.218091,-659.2236677469593,-4161.201761330079
1663130.868395,-594.8639940571991,-4104.047783205312
1663137.847649,-517.2354759403142,-4009.7139679872857
1663146.937997,-480.4884758859184,-3944.1473629768125
1663152.17654,-438.3212913538315,-3886.2821707992625
1663159.12562,-380.99675311229765,-3816.6851366583855
1663166.051915,-341.8804430344177,-3765.9029842175687
1663172.848922,-329.1275888671954,-3705.2123326918086
1663179.797486,-318.6380366549378,-3593.1242682839584
1663189.699811,-311.21412949241113,-3520.6398934515487
1663194.107985,-301.22106080729463,-3442.619580060584
1663201.227043,-286.0752315220596,-3339.903056960723
1663207.848494,-280.73574265298123,-3299.7333943380977
1663214.844536,-280.6989954936506,-3292.5057534536422
1663221.78653,-280.6989954936506,-3292.5057534536422
1663230.303691,-280.6989954936506,-3292.5057534536422
1663235.849144,-278.20669343658943,-3272.615528108541
1663242.862468,-265.77381552267826,-3174.0940755631323
1663249.867675,-257.1958855054836,-3097.8173835764214
1663256.804686,-248.62089586349495,-3034.751574585674
1663271.68668,-229.8818096756156,-2876.8350045879547
1663271.687285,-229.8818096756156,-2876.8350045879547
1663278.028391,-222.48431413182985,-2806.820077547076
1663285.068342,-211.53616009512484,-2704.2413202937146
1663292.077112,-205.774774820792,-2666.184542330887
1663299.028408,-197.26334175903395,-2569.3154726149805
1663306.06845,-181.03154706093792,-2463.522737127298
1663313.068509,-169.25550172807425,-2410.005712096954
1663320.029162,-164.45426056972823,-2383.761331680897
1663327.078606,-163.51525021212908,-2367.2137338084885
1663335.831486,-139.320506179427,-2320.4187884383605
1663341.078501,-100.37320208676952,-2273.421080134945
1663348.05874,-79.85606022919208,-2198.2738506045284
1663355.078575,-76.347964453218,-2166.5372500432204
1663368.76299,-50.64582548990039,-2114.4931646579594
1663368.99775,12.168668694995143,-1997.8661983843751
1663376.078235,29.89075522211471,-1959.0770142471185
1663383.077544,29.89075522211471,-1959.0770142471185
1663390.737335,29.89075522211471,-1959.0770142471185
1663396.986539,29.89075522211471,-1959.0770142471185
1663404.077279,29.89075522211471,-1959.0770142471185
1663411.027334,53.98153260449922,-1904.344128986853
1663420.012647,97.65105846658949,-1842.1812792691446
1663424.989054,132.24511436695275,-1806.5591316363555
1663433.863075,132.88639259212349,-1805.9622397239752
1663439.31637,132.88639259212349,-1805.9622397239752
1663446.315965,132.88639259212349,-1805.9622397239752
1663453.397526,127.79256270252995,-1781.8899887567263
1663460.461474,110.90568655608419,-1727.977529676013
1663467.402417,104.69345802774914,-1657.9030415910709
1663474.470103,148.385995034886,-1579.1526232131248
1663481.44902,185.87292483166792,-1528.1682896470431
1663488.03456,201.89743737148714,-1465.3019699805432
1663495.074485,180.48783818447424,-1364.011870030487
1663502.094019,164.14419485896957,-1312.0475536205558
1663509.075334,175.90878083693474,-1298.3944205631265
1663516.318777,175.90878083693474,-1298.3944205631265
1663523.080279,185.22762741857653,-1273.097230010084
1663530.061031,128.7154268254428,-1229.1508537838638
1663537.079096,16.080750045801995,-1135.0876860144874
1663550.86587,-36.82361313713148,-1072.3224447306106
1663551.302432,-70.91750515617879,-1034.8173826450068
1663558.040272,-80.70762013091061,-1025.3339532447517
1663565.032208,-102.58902338393918,-1006.527841879933
1663580.298843,-123.34186246809297,-984.2188973998916
1663580.498953,-102.63143939321512,-923.9219108489212
1663586.078706,-112.34679087858585,-862.175966295163
1663593.078028,-129.81148923801118,-810.1490587138285
1663606.240783,-151.05233574749403,-733.0300968797947
1663606.993911,-167.64486430142725,-678.0904848335026
1663616.912252,-183.56421563881403,-624.7742096170984
1663621.016347,-188.7230470569104,-534.2932931983672
1663629.26403,-169.68831108593704,-478.26692570268636
1663635.015765,-141.6593302670799,-437.41163873003273
1663641.99487,-94.94835623944772,-391.7648653560385
1663649.83584,-72.502264444858,-354.89348185046794
1663655.989035,-61.043683538274614,-311.9589534976264
1663662.985751,-46.295701872828545,-236.8386883834184
1663671.237148,-50.698934518644585,-199.12642219193265
1663677.085647,-23.805479620795726,-157.44774094105995
1663685.40425,4.397269002454745,-127.7607635160137
1663691.253823,8.802973626841517,-119.00502852253115
1663698.083739,6.872964776637905,-101.4718039910342
1663705.681153,-10.052014916599562,-43.845827227354
1663712.081965,-12.942565170535888,-36.236603903606586
1663719.037768,-12.942565170535888,-36.236603903606586
1663725.997371,-12.942565170535888,-36.236603903606586
1663733.03485,-12.942565170535888,-36.236603903606586
1663741.79654,-12.942565170535888,-36.236603903606586
1663747.492196,-12.942565170535888,-36.236603903606586
1663754.638854,-12.942565170535888,-36.236603903606586
1663761.537597,-12.942565170535888,-36.236603903606586
1663768.522869,-12.942565170535888,-36.236603903606586
1663775.091858,-12.942565170535888,-36.236603903606586
1663784.082856,-12.942565170535888,-36.236603903606586
1663789.74048,-12.942565170535888,-36.236603903606586
1663796.054159,-12.942565170535888,-36.236603903606586
1663804.681314,-12.942565170535888,-36.236603903606586
1663810.467174,-12.942565170535888,-36.236603903606586
1663816.991366,-12.942565170535888,-36.236603903606586
1663825.138005,-12.942565170535888,-36.236603903606586
1663831.569643,-12.942565170535888,-36.236603903606586
1663838.613545,-12.942565170535888,-36.236603903606586
1663845.343079,-12.942565170535888,-36.236603903606586
1663852.962742,-12.942565170535888,-36.236603903606586
1663859.613535,-12.942565170535888,-36.236603903606586
1663865.992088,-12.942565170535888,-36.236603903606586
1663872.991355,-12.942565170535888,-36.236603903606586
1663881.982947,-12.942565170535888,-36.236603903606586
1663887.579426,-12.942565170535888,-36.236603903606586
1663894.156551,-12.942565170535888,-36.236603903606586
1663902.086853,-12.942565170535888,-36.236603903606586
1663908.70994,-12.942565170535888,-36.236603903606586
1663916.230718,-12.942565170535888,-36.236603903606586
1663924.98402,-12.942565170535888,-36.236603903606586
1663930.157575,-12.942565170535888,-36.236603903606586
1663936.404313,-12.942565170535888,-36.236603903606586
1663944.208383,-12.942565170535888,-36.236603903606586
1663950.306761,-12.942565170535888,-36.236603903606586
1663958.404259,-12.942565170535888,-36.236603903606586
1663964.564228,-12.942565170535888,-36.236603903606586
1663972.9276,-12.942565170535888,-36.236603903606586
1663981.203652,-12.942565170535888,-36.236603903606586
1663985.648204,-12.942565170535888,-36.236603903606586
1663992.038426,-12.942565170535888,-36.236603903606586
1663999.605377,-12.942565170535888,-36.236603903606586
1664006.544128,-12.779291009361575,-31.48083315930774
1664014.811209,-12.779291009361575,-31.48083315930774
1664020.936032,-12.779291009361575,-31.48083315930774
1664027.51091,-12.779291009361575,-31.48083315930774
1664036.259051,-12.702968394130247,-30.33058897543521
1664041.089933,9.123969858401688,-13.669260340614272
1664049.937333,16.05323585506237,-13.240784328876567
1664055.524639,19.268626854708902,-11.66816945309568
1664062.022353,35.88764795545351,-9.95230226605575
1664071.359846,32.955923029915546,-6.6837294923388075
1664076.720176,11.667420008536842,-10.27497253398852
1664083.470812,-26.01226545212438,-15.19788857410985
1664092.881195,-45.20596641739039,-27.851925922685762
1664097.489867,-64.17944805948912,-35.592201623772716
1664104.844865,-95.41784570512341,-39.488344695619496
1664111.310979,-147.93577928394853,-41.67743762402949
1664118.132637,-202.39893511864102,-52.589632300892674
1664125.025982,-289.09264683882776,-87.66643228714956
1664132.488331,-330.0564134633853,-101.20863891164079
1664139.040419,-341.403123898378,-102.90754474661985
1664148.115638,-386.85345738984523,-103.3037013157746
1664153.043243,-430.4079885642501,-96.52593538641679
1664159.999548,-486.67499800049404,-96.86106722756799
1664168.809738,-544.3764667974947,-82.29117651395178
1664173.995764,-594.2614618932486,-62.018894781372786
1664181.415759,-665.0341407654141,-48.94037173933735
1664188.021712,-754.9005482261634,-36.365888003084095
1664194.996895,-780.4113148898704,-25.786144411534032
1664202.470477,-783.467442737813,-22.97713723195066
1664210.847424,-783.467442737813,-22.97713723195066
1664216.369133,-794.5347307536958,-14.448619090573105
1664224.969364,-822.0106407688145,-3.121344947856726
1664230.780722,-883.0115438541844,17.035893726265805
1664237.763685,-937.0068510822831,31.719469815507
1664244.33595,-977.7057458148173,36.67647204243128
1664251.443757,-1018.3833451772457,51.015599127594385
1664257.998477,-1052.4300053592453,64.08344188013001
1664265.885495,-1081.9137487344917,71.89438348788008
1664272.050066,-1171.1656232597854,116.99583398398565
1664280.86936,-1224.7441037315707,166.56693601103188
1664286.033657,-1250.181840165582,194.47936533539115
1664294.032216,-1291.2412736107347,247.36115015983535
1664301.973851,-1291.2412736107347,247.36115015983535
1664307.033241,-1315.1890052142535,269.1842367922058
1664315.151013,-1362.1984377707217,313.6214959563561
1664321.454831,-1399.6824433748006,343.92261221469414
1664328.460248,-1435.2352266906423,375.01748767884686
1664335.516502,-1470.1075043480523,410.06124128211724
1664342.488392,-1470.1075043480523,410.06124128211724
1664349.768896,-1470.1075043480523,410.06124128211724
1664356.032043,-1470.1075043480523,410.06124128211724
1664363.412202,-1470.1075043480523,410.06124128211724
1664370.038094,-1470.1075043480523,410.06124128211724
1664378.740552,-1505.6861164083803,439.9347949062844
1664384.522665,-1542.9122133140409,479.3627054243147
1664391.480705,-1568.3903397221109,505.23133562485725
1664398.570165,-1620.0040686862767,461.4287060725805
1664406.734752,-1646.7147895231446,408.7092754948038
1664412.535495,-1653.0420582051322,386.0740848523025
1664419.544541,-1654.354828616091,377.54612268026733
1664426.031258,-1654.354828616091,377.54612268026733
1664434.51788,-1654.354828616091,377.54612268026733
1664440.032766,-1654.354828616091,377.54612268026733
1664448.551641,-1654.354828616091,377.54612268026733
1664454.032783,-1654.354828616091,377.54612268026733
1664461.680347,-1654.354828616091,377.54612268026733
1664468.383289,-1654.354828616091,377.54612268026733
1664475.420394,-1654.354828616091,377.54612268026733
1664482.013074,-1654.945696143353,363.00100400605317
1664489.558919,-1654.945696143353,363.00100400605317
1664496.421675,-1654.945696143353,363.00100400605317
1664503.031547,-1667.3478063259233,313.8944731725665
1664513.945713,-1674.0510105583442,277.95483365497086
1664517.379945,-1660.227765967077,215.00711278933105
1664524.652393,-1631.6240275530463,159.5845721785069
1664531.466733,-1629.7156368701349,156.71807093708878
1664538.471564,-1628.3561743257344,147.32592029468486
1664545.083703,-1596.3861679751476,101.30541079191045
1664552.703321,-1583.8023112488265,81.59848638223853
1664559.97674,-1580.3830036240595,77.89070728038456
1664566.655165,-1574.9485042684703,70.21975568468444
1664573.002676,-1574.9485042684703,70.21975568468444
1664580.00338,-1574.9485042684703,70.21975568468444
1664587.436128,-1564.4813826052703,52.997580859363474
1664594.041404,-1564.4813826052703,52.997580859363474
1664601.092982,-1550.6696168912888,28.340834016477817
1664608.718509,-1505.8777533238547,-51.63785363912421
1664615.37618,-1475.6325956097226,-99.79078819904763
1664622.4498,-1463.4066351676256,-116.00366634318138
1664629.354968,-1461.0396289525563,-119.46516279378271
1664636.368053,-1461.0396289525563,-119.46516279378271
1664643.371741,-1461.0396289525563,-119.46516279378271
1664650.468164,-1461.0396289525563,-119.46516279378271
1664659.508582,-1461.0396289525563,-119.46516279378271
1664664.105089,-1441.8244371805058,-137.90325041924564
1664671.799626,-1389.777483547036,-190.90042545717733
1664678.714961,-1355.2619214901795,-226.08534292158774
1664685.383156,-1315.2276362835457,-269.3637890747676
1664692.673975,-1250.2154795371007,-334.126896105293
1664699.597085,-1211.9420126024156,-373.00670695893814
1664706.450233,-1186.4405603681519,-400.43078919585327
1664713.446979,-1166.2512952067086,-424.7894827293886
1664720.535252,-1153.893101023007,-438.5577524827433
1664729.787085,-1123.384301250527,-469.999823418897
1664734.477625,-1096.7314702736862,-502.16856852862867
1664741.404264,-1082.0069403610926,-515.2792575255647
1664749.192606,-1062.8841254136862,-536.2826725491467
1664755.101324,-994.686759071259,-601.5801200726914
1664765.64293,-949.9972655159297,-635.94741593401
1664769.422403,-923.5423892691186,-652.1762663408347
1664776.954289,-883.3633573423783,-677.5857171741825
1664783.034071,-868.4421695485756,-685.3569912894036
1664791.729778,-861.7908286996663,-687.6586908813048
1664797.567607,-861.7908286996663,-687.6586908813048
1664805.975436,-861.7908286996663,-687.6586908813048
1664812.260342,-861.7908286996663,-687.6586908813048
1664818.574348,-861.7908286996663,-687.6586908813048
1664825.434326,-861.7908286996663,-687.6586908813048
1664832.433103,-846.6120500983654,-694.855845193495
1664839.68076,-825.9517323037492,-703.6226785257691
1664846.367167,-806.4482398815071,-707.7372616945826
1664853.424888,-800.9897493518237,-708.893704989406
1664860.558091,-800.9897493518237,-708.893704989406
1664867.41998,-800.9897493518237,-708.893704989406
1664876.822842,-788.6497542305739,-713.9617778473639
1664881.47163,-778.0935013905006,-716.5048716696841
1664888.448845,-746.2396944254867,-721.9738450205747
1664898.861594,-719.6832127160523,-729.7922901018385
1664902.100732,-711.6549320169023,-733.1042522808466
1664910.279828,-711.8289933681415,-748.9607546190456
1664916.036895,-712.2875707434114,-750.705327204915
1664923.625322,-712.2875707434114,-750.705327204915
1664930.537142,-712.2875707434114,-750.705327204915
1664937.542486,-712.2875707434114,-750.705327204915
1664946.415173,-712.2875707434114,-750.705327204915
1664951.432109,-712.2875707434114,-750.705327204915
1664958.545242,-712.2875707434114,-750.705327204915
1664965.06045,-712.2875707434114,-750.705327204915
1664972.03643,-717.884164232942,-768.1391885825207
1664979.61889,-717.884164232942,-768.1391885825207
1664987.163796,-717.884164232942,-768.1391885825207
1664993.510959,-717.884164232942,-768.1391885825207
1665000.502419,-717.884164232942,-768.1391885825207
1665007.414451,-717.1879530506512,-800.0548129486712
1665014.33179,-720.3906961982353,-816.4357333715469
1665021.338324,-720.3906961982353,-816.4357333715469
1665028.346302,-722.5337945631667,-825.3860237803043
1665035.494341,-722.5337945631667,-825.3860237803043
1665042.365096,-725.117080139202,-837.4427252861973
1665049.895963,-746.1179014553934,-923.1534719827634
1665056.350582,-757.4654751054785,-939.4081723585181
1665064.499104,-784.950266330837,-967.5422296812709
1665070.420458,-805.6408226866195,-1011.178474592947
1665080.58528,-807.855493983612,-1013.3294733951559
1665084.096346,-813.39083123219,-1015.8778978762404
1665092.073192,-868.131926409636,-1010.7011335414383
1665098.355147,-883.1315543293628,-1004.7224294309644
1665105.479007,-912.5999347665387,-1000.438285630809
1665114.186205,-934.3803190750644,-1004.7422528348148
1665119.464331,-934.3803190750644,-1004.7422528348148
1665126.480987,-934.3803190750644,-1004.7422528348148
1665133.304948,-934.3803190750644,-1004.7422528348148
1665140.008472,-953.2162124281184,-999.2716481387725
1665149.824983,-964.1290626450685,-972.2430368669447
1665154.007059,-970.5440686460354,-937.9777155449102
1665161.941383,-973.6946783250688,-923.0903981471947
1665168.450522,-989.2809263227771,-895.9171127726852
1665175.33923,-1001.9863899414325,-881.6697159380037
1665184.657316,-1004.0236900555908,-880.5250080218148
1665189.511081,-1004.0236900555908,-880.5250080218148
1665196.629298,-1004.0236900555908,-880.5250080218148
1665203.491978,-1004.0236900555908,-880.5250080218148
1665210.575957,-1004.0236900555908,-880.5250080218148
1665217.565483,-1004.0236900555908,-880.5250080218148
1665224.552139,-1004.0236900555908,-880.5250080218148
1665231.815705,-1004.0236900555908,-880.5250080218148
1665238.537271,-1008.6793468510411,-890.9487043098293
1665245.661391,-1014.4040016653784,-913.616170945087
1665252.387955,-1016.1047582118819,-949.6552894305437
1665259.636439,-1021.6777649189532,-992.73822668849
1665266.431892,-1023.3359961992014,-1003.7669315346793
1665273.702607,-1006.1325660152324,-1017.7245859052244
1665280.383459,-982.9816154716033,-1027.0781471085868
1665288.424053,-970.0730749079378,-1027.888594617731
1665294.468846,-960.2468022008495,-1028.085462516256
1665302.102227,-960.2468022008495,-1028.085462516256
1665309.732142,-949.7994226090274,-1017.337677475764
1665315.463583,-944.7869539876162,-1024.31275956564
1665322.451599,-898.7218978339431,-1099.00483384916
1665329.492638,-889.578196329904,-1112.1040688684004
1665336.015845,-881.5396492721577,-1150.189148656999
1665344.796522,-920.1134906758831,-1205.8602907108245
1665354.847574,-937.6997715537151,-1231.0346478809415
1665357.089582,-937.6997734374642,-1231.03465064699
1665365.935451,-937.6997734374642,-1231.03465064699
1665371.874666,-937.6997734374642,-1231.03465064699
1665378.526457,-937.6997734374642,-1231.03465064699
1665385.137924,-958.1265738360254,-1253.4563198270407
1665392.098444,-962.0679224124688,-1296.3155796050576
1665401.303132,-929.6405724963729,-1316.4763160179502
1665407.418667,-856.6425037033549,-1362.4322736149206
1665416.00785,-813.4309891965898,-1402.4385808713182
1665420.22367,-774.680090167602,-1415.4728757113267
1665427.045435,-728.6799065443798,-1422.3609336646998
1665434.721805,-726.9283964022997,-1425.3807442058717
1665442.946321,-726.9283964022997,-1425.3807442058717
1665448.044955,-726.9283964022997,-1425.3807442058717
1665457.518795,-707.3959055160316,-1449.5617025079569
1665462.590757,-670.6604984917311,-1473.2879814732269
1665470.516936,-618.9614967576846,-1522.250555473011
1665476.632926,-610.9393410706533,-1531.7074766253183
1665483.634536,-599.988288640744,-1542.9577957902295
1665492.251115,-571.7061550225786,-1567.4778368451782
1665497.265097,-527.0924352453358,-1602.8404082621746
1665504.105112,-494.7177829954009,-1651.5446320024
1665513.865526,-456.32733418385567,-1742.5150812732852
1665518.092116,-427.3492675442425,-1796.4930082027306
1665525.101566,-393.19774061156625,-1854.122826477546
1665533.092859,-349.3776171049992,-1932.9870828194137
1665539.483015,-337.88569990548166,-1958.6397819252545
1665547.505075,-329.20561476882915,-1976.1837437242407
1665553.838601,-320.3220659309985,-1996.9861610196044
1665560.109121,-320.3220659309985,-1996.9861610196044
1665567.036625,-320.3220659309985,-1996.9861610196044
1665574.127355,-320.3220659309985,-1996.9861610196044
1665581.439404,-320.3220659309985,-1996.9861610196044
1665588.447348,-306.6036520405524,-2015.6099447617178
1665595.046281,-273.60248858683457,-2084.702390609975
1665602.111204,-222.77716646255013,-2142.7264735376625
1665609.91555,-172.63968172825835,-2188.880775980351
1665616.757572,-141.65390229561228,-2250.1900888015352
1665623.523053,-107.59774694198401,-2280.556470388811
1665633.645311,-65.12434041246685,-2300.0224209613402
1665637.111239,-0.4705174340514297,-2343.246693177635
1665645.891114,48.6870870770894,-2312.5230133859327
1665651.502375,100.77992333936031,-2292.691392140621
1665659.071402,224.9959380845198,-2295.661901101664
1665666.497295,330.3524947139609,-2289.512947121021
1665672.399223,404.27709193850336,-2265.293978184244
1665679.105889,503.73685206706585,-2276.074683371437
1665686.105727,550.247204327673,-2282.740569460672
1665693.105889,564.8043174744774,-2270.0839061378647
1665700.119035,570.5066066294493,-2251.9238491477963
1665710.426594,572.7367681636401,-2201.9490265057498
1665714.674897,531.4609111577053,-2164.105496720431
1665721.378813,482.9721256479471,-2097.1942024155906
1665728.503035,512.9863797227107,-2044.3789846055122
1665735.066843,551.5710862643676,-2006.3031752946267
1665750.822615,588.1152810073736,-1973.6502531931371
1665750.971856,622.4684485583384,-1901.381950073614
1665756.102455,626.2705729474972,-1807.6520506773397
1665767.896476,620.1124352909895,-1661.051676159435
1665770.118886,640.2124772681119,-1600.807424883714
1665777.002208,647.1962503316926,-1565.6569370817429
1665784.106517,685.6513888458276,-1562.984939509633
1665791.065146,749.6089205216774,-1616.867415049651
1665798.055946,823.8706494683382,-1683.7533314136817
1665805.106003,888.6080326053024,-1713.9956309660843
1665812.056244,944.4472955868381,-1758.7783234319488
1665819.952404,994.602759941692,-1800.672973331239
1665826.552825,1023.3252694630199,-1823.695457998636
1665833.34068,1023.3252694630199,-1823.695457998636
1665840.339759,1023.3252694630199,-1823.695457998636
1665847.034101,1023.3252694630199,-1823.695457998636
1665854.618046,1023.3252694630199,-1823.695457998636
1665861.115311,1023.3252694630199,-1823.695457998636
1665868.109405,1023.3252694630199,-1823.695457998636
1665875.038259,1023.3252694630199,-1823.695457998636
1665882.701872,1023.3252694630199,-1823.695457998636
1665889.362086,1040.8021027158102,-1841.4180385122245
1665896.519473,1057.4726667863565,-1881.6385940266716
1665903.370849,1070.4974472277365,-1893.6486317174697
1665910.353834,1070.4974472277365,-1893.6486317174697
1665921.787712,1070.4974472277365,-1893.6486317174697
1665924.4963,1070.4974472277365,-1893.6486317174697
1665931.555266,1070.4974472277365,-1893.6486317174697
1665940.036853,1070.4974472277365,-1893.6486317174697
1665945.451356,1070.4974472277365,-1893.6486317174697
1665953.196783,1070.4974472277365,-1893.6486317174697
1665959.493079,1070.4974472277365,-1893.6486317174697
1665966.444931,1070.4974472277365,-1893.6486317174697
1665974.850802,1070.4974472277365,-1893.6486317174697
1665980.10365,1070.4974472277365,-1893.6486317174697
1665987.116663,1070.4974472277365,-1893.6486317174697
1665994.106065,1070.4974472277365,-1893.6486317174697
1666001.509796,1070.4974472277365,-1893.6486317174697
1666008.415901,1070.4974472277365,-1893.6486317174697
1666015.627349,1118.5777410936519,-1886.5445136475444
1666022.382084,1163.3551581093518,-1834.6954705377884
1666029.365739,1205.0814492682512,-1757.8875322892682
1666038.029767,1271.3089361399557,-1642.026298179738
1666044.597074,1336.2192761179745,-1641.3277798734841
1666050.585819,1372.0003533698664,-1669.3905233202572
1666057.746497,1406.1445302741665,-1715.3802395749856
1666064.095831,1439.2333465488025,-1757.065476983959
1666071.095917,1452.606379904268,-1771.3549707337665
1666078.377209,1513.869951923333,-1837.6379525825412
1666085.87271,1564.3293829688976,-1901.7415220593925
1666092.787719,1562.2662251876288,-1936.7331468531786
1666099.099588,1527.4983501964605,-1964.109720192084
1666106.049851,1492.5706131600396,-1940.8469421451812
1666114.485384,1473.0733454986866,-1916.5723232961698
1666120.378011,1448.5622594384135,-1881.836548002935
1666127.367584,1431.833831277843,-1853.3775295262787
1666134.640633,1420.0498826179255,-1831.9568043959846
1668753.697046,1420.0498826179255,-1831.9568043959846
1668753.697689,1420.0498826179255,-1831.9568043959846
1726723.682918,-776.6439048280902,-4596.8470797155505
1726729.361955,-746.7754270391226,-4522.095356032181
1726736.402808,-728.2081117416129,-4443.4799765113075
1726743.402886,-729.1016687380945,-4440.707022425534
1726750.401903,-729.1016687380945,-4440.707022425534
1726757.403371,-729.0886218268217,-4411.893850905889
1726764.412764,-714.9148234967057,-4350.04867179011
1726771.36256,-700.3380419343857,-4289.850589124057
1726778.412822,-684.5407101651957,-4203.998296729531
1726785.325804,-645.9862722370075,-4139.629754320234
1726792.5558,-581.134149947642,-4077.5638693311203
1726799.421016,-496.19736341315013,-3967.2633239896695
1726806.411571,-446.8969252169339,-3887.2595226357394
1726813.343898,-402.46830327680453,-3834.8882510511053
1726820.415771,-380.67879399100997,-3812.300328984068
1726827.792772,-380.67879399100997,-3812.300328984068
1726834.733637,-376.70708408206445,-3806.973502574462
1726841.463068,-335.4001828459881,-3753.250564824225
1726848.355521,-328.0931265973505,-3702.620882308714
1726855.408615,-321.4038196468775,-3633.55019081443
1726862.358876,-310.59709338634815,-3537.552855227812
1726869.515546,-308.4770720465666,-3514.7045852214164
1726876.341088,-301.394414393701,-3470.8256409369756
1726883.424821,-286.5749946978176,-3356.686580289208
1726890.417862,-278.60788663864776,-3277.9466370526966
1726897.363484,-278.67005280059374,-3268.8052523734364
1726904.956836,-278.67005280059374,-3268.8052523734364
1726913.468091,-278.67005280059374,-3268.8052523734364
1726918.689311,-278.67005280059374,-3268.8052523734364
1726925.382057,-278.67005280059374,-3268.8052523734364
1726935.528376,-278.67005280059374,-3268.8052523734364
1726939.753874,-278.67005280059374,-3268.8052523734364
1726946.767843,-278.67005280059374,-3268.8052523734364
1726953.765165,-278.67005280059374,-3268.8052523734364
1726960.433447,-278.67005280059374,-3268.8052523734364
1726967.441554,-259.9847953488281,-3193.3677843733394
1726974.42085,-253.53236936281866,-3099.485009979906
1726981.445443,-245.4354435084027,-3013.465297821541
1726988.405022,-231.54892682155688,-2888.0381656915474
1726995.413731,-222.42361185487692,-2809.171829685622
1727004.555852,-213.29007471021413,-2752.7856006670263
1727009.720155,-211.21159866634414,-2736.8481966932336
1727016.920225,-211.21159866634414,-2736.8481966932336
1727023.69959,-211.21159866634414,-2736.8481966932336
1727030.413077,-211.21159866634414,-2736.8481966932336
1727037.413771,-211.21159866634414,-2736.8481966932336
1727044.414186,-211.21159866634414,-2736.8481966932336
1727051.412892,-207.2627142583939,-2716.999321252086
1727058.412634,-200.7943742190288,-2663.6812806387125
1727071.116007,-195.7671859025299,-2595.02424583691
1727072.329513,-178.95546784501693,-2474.9288042365133
1727079.35856,-164.76959255685162,-2382.0948397522898
1727086.339585,-141.58814276315186,-2314.2232725851663
1727093.370229,-82.32029039983284,-2244.84601275386
1727102.14454,-78.33953214461856,-2201.9048521539025
1727107.73523,-79.38592903734124,-2177.261377043314
1727114.362802,-56.954737268656146,-2105.4134813253427
1727121.412134,-15.25034893079825,-2024.252642090289
1727128.412233,27.013198636833444,-1941.0689024970957
1727135.437367,97.72383819060944,-1836.1825486984626
1727142.402509,131.18646607541487,-1804.2602641843976
1727149.412067,131.5539473278016,-1796.9190356201136
1727159.574247,111.98005860108168,-1743.5446410192196
1727167.83133,106.71081197696901,-1682.9385649799192
1727170.343713,99.01842179123399,-1618.4646854600733
1727180.431369,171.96951343218322,-1544.635895193136
1727186.589488,202.13429921697593,-1478.0461963432847
1727191.418924,202.58623003810493,-1412.361358412271
1727198.418613,168.65649135210973,-1326.810682562768
1727206.455654,161.1965647017885,-1299.92480329543
1727212.419308,173.48081881536928,-1289.5910240237051
1727219.419062,188.50366084668678,-1278.9545212891878
1727226.458772,163.6672152033964,-1249.4912618695876
1727233.32887,105.67018393035266,-1209.606682524083
1727240.417675,7.818395648026501,-1126.1002610062244
1727247.418964,-45.718456624894294,-1066.1649085026495
1727254.401069,-91.01036753994256,-1014.9167492996324
1727261.471446,-120.7556849516284,-973.3090909747882
1727269.02997,-101.13950612748293,-932.503858354975
1727275.419605,-107.17500770693252,-868.0962236532813
1727282.317522,-144.16004664423917,-761.356856987175
1727289.419467,-170.6228701396183,-687.7519827266109
1727296.379979,-193.0119804156389,-607.1365531337151
1727303.421249,-184.50855492604126,-489.06447625693414
1727321.270648,-141.53134269122282,-428.24975868310383
1727321.439665,-101.32173510297851,-386.71006590447087
1727324.45022,-85.45485524990615,-368.0570187727225
1727331.430051,-82.09893839894914,-363.52640003690556
1727338.731041,-74.4519177338326,-337.6487462825482
1727345.373255,-48.110020328382234,-258.4806588539326
1727352.411941,-47.86805872279258,-227.72496789028395
1727359.77736,-49.63984620271555,-216.20462310443605
1727366.752176,-47.839599996143114,-196.72237912684926
1727373.340287,-34.42320180272694,-171.09124677019904
1727382.503089,-9.027135402247271,-144.39414374121756
1727387.330308,-6.582369038707175,-66.50995749009738
1727397.795468,-31.698397174057106,-25.370056720341655
1727401.916588,-45.513070948780616,-10.102338607326242
1727409.004157,-45.513070948780616,-10.102338607326242
1727415.769513,-51.987884994109706,-1.0896641730643128
1727422.836525,-68.3096405414691,50.62479696617583
1727431.587832,-99.72911758082746,128.53572726082214
1727436.65893,-110.87545534252801,185.0146718262106
1727444.433396,-129.60547011765593,225.13652674348694
1727451.727627,-148.2517046007043,282.22510740397314
1727457.431813,-156.1101200104911,332.3677928819084
1727465.311134,-164.87760791399043,368.5130705594721
1727472.156437,-169.89116026326735,382.2090691397752
1727479.510779,-169.89116026326735,382.2090691397752
1727485.79752,-169.89116026326735,382.2090691397752
1727494.451695,-167.6798461351691,402.79546788587106
1727499.836266,-167.41975800678418,409.0673020315177
1727508.210803,-167.41975800678418,409.0673020315177
1727513.812768,-167.41975800678418,409.0673020315177
1727520.329684,-197.1877170254387,436.2786895312621
1727529.222519,-207.39658797856504,471.56746531284335
1727534.77147,-206.52879778739376,482.7331169203644
1727541.753272,-200.69160858296183,496.5206496892428
1727550.05311,-163.896130254414,522.7675226330671
1727555.755559,-118.8467792637324,537.6327903565481
1727564.386412,-73.0159876831904,552.5989933002713
1727569.353508,11.857742345544535,584.0309160594807
1727576.839337,96.47020910436478,611.5405070656413
1727584.001275,108.14830517021838,608.8091544973643
1727591.879677,108.14830517021838,608.8091544973643
1727597.700157,172.37360725995362,631.5164838572857
1727606.198377,204.76581780727625,645.7357743273229
1727611.68907,217.5082044171532,652.6775230592691
1727618.871511,217.5082044171532,652.6775230592691
1727625.809997,217.5082044171532,652.6775230592691
1727632.783386,217.5082044171532,652.6775230592691
1727639.933787,287.6096809671903,682.6712709537179
1727646.774607,375.5489876025257,715.1534598524555
1727653.434045,413.29667051085244,724.4621238089961
1727661.042702,434.7600461123888,732.6629788104939
1727667.67921,434.7600461123888,732.6629788104939
1727674.791033,434.7600461123888,732.6629788104939
1727681.980526,439.3696428671876,732.3902125613431
1727688.827273,461.6827330878692,725.2107466179017
1727695.922878,477.7872904392465,706.7175516250597
1727702.854335,543.3182493198365,663.8016083777052
1727709.768763,545.1220678092399,660.9440893619008
1727716.328639,545.1220678092399,660.9440893619008
1727724.424269,545.1220678092399,660.9440893619008
1727730.724234,549.3623668253506,653.2129540891507
1727737.804083,586.1930789256486,621.5514140760816
1727744.680631,645.4666202173421,578.8458378713356
1727751.390554,680.0160505730394,550.610969749245
1727759.142989,725.8066377710403,523.9715993509773
1727765.8705,779.1550792926713,477.60523161512384
1727772.775816,813.1879375756045,449.17366691793353
1727779.324445,827.5734454047252,440.587403720841
1727786.361341,838.0915186910711,438.42718299333535
1727793.770623,853.4353781471359,425.1307683273322
1727800.762976,892.2599967180474,394.69236209617515
1727807.42739,976.2104393227779,325.80637114373155
1727815.720478,1029.1345213417865,287.2677714851044
1727821.727417,1065.017987280035,255.9609389462988
1727828.920427,1109.1082218803824,224.38378860843468
1727835.700643,1113.658072790632,223.04219637746493
1727843.176219,1123.8967027875449,216.02235386016616
1727849.336205,1141.0047178191192,193.88965640361087
1727857.742122,1162.7103573594595,176.07154151141964
1727863.856927,1178.2895659142055,161.2725222088759
1727870.36731,1200.7266011535125,110.30073919057783
1727877.86205,1227.4242561957146,80.78263298602401
1727885.047306,1241.7130402814742,66.91812272245042
1727891.855286,1294.9990266275452,15.486607960225253
1727902.103418,1325.408508366305,1.9815232589233054
1727905.432113,1361.5754313685725,-0.3824682411885751
1727912.432592,1394.6360181378668,5.180014135725753
1727919.433402,1397.562969998551,8.198308096062036
1727926.372679,1407.4300459806134,15.98036538417892
1727936.683398,1444.8985442927524,1.3658007009188855
1727940.742183,1477.917397679357,-22.344840763998768
1727947.846987,1522.0877242581269,-59.441743545215914
1727955.451364,1550.502104464383,-86.43243960204295
1727961.7778,1579.7876148699165,-107.41204391327152
1727968.851921,1611.6540817024445,-131.93369065915354
1727975.425959,1643.3214008582477,-160.82101573571435
1727982.426104,1657.748069427653,-180.04239158614766
1727989.383999,1661.672295382935,-197.4523827655683
1727996.427376,1636.2342158915135,-228.0704570689867
1728003.377085,1644.106212256484,-235.733084347519
1728010.427853,1686.8359283385084,-268.48787676803363
1728017.437382,1737.308536627074,-308.62205511053855
1728029.092502,1774.1006458390414,-339.49516193544696
1728031.428498,1807.4334317833848,-363.57377988651143
1728038.368599,1863.7213394199355,-407.7836733300791
1728045.341841,1883.2680812172102,-435.4296216013803
1728052.431944,1898.0617513646569,-479.70880018182254
1728059.382925,1931.488907755876,-581.6663351520165
1728068.434228,1956.4135181530492,-647.9676481055363
1728073.85518,1972.6322592227775,-686.337215225866
1728080.848738,1973.4138235584471,-689.8513488938006
1728089.287722,1973.4138235584471,-689.8513488938006
1728095.30273,1973.4138235584471,-689.8513488938006
1728101.344234,1973.4138235584471,-689.8513488938006
1728108.423548,1973.4138235584471,-689.8513488938006
1728115.423544,1973.4138235584471,-689.8513488938006
1728125.614529,1973.4138235584471,-689.8513488938006
1728129.735036,1973.4138235584471,-689.8513488938006
1728136.902273,1973.4138235584471,-689.8513488938006
1728145.396532,1973.4138235584471,-689.8513488938006
1728150.838614,1973.4138235584471,-689.8513488938006
1728157.393417,1973.4138235584471,-689.8513488938006
1728165.506925,1973.4138235584471,-689.8513488938006
1728171.427703,1989.4380484121282,-727.2967106504154
1728180.744775,2006.6050029606824,-773.965149033781
1728185.712837,2045.7176251553851,-877.5184711353804
1728193.109563,2070.144595781863,-946.0890335229562
1728199.71228,2080.2432047365746,-988.3555655663479
1728206.773397,2016.1210193443878,-1020.680066140708
1728213.741575,1942.7278013974526,-1043.7577028354146
1728220.414037,1848.621564252104,-1076.1494840642251
1728227.436524,1779.5932858938772,-1129.3124383550837
1728234.334154,1757.0532085023747,-1155.5439333616625
1728242.762623,1753.6848777367247,-1158.9673210972535
1728249.224223,1742.5508248752592,-1192.6195461110324
1728255.427317,1695.5230885517137,-1233.4426258243311
1728263.101757,1628.027600283384,-1298.944493636503
1728269.66811,1500.2019617538597,-1422.3958070934207
1728277.74949,1411.8600622266279,-1506.0245447535017
1728285.956285,1338.4015441386289,-1571.8754032914806
1728290.424581,1238.9198639255972,-1668.0286130805075
1728297.344134,1175.010827365737,-1779.8559752461802
1728304.425448,1135.5609260125423,-1854.069223876778
1728313.66695,1117.1120914487412,-1875.5346735242197
1728318.70732,1071.652793230481,-1920.1057467740875
1728326.193412,1044.2583474793153,-2006.2158572816516
1728333.335731,1052.3465740250094,-2194.613096783421
1728339.957253,1098.726365115905,-2325.7282425590206
1728346.362102,1130.5311900844538,-2408.9979394905886
1728355.65281,1137.6398856659468,-2428.7321460212543
1728360.430203,1137.6398856659468,-2428.7321460212543
1728367.436353,1137.6398856659468,-2428.7321460212543
1728374.429373,1137.6398856659468,-2428.7321460212543
1728381.435192,1137.6398856659468,-2428.7321460212543
1728388.361954,1137.6398856659468,-2428.7321460212543
1728397.752816,1137.6398856659468,-2428.7321460212543
1728402.676458,1137.6398856659468,-2428.7321460212543
1728409.763969,1137.6398856659468,-2428.7321460212543
1728416.679555,1141.1139775755782,-2444.956008879283
1728423.719259,1151.456513361524,-2514.4098438346164
1728430.487908,1151.341649424701,-2602.384043656901
1728437.441464,1143.6651810009885,-2725.3172467034055
1728444.431949,1134.4635523681618,-2837.7659146062033
1728455.167837,1127.8295789518775,-2963.033698162493
1728458.804495,1116.2996589647576,-3167.5482762419897
1728465.970962,1132.1898610727856,-3326.5203026177815
1728472.430791,1161.9652974904761,-3463.2074225720867
1728479.430812,1195.2279603212833,-3594.799451980037
1728492.62822,1215.3698623847656,-3657.8884999203738
1728493.764618,1236.1065087117215,-3748.424313946035
1728500.428443,1268.3199788889222,-3897.191522153339
1728507.36669,1291.0302032189504,-4030.5039257562375
1728514.349072,1258.1329085704538,-4145.459035202389
1728521.396336,1119.5701125752644,-4275.712063226074
1728528.456984,1006.076311133756,-4375.078592556514
1728535.375368,884.805047830018,-4489.5079421904675
1731093.651444,-768.9778677855826,-4595.556925732947
1731100.741684,-734.2253709858053,-4497.775272572243
1731112.406888,-718.464849943672,-4400.156946056904
1731115.080499,-692.9348958632255,-4263.499931826564
1731123.444484,-681.4712260225886,-4198.796438221217
1731129.424411,-621.4154059333023,-4122.591214347807
1731135.699596,-502.1216352094111,-3987.001767835346
1731145.630634,-435.3497743680949,-3881.716244036844
1731150.179294,-390.1692809367595,-3824.2816638708423
1731157.243812,-375.4742345943094,-3813.1045938287534
1731164.038808,-375.4742345943094,-3813.1045938287534
1731170.712432,-375.4742345943094,-3813.1045938287534
1731179.058555,-375.4742345943094,-3813.1045938287534
1731185.33113,-375.4742345943094,-3813.1045938287534
1731192.081486,-375.4742345943094,-3813.1045938287534
1731200.407201,-375.4742345943094,-3813.1045938287534
1731205.96248,-366.8032038030266,-3803.598211250109
1731212.63454,-341.45601235492137,-3768.019798443962
1731220.304156,-323.853577533512,-3661.5765269070453
1731226.702158,-314.14038358463023,-3575.4699739466914
1731233.63216,-303.0404269581369,-3486.854828840711
1731240.704117,-287.0000028652923,-3357.5833030333533
1731247.708893,-281.6398663266334,-3311.5696699943483
1731254.717211,-278.9667333143586,-3284.7759901143413
1731261.608068,-278.82123715009396,-3283.982252361727
1731268.706098,-278.82123715009396,-3283.982252361727
1731278.269611,-278.82123715009396,-3283.982252361727
1731282.703906,-278.82123715009396,-3283.982252361727
1731289.727615,-278.82123715009396,-3283.982252361727
1731298.758057,-278.82123715009396,-3283.982252361727
1731303.998701,-278.82123715009396,-3283.982252361727
1731310.940466,-279.88577298839925,-3265.5014309847616
1731319.454858,-273.1555166598657,-3201.4759667565604
1731325.239145,-255.5946995617786,-3079.3631064496194
1731332.375388,-243.4813214805895,-2985.902346845968
1731338.704625,-230.692021260905,-2885.922068396922
1731345.714681,-218.4971502839688,-2817.930045018067
1731352.714845,-212.15301902150406,-2780.738744619441
1731359.971528,-204.75365144249574,-2759.9857531572006
1731367.086152,-204.75365144249574,-2759.9857531572006
1731374.04595,-204.75365144249574,-2759.9857531572006
1731381.067748,-204.75365144249574,-2759.9857531572006
1731388.080354,-204.75365144249574,-2759.9857531572006
1731395.177496,-204.75365144249574,-2759.9857531572006
1731402.192695,-204.75365144249574,-2759.9857531572006
1731409.049096,-204.75365144249574,-2759.9857531572006
1731416.37623,-204.75365144249574,-2759.9857531572006
1731423.063315,-204.36383940744065,-2758.9410038799383
1731430.137455,-199.58991945170337,-2676.316631986994
1731437.044753,-193.37713997416407,-2591.5883810094742
1731443.655243,-180.21011782093973,-2506.5404109756773
1731451.329669,-167.4804591634261,-2396.6981624405175
1731457.631345,-165.1051923611429,-2380.3675891476905
1731464.659684,-165.1051923611429,-2380.3675891476905
1731473.132905,-160.637111060523,-2364.3637498578723
1731479.023919,-137.1012478957281,-2318.8603743290346
1731486.136414,-95.01324866858288,-2267.452274642447
1731493.014982,-75.83416641283064,-2182.9458691100585
1731500.090337,-59.53294269726102,-2110.9090801306684
1731507.362638,-17.082655624215118,-2029.698527793185
1731514.07892,46.13827960826514,-1910.91393278437
1731520.710585,96.21739497501332,-1838.9951695340926
1731529.774161,137.83568355813037,-1795.9103790711047
1731535.106697,138.74504219004277,-1793.556626285444
1731542.025479,116.831139397093,-1758.0491859300819
1731549.037841,105.50668870715393,-1704.2808862034317
1731557.077681,101.34794687975982,-1608.1716135457007
1731563.093459,145.7574861862252,-1570.1514776501106
1731569.726342,189.19819508255532,-1510.573748334117
1731576.965362,198.62520936376166,-1398.1095250234684
1731586.20023,170.28022396217446,-1330.7615274206887
1731590.711008,171.17166521652968,-1290.8187185760216
1731597.710607,171.17166521652968,-1290.8187185760216
1731607.249131,178.45576275822864,-1291.7902666749198
1731612.056028,183.78975134415592,-1269.754735500762
1731619.219272,88.69106611993601,-1201.7762921097897
1731625.97343,15.98910308079782,-1141.3310046268193
1731633.124025,-4.45911764141071,-1118.1726777749177
1731639.958528,-4.45911764141071,-1118.1726777749177
1731647.983119,-4.45911764141071,-1118.1726777749177
1731653.957754,-6.40209261778124,-1108.9726305849138
1731661.106886,-76.26161531528274,-1029.6512322853903
1731668.434781,-99.39420893626543,-1011.6657503429236
1731674.618649,-99.39420893626543,-1011.6657503429236
1731682.015294,-99.39420893626543,-1011.6657503429236
1731688.706923,-111.94776045535286,-1000.7725221407698
1731697.066054,-128.87754772863846,-986.3084219435237
1731702.947741,-124.7248361397021,-975.0927665750019
1731709.713803,-103.92426473020295,-934.8159919284735
1731717.384635,-108.28679880204942,-870.9436144925043
1731724.104781,-140.51006790800207,-764.4909827068842
1731731.10861,-164.44387578718482,-688.5676956963708
1731737.819164,-188.33612501735368,-612.3586810347672
1731745.759753,-186.86840227842714,-507.75434890228996
1731752.143835,-153.04143624842942,-444.80329531692786
1731759.48369,-117.64659313521645,-414.3476494969914
1731768.719484,-81.31912781325454,-379.81356506787347
1731773.00886,-65.32084278273526,-340.8574431793186
1731780.003691,-52.68408631866168,-279.0177497559981
1731786.997044,-48.193108074553145,-197.1841642388985
1731793.657682,-24.889399518347098,-163.23936466900287
1731801.034746,10.693714129505508,-118.12200636958248
1731807.623124,0.6637540393511664,-58.20849339512404
1731815.542402,-5.303478611637658,-43.089974094125296
1731822.404209,-5.303478611637658,-43.089974094125296
1731828.619961,-5.303478611637658,-43.089974094125296
1731836.470838,-11.607311758305883,-33.20232604857921
1731843.008844,-11.607311758305883,-33.20232604857921
1731850.104988,-11.607311758305883,-33.20232604857921
1731857.222401,-11.607311758305883,-33.20232604857921
1731864.037077,-11.607311758305883,-33.20232604857921
1731871.075562,-11.607311758305883,-33.20232604857921
1731878.166414,-11.607311758305883,-33.20232604857921
1731884.670971,-11.607311758305883,-33.20232604857921
1731893.820611,-11.607311758305883,-33.20232604857921
1731898.720634,-11.607311758305883,-33.20232604857921
1731906.322392,-11.607311758305883,-33.20232604857921
1731912.667001,-11.607311758305883,-33.20232604857921
1731919.667339,-11.607311758305883,-33.20232604857921
1731926.667277,-11.607311758305883,-33.20232604857921
1731933.71707,-11.607311758305883,-33.20232604857921
1731941.490098,-11.607311758305883,-33.20232604857921
1731948.035734,-11.607311758305883,-33.20232604857921
1731955.134665,-11.607311758305883,-33.20232604857921
1731962.110419,-11.607311758305883,-33.20232604857921
1731969.077339,-11.607311758305883,-33.20232604857921
1731976.299008,-11.607311758305883,-33.20232604857921
1731983.166352,-11.607311758305883,-33.20232604857921
1731990.161052,-11.607311758305883,-33.20232604857921
1731998.306603,-11.607311758305883,-33.20232604857921
1732003.742286,-11.607311758305883,-33.20232604857921
1732012.334327,-11.607311758305883,-33.20232604857921
1732018.538068,-11.607311758305883,-33.20232604857921
1732025.102266,-11.607311758305883,-33.20232604857921
1732032.948581,-11.607311758305883,-33.20232604857921
1732038.72078,-11.607311758305883,-33.20232604857921
1732045.720574,-11.607311758305883,-33.20232604857921
1732053.509031,-11.607311758305883,-33.20232604857921
1732060.243279,-11.607311758305883,-33.20232604857921
1732067.200239,-11.607311758305883,-33.20232604857921
1732074.15549,-11.607311758305883,-33.20232604857921
1732081.319059,-11.607311758305883,-33.20232604857921
1732088.294273,-11.607311758305883,-33.20232604857921
1732095.6782,-11.607311758305883,-33.20232604857921
1732102.951591,-11.607311758305883,-33.20232604857921
1732109.338242,-12.848589516062505,-31.623599203287736
1732116.722207,-14.791123646564836,-34.357709428184755
1732123.32455,-14.791123654819783,-34.35770944974124
1732129.721087,-14.791123654819783,-34.35770944974124
1732137.142663,-14.791123654819783,-34.35770944974124
1732146.596916,-14.791123654819783,-34.35770944974124
1732151.439939,-14.791123654819783,-34.35770944974124
1732157.624853,-14.791123654819783,-34.35770944974124
1732164.623881,-14.791123654819783,-34.35770944974124
1732171.62588,-14.791123654819783,-34.35770944974124
1732181.095818,-32.919762619539505,-38.61871402992172
1732186.373683,-41.32985984930713,-46.17038354590367
1732193.230341,-37.87265794359359,-46.466919201373074
1732199.659121,-33.72282303920408,-45.63981018389792
1732207.168958,-28.91238447897352,-44.22609790823518
1732214.937547,-26.505195292162906,-43.81425897152719
1732221.390829,-24.153816381709554,-44.19234279225551
1732228.322983,-17.97686623973157,-46.195899271549386
1732235.794121,-16.370495427039792,-44.77412868704775
1732242.279155,-17.1718641032049,-43.57250446609212
1732249.294175,-17.1718641032049,-43.57250446609212
1732258.471534,-17.1718641032049,-43.57250446609212
1732262.626788,-11.905042546538652,-39.6551144512336
1732271.082427,-11.905042546538652,-39.6551144512336
1732277.275926,-11.905042546538652,-39.6551144512336
1732283.659477,-3.666570074190525,-35.56662739533021
1732290.643475,-3.6665049231999354,-35.56661554375753
1732298.222375,-3.6665049231999354,-35.56661554375753
1732305.298499,-3.6665049231999354,-35.56661554375753
1732312.351698,-3.6665049231999354,-35.56661554375753
1732322.238877,-3.6665049231999354,-35.56661554375753
1732326.185239,-3.6665049231999354,-35.56661554375753
1732333.643944,-3.6665049231999354,-35.56661554375753
1732340.160071,-3.6665049231999354,-35.56661554375753
1732347.31132,-3.6665049231999354,-35.56661554375753
1732354.220925,-3.6665049231999354,-35.56661554375753
1732361.369499,-3.6665049231999354,-35.56661554375753
1732368.290976,-3.6665049231999354,-35.56661554375753
1732375.04414,-8.800533207400589,-23.399784116414555
1732381.658007,-3.7781096012106086,-20.950843466137815
1732388.826445,41.266210973260065,-7.621645336742941
1732397.287425,92.66591818160855,4.887187436263565
1732403.259241,169.6384860952291,29.233300941943888
1732409.717974,202.9565402179397,12.203878169322543
1732416.729045,228.12828466384116,-65.57254514028756
1732424.112046,263.3414682446768,-83.83124080241893
1732430.679913,319.7827362368364,-75.82567288290755
1732440.371442,360.5862837992033,-44.772217995474
1732445.088926,372.5223620636494,-17.61703845352829
1732452.028983,410.49059285491154,16.591137830595628
1732459.121681,497.3613609657804,91.16025673186635
1732466.28099,510.7428927234112,106.48200764438162
1732472.662206,510.7428927234112,106.48200764438162
1732479.64462,533.7586280632403,126.42871866855543
1732488.318025,572.4399557382156,155.91587606075845
1732493.646496,599.5968485034201,177.2105688798697
1732500.665253,607.1133213454533,184.56746384646968
1732507.413814,607.1133213454533,184.56746384646968
1732507.41451,607.1133213454533,184.56746384646968
1732510.720398,609.5764658962133,186.9291373995588
1732518.160798,642.4636525648965,217.9468464238061
1732525.161628,714.1948487661291,282.4573598586569
1732532.259153,761.4977235755221,323.8841548381615
1732539.082124,807.0376094117711,372.43935052140955
1732547.200489,841.9782125749442,402.66949461265114
1732552.697771,841.9782125749442,402.66949461265114
1732563.260586,841.9782125749442,402.66949461265114
1732567.510961,841.9782125749442,402.66949461265114
1732574.457849,841.9782125749442,402.66949461265114
1732581.547288,841.9782125749442,402.66949461265114
1732588.516978,841.9782125749442,402.66949461265114
1732595.605789,841.9782125749442,402.66949461265114
1732602.291759,841.9782125749442,402.66949461265114
1732609.309728,867.5024335775049,413.6297115191169
1732616.448612,912.6535754426582,455.6429876577756
1732623.12771,929.4786394035856,463.5753182046524
1732630.660486,974.2140807353862,414.47792699186834
1732637.602955,1001.5021564944695,380.8618141022128
1732644.200581,1031.6834646573848,347.5350948559242
1732655.39782,1073.4771716048597,354.0487160215129
1732657.868902,1100.8557896274801,381.6229541154952
1732670.457567,1117.737820301817,411.2471957504365
1732671.814745,1085.885922631812,462.770208706848
1732678.817745,1069.2791767938365,496.1606203977821
1732693.146431,1058.5340310523977,520.7807077213695
1732693.199546,1052.1764733332107,532.0909046281363
1732707.777085,1052.1764733332107,532.0909046281363
1732707.783089,1052.1764733332107,532.0909046281363
1732714.266016,1052.1764733332107,532.0909046281363
1732720.899873,1038.4184916135684,563.1592794697425
1732727.756583,1021.1359710232213,604.5066103054575
1732734.755954,996.7622602716125,645.8640583236904
1732741.796757,993.7875594487308,645.5255357916589
1732748.76353,993.7875594487308,645.5255357916589
1732755.776656,993.7875594487308,645.5255357916589
1732770.180872,993.7875594487308,645.5255357916589
1732770.40126,993.7875594487308,645.5255357916589
1732777.703785,993.7875594487308,645.5255357916589
1732784.460341,993.7875594487308,645.5255357916589
1732790.789191,993.7875594487308,645.5255357916589
1732797.74972,993.7875594487308,645.5255357916589
1732805.263911,993.7875594487308,645.5255357916589
1732813.021756,993.7875594487308,645.5255357916589
1732819.081475,993.7875594487308,645.5255357916589
1732826.047929,1004.2704129856535,639.9086980108983
1732833.181224,1004.2704129856535,639.9086980108983
1732840.280148,1004.2704129856535,639.9086980108983
1732847.268124,1004.2704129856535,639.9086980108983
1732854.301754,1004.2704129856535,639.9086980108983
1732861.276223,1004.2704129856535,639.9086980108983
1732868.192831,1017.0197402740527,637.9115288245513
1732875.169345,1017.0197402740527,637.9115288245513
1732883.945754,1017.0197402740527,637.9115288245513
1732889.082875,1017.0197402740527,637.9115288245513
1732897.28818,1017.0197402740527,637.9115288245513
1732903.188002,1017.0197402740527,637.9115288245513
1732910.152077,1017.0197402740527,637.9115288245513
1732918.526243,1017.0197402740527,637.9115288245513
1732924.197344,1017.0197402740527,637.9115288245513
1732931.205522,1017.0197402740527,637.9115288245513
1732939.556365,1017.0197402740527,637.9115288245513
1732945.220426,1017.0197402740527,637.9115288245513
1732952.440313,1017.0197402740527,637.9115288245513
1732959.189898,1017.0197402740527,637.9115288245513
1732966.311669,1017.0197402740527,637.9115288245513
1732974.684516,1017.0197402740527,637.9115288245513
1732980.331405,1003.5608253954123,644.9797271317208
1732987.226881,1003.5608253954123,644.9797271317208
1732995.716271,1003.5608253954123,644.9797271317208
1733001.189783,1003.5608253954123,644.9797271317208
1733008.229865,1003.5608253954123,644.9797271317208
1733015.700498,1003.5608253954123,644.9797271317208
1733021.705564,1003.5608253954123,644.9797271317208
1733030.148676,1003.5608253954123,644.9797271317208
1733036.181746,999.4131865900474,633.6573879149827
1733042.747139,997.6051632549984,631.4636256695815
1733050.166804,996.2672355931422,629.9419186093317
1733056.803328,995.3612691552468,627.9342991791821
1733064.260244,993.6718566815333,627.2694985883461
1733071.225663,992.7345583258194,627.752466202444
1733078.209495,991.6518739762429,628.2566954585648
1733085.202797,991.6518739762429,628.2566954585648
1733091.7383,991.6518739762429,628.2566954585648
1733100.099782,991.6518739762429,628.2566954585648
1733106.347269,991.6518739762429,628.2566954585648
1733113.212325,991.6518739762429,628.2566954585648
1733120.170956,991.6518739762429,628.2566954585648
1733127.184587,991.6518739762429,628.2566954585648
1733134.156388,991.6518739762429,628.2566954585648
1733141.144501,989.8443742555131,628.5734590956027
1733148.187367,986.9006210664845,629.2539055389327
1733155.254674,986.3154998775353,629.5597069529388
1733162.268811,983.9753250678604,629.3900255504111
1733169.185501,983.9038304309798,628.6841436598095
1733176.107006,984.9315670680667,627.9535947671521
1733183.574741,987.1684673073145,627.3138314573703
1733190.177391,988.8836004730638,628.012343782092
1733197.243003,990.043858202368,629.5590019823393
1733206.28429,992.4722592301739,630.106424149283
1733211.183948,993.7669194635138,631.2552349111737
1733218.225243,994.6696327668175,631.9261851967201
1733225.250588,996.3477574472807,633.1782092196061
1733232.109735,995.9744417007578,633.9560001570362
1733240.962341,994.8723068300012,634.0762544777369
1733246.160329,994.0199677824496,634.0987937297199
1733253.183395,994.0199677824496,634.0987937297199
1733260.294736,994.7483650971698,634.6735046541108
1733267.168173,997.7031346457584,637.5628535589849
1733274.134026,999.0395397443843,638.3884810753117
1733281.443865,1000.1699705015163,638.9406271162833
1733288.168529,1001.1876365345704,640.2974238326645
1733295.15363,1001.1623131881287,640.1485587305631
1733302.407903,1002.0186921449788,639.3945009653186
1733309.269958,1003.844330072655,637.1739158908451
1733316.378465,1003.6536313773106,636.3777832643826
1733324.009959,1002.8312226338005,636.3899907429332
1733330.062651,998.435887251668,638.1771632602661
1733337.172358,993.0859145202812,636.6812920124729
1733344.263766,993.0290568407495,635.132166087752
1733351.148019,995.458714043715,633.5447609442207
1733358.172198,998.3606451838406,633.4924864597222
1733365.139407,999.943986897141,635.9743717048368
1733372.108821,1003.1632344027232,640.2991622893832
1733379.117467,1003.1517657285558,641.245600209724
1733386.082862,1003.1997014732375,641.2451032651204
1733393.148551,1003.7151686507126,640.4425613026659
1733400.144579,1004.5383598533806,640.2149595987237
1733407.185686,1005.2012142165338,640.1065724661547
1733414.075013,1011.3622975496723,640.6935064039203
1733421.624807,1014.3354859747465,640.8158980508296
1733428.092437,1017.351036834191,642.3138120229142
1733436.475907,1016.8425629446812,645.4118914486853
1733441.738671,1015.5359466123282,645.2053284535141
1733449.14148,1013.5918371290202,643.0056800177699
1733457.253355,1008.2507829473211,639.7017147687881
1733463.179942,1005.3779168174715,638.0286224090256
1733470.148921,1002.5529839094918,635.7204770400531
1733478.340381,999.3747716036543,630.738602697851
1733484.166571,999.8645835803709,627.325361800705
1733491.199923,999.8797106182976,626.2181440839599
1733499.855077,1000.3704648487221,626.3814191293882
1733505.158871,1001.2918860628728,627.2839013817754
1733513.564301,999.1507537900652,628.3080153392784
1733519.115352,996.7589171651663,631.353480723048
1733526.83786,995.4975456446102,634.1020781882368
1733533.215264,995.9334422836918,636.6379339050781
1733540.205604,993.3666503343969,645.701523674308
1733547.149265,979.7639162208254,672.3117128755516
1733554.215905,962.9145166880025,707.0532149556888
1733561.776913,955.5723550732351,722.2339661768316
1733568.256776,951.5493810421794,737.6373655371892
1733575.044505,941.5486277381286,756.0360487420746
1733582.0399,936.2988784911319,773.9756834054403
1733588.71507,937.2588041823769,778.141106458704
1733596.483399,942.4560580529967,799.4216564955931
1733602.708686,902.3731202491125,782.4616031448985
1733610.128618,846.7382475527625,734.5507030696537
1733617.070846,791.3651398273374,682.2482974262385
1733624.168798,705.3424265847173,599.9547998000069
1733631.080219,646.3352020201364,543.526876097538
1733638.343686,584.9775520755428,488.47340620419925
1733645.175228,511.19010244999464,421.0997595242833
1733652.142371,464.0054378679334,372.0542542744851
1733658.736782,406.52211605695146,319.7436483188054
1733671.318746,345.933844013736,254.22438403951102
1733673.759489,326.2905255452337,190.2472196807415
1733680.456578,327.76529266525455,125.11040847761579
1733686.708915,334.7581618117879,92.70496218027837
1733695.099616,334.59919203906605,91.97135247936477
1733701.553072,347.5422202418206,48.38687710925066
1733709.002164,353.9036263579991,-21.24726566374318
1733715.191717,353.9036263579991,-21.24726566374318
1733722.155191,353.9036263579991,-21.24726566374318
1733729.240378,353.9036263579991,-21.24726566374318
1733735.736122,353.9036263579991,-21.24726566374318
1733743.272309,353.9036263579991,-21.24726566374318
1733750.329875,355.297530076827,-34.841445341590074
1733757.138305,314.62306787289447,-69.90413390277416
1733764.162596,252.5237449671189,-83.10631604428951
1733771.128636,215.13957682554744,-51.37693232291376
1733778.42653,215.13957682554744,-51.37693232291376
1733785.075864,221.14229801194261,-41.79562486925925
1733792.045252,221.14229801194261,-41.79562486925925
1733800.243288,220.63045151392043,-34.85541494215416
1733806.082256,204.17899016051234,-8.762466285239674
1733813.187702,170.54753153590144,29.42532282955832
1733820.499594,127.449615491183,24.635639366520028
1733827.086586,116.59505513119358,21.968939473258743
1733834.637331,116.59505513119358,21.968939473258743
1733841.355478,116.59505513119358,21.968939473258743
1733848.322292,116.59505513119358,21.968939473258743
1733855.407949,87.319207949474,11.198787472117909
1733862.338096,46.49830853677896,-4.801781124735226
1733870.026236,4.33485205358305,-11.525557393614202
1733881.686873,-49.22853135288003,-44.32628696362405
1733882.757474,-55.10546628103425,-85.61212112305361
1733889.817348,-54.28316633628137,-96.73700747767124
1733897.204439,-52.133143964141944,-114.430705290617
1733904.127478,-37.47771275553901,-147.0195802639119
1733911.121181,-54.64172623475376,-175.57359239021176
1733918.063751,-114.40832046159379,-194.89323245045438
1733925.106442,-137.89773863724233,-219.35326833440467
1733932.238056,-139.32016644988053,-254.89333779609052
1733939.146701,-107.47006732105281,-313.66198240190437
1733946.089047,-77.70793123576158,-350.7862881986233
1733953.368621,-97.62328672577632,-391.8955966422023
1733960.727346,-161.84196919791916,-459.3234245769171
1733967.310461,-198.8526145731577,-527.1518145338996
1733974.199933,-204.5049548624912,-614.4487059208487
1733980.741817,-161.53685941068153,-761.6260410497022
1733987.710933,-126.59028523639157,-858.4474807891182
1733996.333982,-108.25547696684845,-921.6483334437638
1734002.0464,-110.78322132976541,-944.9062683603241
1734009.082185,-110.78322132976541,-944.9062683603241
1734016.473847,-110.78322132976541,-944.9062683603241
1734023.229821,-110.78322132976541,-944.9062683603241
1734030.123519,-110.78322132976541,-944.9062683603241
1734036.943476,-110.78322132976541,-944.9062683603241
1734043.805038,-110.78322132976541,-944.9062683603241
1734051.233992,-110.78322132976541,-944.9062683603241
1734058.17152,-113.44610515627872,-953.0028817112209
1734070.518362,-131.6960995558639,-1006.8903111625041
1734071.836442,-89.00319384175414,-1046.4146534020595
1734078.829467,-24.524330744454154,-1100.693830576821
1734086.104921,65.40021462373427,-1193.0689151856448
1734094.222541,115.54553304052673,-1239.9855934356638
1734099.802896,143.45101820892427,-1287.69857579963
1734108.034371,184.25218194750374,-1386.4106471547968
1734114.075727,204.7495027409151,-1450.4408022476846
1734121.078047,187.55196733117705,-1517.7238326826655
1734129.29868,136.8509496602149,-1596.5219419758198
1734135.054099,99.71561143415413,-1613.9059550586978
1734142.078649,96.97171675985234,-1648.5909659128163
1734150.773433,112.290872672629,-1751.655331672687
1734156.123779,100.71059389606765,-1811.5880458364697
1734162.747145,52.407924715980165,-1885.5397284414303
1734174.542467,-19.995790908053458,-2011.466285756767
1734177.158582,-63.488723766737074,-2098.000240477383
1734184.144138,-93.07036680908931,-2159.5570421805965
1734192.598398,-142.29944364123324,-2207.8878951636757
1734198.661041,-152.39713098753413,-2240.1434166859926
1734205.179848,-129.10868032820846,-2271.8420799435066
1734212.10325,-168.9707469413034,-2369.8761601009883
1734218.810767,-183.1551175907787,-2463.483813968605
1734228.878504,-196.0535283122628,-2563.1422425401324
1734233.387978,-209.46424841833945,-2688.43164157192
1734240.420871,-219.30342579831978,-2756.0892180529495
1734247.344514,-228.16859318659638,-2813.5724462413873
1734254.441551,-239.6976179150272,-2925.3112526517434
1734261.277155,-250.5010078084028,-3008.256422926581
1734268.230217,-259.53538047123754,-3073.595795211433
1734274.811203,-269.90786115693044,-3158.2919564165413
1734281.809635,-272.5415790556747,-3179.996944280652
1734290.082761,-272.5415790556747,-3179.996944280652
1734296.263094,-272.5415790556747,-3179.996944280652
1734303.544376,-272.5415790556747,-3179.996944280652
1734310.288181,-272.5415790556747,-3179.996944280652
1734317.293648,-276.05178469086877,-3199.584743990541
1734324.92311,-283.4547930818174,-3246.427430329345
1734331.310282,-299.1023596235331,-3313.1140150650967
1734338.635245,-318.0847337701302,-3451.095765081729
1734345.554692,-328.69574985353415,-3537.377306353794
1734352.552118,-339.04714585640903,-3615.726906169458
1734362.168945,-348.7730658409375,-3687.3764075075906
1734366.27699,-350.6280633935996,-3727.0249939538176
1734373.356626,-357.5200505567087,-3764.1225273019054
1734380.053388,-406.555090259396,-3848.289068755835
1734387.191719,-453.5122974162677,-3902.3488815154947
1734394.21994,-496.5197216910323,-3950.2152657573847
1734400.807306,-530.8119442778935,-3987.4580075398144
1734407.806981,-531.3964563795216,-3988.1332378513157
1734414.762823,-534.2775768489998,-3991.7744104963076
1734422.462702,-561.4647980875694,-4037.370880152779
1734429.074939,-587.8769469372119,-4095.4907745303713
1734436.317307,-646.6528139015778,-4150.986392946161
1734443.110968,-705.905708815243,-4222.125261372244
1734450.094626,-721.908850375298,-4289.306167354531
1734456.798094,-739.8216223801604,-4361.105183657857
1734464.20814,-765.7791722487356,-4490.4413316621785
1734470.756918,-786.7602088709837,-4559.954588363508
1734483.000767,-814.8047047282219,-4619.544834344775
1737087.489341,-4497.383014838464,175.45893050425914
1737095.033202,-4445.234466575712,172.04880744471157
1737101.489358,-4445.234466575712,172.04880744471157
1737110.163674,-4445.234466575712,172.04880744471157
1737117.56439,-4445.234466575712,172.04880744471157
1737122.73857,-4445.234466575712,172.04880744471157
1737129.728827,-4445.234466575712,172.04880744471157
1737135.121419,-4445.234466575712,172.04880744471157
1737136.434868,-4445.234466575712,172.04880744471157
1737143.726702,-4445.234466575712,172.04880744471157
1737151.030792,-4438.808773354739,168.73492896371707
1737157.799916,-4371.573452500676,159.09265978005072
1737164.803791,-4317.523880926434,158.85757823974902
1737171.610611,-4252.652753457061,167.60255092808305
1737179.388896,-4147.996772498604,201.97646814769075
1737187.923557,-4075.789281560738,228.49212291932318
1737192.826589,-4002.899976171018,253.5321997704484
1737204.801067,-3894.8906083194356,291.9915475759385
1737206.501041,-3835.5023710755218,325.63982474521725
1737213.500304,-3774.1507756090673,369.9071331347157
1737221.464664,-3741.489016726389,395.85116392140065
1737227.841143,-3716.9015045532715,415.2859416447547
1737234.805409,-3673.542500042663,456.3413937316111
1737241.826873,-3668.272380233377,463.4094671212297
1737248.838794,-3668.272380233377,463.4094671212297
1737255.889674,-3668.272380233377,463.4094671212297
1737263.054369,-3668.272380233377,463.4094671212297
1737269.983948,-3668.272380233377,463.4094671212297
1737276.929139,-3668.272380233377,463.4094671212297
1737283.805389,-3666.5578685816695,466.6440845817992
1737291.191939,-3638.4680357583898,500.25320082526616
1737299.261648,-3574.215573380509,552.0249957491924
1737307.264791,-3467.2038744812153,607.0434080206786
1737311.491899,-3389.565414841984,607.8190147423652
1737318.482066,-3318.3158427823396,642.141545509776
1737326.609243,-3208.757421499851,713.31480123499
1737333.413427,-3137.6516924207062,756.536041636822
1737343.917291,-3074.42991745497,793.248603455652
1737347.032349,-2970.2364660103144,864.5320998824244
1737359.68821,-2916.2136663397378,909.9730276890501
1737360.479409,-2875.0572752967873,962.0502319150602
1737367.499349,-2815.238449432222,1036.2208885688742
1737375.507911,-2784.2062228281306,1077.1919959047552
1737381.752992,-2761.5908138262835,1107.824881734757
1737388.830049,-2738.8270604846944,1139.6153682644415
1737395.796796,-2718.535015825495,1162.9872808802381
1737402.70236,-2680.7121405748153,1179.976374462724
1737409.789314,-2667.4858065050903,1182.7011878963613
1737416.498312,-2667.4858065050903,1182.7011878963613
1737427.293831,-2667.4858065050903,1182.7011878963613
1737430.437236,-2667.4858065050903,1182.7011878963613
1737439.031838,-2667.4858065050903,1182.7011878963613
1737444.883494,-2667.4858065050903,1182.7011878963613
1737451.858937,-2667.4858065050903,1182.7011878963613
1737458.896459,-2644.3078205801703,1188.715392484343
1737465.445147,-2603.146502838034,1200.8818032514666
1737480.267074,-2530.599637747109,1225.1013173626386
1737480.276117,-2494.8069790840436,1234.0995585098224
1737482.083237,-2471.9325779961373,1242.2248325782455
1737482.083846,-2471.9325779961373,1242.2248325782455
1737484.111444,-2471.9325779961373,1242.2248325782455
1737492.634121,-2401.7495268902676,1266.9316688005479
1737498.138922,-2358.2704115533093,1280.185942287505
1737506.762419,-2330.17074927466,1288.6021958602184
1737512.44332,-2318.4056906826245,1293.3416885813547
1737519.44756,-2318.4056906826245,1293.3416885813547
1737526.850848,-2318.4056906826245,1293.3416885813547
1737533.164535,-2293.111388720395,1303.045976620761
1737540.164433,-2259.4064874393143,1315.5125268738477
1737549.521948,-2217.7349615325493,1328.0215892928434
1737554.476239,-2144.074502280274,1352.360429803891
1737562.808487,-2113.2511425466846,1362.290191633533
1737568.925042,-2094.2622742828594,1366.9392028308785
1737575.213403,-2074.0167459898157,1371.166649386494
1737582.913177,-2030.68587889317,1386.4570923809654
1737589.148578,-1979.0034864990591,1404.0711680233258
1737596.436581,-1946.7762858509918,1373.2099721279399
1737606.724044,-1935.1974724356637,1338.6144920448633
1737610.253574,-1932.0832686477536,1325.7849207115614
1737617.163493,-1912.8485664987245,1268.5744970970031
1737627.874085,-1901.7337081758658,1224.5126587001882
1737631.14651,-1886.7441860831334,1173.010826459434
1737638.147171,-1865.9585219580665,1106.4138159409868
1737643.294153,-1865.9585219580665,1106.4138159409868
1737645.108373,-1865.177973665098,1090.8045392451702
1737652.219572,-1860.8692626145316,1053.6043796572058
1737660.041652,-1865.2696070945935,1006.1055007767885
1737666.504381,-1829.3356769352752,995.7947091382388
1737673.566048,-1812.688012968938,992.1915714418974
1737680.159033,-1784.2179240542398,989.8245872701968
1737688.440888,-1767.745518413857,991.236267086415
1737694.599087,-1767.745518413857,991.236267086415
1737701.665018,-1767.745518413857,991.236267086415
1737708.14832,-1767.745518413857,991.236267086415
1737715.668395,-1767.745518413857,991.236267086415
1737723.024882,-1767.745518413857,991.236267086415
1737729.577674,-1767.745518413857,991.236267086415
1737737.996435,-1767.745518413857,991.236267086415
1737740.462192,-1865.9585219580665,1106.4138159409868
1737743.628556,-1767.745518413857,991.236267086415
1737750.679455,-1767.745518413857,991.236267086415
1737759.016787,-1767.745518413857,991.236267086415
1737766.288666,-1697.7312988680176,988.6638376013958
1737771.588787,-1615.996274670681,981.1550705024987
1737786.390805,-1543.3202296756713,974.1391173427118
1737786.664353,-1447.3798555368785,963.1948718649163
1737794.929767,-1423.0425652645863,960.9536860482851
1737800.09391,-1423.0425652645863,960.9536860482851
1737806.606069,-1423.0425652645863,960.9536860482851
1737813.718016,-1396.6409039734829,957.3592636725709
1737822.004408,-1360.0460387706607,955.7108464762116
1737827.156354,-1279.855189879748,950.3596093232824
1737835.452096,-1214.1014209334073,942.5011847614953
1737842.8795,-1198.2756973942462,961.792709135128
1737848.16854,-1223.2721064340803,1021.0353209976334
1737855.50826,-1219.8594033488116,1035.7868703159295
1737862.475295,-1186.3705565778837,1050.9446016970203
1737869.970041,-1158.6484423669576,1059.2091505122107
1737877.135417,-1150.900145153713,1060.5554605810696
1737883.767024,-1139.8157033924276,1068.6825917665947
1737890.541631,-1118.888113289463,1080.913416180017
1737897.159199,-1080.67510199822,1100.3556700122408
1737905.371998,-1066.8916634621653,1106.0115587835733
1737911.572475,-1048.783444192785,1110.051853863242
1737918.215738,-1015.2127372313084,1126.8023438003954
1737926.946285,-994.0935728185073,1142.5476090393538
1737932.166622,-980.9625624479274,1196.4402639177795
1737935.912563,-1865.9585219580665,1106.4138159409868
1737940.261325,-973.0293408551629,1236.1568360564238
1737947.262375,-963.8649044763441,1288.7522581550493
1737953.614047,-982.6206405809633,1374.6892184801384
1737960.695315,-925.0534598699875,1406.921327437063
1737967.729445,-849.4187665638492,1425.9115042498297
1737975.893909,-820.407752711233,1432.8425569949773
1737981.512891,-820.407752711233,1432.8425569949773
1737988.465313,-820.407752711233,1432.8425569949773
1737995.536367,-820.407752711233,1432.8425569949773
1738002.135959,-818.177619136379,1433.350122167578
1738011.474832,-775.3450117041662,1447.52745729958
1738016.498014,-716.7816130866113,1464.9981487860034
1738023.708222,-700.8032888676295,1480.2395074586575
1738030.508632,-712.422944396747,1517.1959245248795
1738037.713548,-727.5238447668307,1562.375227071915
1738044.7345,-710.4337113971412,1588.9676687532628
1738051.70654,-675.1711934904819,1602.9989979438878
1738058.731854,-669.2829901027698,1604.7327489018587
1738065.218789,-669.2829901027698,1604.7327489018587
1738072.991461,-669.2829901027698,1604.7327489018587
1738080.169417,-669.2829901027698,1604.7327489018587
1738086.667554,-669.2829901027698,1604.7327489018587
1738094.027265,-669.2829901027698,1604.7327489018587
1738101.602525,-640.8723711499613,1613.697579610402
1738107.91714,-600.1373332145461,1629.5118128409713
1738114.99734,-561.54974883991,1642.2552372424236
1738121.449483,-463.7401535186188,1663.1113312923837
1738129.367317,-396.2126717257372,1704.1606772213936
1738135.550291,-315.53483156459254,1735.677939328476
1738142.652682,-186.53052873697146,1777.6268662069451
1738149.502552,-136.66788206995554,1757.3247350086694
1738156.627756,-125.41356992898436,1669.50115911192
1738163.84953,-89.89489786586225,1517.243588146267
1738171.306905,-14.430301396407469,1430.2631278608733
1738177.145344,101.28968382733838,1352.5561912124585
1738184.124816,246.18154333106347,1292.3378060929074
1738191.151652,326.34032420486227,1336.7618151858583
1738198.572941,388.4451863402488,1380.0782347991642
1738205.576455,527.3160525354829,1429.444301892245
1738212.515791,627.2185519013767,1433.4933779670525
1738220.738158,698.8095037793867,1487.3174488677075
1738226.659242,802.3805912378037,1543.477537284029
1738233.530114,1003.3944907976329,1560.100755139695
1738242.144608,1134.5292893038268,1551.8402660184518
1738247.151955,1259.5084436215202,1550.0481969520513
1738254.597648,1259.5084436215202,1550.0481969520513
1738261.786048,1259.5084436215202,1550.0481969520513
1738268.656511,1259.5084436215202,1550.0481969520513
1738275.735182,1259.5084436215202,1550.0481969520513
1738289.976634,1259.5084436215202,1550.0481969520513
1738290.515838,1850.883233580209,1124.874933048056
1738290.516572,1850.883233580209,1124.874933048056
1738292.074819,1850.883233580209,1124.874933048056
1738299.199014,1887.2432846497038,1019.2986153882531
1738307.437032,1914.3787814477782,908.3062618707421
1738313.115904,1879.16651595589,869.4923996529945
1738320.125914,1846.6404686429867,841.1235629196292
1738327.489022,1803.9361306528513,813.0832447821001
1738336.056202,1766.5928242968023,780.8843328673142
1738342.728164,1732.6751510375439,749.2872015254346
1738350.243303,1685.1673926202814,707.1006949057828
1738355.455715,1650.6779029778832,676.2307112189657
1738362.032155,1609.9747071352938,638.9061832550457
1738369.342342,1618.799308909424,612.8950915365489
1738379.873049,1654.0327755400276,580.4748578052174
1738383.517378,1667.6886044483617,567.8243533417527
1738390.553357,1667.6886044483617,567.8243533417527
1738397.534997,1667.6886044483617,567.8243533417527
1738404.431989,1667.6886044483617,567.8243533417527
1738411.450816,1667.6886044483617,567.8243533417527
1738418.603914,1667.6886044483617,567.8243533417527
1738425.152666,1667.6886044483617,567.8243533417527
1738432.15379,1667.6886044483617,567.8243533417527
1738439.152924,1667.6886044483617,567.8243533417527
1738448.409291,1667.6886044483617,567.8243533417527
1738453.665247,1667.6886044483617,567.8243533417527
1738460.47828,1720.0717550358995,584.5705011575736
1738467.923987,1742.6736437218115,611.7855928839494
1738475.008458,1786.2898377232773,657.9160492174833
1738482.37533,1823.631381054199,693.6128271390885
1738488.392087,1858.1291814169656,726.4868829618327
1738495.502208,1900.768840824506,763.9496398811112
1738502.520077,1939.3835668116055,802.8147414761067
1738509.424499,1957.203485381746,825.2623585284197
1738523.109264,1925.4603898768357,934.1786093083385
1738523.23585,1889.671694607748,1043.9836780249418
1738530.069735,1848.873376866457,1149.5542506253064
1738538.501327,1834.3822225815957,1190.143894275569
1738545.706451,1825.586613164114,1220.2182414171832
1738553.768324,1802.4392238746868,1252.8090285601895
1738558.129246,1717.3974855971437,1262.9062683567174
1738566.159648,1676.5271562067649,1272.8918460507991
1738572.43373,1676.5271562067649,1272.8918460507991
1738581.071728,1676.5271562067649,1272.8918460507991
1738586.128142,1676.5271562067649,1272.8918460507991
1738593.1268,1676.5271562067649,1272.8918460507991
1738601.299953,1056.6745286173862,1561.109085566981
1738607.797032,948.7597667840097,1563.8118536645143
1738614.44107,807.3761478065924,1545.7602222083383
1738621.409527,712.9763345390325,1509.0116480563183
1738628.484149,611.5354785538246,1436.2305713878527
1738635.514187,511.8595977261925,1416.5470071142126
1738642.694657,406.9542488599912,1395.6462424427461
1738651.378986,285.2989501354133,1323.724415636639
1738656.036133,204.1567101974873,1303.8575608090755
1738664.179294,108.09770230110368,1355.5384467214324
1738670.58233,-53.39828008829009,1482.7483836641552
1738677.626042,-117.68038493225002,1598.7541869842294
1738686.057266,-133.4799968383418,1727.2532600080447
1738691.409082,-206.41119394025426,1786.4495162621618
1738698.120826,-320.38425556912586,1742.2690393663345
1738706.549088,-433.01556641715484,1695.4507067268978
1738712.509115,-506.52417535679416,1653.4219532005714
1738719.470362,-514.6178025056597,1651.8411595824991
1738726.492009,-514.6178025056597,1651.8411595824991
1738733.743859,-529.9145552389016,1649.5508795133399
1738740.429783,-565.5720531019747,1646.1213682451157
1738747.683958,-631.6106075589084,1628.779887832365
1738755.485505,-708.7262248198884,1601.4398213645613
1738761.777877,-755.5244141321328,1587.4698982081723
1738768.444279,-797.5314264245709,1573.5116726836338
1738776.849879,-834.4114572726604,1629.4358404773573
1738782.573212,-845.7829732487437,1691.6124622876753
1738789.541636,-850.2337991384552,1738.866748578505
1738797.893627,-860.8286784807366,1779.788872741132
1738803.406863,-860.8286784807366,1779.788872741132
1738810.38364,-860.8286784807366,1779.788872741132
1738818.610528,-876.7973697949504,1806.1462432802398
1738824.557823,-903.8251464591194,1880.9217920737583
1738833.076639,-927.5987110319213,1970.905793310221
1738838.631092,-936.5939172092877,2139.3097069150267
1738848.381867,-917.9640487337298,2265.1022615316137
1738864.320964,-910.8450610054755,2368.1278675161348
1738864.32993,-911.2719825002597,2387.2659292749963
1738865.21443,-911.2719825002597,2387.2659292749963
1738865.215114,-911.2719825002597,2387.2659292749963
1738866.28962,-911.2719825002597,2387.2659292749963
1738876.657279,-915.1868341501915,2412.8814069188124
1738880.528237,-978.6611924933571,2424.9750501546423
1738887.728988,-1043.0525664514312,2416.6464656687904
1738894.635576,-1108.1219626421844,2398.380033461304
1738901.204774,-1185.1097345891137,2368.1370790247993
1738909.956446,-1227.8145521772537,2343.780820136492
1738915.542903,-1281.8146703054747,2312.6667628572054
1738922.486018,-1366.068022367454,2264.0853337060116
1738930.84785,-1386.6866862616425,2262.088206421613
1738936.516794,-1386.6866862616425,2262.088206421613
1738943.680548,-1432.8055711455063,2226.0085960111514
1738952.477984,-1492.8451406671684,2192.019524777107
1738957.151995,-1536.6000337572907,2169.200872103629
1738964.180117,-1568.9037120581074,2175.4890462718818
1738971.181165,-1549.2453414329243,2221.9676045150127
1738978.739923,-1523.956596447576,2261.061606611888
1738987.381028,-1489.372088517465,2318.066354912673
1738992.486114,-1475.1359553441869,2344.3997429279475
1738999.58089,-1475.1359553441869,2344.3997429279475
1739008.205198,-1497.0980955937061,2373.1572042600324
1739013.539393,-1532.3904904536912,2393.7125731177834
1739020.61524,-1561.4735416720955,2412.8668761741255
1739028.225374,-1580.4990916123518,2429.3225758402114
1739034.181338,-1579.4339333150833,2440.1331761854526
1739041.519587,-1572.826858921383,2450.568421149124
1739048.667361,-1572.0847981160757,2453.097272712775
1739055.518251,-1572.0847981160757,2453.097272712775
1739062.595885,-1583.7961666164997,2442.9046369418575
1739069.772529,-1588.0880376936173,2426.292566610564
1739076.782788,-1588.0880376936173,2426.292566610564
1739084.299369,-1588.0880376936173,2426.292566610564
1739092.594852,-1588.0880376936173,2426.292566610564
1739097.752808,-1588.0880376936173,2426.292566610564
1739104.783554,-1588.0880376936173,2426.292566610564
1739111.861029,-1588.0880376936173,2426.292566610564
1739118.717889,-1588.0880376936173,2426.292566610564
1739126.610837,-1588.0880376936173,2426.292566610564
1739132.689786,-1588.0880376936173,2426.292566610564
1739139.751506,-1588.0880376936173,2426.292566610564
1739146.735472,-1588.0880376936173,2426.292566610564
1739153.887673,-1588.0880376936173,2426.292566610564
1739160.796219,-1588.0880376936173,2426.292566610564
1739167.811542,-1588.0880376936173,2426.292566610564
1739174.79544,-1588.0880376936173,2426.292566610564
1739181.532208,-1588.0880376936173,2426.292566610564
1739188.62429,-1588.0880376936173,2426.292566610564
1739195.886058,-1644.0269132348178,2411.208400226579
1739202.543909,-1687.8426060977129,2391.6695422571547
1739209.618181,-1712.3910048426792,2374.674596026168
1739216.49976,-1706.222121244604,2322.8104893536956
1739223.703646,-1678.8358385715728,2266.4638584176887
1739230.615714,-1652.645964334128,2207.5486293991485
1739237.606265,-1633.6055051593644,2156.52980234443
1739244.674527,-1642.3187720863655,2116.4716726431902
1739251.609109,-1618.6277712451358,2059.869959070422
1739258.646414,-1550.936590119669,2001.0581016014767
1739265.370229,-1519.348523657554,1917.7954117307104
1739272.835184,-1482.9656566594317,1837.6306462352638
1739279.617081,-1470.2212882850527,1771.6430685820733
1739286.515694,-1520.085293946909,1758.5551861374845
1739293.527939,-1586.963729914134,1745.8458937898904
1739300.536931,-1675.5529440304217,1717.9354207148353
1739308.011055,-1742.5941576534283,1693.7641597431013
1739314.153517,-1813.0555699915528,1665.931434901183
1739321.152948,-1912.6047361880248,1626.7632263426992
1739328.874733,-1979.8194852952265,1598.2795052035478
1739335.152073,-2057.55457869335,1585.3307888647178
1739343.851612,-2148.9418513757078,1551.8811229010084
1739349.526416,-2197.679548662742,1532.4838728225748
1739356.582828,-2234.4165359788694,1522.8686158210432
1739364.171319,-2265.6982248113527,1510.2827994614727
1739370.259818,-2348.5588468662822,1495.9020303763823
1739378.042199,-2404.4242609395214,1477.5331053109055
1739384.199405,-2471.7675383956976,1457.2217918528254
1739393.041478,-2515.56535940803,1443.38580016721
1739398.773572,-2542.6786355321683,1436.8482344218176
1739405.827117,-2542.6786355321683,1436.8482344218176
1739412.770429,-2542.6786355321683,1436.8482344218176
1739419.943122,-2542.6786355321683,1436.8482344218176
1739426.513469,-2552.896961357397,1433.8910020038604
1739433.507316,-2605.2545745416924,1408.0420044072987
1739440.616975,-2660.6000704619983,1394.3086101621182
1739447.709471,-2685.71772109597,1389.5262950166464
1739456.673554,-2685.71772109597,1389.5262950166464
1739461.493794,-2691.690836299596,1384.9964205478916
1739468.557518,-2709.0055982405474,1367.9191628522055
1739477.203277,-2697.036367461363,1324.0096492951552
1739482.235873,-2682.1002120980493,1278.6949147112641
1739489.64519,-2720.121517498812,1253.4640103975926
1739496.168997,-2753.563258982024,1244.8072537591731
1739506.838443,-2774.339287536642,1230.7484388370935
1739510.250865,-2747.970713142023,1166.1581074034013
1739517.352137,-2769.997760032553,1121.9841980980505
1739526.659763,-2797.0045753396153,1091.6407508384068
1739531.527845,-2804.665722883696,1083.9268607048389
1739538.633871,-2821.6392837495237,1073.2918031429776
1739547.523902,-2859.7829822048525,1021.424442290064
1739553.082588,-2920.408747030318,927.7799540486606
1739559.490108,-2971.2271449417312,872.4858054654505
1739567.508181,-3034.9239458511197,825.1894108914952
1739573.533455,-3114.6833408456023,768.4482505168788
1739580.489885,-3117.5299002784786,767.8772132149863
1739587.499549,-3117.5299002784786,767.8772132149863
1739594.485917,-3145.267265526688,752.9056098979052
1739603.137917,-3199.9692826054234,717.5099739326197
1739608.49626,-3282.265806553746,680.8120555546595
1739615.620613,-3358.844565786806,634.3679596568438
1739622.507058,-3495.912519772809,607.3196193408035
1739630.755805,-3577.9779941707493,555.542526138216
1739636.246068,-3636.210427281269,510.0806649711396
1739644.647516,-3648.3114065711256,497.93686049874134
1739650.901021,-3648.3114065711256,497.93686049874134
1739657.91512,-3648.3114065711256,497.93686049874134
1739664.852507,-3648.3114065711256,497.93686049874134
1739671.910109,-3648.3114065711256,497.93686049874134
1739679.685553,-3648.3114065711256,497.93686049874134
1739685.253559,-3648.3114065711256,497.93686049874134
1739693.207524,-3675.6379169510406,471.82250094967657
1739699.61039,-3720.368095502573,428.4190358578322
1739707.360419,-3794.831225635137,363.0844170217037
1739713.513668,-3861.055472656392,313.4909850804471
1739722.784901,-3933.4722780464676,279.4516839181121
1739727.157729,-4060.0570786689127,244.5160559229395
1739734.263765,-4122.817207034224,224.75995698705148
1739742.582933,-4180.079349559292,203.98300178794557
1739748.243045,-4289.827616200252,172.61155679341147
1739756.321109,-4323.120275741582,169.73773844874538
1739762.482838,-4326.365588954234,170.05144283287456
1739769.478821,-4326.365588954234,170.05144283287456
1739776.480072,-4338.163358282547,173.30698836634718
1739783.484986,-4377.820090880932,172.25543366365352
1739790.556737,-4448.94893950098,179.68552360303053
1739797.488369,-4492.59810899203,182.216637950038
1747057.332948,-914.6809760591696,-4559.531111810745
1747064.338832,-933.0193967724771,-4471.151834209381
1747072.224049,-934.0066714077709,-4459.679627035327
1747078.335355,-934.0066714077709,-4459.679627035327
1747085.284184,-934.0066714077709,-4459.679627035327
1747094.302163,-936.7167195426188,-4450.551542063476
1747100.358573,-941.559193692121,-4421.2606716664895
1747109.411192,-960.7167632487769,-4334.081779685258
1747113.335126,-974.1277649076897,-4275.99965674255
1747120.333562,-989.9253587556564,-4205.854677329958
1747127.343636,-1011.64601155482,-4098.83267878077
1747134.337544,-1020.1111706619974,-4054.6179595222893
1747142.057083,-1024.7186046116758,-4031.0796977966943
1747148.353995,-1027.9798777512012,-4013.6607474810353
1747155.335918,-1034.2189502893373,-3972.0134327189007
1747162.749186,-1048.2614489623109,-3908.3179488107144
1747169.282679,-1070.520433851906,-3805.769961034109
1747176.422551,-1084.9766418501877,-3740.4514844989467
1747183.283577,-1104.9220940356436,-3693.571029331002
1747190.2827,-1113.4164661014804,-3600.992836756624
1747197.286018,-1114.0832575060342,-3598.0409443719645
1747204.333767,-1114.0832575060342,-3598.0409443719645
1747214.080234,-1114.0832575060342,-3598.0409443719645
1747218.713596,-1114.0832575060342,-3598.0409443719645
1747225.694582,-1114.048005740935,-3596.4613241756724
1747234.189656,-1114.048005740935,-3596.4613241756724
1747239.740194,-1114.048005740935,-3596.4613241756724
1747246.802267,-1116.835185079245,-3574.4161818940524
1747253.568174,-1130.8209496881996,-3486.5478083972002
1747260.336412,-1144.3662704981589,-3413.5512198199885
1747269.150474,-1160.9225562681122,-3349.8216405380253
1747274.633997,-1184.117209379382,-3244.9655629553936
1747281.739461,-1204.8755616539117,-3190.2348493459012
1747291.186518,-1210.6136874315976,-3164.8766891001674
1747296.222476,-1219.8910139195402,-3123.185846686157
1747302.334531,-1223.9737865303753,-3100.7501815376145
1747309.334291,-1225.3598062940541,-3095.6856273266367
1747316.361827,-1225.3685290501373,-3095.6322565462187
1747325.243572,-1229.433472304837,-3092.5403528574857
1747331.151063,-1230.135576492525,-3092.0360554447884
1747338.125704,-1232.1035715668386,-3088.1873062319996
1747344.975919,-1236.6006928992786,-3077.3664367986635
1747353.199749,-1246.6546049570172,-3046.2083406729944
1747359.461339,-1249.9541823446054,-2986.254270630849
1747365.318382,-1252.594796405073,-2966.282243826254
1747372.352183,-1252.9716707014534,-2947.947577977089
1747379.337206,-1252.9716707014534,-2947.947577977089
1747388.130607,-1252.9716707014534,-2947.947577977089
1747393.758691,-1252.9716707014534,-2947.947577977089
1747400.877506,-1252.9716707014534,-2947.947577977089
1747408.906083,-1252.9716707014534,-2947.947577977089
1747415.016316,-1252.9716707014534,-2947.947577977089
1747421.274067,-1252.9716707014534,-2947.947577977089
1747430.236404,-1251.5940919455247,-2944.945805520101
1747435.294241,-1267.844946918767,-2898.8007547809893
1747443.439091,-1272.10090549421,-2821.7909921720498
1747449.329706,-1269.8392441142425,-2774.1441754128887
1747456.33381,-1265.4381622484736,-2752.158975780747
1747463.28418,-1265.4381622484736,-2752.158975780747
1747470.334036,-1265.4381622484736,-2752.158975780747
1747480.527317,-1265.4381622484736,-2752.158975780747
1747484.337547,-1265.4381622484736,-2752.158975780747
1747491.336052,-1265.4381622484736,-2752.158975780747
1747498.336794,-1265.4381622484736,-2752.158975780747
1747507.206273,-1265.4381622484736,-2752.158975780747
1747512.715559,-1265.4381622484736,-2752.158975780747
1747519.686516,-1265.4381622484736,-2752.158975780747
1747526.789875,-1304.0285291284883,-2659.298368276471
1747533.645819,-1335.6610709781123,-2628.6701831415694
1747540.328286,-1339.637792659193,-2623.1954775914796
1747547.289787,-1339.637792659193,-2623.1954775914796
1747556.123534,-1353.0435723097023,-2604.2658924899156
1747561.239592,-1370.7337640302078,-2580.1054655089547
1747568.333916,-1387.5488743679823,-2533.531053469224
1747577.963297,-1394.341226315487,-2482.5967884431298
1747582.632763,-1399.7653012373953,-2430.792075572866
1747590.253983,-1403.949566997544,-2351.7887634610365
1747596.709552,-1413.5950895847564,-2261.440039865737
1747604.601693,-1413.0595958020554,-2210.9838123144323
1747610.784264,-1415.7338496459852,-2083.410967908349
1747617.63009,-1407.3575946590838,-2015.3042452720272
1747624.289081,-1366.8687095726773,-1947.7406674746846
1747631.277825,-1306.6113128243828,-1839.6238218225942
1747638.331495,-1271.5333617879785,-1762.3063184048428
1747645.331607,-1226.9677275882857,-1675.5366485573663
1747656.884139,-1152.8891792274749,-1566.0617942301515
1747661.414437,-1113.4162819510059,-1493.5347272394538
1747666.356862,-1064.764646400117,-1424.0838512044002
1747673.26409,-1022.2354441965631,-1359.8987703299101
1747680.452345,-1020.7871536595948,-1357.798867847902
1747687.32708,-1020.7871536595948,-1357.798867847902
1747697.789367,-1020.7871536595948,-1357.798867847902
1747701.647766,-1020.7871536595948,-1357.798867847902
1747708.680141,-1020.7871536595948,-1357.798867847902
1747715.702326,-1020.7871536595948,-1357.798867847902
1747722.772196,-1014.0090799379992,-1356.7104282157618
1747729.338633,-996.4104079056037,-1326.30993408079
1747736.339995,-965.1757406697158,-1267.3670031502156
1747743.347856,-966.4210859178534,-1252.8230849222032
1747750.359431,-981.398752685583,-1244.1514026846357
1747757.341974,-1054.0597594734677,-1227.8178553200084
1747765.468245,-1092.842442219809,-1218.8079747735974
1747773.482946,-1110.048734044002,-1211.965814701697
1747778.691338,-1106.879128010915,-1181.6914358167771
1747785.610122,-1108.0354232462587,-1157.512303574569
1747792.640634,-1109.0879834563398,-1128.8296442917735
1747799.27859,-1111.110324748986,-1075.1159500230895
1747806.280784,-1112.44307577328,-1044.5557248439934
1747813.705651,-1115.4932181978868,-1021.1743075858952
1747820.276044,-1075.2946744044784,-1026.903904481916
1747828.622985,-1052.0872996913727,-1027.8412452512714
1747834.723083,-1052.0872996913727,-1027.8412452512714
1747841.927233,-1052.0872996913727,-1027.8412452512714
1747849.049242,-1052.0872996913727,-1027.8412452512714
1747856.601287,-1052.0872996913727,-1027.8412452512714
1747862.241671,-1052.0872996913727,-1027.8412452512714
1747869.245666,-1052.0872996913727,-1027.8412452512714
1747876.352816,-1052.0872996913727,-1027.8412452512714
1747883.701929,-1052.0872996913727,-1027.8412452512714
1747890.637883,-1052.0872996913727,-1027.8412452512714
1747897.604072,-1039.5053088311788,-1041.3550105243314
1747905.783404,-1030.825409500494,-1017.7586117722149
1747911.576629,-1019.0172031832252,-1000.6876677133223
1747918.293856,-1001.0004295873421,-995.2189018304543
1747925.310569,-955.8034305293393,-997.9560912339991
1747932.277124,-937.6080850385738,-1012.3284632927081
1747939.844207,-930.0655197939956,-1038.0302102319827
1747946.326513,-911.4828577549646,-1082.0619057071208
1747953.335712,-894.4105299124142,-1117.357713685549
1747962.000795,-894.4105299124142,-1117.357713685549
1747967.825489,-894.4105299124142,-1117.357713685549
1747974.833362,-894.4105299124142,-1117.357713685549
1747981.339456,-894.4105299124142,-1117.357713685549
1747989.023557,-894.4105299124142,-1117.357713685549
1747995.340945,-894.4105299124142,-1117.357713685549
1748004.2043,-894.4105299124142,-1117.357713685549
1748009.823295,-894.4105299124142,-1117.357713685549
1748016.766036,-870.3594320528775,-1139.6181933107252
1748023.833002,-850.7504129523196,-1123.0238362549537
1748030.584829,-838.4856548642952,-1083.4128583839906
1748039.135807,-838.4856548642952,-1083.4128583839906
1748044.622433,-825.4279892321567,-1062.1924324371535
1748051.947414,-780.3736040751899,-987.9763590671877
1748059.588142,-759.3576551345299,-946.6896731368028
1748065.340056,-751.4381538799819,-937.5477077853889
1748072.651949,-751.4381538799819,-937.5477077853889
1748081.097385,-751.4381538799819,-937.5477077853889
1748086.651229,-736.9542068729756,-913.2499845576555
1748093.637865,-717.1598054986903,-883.6238263861816
1748100.337144,-712.4398802439539,-816.365507754552
1748107.291314,-704.0831143768004,-769.4026138306984
1748114.300178,-699.2940101209209,-751.8058432978087
1748122.864317,-699.2940101209209,-751.8058432978087
1748128.782514,-699.2940101209209,-751.8058432978087
1748137.175908,-699.2940101209209,-751.8058432978087
1748142.702173,-699.2940101209209,-751.8058432978087
1748149.657962,-699.2940101209209,-751.8058432978087
1748158.107335,-686.9138548566486,-720.0402848828344
1748163.914943,-681.4651395955684,-667.6738452026887
1748170.265238,-680.8661523562107,-638.5959802200955
1748178.150174,-680.6283911185651,-632.7217163632855
1748184.634756,-677.8595133697625,-600.4921947592476
1748192.398671,-672.0329163483171,-559.4938847557684
1748198.633743,-656.088006975907,-495.75896773703255
1748205.830828,-655.8510185961635,-471.8978616482367
1748214.23081,-653.5179962685463,-451.4213264792355
1748219.411587,-630.2174287505238,-400.3973019579107
1748226.344183,-612.1000665924406,-366.86360858997097
1748236.89953,-600.1714950635809,-348.95410526629126
1748240.344049,-555.7183860776003,-292.8347889126321
1748248.964157,-532.3986117317447,-263.17003556757163
1748254.787477,-532.3986117317447,-263.17003556757163
1748261.899321,-532.3986117317447,-263.17003556757163
1748268.704609,-532.3986117317447,-263.17003556757163
1748275.584487,-532.3986117317447,-263.17003556757163
1748298.75329,-517.1202431214463,-234.91501975097947
1748298.753909,-517.1202431214463,-234.91501975097947
1748300.489746,-483.55724050642215,-236.47199215687183
1748307.49009,-418.5429966803191,-226.35695497311028
1748316.886209,-335.68006973934604,-214.78530240927748
1748321.639671,-291.6350221840099,-213.6191713700399
1748330.41115,-244.06519145821002,-212.96672522387337
1748335.818632,-185.53637571996583,-238.8876416038136
1748343.334312,-184.49925011802998,-260.215502302141
1748349.898068,-167.5408943554019,-270.51561817908134
1748356.993952,-137.62301555963475,-283.17982833396354
1748365.491674,-124.6089228492599,-293.4692046954336
1748370.533347,-111.8203896438848,-304.75794931805615
1748379.182261,-82.39866453687098,-318.558489874178
1748384.855512,-71.59939630721917,-302.24868060247104
1748391.931829,-55.010684317676734,-258.6130476385632
1748400.163905,-54.09528490015619,-199.1367995668939
1748406.18338,-37.64058700698058,-159.5995902501799
1748412.888623,-11.674423545296879,-134.01428670882413
1748419.448631,-0.702883786476495,-115.552087620601
1748426.486877,-0.8549436040998022,-111.44351556087058
1748433.448953,-1.4511173352927775,-107.73586513956414
1748440.47538,-15.855698296738403,-64.0881801739676
1748449.453311,-40.42937980977272,-46.0600249477906
1748456.111255,-62.98634132359199,-34.32424604040134
1748461.493401,-84.94564802675681,-34.77368887462884
1748468.561726,-140.88969313612958,-36.25251526371335
1748475.826017,-208.11847582211416,-56.70165033959113
1748482.472217,-278.46297882509924,-86.69634480104784
1748490.980967,-316.2316508316167,-96.64911545248161
1748497.029389,-343.7675668309193,-104.82908927400624
1748504.020303,-343.7675668309193,-104.82908927400624
1748510.866843,-349.7063382473976,-104.89084062012279
1748518.047985,-367.4925474854347,-103.2132092029655
1748524.553207,-443.496848492465,-94.66744106076467
1748532.692408,-492.35454671382206,-96.20023708162202
1748539.25658,-497.07069111466853,-96.42562509403712
1748545.558353,-497.07069111466853,-96.42562509403712
1748552.73129,-497.07069111466853,-96.42562509403712
1748552.738623,-497.07069111466853,-96.42562509403712
1748560.328371,-500.1792347016038,-98.67035342341318
1748566.941823,-505.9994296679641,-100.81193600313391
1748575.410981,-505.9994296679641,-100.81193600313391
1748580.905704,-505.9994296679641,-100.81193600313391
1748588.204346,-505.9994296679641,-100.81193600313391
1748594.841969,-505.9994296679641,-100.81193600313391
1748601.503788,-505.9994296679641,-100.81193600313391
1748608.552668,-505.9994296679641,-100.81193600313391
1748617.269624,-505.9994296679641,-100.81193600313391
1748622.820541,-505.9994296679641,-100.81193600313391
1748631.51974,-505.9994296679641,-100.81193600313391
1748636.872901,-505.9994296679641,-100.81193600313391
1748643.811141,-505.9994296679641,-100.81193600313391
1748652.348285,-505.9994296679641,-100.81193600313391
1748657.865773,-505.9994296679641,-100.81193600313391
1748664.456942,-505.9994296679641,-100.81193600313391
1748671.489205,-505.9994296679641,-100.81193600313391
1748678.468229,-505.9994296679641,-100.81193600313391
1748685.971056,-505.9994296679641,-100.81193600313391
1748692.940308,-505.9994296679641,-100.81193600313391
1748699.915116,-497.8350736029968,-101.67020019484673
1748706.808681,-497.8350736029968,-101.67020019484673
1748713.888466,-497.8350736029968,-101.67020019484673
1748720.980988,-497.8350736029968,-101.67020019484673
1748728.168866,-497.8350736029968,-101.67020019484673
1748735.097009,-497.8350736029968,-101.67020019484673
1748742.113189,-497.8350736029968,-101.67020019484673
1748749.215794,-497.8350736029968,-101.67020019484673
1748755.456389,-497.8350736029968,-101.67020019484673
1748762.456328,-497.8350736029968,-101.67020019484673
1748769.84116,-497.8350736029968,-101.67020019484673
1748776.862958,-497.8350736029968,-101.67020019484673
1748783.464087,-497.8350736029968,-101.67020019484673
1748792.055708,-497.8350736029968,-101.67020019484673
1748797.473172,-497.8350736029968,-101.67020019484673
1748805.084546,-497.8350736029968,-101.67020019484673
1748812.125012,-497.8350736029968,-101.67020019484673
1748819.125106,-497.8350736029968,-101.67020019484673
1748826.113315,-497.8350736029968,-101.67020019484673
1748833.116463,-496.77320754518087,-102.60840967070855
1748840.091094,-496.77320754518087,-102.60840967070855
1748853.280438,-496.77320754518087,-102.60840967070855
1748853.459082,-496.77320754518087,-102.60840967070855
1748861.293101,-496.77320754518087,-102.60840967070855
1748867.486404,-496.77320754518087,-102.60840967070855
1748874.838976,-496.77320754518087,-102.60840967070855
1748881.787017,-496.77320754518087,-102.60840967070855
1748888.811482,-496.77320754518087,-102.60840967070855
1748895.812803,-496.77320754518087,-102.60840967070855
1748902.848351,-496.77320754518087,-102.60840967070855
1748909.462113,-496.77320754518087,-102.60840967070855
1748916.466109,-496.77320754518087,-102.60840967070855
1748924.203378,-496.77320754518087,-102.60840967070855
1748930.810638,-496.77320754518087,-102.60840967070855
1748937.797717,-496.77320754518087,-102.60840967070855
1748944.813863,-496.77320754518087,-102.60840967070855
1748951.818167,-496.77320754518087,-102.60840967070855
1748958.904379,-496.77320754518087,-102.60840967070855
1748966.404915,-496.77320754518087,-102.60840967070855
1748973.691619,-496.77320754518087,-102.60840967070855
1748979.837004,-496.77320754518087,-102.60840967070855
1748986.90449,-496.77320754518087,-102.60840967070855
1748993.903069,-496.77320754518087,-102.60840967070855
1749000.461136,-496.77320754518087,-102.60840967070855
1749012.021435,-496.77320754518087,-102.60840967070855
1749014.967946,-494.51262452223415,-103.4714115617754
1749022.331307,-493.35796706263665,-104.00673527052572
1749028.496516,-493.35796706263665,-104.00673527052572
1749037.414714,-493.35796706263665,-104.00673527052572
1749043.888694,-485.6200896219952,-107.63992720241095
1749050.341864,-485.6141688814884,-107.64380778922488
1749057.008429,-485.6141688814884,-107.64380778922488
1749064.154031,-485.6141688814884,-107.64380778922488
1749071.706457,-485.4424636043553,-107.21112432622661
1749078.020785,-485.44247077421886,-107.21113326791507
1749085.05764,-485.44247077421886,-107.21113326791507
1749091.464123,-485.44247077421886,-107.21113326791507
1749099.024272,-485.44247077421886,-107.21113326791507
1749106.077686,-485.44247077421886,-107.21113326791507
1749112.83359,-485.44247077421886,-107.21113326791507
1749119.918877,-485.44247077421886,-107.21113326791507
1749126.875213,-485.44247077421886,-107.21113326791507
1749133.971018,-485.44247077421886,-107.21113326791507
1749141.018104,-485.44247077421886,-107.21113326791507
1749147.50744,-485.44247077421886,-107.21113326791507
1749155.847457,-485.44247077421886,-107.21113326791507
1749161.562797,-485.44247077421886,-107.21113326791507
1749169.127596,-485.44247077421886,-107.21113326791507
1749175.848273,-485.44247077421886,-107.21113326791507
1749182.848335,-485.44247077421886,-107.21113326791507
1749190.968299,-485.44247077421886,-107.21113326791507
1749198.314704,-485.44247077421886,-107.21113326791507
1749203.860942,-485.44247077421886,-107.21113326791507
1749210.45744,-485.44247077421886,-107.21113326791507
1749217.495974,-485.44247077421886,-107.21113326791507
1749224.852014,-485.44247077421886,-107.21113326791507
1749231.847485,-485.44247077421886,-107.21113326791507
1749238.866943,-485.44247077421886,-107.21113326791507
1749245.843798,-485.44247077421886,-107.21113326791507
1749252.856755,-485.44247077421886,-107.21113326791507
1749260.131179,-485.44247077421886,-107.21113326791507
1749266.859089,-485.44247077421886,-107.21113326791507
1749273.465156,-485.44247077421886,-107.21113326791507
1749280.465499,-485.44247077421886,-107.21113326791507
1749289.207003,-485.44247077421886,-107.21113326791507
1749299.317199,-485.44247077421886,-107.21113326791507
1749301.83917,-479.9398070533626,-110.01632565535166
1749309.991481,-478.32908387968797,-110.56900486537805
1749315.946983,-478.32908387968797,-110.56900486537805
1749322.839746,-478.32908387968797,-110.56900486537805
1749329.813724,-478.32908387968797,-110.56900486537805
1749336.560141,-478.32908387968797,-110.56900486537805
1749349.829159,-478.32908387968797,-110.56900486537805
1749351.029973,-478.32908387968797,-110.56900486537805
1749357.815111,-478.32908387968797,-110.56900486537805
1749366.083729,-478.32908387968797,-110.56900486537805
1749371.832884,-478.32908387968797,-110.56900486537805
1749380.057993,-478.32908387968797,-110.56900486537805
1749385.872424,-478.32908387968797,-110.56900486537805
1749393.836633,-478.32908387968797,-110.56900486537805
1749401.539293,-478.32908387968797,-110.56900486537805
1749408.391687,-478.32908387968797,-110.56900486537805
1749414.002276,-478.32908387968797,-110.56900486537805
1749422.105671,-478.32908387968797,-110.56900486537805
1749427.839083,-478.32908387968797,-110.56900486537805
1749434.90037,-478.32908387968797,-110.56900486537805
1749441.97264,-478.32908387968797,-110.56900486537805
1749448.52087,-478.32908387968797,-110.56900486537805
1749455.485131,-478.32908387968797,-110.56900486537805
1749455.934429,-478.32908387968797,-110.56900486537805
1749462.482277,-478.32908387968797,-110.56900486537805
1749470.027625,-462.7644899652471,-114.37142322508083
1749479.77186,-406.32636146674326,-108.65264972855088
1749483.496507,-347.8756962781099,-105.55299900540365
1749493.080283,-284.46554077236345,-156.85048524440026
1749500.507938,-262.8226929954669,-188.14563450326418
1749504.879795,-236.72989195910685,-211.85308539771452
1749511.872635,-210.56034078803722,-218.9289596868644
1749518.87159,-196.60478253008543,-227.44395802400126
1749525.985957,-196.45297211359122,-234.61877164610542
1749534.691589,-172.26018401386546,-256.85536495252745
1749540.224119,-172.26018401386546,-256.85536495252745
1749546.970865,-134.7468297012187,-243.41372725614394
1749553.907379,-82.46742484047891,-322.2804730058647
1749560.84464,-112.46383496322626,-405.6558959143886
1749567.877352,-167.61897515112236,-460.6245962655244
1749574.895725,-209.2486328996063,-564.4310825971337
1749581.514562,-198.3397778231694,-644.1393094367721
1749588.5044,-229.822476698182,-680.0751196086098
1749595.594548,-295.6344852707121,-659.3404224776813
1749602.919548,-313.9333266539904,-636.1962333514647
1749609.510369,-322.2202349241534,-632.2560992452607
1749616.560884,-359.0115963017742,-604.517555685907
1749623.707457,-407.25127341010983,-574.9424968706923
1749628.198197,-478.32908387968797,-110.56900486537805
1749630.884246,-437.8182209128191,-554.0805044454793
1749639.851001,-438.2779074735506,-477.20052195604273
1749644.560806,-434.9664556157382,-451.9877555640326
1749651.880842,-433.20753901351816,-449.3400918878779
1749660.028245,-432.7184848569133,-449.58919141064996
1749665.851511,-432.7184848569133,-449.58919141064996
1749672.876135,-432.7184848569133,-449.58919141064996
1749679.959259,-430.4467379278185,-450.75465922064996
1749687.701927,-405.8105322442012,-461.86377146074597
1749694.082904,-380.5294622830932,-472.84015351182745
1749700.859773,-356.2900811558251,-513.570834101301
1749707.512356,-348.8141183928274,-556.503577772892
1749714.536343,-342.96391589517134,-591.4430549641214
1749721.961233,-351.67616484223277,-609.1011287869643
1749728.914106,-355.68525888996527,-607.2873773608698
1749736.516327,-383.8449960239144,-597.1788970796612
1749742.516219,-473.4874148112599,-559.4107324808998
1749750.580519,-549.4774083405272,-556.7680115862324
1749756.932444,-603.2083751809942,-557.0337339019078
1749763.980429,-629.3760126210188,-558.9368415716924
1749771.014981,-629.3760126210188,-558.9368415716924
1749777.955894,-629.3760126210188,-558.9368415716924
1749784.942241,-629.3760126210188,-558.9368415716924
1749793.364851,-629.3760126210188,-558.9368415716924
1749798.912664,-629.3760126210188,-558.9368415716924
1749805.823559,-658.9089383507988,-560.967033286377
1749812.892442,-672.0051950536634,-547.9920574726675
1749819.926018,-660.5629976381274,-514.3227221220512
1749826.525133,-653.4627133907919,-489.03871962329316
1749833.553767,-651.4070867419604,-476.71464299438765
1749837.559777,-478.32908387968797,-110.56900486537805
1749840.563791,-642.4641344714597,-446.39973245134473
1749848.251711,-619.1966038081883,-379.7548865889274
1749854.558734,-595.6619072987897,-323.92211591380135
1749861.520179,-556.433055462077,-266.4869068833576
1749869.496623,-544.0385781116702,-253.2174952861057
1749876.131092,-537.1769185347854,-246.04681255801978
1749882.847106,-537.1769185347854,-246.04681255801978
1749890.168851,-496.18294633101084,-220.85362669768128
1749897.052243,-432.0099183292199,-218.12159451823555
1749903.460411,-361.98748311789615,-218.69748854643356
1749913.678186,-281.0547442483966,-216.7011155665583
1749918.206837,-220.01933885370568,-214.48477385349446
1749924.934487,-191.50827808919288,-232.38424960046487
1749931.950543,-125.710198809869,-297.698745099931
1749939.256713,-94.20406135055438,-321.620883514371
1749946.101122,-59.40626697076095,-298.78608554118216
1749952.585208,-49.152741455623435,-241.19509835787682
1749959.465886,-49.592303704136356,-237.08796527098778
1749967.88641,-49.592303704136356,-237.08796527098778
1749973.974168,-52.809105636519696,-211.5050300980531
1749980.493951,-41.12617121917116,-173.5421433959977
1749987.493635,-4.69165633575648,-150.87711128515798
1749995.075411,57.19045421270704,-157.0300826546258
1750001.696622,102.82008137220532,-202.38859530471282
1750008.51665,165.2913041233701,-257.17215907093885
1750015.586992,283.6268011438417,-340.80964416817017
1750022.595913,351.31561695478484,-393.50846849283124
1750029.590182,367.020842886077,-408.68376304962493
1750040.441293,367.020842886077,-408.68376304962493
1750044.268101,367.020842886077,-408.68376304962493
1750052.753344,367.020842886077,-408.68376304962493
1750058.757867,367.020842886077,-408.68376304962493
1750066.124057,367.020842886077,-408.68376304962493
1750071.505979,367.020842886077,-408.68376304962493
1750078.468205,367.020842886077,-408.68376304962493
1750085.504809,367.020842886077,-408.68376304962493
1750095.124073,367.020842886077,-408.68376304962493
1750100.099474,367.020842886077,-408.68376304962493
1750107.197771,378.12426599053003,-416.4824902581302
1750113.961976,420.61695627672856,-408.4997591602898
1750121.045912,522.7639410965419,-373.3343457248036
1750127.673224,587.5473515468648,-350.1187035639982
1750136.089751,643.3314726961148,-331.96502246413394
1750141.504432,672.9839236821651,-320.9930071899274
1750150.562875,672.9839236821651,-320.9930071899274
1750155.46506,672.9839236821651,-320.9930071899274
1750163.074965,672.9839236821651,-320.9930071899274
1750170.076,672.9839236821651,-320.9930071899274
1750177.050977,672.9839236821651,-320.9930071899274
1750183.83743,672.9839236821651,-320.9930071899274
1750192.536216,722.7232338552692,-302.26919411476416
1750197.843549,789.5931375371007,-282.86372945536186
1750204.478568,882.4091897338601,-250.55416632720318
1750217.712979,921.4715660354025,-195.2578916213686
1750218.541969,969.2739042309192,-146.09200536973233
1750225.522983,1031.1949400415092,-36.34110772403772
1750232.575594,1068.2354963543157,9.607908444636358
1750239.576703,1088.5917146894676,37.54937658353993
1750246.566666,1036.4575845850638,49.621324649364865
1750253.57628,981.2484829232257,33.93544379319726
1750260.576326,928.3494065580003,20.73949962435674
1750267.574501,856.282176587934,-2.2184782941499046
1750274.736175,820.2443883047417,-6.273955789511844
1750281.525717,790.1775129879023,34.98998129804957
1750295.760499,719.4053497194523,118.0687900598216
1750295.868747,695.9847250110737,143.08821003838804
1750302.508696,666.1575881857252,181.8760187712185
1750309.799167,664.0801047359764,185.4569944563135
1750316.827601,664.0801047359764,185.4569944563135
1750324.12951,664.0801047359764,185.4569944563135
1750330.807621,664.0801047359764,185.4569944563135
1750337.813321,664.0801047359764,185.4569944563135
1750346.297057,664.0801047359764,185.4569944563135
1750352.882029,664.0801047359764,185.4569944563135
1750358.816435,664.0801047359764,185.4569944563135
1750365.799822,664.0801047359764,185.4569944563135
1750372.510733,664.0801047359764,185.4569944563135
1750381.210943,664.0801047359764,185.4569944563135
1750386.839524,664.0801047359764,185.4569944563135
1750394.541002,644.9528587569142,211.00086254825155
1750401.670619,671.7406010094179,231.1888217553913
1750407.864275,696.0919593196394,244.9593615409107
1750414.870931,705.7902915968436,264.21530673506055
1750421.897509,736.2014888191187,286.4008390628986
1750428.85622,765.15238946874,319.6557562354496
1750435.749019,810.6339845436959,346.2741952945507
1750442.513796,842.9364833516502,362.3251145950645
1750449.512237,880.2342245357224,382.32121114974666
1750456.957408,925.0073160971093,437.596369004199
1750463.576488,956.8233788722449,468.96091246378035
1750470.525376,984.5603530571373,501.61405366113974
1750477.931564,1013.1433550876033,537.7475756945046
1750484.80962,1048.1881090195993,554.1180927303338
1750491.912399,1076.425139715788,584.7819754768732
1750498.817006,1117.5602003674855,610.4257076319251
1750508.259586,1157.6693032918092,600.6030292665607
1750513.164382,1183.540183826178,569.7357721010017
1750540.98752,1256.0239333729508,521.2989082953799
1750540.988141,1256.0239333729508,521.2989082953799
1750547.145156,1275.5504239008817,534.3863266166777
1750547.145757,1275.5504239008817,534.3863266166777
1750548.5392,1275.5504239008817,534.3863266166777
1750558.521898,1296.7205077092797,551.2963267727862
1750562.495758,1296.7205077092797,551.2963267727862
1750569.528947,1296.7205077092797,551.2963267727862
1750576.537856,1296.7205077092797,551.2963267727862
1750583.517853,1296.7205077092797,551.2963267727862
1750590.528503,1296.7205077092797,551.2963267727862
1750597.845992,1296.7205077092797,551.2963267727862
1750604.497815,1296.7205077092797,551.2963267727862
1750615.757493,1296.7205077092797,551.2963267727862
1750618.556257,1296.7205077092797,551.2963267727862
1750625.515521,1296.7205077092797,551.2963267727862
1750635.357321,1296.7205077092797,551.2963267727862
1750639.941479,1296.7205077092797,551.2963267727862
1750646.840147,1323.6076539173619,565.7819887010229
1750653.936488,1360.0844453174693,588.99593206353
1750661.175109,1409.1423476258362,624.2028264186786
1750668.176304,1434.664859252736,645.0077299540062
1750674.59597,1441.1348177277962,648.3596349673397
1750681.546919,1441.1348177277962,648.3596349673397
1750688.606317,1441.1348177277962,648.3596349673397
1750696.108511,1441.1348177277962,648.3596349673397
1750702.845912,1449.0046507198663,654.1454675641575
1750710.400289,1469.595314297573,670.1848253194586
1750716.58191,1479.9360898395987,672.9456892129
1750725.516356,1508.4980100390972,615.0861762417575
1750731.113459,1535.5098990871554,562.5241522873316
1750737.910329,1547.5090161932028,524.0184995720667
1750744.84049,1531.5577833171092,497.86355702704327
1750751.891344,1530.1330292297805,496.23979013689006
1750758.839094,1516.659356238297,481.4509241772698
1750766.249476,1491.7938567586602,452.0732001464748
1750773.094514,1481.9546610750087,441.8476231449149
1750780.127136,1481.9546610750087,441.8476231449149
1750787.073802,1481.9546610750087,441.8476231449149
1750794.042446,1481.9546610750087,441.8476231449149
1750800.54744,1481.9546610750087,441.8476231449149
1750807.596465,1466.183979720493,435.0190259309946
1750814.595326,1456.5142835383429,423.9030693524429
1750824.549099,1452.9192980666028,410.0576324521243
1750828.889212,1452.9192980666028,410.0576324521243
1750835.498448,1452.9192980666028,410.0576324521243
1750843.895663,1452.9192980666028,410.0576324521243
1750850.201196,1452.9192980666028,410.0576324521243
1750856.901043,1452.9192980666028,410.0576324521243
1750864.020288,1452.9192980666028,410.0576324521243
1750870.669821,1452.9192980666028,410.0576324521243
1750877.590969,1431.9728742152663,423.0184812741744
1750884.600965,1407.2212906026564,443.6459095923468
1750891.589799,1349.4024593194117,504.01572202695877
1750898.600878,1329.9089905363717,537.1032823269185
1750905.600685,1315.8174905817955,557.7518718809987
1750912.541263,1238.7452945529753,607.7956906053685
1750922.96939,1180.0072251956306,625.1736300236179
1750927.169247,1138.6164124611457,657.561561730364
1750933.601377,1076.868306055245,632.9950404293459
1750946.975347,1053.0040291624857,583.8704408786703
1750947.521447,997.9754020922031,551.3905660738457
1750954.979393,913.3413378741726,493.7090148185149
1750961.506401,858.7693359365848,439.2616279837078
1750970.23519,801.4204295386883,394.2837633267465
1750978.483152,719.4793865064266,317.5471776611136
1750983.202039,673.1761370740293,277.3789200062407
1750991.357405,639.5750921867173,247.89109113811392
1750996.857196,619.3911841785023,224.80032117126015
1751003.858068,585.6992215868537,253.74712929638937
1751011.282085,560.1603482161503,278.6114120377621
1751017.928869,560.1603482161503,278.6114120377621
1751024.833308,560.1603482161503,278.6114120377621
1751033.260856,283.3886079475858,607.8732945079985
1751039.453943,264.4002973173565,623.3290922456729
1751045.539576,261.70935374502847,627.9311298674979
1751054.629894,261.70935374502847,627.9311298674979
1751060.599089,240.0018139867661,649.6658241663137
1751066.840206,229.5577281701541,654.2038379708649
1751073.506949,172.66572782662902,725.2412341871506
1751080.519461,158.15185379119728,753.9716814063352
1751089.144168,150.3577659031522,772.6911724261394
1751097.298447,104.4372099822196,826.3652367637004
1751101.520994,81.47080883213847,856.5550565699075
1751109.814693,52.007412657392685,884.8037881365061
1751115.989035,44.43824251485482,890.5756793319083
1751123.138053,13.226048396970743,890.6584673955986
1751129.741666,-2.8916892469185864,906.3584154897255
1751137.013016,-33.7399084075517,965.4146171219186
1751144.161037,-54.09512886470417,988.1261432735921
1751151.102229,-60.28952153131637,985.4822362872908
1751157.528913,-74.13589293551748,975.4637024443368
1751164.694384,-85.19424275179124,971.2210464855779
1751173.655131,-94.0165957654989,966.6596471214642
1751178.91621,-122.0948225196921,952.0377355613972
1751185.921744,-148.08219842457976,942.7199517391473
1751192.965336,-181.71378687053036,936.2967186610655
1751200.063428,-220.29144115364164,908.8583809121317
1751209.280607,-234.84156460754414,901.7065020653034
1751214.061082,-250.4392597630621,895.9852879338272
1751220.515799,-274.8518502706123,877.7422607537508
1751227.545423,-304.1702894908751,869.9439160742636
1751234.545867,-319.8029374922985,873.0901663368259
1751241.872675,-333.6331792551946,867.3699278151576
1751248.612202,-343.596198345701,863.3411192195215
1751255.612558,-374.6226220145154,865.8956362624291
1751263.01722,-443.7557079716656,867.135412311067
1751269.560759,-493.4037096809767,870.9050497984656
1751277.116483,-549.7612452044104,878.2436549103408
1751285.930425,-622.7593641508679,888.9434849928534
1751292.133802,-634.0827256525042,889.5980063080895
1751297.935605,-669.1473315226931,894.193360411259
1751305.034222,-744.6210926800333,901.690488917321
1751311.978778,-796.9900918963459,908.6133807919805
1751319.137695,-843.4753881236655,911.6732228629353
1751325.897006,-886.3027084136532,912.2632504241241
1751333.213268,-885.9669590971255,947.4075226652147
1751339.528317,-877.2389683784293,976.4271676961533
1751346.608158,-889.4080950819427,992.9919044605183
1751353.923692,-889.4080950819427,992.9919044605183
1751361.236693,-889.4080950819427,992.9919044605183
1751368.241407,-904.6296899894077,992.2687410015643
1751376.301607,-904.6296899894077,992.2687410015643
1751382.333541,-904.6296899894077,992.2687410015643
1751389.381026,-904.6296899894077,992.2687410015643
1751396.022888,-904.6296899894077,992.2687410015643
1751402.561013,-904.6296899894077,992.2687410015643
1751409.612415,-904.6296899894077,992.2687410015643
1751416.958052,-904.6296899894077,992.2687410015643
1751424.513458,-909.5851684227429,1006.2794215301851
1751431.038101,-909.5851684227429,1006.2794215301851
1751438.82694,-909.5851684227429,1006.2794215301851
1751445.62546,-909.5851684227429,1006.2794215301851
1751452.456918,-905.3979439610373,1016.2334569967127
1751459.403438,-905.3979439610373,1016.2334569967127
1751465.613101,-905.3979439610373,1016.2334569967127
1751472.921215,-905.3979439610373,1016.2334569967127
1751480.137522,-914.1451958211959,1001.6458131062493
1751487.228358,-917.2834225721858,990.8434780107398
1751493.611783,-917.2834225721858,990.8434780107398
1751501.033416,-917.2834225721858,990.8434780107398
1751507.518398,-917.2834225721858,990.8434780107398
1751514.597866,-911.6641126600467,977.5893529179174
1751521.607876,-908.8249516736716,975.3024512184274
1751528.55781,-927.0393333222839,976.6912319666696
1751536.200332,-943.9545122152607,980.6876135260374
1751542.547463,-948.7697134757531,950.5603223058908
1751550.066063,-957.8957409596501,928.655730688199
1751557.663415,-957.8957409596501,928.655730688199
1751564.458919,-956.4100473217825,914.6764195903773
1751570.963157,-930.6188930153628,912.6926960036872
1751577.865712,-870.6324219444416,912.5050660152398
1751584.559739,-809.9313249404605,906.2792777880569
1751591.903935,-809.9313249404605,906.2792777880569
1751598.875702,-809.9313249404605,906.2792777880569
1751605.849272,-809.9313249404605,906.2792777880569
1751612.850667,-809.9313249404605,906.2792777880569
1751619.561135,-809.9313249404605,906.2792777880569
1751626.527621,-809.9313249404605,906.2792777880569
1751633.51721,-809.9313249404605,906.2792777880569
1751640.515216,-809.9313249404605,906.2792777880569
1751647.518668,-809.9313249404605,906.2792777880569
1751654.881891,-809.9313249404605,906.2792777880569
1751661.854636,-809.9313249404605,906.2792777880569
1751669.049793,-778.3631358941249,896.1167019742207
1751676.039733,-730.558835446171,889.1005337308138
1751683.144045,-673.5358629432823,884.4701313384111
1751690.056231,-660.8366580929674,881.7791332490286
1751696.908206,-649.7400528391012,882.6871983359495
1751705.84145,-605.6354337086841,882.4792344300103
1751711.653563,-564.2380074280264,883.5964446574392
1751718.1001,-518.0068191288178,879.6632037442332
1751724.981248,-477.1579524469929,865.0302971695162
1751732.348822,-445.9418680318377,865.1419508406856
1751738.528593,-419.37460778108203,866.1053882458948
1751745.526033,-365.7766009370228,864.4748352281505
1751752.555792,-343.11732816613375,861.7161514919262
1751762.555186,-328.9443687601954,852.8928861634488
1751766.556075,-310.2510992729209,808.7773792712372
1751773.519108,-302.2224822133806,781.6832524468731
1751780.932669,-297.38691750334795,760.6313460564726
1751788.909985,-281.0658175601546,720.5505599334241
1751795.334023,-281.0658175601546,720.5505599334241
1751807.362376,-281.0658175601546,720.5505599334241
1751808.899331,-281.0658175601546,720.5505599334241
1751815.8595,-249.7070465536079,634.1322477668078
1751822.523001,-251.58703669426302,619.6706001356191
1751829.522564,-236.74737736174558,586.7982243948635
1751837.001063,-216.70979724403134,522.7444510866937
1751843.962856,-200.8942535358438,481.116397834826
1751850.995322,-186.93775742201933,419.14801062392854
1751857.756791,-179.2491659934008,381.78278460915215
1751865.187149,-167.577007456379,344.8296881319467
1751872.182143,-143.84738232934842,290.8168788989405
1751878.848509,-138.80225592223476,266.76988748984525
1751885.537227,-138.80225592223476,266.76988748984525
1751892.626884,-138.80225592223476,266.76988748984525
1751901.027429,-125.28652987644226,236.13305322529396
1751908.621999,-121.76939871779277,208.33796669858964
1751917.011461,-108.68229219272754,147.55413780179234
1751921.084338,-92.18635675107035,104.56615082399247
1751928.516305,-74.57210697409909,61.042731401628004
1751934.562206,-59.022392132121766,19.79184792988392
1751943.781683,-59.022392132121766,19.79184792988392
1751949.137626,-50.234188793682065,0.9711343221792091
1751957.919052,-49.90898101651506,-2.840198940737609
1751963.143164,-46.07517385643773,-15.117012677665652
1751970.930524,-56.978667964017575,-31.561962774003167
1751980.045758,-123.36928560853414,-42.8775690741649
1751983.551623,-191.06785468743763,-50.702545657544654
1751992.308878,-249.97296694477814,-66.9096939196623
1751999.101805,-314.07715197863155,-103.5708526323116
1752004.525057,-324.7503520822956,-109.28644078467286
1752011.523749,-334.7398146915879,-111.95148981813311
1752020.855556,-355.72369571785225,-109.56458064428155
1752028.651173,-400.5978704659479,-111.21053126740921
1752032.525707,-453.256764172919,-105.6602833273321
1752039.541252,-504.8479294797775,-89.9297946973189
1752047.226746,-514.9290489338483,-88.23297414455341
1752056.031636,-534.0451712534556,-86.80940027884986
1752060.893211,-603.1884580972338,-47.18118124843557
1752067.567484,-643.7221392783632,-28.391493251962174
1752075.199729,-652.9049205482883,-23.131330979084268
1752081.921511,-652.9049205482883,-23.131330979084268
1752090.497626,-651.8345868287703,-39.56331203154334
1752096.090953,-695.9187452549794,-40.56056724497374
1752102.571518,-779.06164492023,-34.216672532337306
1752111.320246,-834.8847969530525,-3.722575430181992
1752116.867584,-893.4742437741918,8.234534830423156
1752123.524503,-989.2489201740607,38.17799827338379
1752131.492715,-1064.3603583320364,57.88443069077564
1752140.19365,-1126.4498703276433,83.81691067725652
1752144.56692,-1211.9384574793037,153.46876862817743
1752151.864019,-1243.9695693886358,188.2687135759086
1752158.616566,-1270.2946556529753,215.74092517949813
1752167.274339,-1303.7698790446457,248.66866588150333
1752172.873946,-1324.1321449503398,275.1683142222905
1752179.857813,-1345.0148254636597,293.7980709488305
1752186.558842,-1395.854661318248,330.9666990951179
1752194.062638,-1432.825458462877,369.7389591083401
1752203.579337,-1457.5318022549254,398.4486260690315
1752208.088077,-1458.6007437337785,400.56582985799804
1752214.97584,-1458.6007437337785,400.56582985799804
1752221.94023,-1481.1515918801097,422.671101274616
1752229.318904,-1531.0403601177777,467.55625400780536
1752236.258121,-1557.935319131028,494.7847922641694
1752242.541268,-1578.9243446491369,504.9399693396359
1752250.676622,-1639.5865912400016,433.7642077648848
1752257.641951,-1653.1710936231607,371.0376173641936
1752264.340454,-1654.9242462311722,340.962309418102
1752271.06178,-1656.4373907443908,336.70762700211196
1752277.645488,-1656.4373907443908,336.70762700211196
1752285.227586,-1656.4373907443908,336.70762700211196
1752292.010004,-1660.3425288533617,330.6136976261511
1752299.157546,-1699.5036740054668,308.47118202633027
1752305.719436,-1772.4022402556245,298.36460850860124
1752312.635067,-1815.4757949169916,295.60049033171794
1752320.569694,-1815.4757949169916,295.60049033171794
1752326.957329,-1815.4757949169916,295.60049033171794
1752333.637088,-2277.669835030156,383.88019051933617
1752341.049845,-2315.1637993545282,380.94437374723947
1752347.849967,-2375.3080680211483,350.6104038306037
1752357.147309,-2479.761723763282,286.81249201307384
1752361.893556,-2531.339022707406,257.6942985688365
1752368.57678,-2561.14869663289,237.08202235897636
1752375.975997,-2602.5801236083703,206.49637379784468
1752382.627674,-2630.4658836058134,180.76678646450097
1752389.71715,-2642.916413293953,153.30179384029768
1752397.0233,-2643.454462323296,149.6637601491251
1752403.945364,-2643.454462323296,149.6637601491251
1752411.047319,-2643.454462323296,149.6637601491251
1752418.006682,-2645.5296905907257,126.39555112166556
1752424.972192,-2646.226663898088,124.29566682771508
1752431.640513,-2646.603799241503,116.24439121255246
1752439.985213,-2687.1303133076344,44.6266281580653
1752446.4404,-2724.9204847494657,-30.180182016464244
1752452.57871,-2769.7682266447755,-97.54402528147632
1752461.933443,-2817.040044911971,-142.87379268155559
1752467.305513,-2817.040044911971,-142.87379268155559
1752474.358807,-2817.040044911971,-142.87379268155559
1752481.116174,-2836.8019604398796,-156.63242383659875
1752487.627524,-2888.372402685266,-180.99086427401696
1752498.155583,-2972.7030291815645,-187.16707041357284
1752502.134516,-3102.211714784016,-143.1503635900176
1752509.619181,-3195.9543981277857,-111.00252171518878
1752515.620388,-3290.4114508195007,-81.397068975531
1752529.687825,-3430.4322851202833,-43.514316335744006
1752529.862751,-3510.0814214677935,-67.57711475576997
1752536.622839,-3564.4523749016007,-111.57024255157062
1752545.504814,-3642.892319075486,-183.05640728801322
1752553.123986,-3689.119924837888,-232.22820796707626
1752557.974577,-3723.5897598658376,-267.48797054036874
1752566.075681,-3747.023514705102,-293.71102592534874
1752571.604777,-3747.023514705102,-293.71102592534874
1752578.626892,-3747.023514705102,-293.71102592534874
1752586.454119,-3752.2439496201796,-301.882437629324
1752592.971278,-3781.2886077866337,-322.62385738708474
1752599.98624,-3839.3985504969646,-362.5343084856412
1752606.573913,-3957.006408733472,-396.8270864117748
1752615.016164,-4042.2962432895383,-376.7545811059374
1752620.533545,-4125.118438654201,-336.35877343197285
1752627.663783,-4237.9912395433175,-290.06866217285113
1752634.63288,-4270.228557677713,-277.7518592830847
1752641.634539,-4281.621985867291,-272.2814249330295
1752649.233392,-4293.635820880728,-264.7390258431272
1752655.980509,-4331.713567246954,-251.75437182265003
1752663.168516,-4369.552801596388,-233.74886068210824
1752669.626826,-4371.3287383415345,-232.49305957691755
1752679.638416,-4371.3287383415345,-232.49305957691755
1752683.990444,-4371.3287383415345,-232.49305957691755
1752691.241711,-4371.3287383415345,-232.49305957691755
1752697.621154,-4371.3287383415345,-232.49305957691755
1752707.851044,-4371.3287383415345,-232.49305957691755
1752711.88743,-4372.350128291996,-229.40591614545846
1752719.265992,-4378.841054889414,-215.15055922134783
1752725.982013,-4378.841054889414,-215.15055922134783
1752733.065856,-4393.218434675557,-201.49605679531896
1752741.304267,-4421.154679409681,-170.24969466423698
1752746.528268,-4443.201484105253,-139.5536266704167
1752753.634561,-4456.980014107311,-95.735515482391
1752760.890923,-4466.450294133061,-74.48534443938601
1752769.103166,-4476.527920585286,-54.10064784670832
1752774.931694,-4498.966764054192,4.872507845724331
1786283.268722,336.907103187857,1172.0470685700159
1786283.270641,336.907103187857,1172.0470685700159
1786290.948791,327.357436162366,1173.2758666208244
1786299.473038,327.357436162366,1173.2758666208244
1786305.293081,327.357436162366,1173.2758666208244
1786312.295987,327.357436162366,1173.2758666208244
1786319.289193,327.357436162366,1173.2758666208244
1786326.302373,327.357436162366,1173.2758666208244
1786333.331511,327.357436162366,1173.2758666208244
1786340.279676,327.357436162366,1173.2758666208244
1786347.771838,327.357436162366,1173.2758666208244
1786354.412166,327.357436162366,1173.2758666208244
1786361.329945,327.357436162366,1173.2758666208244
1786368.31422,327.357436162366,1173.2758666208244
1786375.302075,327.357436162366,1173.2758666208244
1786382.326214,327.357436162366,1173.2758666208244
1786389.332238,327.357436162366,1173.2758666208244
1786396.32909,327.357436162366,1173.2758666208244
1786403.306561,327.357436162366,1173.2758666208244
1786409.939132,327.357436162366,1173.2758666208244
1786418.695019,327.357436162366,1173.2758666208244
1786424.823745,327.357436162366,1173.2758666208244
1786431.342009,327.357436162366,1173.2758666208244
1786438.395664,327.357436162366,1173.2758666208244
1786445.355171,327.357436162366,1173.2758666208244
1786452.351481,327.357436162366,1173.2758666208244
1786459.372185,327.357436162366,1173.2758666208244
1786466.368217,327.357436162366,1173.2758666208244
1786472.933461,327.357436162366,1173.2758666208244
1786480.359241,327.357436162366,1173.2758666208244
1786487.361772,327.357436162366,1173.2758666208244
1786494.322915,327.357436162366,1173.2758666208244
1786501.367298,327.357436162366,1173.2758666208244
1786508.360832,327.357436162366,1173.2758666208244
1786515.396062,327.357436162366,1173.2758666208244
1786522.407445,327.357436162366,1173.2758666208244
1786529.379505,327.357436162366,1173.2758666208244
1786535.967537,327.357436162366,1173.2758666208244
1786544.392764,327.357436162366,1173.2758666208244
1786550.369546,327.357436162366,1173.2758666208244
1786557.34621,327.357436162366,1173.2758666208244
1786564.359909,327.357436162366,1173.2758666208244
1786571.667135,327.357436162366,1173.2758666208244
1786578.395868,336.21694462435477,1168.389760499274
1786585.33147,336.21694462435477,1168.389760499274
1786592.293599,336.21694462435477,1168.389760499274
1786600.353783,336.21694462435477,1168.389760499274
1786606.324049,336.21694462435477,1168.389760499274
1786613.330909,336.21694462435477,1168.389760499274
1786621.371327,336.21694462435477,1168.389760499274
1786627.319174,336.21694462435477,1168.389760499274
1786634.324452,336.21694462435477,1168.389760499274
1786642.433072,336.21694462435477,1168.389760499274
1786648.307975,336.21694462435477,1168.389760499274
1786654.931961,336.21694462435477,1168.389760499274
1786663.39447,336.21694462435477,1168.389760499274
1786669.323439,336.21694462435477,1168.389760499274
1786677.53747,336.21694462435477,1168.389760499274
1786683.421139,336.21694462435477,1168.389760499274
1786690.342328,336.21694462435477,1168.389760499274
1786698.54402,336.21694462435477,1168.389760499274
1786704.340621,336.21694462435477,1168.389760499274
1786711.313188,336.21694462435477,1168.389760499274
1786719.504247,336.21694462435477,1168.389760499274
1786725.332376,336.21694462435477,1168.389760499274
1786732.32322,336.21694462435477,1168.389760499274
1786740.523974,336.21694462435477,1168.389760499274
1786746.312461,336.21694462435477,1168.389760499274
1786754.553162,336.21694462435477,1168.389760499274
1786759.936157,336.21694462435477,1168.389760499274
1786766.933565,336.21694462435477,1168.389760499274
1786775.807263,336.21694462435477,1168.389760499274
1786782.023357,336.21694462435477,1168.389760499274
1786788.34155,336.21694462435477,1168.389760499274
1786794.935456,336.21694462435477,1168.389760499274
1786802.634555,336.21694462435477,1168.389760499274
1786809.40639,336.21694462435477,1168.389760499274
1786817.676518,332.37696134872107,1170.5343213294966
1786823.326049,332.1584660665263,1165.910288312104
1786829.935878,332.1584660665263,1165.9102918453852
1786838.754023,332.1584660665263,1165.9102918453852
1786844.374069,332.1584660665263,1165.9102918453852
1786852.799369,332.1584660665263,1165.9102918453852
1786858.38365,332.1584660665263,1165.9102918453852
1786865.374122,332.1584660665263,1165.9102918453852
1786873.776251,332.1584660665263,1165.9102918453852
1786879.347668,332.1584660665263,1165.9102918453852
1786886.318061,332.1584660665263,1165.9102918453852
1786894.785001,332.1584660665263,1165.9102918453852
1786899.950529,332.1584660665263,1165.9102918453852
1786908.800603,332.1584660665263,1165.9102918453852
1786914.350036,332.1584660665263,1165.9102918453852
1786921.326642,332.1584660665263,1165.9102918453852
1786928.331344,332.1584660665263,1165.9102918453852
1786935.332834,332.1584660665263,1165.9102918453852
1786942.318912,332.1584660665263,1165.9102918453852
1786949.411124,332.1584660665263,1165.9102918453852
1786956.310301,332.1584660665263,1165.9102918453852
1786963.360271,332.1584660665263,1165.9102918453852
1786970.342058,332.1584660665263,1165.9102918453852
1786977.357826,332.1584660665263,1165.9102918453852
1786984.37452,332.1584660665263,1165.9102918453852
1786991.367562,332.1584660665263,1165.9102918453852
1786998.429163,332.1584660665263,1165.9102918453852
1787005.350306,332.1584660665263,1165.9102918453852
1787012.338907,332.1584660665263,1165.9102918453852
1787019.235896,332.1584660665263,1165.9102918453852
1787026.338491,332.1584660665263,1165.9102918453852
1787033.333126,332.1584660665263,1165.9102918453852
1787040.3345,332.1584660665263,1165.9102918453852
1787047.334386,332.1584660665263,1165.9102918453852
1787054.347894,332.1584660665263,1165.9102918453852
1787061.362927,332.1584660665263,1165.9102918453852
1787068.311441,332.1584660665263,1165.9102918453852
1787075.338385,332.1584660665263,1165.9102918453852
1787082.334921,332.1584660665263,1165.9102918453852
1787089.373767,332.1584660665263,1165.9102918453852
1787096.442024,332.1584660665263,1165.9102918453852
1787103.307433,332.1584660665263,1165.9102918453852
1787110.271474,332.6703529115569,1166.515836906113
1787117.283232,332.670408975767,1166.5158395831074
1787124.308752,332.670408975767,1166.5158395831074
1787131.288846,332.670408975767,1166.5158395831074
1787138.322532,332.670408975767,1166.5158395831074
1787144.964635,332.670408975767,1166.5158395831074
1787152.277795,332.670408975767,1166.5158395831074
1787159.278024,332.670408975767,1166.5158395831074
1787166.328418,333.06732631096406,1166.9873539153677
1787173.270122,330.6231652189342,1166.088218657661
1787180.26747,330.62316521067925,1166.0882186693225
1787187.265181,330.62316521067925,1166.0882186693225
1787194.264767,330.62316521067925,1166.0882186693225
1787201.27315,330.62316521067925,1166.0882186693225
1787208.271445,330.62316521067925,1166.0882186693225
1787215.272391,330.62316521067925,1166.0882186693225
1787222.272809,330.62316521067925,1166.0882186693225
1787229.29044,330.62316521067925,1166.0882186693225
1787236.266938,330.62316521067925,1166.0882186693225
1787243.267396,330.62316521067925,1166.0882186693225
1787250.263211,330.62316521067925,1166.0882186693225
1787257.267918,330.62316521067925,1166.0882186693225
1787263.944364,330.62316521067925,1166.0882186693225
1787271.289583,330.62316521067925,1166.0882186693225
1787278.266118,330.62316521067925,1166.0882186693225
1787285.897703,332.8081136090091,1169.2345483699528
1787292.308746,334.5180053226174,1172.565671086632
1787299.26431,333.9100434527114,1172.8826231837083
1787306.268058,332.66357727472445,1173.773607512571
1787313.274655,331.3989182859659,1174.4317773424816
1787320.263233,331.15125219699104,1174.345185254716
1787327.274921,331.3131748755797,1174.1691875507693
1787334.272686,331.3019962898088,1174.363409553316
1787341.285941,331.5812783352357,1174.2220088183353
1787348.27849,331.84722230220893,1173.6477613846364
1787355.279096,330.5373731880886,1173.8824816956096
1787362.264667,328.2034631587632,1174.683966144232
1787370.211182,327.43117745886747,1175.6442015501887
1787376.271251,328.74739258254806,1174.3438803870301
1787383.660306,330.63603192163043,1174.0155290446705
1787390.26815,331.0914946633625,1174.0946289485667
1787397.263575,333.2276618064544,1172.523053744412
1787404.265873,336.0442893177404,1170.1450492886217
1787412.258845,336.079836855628,1168.3764672637928
1787418.280007,335.9147455701447,1168.370621673294
1787425.272205,337.21796149847324,1168.2352352927383
1787432.962335,339.2560038040765,1168.96497030858
1787440.616596,338.5841754897286,1167.9217040000258
1787446.266462,338.55954375950273,1164.1203929053602
1787453.274714,333.92863809012914,1164.2345923965158
1787460.275221,332.1202806147484,1165.511681304697
1787468.291549,329.9597859120511,1166.129839977122
1787473.962038,329.68535864036136,1167.9006072929549
1787481.428446,330.4244087289855,1168.5573877663553
1787488.285301,330.4783400411023,1168.74969770641
1787495.27224,332.45786087290753,1168.9736359936476
1787502.272026,332.6719230246034,1170.770755005268
1787508.936093,331.8464013714546,1171.6223731980274
1787515.965065,332.5221693747831,1168.0744812414753
1787523.267136,333.05509546738375,1163.81976531043
1787531.359396,334.1924564966735,1160.3291994234387
1787537.267935,334.76368367148444,1158.791885885638
1787545.772263,334.7478374250929,1159.4172440048735
1787551.284909,332.5020819986749,1160.296273103564
1787557.964507,331.5926320511829,1161.6850642747522
1787565.623777,332.41750493285764,1161.6969307860218
1787573.318697,333.5699068457316,1161.1870432587978
1787579.608353,332.51681221381057,1161.8441390126989
1787586.265442,332.4896784978642,1162.1115044285166
1787592.967364,332.8281532939297,1161.9930213762593
1787601.413527,332.8281532939297,1161.9930213762593
1787607.27099,332.8281532939297,1161.9930213762593
1787614.267779,332.8281532939297,1161.9930213762593
1787622.43562,332.8281532939297,1161.9930213762593
1787627.934341,332.8281532939297,1161.9930213762593
1787635.282243,332.8281532939297,1161.9930213762593
1787643.476899,332.8281532939297,1161.9930213762593
1787649.278299,332.8281532939297,1161.9930213762593
1787656.265077,332.8281532939297,1161.9930213762593
1787664.500415,332.8281532939297,1161.9930213762593
1787670.261008,332.8281532939297,1161.9930213762593
1787676.977614,332.8281532939297,1161.9930213762593
1787685.485781,332.8281532939297,1161.9930213762593
1787690.937239,332.8281532939297,1161.9930213762593
1787698.477161,332.8281532939297,1161.9930213762593
1787705.278803,332.8281532939297,1161.9930213762593
1787712.270411,339.3892941776275,1163.573637361166
1787721.799967,342.2278759797971,1164.161149631523
1787726.265259,342.33448863640336,1164.0541702749886
1787733.266424,341.4401993601937,1166.1588476727372
1787741.690625,339.4402310088686,1168.2436456701662
1787747.279443,334.1395409871938,1169.1887994242516
1787756.502823,332.1449274813046,1170.1951939887554
1787761.261838,331.4717286893314,1170.2507576440373
1787768.26487,331.0835767557453,1169.4884945438644
1787776.631132,331.5134454809937,1168.4617824519219
1787782.263975,331.02129386811544,1167.3917193916106
1787789.268815,333.171454325496,1165.7152496038063
1787796.268495,333.94733795173556,1165.613495659948
1787803.271652,333.94733795173556,1165.613495659948
1787810.27072,333.94733795173556,1165.613495659948
1787818.658955,335.50888050013003,1167.8724343757253
1787824.280529,340.4894035112561,1175.351642848643
1787832.658921,340.65863788863936,1175.9179923912316
1787838.278771,337.815844258565,1172.204980336446
1787845.265711,334.07970524914487,1168.7739227406908
1787852.263985,329.11958985059556,1167.4416004865823
1787859.266015,328.79219365254727,1167.0929633062212
1787866.268688,327.92729152329633,1166.5814645155417
1787872.990182,328.00260602004727,1165.7698317762297
1787879.939374,332.8169423276867,1165.0352809052104
1787887.026694,335.3772487258767,1165.5175861651057
1787894.267728,335.76534874454023,1167.1486737982416
1787901.262965,335.5487069255673,1167.623990341595
1787907.940304,333.32948029257636,1168.240073733162
1787915.268499,328.3702602285299,1168.0033842161006
1787922.265078,327.03605418664694,1167.2991739857296
1787929.26385,327.3098986344565,1166.4027832823822
1787936.268314,327.30995932099466,1166.4028719292814
1787942.981508,327.30995932099466,1166.4028719292814
1787950.267113,327.30995932099466,1166.4028719292814
1787957.27437,327.30995932099466,1166.4028719292814
1787964.26391,327.30995932099466,1166.4028719292814
1787971.271745,327.30995932099466,1166.4028719292814
1787978.276925,327.30995932099466,1166.4028719292814
1787985.266917,327.30995932099466,1166.4028719292814
1787991.948968,327.30995932099466,1166.4028719292814
1787999.271041,327.30995932099466,1166.4028719292814
1788006.267354,327.30995932099466,1166.4028719292814
1788013.278231,327.30995932099466,1166.4028719292814
1788020.280786,327.30995932099466,1166.4028719292814
1788027.275264,327.30995932099466,1166.4028719292814
1788034.267016,327.30995932099466,1166.4028719292814
1788041.998682,327.30995932099466,1166.4028719292814
1788049.22851,327.30995932099466,1166.4028719292814
1788055.270554,327.30995932099466,1166.4028719292814
1788062.265592,327.30995932099466,1166.4028719292814
1788069.291693,327.30995932099466,1166.4028719292814
1788076.267263,327.30995932099466,1166.4028719292814
1788083.269195,327.30995932099466,1166.4028719292814
1788090.264307,327.30995932099466,1166.4028719292814
1788097.269156,327.30995932099466,1166.4028719292814
1788104.272661,327.30995932099466,1166.4028719292814
1788111.266846,327.30995932099466,1166.4028719292814
1788117.95439,327.30995932099466,1166.4028719292814
1788126.019648,327.30995932099466,1166.4028719292814
1788132.32689,327.30995932099466,1166.4028719292814
1788139.270053,327.30995932099466,1166.4028719292814
1788146.290703,327.30995932099466,1166.4028719292814
1788153.270021,327.30995932099466,1166.4028719292814
1788160.520935,327.30995932099466,1166.4028719292814
1788167.272735,327.30995932099466,1166.4028719292814
1788174.270234,327.30995932099466,1166.4028719292814
1788181.275003,327.30995932099466,1166.4028719292814
1788188.274242,327.30995932099466,1166.4028719292814
1788195.266034,327.30995932099466,1166.4028719292814
1788202.652249,327.30995932099466,1166.4028719292814
1788209.269479,327.30995932099466,1166.4028719292814
1788216.268304,327.30995932099466,1166.4028719292814
1788223.268307,327.30995932099466,1166.4028719292814
1788230.274369,327.30995932099466,1166.4028719292814
1788236.967874,328.8976110360094,1166.9417474074473
1788244.26682,327.5680751941769,1167.1023014200673
1788251.263225,322.89035310579726,1167.3940777392365
1788258.266777,319.21281467918305,1167.7583267397463
1788265.276728,321.3248361062259,1167.1047535113098
1788271.94255,321.33380204777353,1167.1031927564202
1788278.965337,321.33380204777353,1167.1031927564202
1788285.938852,321.33380204777353,1167.1031927564202
1788293.268085,321.33380204777353,1167.1031927564202
1788300.266541,321.33380204777353,1167.1031927564202
1788307.270947,321.33380204777353,1167.1031927564202
1788314.275142,321.33380204777353,1167.1031927564202
1788321.269628,321.33380204777353,1167.1031927564202
1788328.271008,321.33380204777353,1167.1031927564202
1788336.240902,321.33380204777353,1167.1031927564202
1788342.269974,321.33380204777353,1167.1031927564202
1788349.266874,321.33380204777353,1167.1031927564202
1788356.10809,321.33380204777353,1167.1031927564202
1788362.966607,321.33380204777353,1167.1031927564202
1788370.267671,321.33380204777353,1167.1031927564202
1788377.290965,321.33380204777353,1167.1031927564202
1788384.281121,321.33380204777353,1167.1031927564202
1788392.289056,321.33380204777353,1167.1031927564202
1788398.263572,321.33380204777353,1167.1031927564202
1788405.265068,321.33380204777353,1167.1031927564202
1788413.311661,321.33380204777353,1167.1031927564202
1788419.269372,328.41445386974584,1167.3371451723788
1788426.26539,341.1222140574346,1168.0182273656094
1788434.339717,343.9707019389349,1168.0506133894532
1788440.266966,341.0715036405236,1164.657566800317
1788448.352856,339.0726239936303,1164.1144865893057
1788454.263309,339.07243660677364,1164.1145043726842
1788461.277699,339.07243660677364,1164.1145043726842
1788469.391475,339.07243660677364,1164.1145043726842
1788475.270916,339.07243660677364,1164.1145043726842
1788481.965391,339.07243660677364,1164.1145043726842
1788490.388363,339.07243660677364,1164.1145043726842
1788496.273328,339.07243660677364,1164.1145043726842
1788503.28146,339.07243660677364,1164.1145043726842
1788510.268643,339.07243660677364,1164.1145043726842
1788517.271409,339.07243660677364,1164.1145043726842
1788525.439853,339.07243660677364,1164.1145043726842
1788531.279599,339.07243660677364,1164.1145043726842
1788538.263362,339.07243660677364,1164.1145043726842
1788546.4915,339.07243660677364,1164.1145043726842
1788552.265002,339.07243660677364,1164.1145043726842
1788559.271876,339.07243660677364,1164.1145043726842
1788567.721088,339.07243660677364,1164.1145043726842
1788573.357816,339.07243660677364,1164.1145043726842
1788580.717833,339.07243660677364,1164.1145043726842
1788587.268197,339.07243660677364,1164.1145043726842
1788594.300107,339.07243660677364,1164.1145043726842
1788600.975221,339.07243660677364,1164.1145043726842
1788609.526982,339.07243660677364,1164.1145043726842
1788615.273639,339.07243660677364,1164.1145043726842
1788623.557965,339.07243660677364,1164.1145043726842
1788629.356866,338.42414307801243,1164.3531571985334
1788636.263721,333.12442115156296,1166.181420031309
1788644.632635,330.64998034979146,1166.4110989379778
1788650.266609,328.32481310897765,1165.2475848661563
1788657.272164,328.6353419633334,1165.0645762875465
1788665.638703,328.666440313524,1165.0587485228455
1788671.270529,328.666440313524,1165.0587485228455
1788678.17386,328.666440313524,1165.0587485228455
1788685.280275,328.666440313524,1165.0587485228455
1788692.268058,328.666440313524,1165.0587485228455
1788700.670102,328.666440313524,1165.0587485228455
1788706.27656,328.666440313524,1165.0587485228455
1788713.266422,328.666440313524,1165.0587485228455
1788720.050009,328.666440313524,1165.0587485228455
1788728.837351,328.666440313524,1165.0587485228455
1788734.264503,328.666440313524,1165.0587485228455
1788740.946,328.666440313524,1165.0587485228455
1788747.945391,328.666440313524,1165.0587485228455
1788754.985514,328.666440313524,1165.0587485228455
1788762.265614,328.666440313524,1165.0587485228455
1788769.253228,328.666440313524,1165.0587485228455
1788776.549621,328.666440313524,1165.0587485228455
1788783.872856,328.666440313524,1165.0587485228455
1788790.26641,328.666440313524,1165.0587485228455
1788797.263685,328.666440313524,1165.0587485228455
1788803.953175,328.666440313524,1165.0587485228455
1788811.28231,328.666440313524,1165.0587485228455
1788817.946018,328.666440313524,1165.0587485228455
1788824.975843,328.666440313524,1165.0587485228455
1788832.269842,328.666440313524,1165.0587485228455
1788839.264633,328.666440313524,1165.0587485228455
1788845.964092,328.666440313524,1165.0587485228455
1788858.458805,328.666440313524,1165.0587485228455
1788859.96496,328.666440313524,1165.0587485228455
1788867.267692,328.666440313524,1165.0587485228455
1788874.279047,336.52342829180463,1163.3471383210172
1788881.263627,342.05705724088676,1161.2190338897365
1788888.270518,340.9621667747267,1162.9860078788786
1788895.267447,338.47229151976626,1165.0157555938983
1788902.736073,334.18959750409766,1167.3498463083686
1788909.355909,331.97496914874506,1169.8239895572726
1788916.272398,329.6258744819824,1170.3666955503938
1788923.290762,327.92386337467275,1169.1926682985588
1788930.263887,328.70600987743865,1168.7292589076706
1788937.267366,330.4199102899149,1168.343247248194
1788944.280958,333.07888550433694,1165.3002881647126
1788951.267484,332.8120635631566,1165.143207169756
1788958.280629,331.7987872573895,1166.4353541740381
1788964.941563,334.3062477285267,1166.6066530522944
1788972.996003,334.1692835394209,1167.142407733192
1788979.26857,334.0262411801528,1167.2740387856763
1788986.269376,334.0262411801528,1167.2740387856763
1788993.268626,334.0262411801528,1167.2740387856763
1789000.282429,334.27805885861113,1167.3613044988556
1789007.272733,334.0915265568404,1167.4989468724418
1789014.273025,334.0442404797789,1167.5828126308431
1789020.976467,334.0442404797789,1167.5828126308431
1789029.073342,334.0442404797789,1167.5828126308431
1789035.646569,334.0442404797789,1167.5828126308431
1789042.263755,334.0442404797789,1167.5828126308431
1789049.267862,334.0442404797789,1167.5828126308431
1789056.280882,334.0442404797789,1167.5828126308431
1789063.338969,334.0442404797789,1167.5828126308431
1789070.274956,334.0442404797789,1167.5828126308431
1789077.280632,334.0442404797789,1167.5828126308431
1789084.280917,334.0442404797789,1167.5828126308431
1789091.283648,334.0442404797789,1167.5828126308431
1789098.267406,334.0442404797789,1167.5828126308431
1789105.275515,334.0442404797789,1167.5828126308431
1789112.290977,334.0442404797789,1167.5828126308431
1789119.271988,334.0442404797789,1167.5828126308431
1789126.269899,334.0442404797789,1167.5828126308431
1789133.277977,334.0442404797789,1167.5828126308431
1789139.945432,334.0442404797789,1167.5828126308431
1789148.179827,334.0442404797789,1167.5828126308431
1789154.2692,334.0442404797789,1167.5828126308431
1789161.272585,334.0442404797789,1167.5828126308431
1789168.291975,334.0442404797789,1167.5828126308431
1789175.271031,334.0442404797789,1167.5828126308431
1789186.68892,334.0442404797789,1167.5828126308431
1789189.282201,334.0442404797789,1167.5828126308431
1789196.266199,334.0442404797789,1167.5828126308431
1789204.23059,334.0442404797789,1167.5828126308431
1789209.941631,334.0442404797789,1167.5828126308431
1789218.259907,334.0442404797789,1167.5828126308431
1789224.276127,334.0442404797789,1167.5828126308431
1789231.275006,334.0442404797789,1167.5828126308431
1789239.270224,334.0442404797789,1167.5828126308431
1789245.279744,334.0442404797789,1167.5828126308431
1789253.139947,334.0442404797789,1167.5828126308431
1789259.037338,334.0442404797789,1167.5828126308431
1789267.775203,334.0442404797789,1167.5828126308431
1789273.267218,334.0442404797789,1167.5828126308431
1789281.317403,334.0442404797789,1167.5828126308431
1789287.263451,334.0442404797789,1167.5828126308431
1789295.330978,334.0442404797789,1167.5828126308431
1789301.279278,334.0442404797789,1167.5828126308431
1789308.282992,334.0442404797789,1167.5828126308431
1789316.372849,334.0442404797789,1167.5828126308431
1789322.275334,334.0442404797789,1167.5828126308431
1789328.954607,334.0442404797789,1167.5828126308431
1789337.39112,334.0442404797789,1167.5828126308431
1789343.268873,334.0442404797789,1167.5828126308431
1789350.278939,334.0442404797789,1167.5828126308431
1789357.323873,334.0442404797789,1167.5828126308431
1789364.286283,334.0442404797789,1167.5828126308431
1789371.619261,334.0442404797789,1167.5828126308431
1789378.283161,334.0442404797789,1167.5828126308431
1789384.984485,334.0442404797789,1167.5828126308431
1789393.472818,334.0442404797789,1167.5828126308431
1789399.272994,334.0442404797789,1167.5828126308431
1789406.264527,334.0442404797789,1167.5828126308431
1789413.27595,334.0442404797789,1167.5828126308431
1789420.271819,334.0442404797789,1167.5828126308431
1789427.264088,334.0442404797789,1167.5828126308431
1789435.520365,334.0442404797789,1167.5828126308431
1789441.284981,334.0442404797789,1167.5828126308431
1789449.697021,334.0442404797789,1167.5828126308431
1789455.867139,334.0442404797789,1167.5828126308431
1789462.283245,334.0442404797789,1167.5828126308431
1789470.639482,334.0442404797789,1167.5828126308431
1789476.278005,334.0442404797789,1167.5828126308431
1789483.275162,334.0442404797789,1167.5828126308431
1789490.268297,334.0442404797789,1167.5828126308431
1789498.388547,334.0442404797789,1167.5828126308431
1789503.956948,334.0442404797789,1167.5828126308431
1789512.640731,334.0442404797789,1167.5828126308431
1789518.299618,334.0442404797789,1167.5828126308431
1789526.657661,334.0442404797789,1167.5828126308431
1789532.277047,334.0442404797789,1167.5828126308431
1789539.273952,334.0442404797789,1167.5828126308431
1789547.679465,334.0442404797789,1167.5828126308431
1789553.280913,334.0442404797789,1167.5828126308431
1789560.27431,334.0442404797789,1167.5828126308431
1789567.294447,334.0442404797789,1167.5828126308431
1789573.988832,334.0442404797789,1167.5828126308431
1789581.496723,334.0442404797789,1167.5828126308431
1789588.273703,334.0442404797789,1167.5828126308431
1789595.275092,334.0442404797789,1167.5828126308431
1789602.366768,334.0442404797789,1167.5828126308431
1789609.27709,334.0442404797789,1167.5828126308431
1789616.274212,334.0442404797789,1167.5828126308431
1789622.95576,334.0442404797789,1167.5828126308431
1789630.275045,334.0442404797789,1167.5828126308431
1789637.273976,334.0442404797789,1167.5828126308431
1789644.299354,334.0442404797789,1167.5828126308431
1789651.271726,334.0442404797789,1167.5828126308431
1789658.271427,334.0442404797789,1167.5828126308431
1789665.27518,334.0442404797789,1167.5828126308431
1789672.280918,334.0442404797789,1167.5828126308431
1789679.275079,334.0442404797789,1167.5828126308431
1789686.362366,334.0442404797789,1167.5828126308431
1789695.731242,334.0442404797789,1167.5828126308431
1789699.977016,334.0442404797789,1167.5828126308431
1789706.9769,334.0442404797789,1167.5828126308431
1789714.278324,334.0442404797789,1167.5828126308431
1789720.95045,334.0442404797789,1167.5828126308431
1789727.944841,334.0442404797789,1167.5828126308431
1789737.158811,334.0442404797789,1167.5828126308431
1789741.976259,334.0442404797789,1167.5828126308431
1789748.975321,334.0442404797789,1167.5828126308431
1789756.280274,334.0442404797789,1167.5828126308431
1789765.191195,334.0442404797789,1167.5828126308431
1789770.300715,334.0442404797789,1167.5828126308431
1789777.287394,334.0442404797789,1167.5828126308431
1789784.277303,334.0442404797789,1167.5828126308431
1789791.276291,334.0442404797789,1167.5828126308431
1789798.339436,334.0442404797789,1167.5828126308431
1789806.59364,334.0442404797789,1167.5828126308431
1789812.275161,334.0442404797789,1167.5828126308431
1789818.944831,334.0442404797789,1167.5828126308431
1789825.976342,334.0442404797789,1167.5828126308431
1789833.344974,334.0442404797789,1167.5828126308431
1789840.30218,334.0442404797789,1167.5828126308431
1789847.290825,334.0442404797789,1167.5828126308431
1789854.277548,334.0442404797789,1167.5828126308431
1789861.276601,334.0442404797789,1167.5828126308431
1789872.889804,334.0442404797789,1167.5828126308431
1789875.274432,334.0442404797789,1167.5828126308431
1789881.973844,334.0442404797789,1167.5828126308431
1789889.279959,334.0442404797789,1167.5828126308431
1789896.282219,334.0442404797789,1167.5828126308431
1789903.309136,334.0442404797789,1167.5828126308431
1789910.277304,334.0442404797789,1167.5828126308431
1789917.274635,334.0442404797789,1167.5828126308431
1789924.276006,334.0442404797789,1167.5828126308431
1789931.2901,334.0442404797789,1167.5828126308431
1789938.613084,334.0442404797789,1167.5828126308431
1789945.395893,334.0442404797789,1167.5828126308431
1789952.278676,334.0442404797789,1167.5828126308431
1789959.285393,334.0442404797789,1167.5828126308431
1789966.280106,334.0442404797789,1167.5828126308431
1789975.478058,334.0442404797789,1167.5828126308431
1789980.273095,334.0442404797789,1167.5828126308431
1789988.208296,334.0442404797789,1167.5828126308431
1789994.289742,334.0442404797789,1167.5828126308431
1790001.278224,334.0442404797789,1167.5828126308431
1790008.353171,334.0442404797789,1167.5828126308431
1790015.281929,331.60861208491235,1168.0827896548767
1790022.275536,331.60856943101106,1168.0827707734873
1790030.272133,331.60856943101106,1168.0827707734873
1790036.288122,331.60856943101106,1168.0827707734873
1790043.277128,331.60856943101106,1168.0827707734873
1790051.296314,331.60856943101106,1168.0827707734873
1790057.274048,331.2568010276606,1167.8386363895338
1790063.987128,332.43082521954136,1167.6526477176346
1790070.960382,333.79307376359867,1166.1563683245565
1790077.942236,334.46531786253695,1164.9145406015691
1790084.944376,334.9267537576449,1164.3553395323693
1790092.281782,334.9267891421807,1164.3552896826475
1790099.271634,334.9267891421807,1164.3552896826475
1790105.96184,334.9267891421807,1164.3552896826475
1790113.79443,334.9267891421807,1164.3552896826475
1790120.283159,334.9267891421807,1164.3552896826475
1790127.274876,334.9267891421807,1164.3552896826475
1790134.275621,334.9267891421807,1164.3552896826475
1790143.781403,334.9267891421807,1164.3552896826475
1790149.107509,334.9267891421807,1164.3552896826475
1790154.972603,334.9267891421807,1164.3552896826475
1790163.412354,334.9267891421807,1164.3552896826475
1790169.345103,334.9267891421807,1164.3552896826475
1790176.34445,334.9267891421807,1164.3552896826475
1790183.639932,334.9267891421807,1164.3552896826475
1790190.656539,334.9267891421807,1164.3552896826475
1790197.288044,334.9267891421807,1164.3552896826475
1790205.459929,334.9267891421807,1164.3552896826475
1790212.01643,334.9267891421807,1164.3552896826475
1790218.281075,334.9267891421807,1164.3552896826475
1790226.486008,332.9716941483728,1165.937995139449
1790232.274019,331.71376223392053,1166.270926189045
1790238.941963,331.815279362586,1165.6483534130045
1790246.283882,332.0938130719998,1164.9374046349667
1790252.945076,332.3302892727069,1165.1561062673484
1790261.526477,332.6613634687649,1165.6255134502965
1790267.342647,336.24949925791503,1168.7702801405444
1790274.27932,339.12789494671415,1171.5827117689662
1790282.551128,339.4022815975739,1172.0311895779503
1790288.278623,338.1538299532877,1171.038744558197
1790296.550728,338.1538299532877,1171.038744558197
1790302.291811,338.1538299532877,1171.038744558197
1790308.977213,338.1538299532877,1171.038744558197
1790318.496787,338.1538299532877,1171.038744558197
1790323.287729,338.1538299532877,1171.038744558197
1790330.278056,338.1538299532877,1171.038744558197
1790338.640289,338.1538299532877,1171.038744558197
1790344.275269,338.1538299532877,1171.038744558197
1790352.668786,338.1538299532877,1171.038744558197
1790358.280649,338.1538299532877,1171.038744558197
1790365.276285,338.1538299532877,1171.038744558197
1790373.740347,338.1538299532877,1171.038744558197
1790379.275381,338.1538299532877,1171.038744558197
1790386.281605,338.1538299532877,1171.038744558197
1790394.720198,338.1538299532877,1171.038744558197
1790400.276569,338.1538299532877,1171.038744558197
1790407.288293,338.1538299532877,1171.038744558197
1790414.294342,338.1538299532877,1171.038744558197
1790421.290873,338.1538299532877,1171.038744558197
1790427.945812,338.1538299532877,1171.038744558197
1790435.278188,338.1538299532877,1171.038744558197
1790442.275283,338.1538299532877,1171.038744558197
1790449.272368,338.1538299532877,1171.038744558197
1790457.904516,338.1538299532877,1171.038744558197
1790463.271731,338.1538299532877,1171.038744558197
1790470.292767,338.1538299532877,1171.038744558197
1790477.277845,338.1538299532877,1171.038744558197
1790484.277551,338.1538299532877,1171.038744558197
1790491.281739,338.1538299532877,1171.038744558197
1790498.291364,338.1538299532877,1171.038744558197
1790505.278188,338.1538299532877,1171.038744558197
1790512.273487,338.1538299532877,1171.038744558197
1790523.130487,338.1538299532877,1171.038744558197
1790526.288136,338.1538299532877,1171.038744558197
1790533.284099,338.1538299532877,1171.038744558197
1790540.280244,338.1538299532877,1171.038744558197
1790547.164438,338.1538299532877,1171.038744558197
1790558.108433,338.1538299532877,1171.038744558197
1790561.277464,338.1538299532877,1171.038744558197
1790568.28416,338.1538299532877,1171.038744558197
1790575.286703,338.1538299532877,1171.038744558197
1790582.272845,338.1538299532877,1171.038744558197
1790589.284976,338.1538299532877,1171.038744558197
1790596.287321,338.1538299532877,1171.038744558197
1790603.289609,338.1538299532877,1171.038744558197
1790610.276146,338.1538299532877,1171.038744558197
1790617.275876,338.1538299532877,1171.038744558197
1790626.085356,338.1538299532877,1171.038744558197
1790631.289114,338.1538299532877,1171.038744558197
1790638.288683,338.1538299532877,1171.038744558197
1790645.283407,338.1538299532877,1171.038744558197
1790652.280364,338.1538299532877,1171.038744558197
1790659.273999,338.1538299532877,1171.038744558197
1790666.28249,338.1538299532877,1171.038744558197
1790672.974823,338.1538299532877,1171.038744558197
1790681.045681,338.1538299532877,1171.038744558197
1790687.286351,338.1538299532877,1171.038744558197
1790694.288811,338.1538299532877,1171.038744558197
1790701.299518,333.9398537283771,1170.8487820815553
1790708.281036,327.59095935756005,1171.3620736363907
1790715.294241,327.5631927035699,1170.458632486457
1790722.278394,328.6066037622149,1168.7124285562695
1790729.274376,329.7459669376811,1167.7983231486971
1790736.281923,329.5151062279647,1167.60473622175
1790743.280113,330.58608514319195,1165.7787273920567
1790750.27213,329.6759299283968,1165.48081660532
1790757.280957,329.7925545107503,1165.9355083271334
1790764.608282,330.7623968550889,1166.853484939439
1790771.277463,331.8034747596601,1167.6982662446649
1790778.279152,331.8130211351344,1168.122058679416
1790785.280609,331.0374827402133,1167.876470159206
1790791.975288,331.2987797427499,1166.6238194502064
1790800.134199,329.9870842606821,1166.347665922502
1790806.287488,330.07342748171493,1165.394862901749
1790813.286038,329.3996488367544,1165.8020245244827
1790820.277344,329.57925383974253,1166.2870355754953
1790827.277553,329.77519774215324,1166.6351821968715
1790834.272952,331.3040147175335,1168.3816458173053
1790841.290062,330.51221699675153,1169.0313434523714
1790848.273185,329.71168540014685,1169.717307548708
1790855.275261,332.8728364017664,1166.70353697749
1790862.276292,333.4509663951698,1164.916538023743
1790869.278037,330.3167194338757,1164.4569800931126
1790876.448975,327.75237313472957,1165.8160125457998
1790883.283963,324.7935545089718,1166.998508868862
1790890.354115,324.1999151108102,1169.505399501287
1790897.274549,323.94124947466076,1172.1599206564374
1790904.279679,327.5034200336109,1170.6857732558308
1790910.97642,330.5149010417918,1168.7329143259453
1790919.225492,331.2400387919979,1166.6924633728574
1790925.279398,330.07369840067577,1163.9416647661794
1790933.236023,328.22182090086903,1162.2711411991677
1790939.280299,326.24905321704836,1162.6603383626912
1790946.272944,326.5019638404798,1160.771812983237
1790954.246298,330.00662404797134,1160.18437363499
1790960.277066,334.3179942673342,1158.366605085918
1790967.287425,334.2742449324302,1157.3796745535203
1790975.286197,333.9263288936861,1157.8220668128795
1790981.276889,334.22669253382367,1157.991077106094
1790989.28621,333.30102646200254,1158.5565123582403
1790995.280622,333.2622062381089,1159.649852130177
1791002.283176,334.8959037880515,1161.0356325646483
1791011.660476,335.62215571067156,1161.7977591366005
1791016.27374,335.8343318030129,1165.056484518909
1791023.282777,336.3323636020521,1169.1280172082718
1791031.332801,335.85208184259545,1170.2451079371674
1791037.948118,335.74651917014944,1169.8783781542327
1791044.282723,339.48297517955103,1166.914995918367
1791051.302825,340.4659748129425,1166.7303028961915
1791058.285385,339.7618472576208,1166.6229340661484
1791066.352196,337.97200204930704,1166.9893246902168
1791072.277318,335.95476791318936,1167.8423110228048
1791081.215354,334.30245391773565,1168.9046605556568
1791086.293656,332.3719941063412,1171.7983236742214
1791093.29167,331.2176024118808,1172.5646874704385
1791100.276215,329.9013553890263,1171.2894255857668
1791108.388802,328.42756717689866,1169.8256033039554
1791114.451551,329.1359264514577,1170.3186065623804
1791121.272474,331.6978194518188,1169.0652517880546
1791129.413165,332.3494746755601,1170.4886336507404
1791135.277192,331.2219434628673,1172.8844873289684
1791143.43908,331.51100066328814,1173.922040694918
1791149.280511,328.76250558783505,1172.9643604244302
1791155.951895,329.11998348671534,1170.9907480472023
1791164.45124,330.24923908872245,1168.868063034562
1791170.275986,332.11026902907787,1167.1876525258206
1791177.273947,332.53726503627865,1166.3684450442217
1791185.475939,334.3632923553142,1167.1444421965055
1791191.27749,334.30619169748405,1168.2322076272906
1791198.279167,333.69604387115623,1167.6452736937451
1791205.298058,334.70114331677263,1167.798502417641
1791212.286924,334.9338007698191,1167.5756433775073
1791220.515654,333.04960319975595,1165.079202780972
1791226.276177,332.1270873041858,1162.9027580000215
1791233.272869,333.8853925779362,1164.3301828831736
1791241.526041,334.4079571318618,1163.5287624488476
1791247.287,334.65663354660944,1163.7749829747981
1791254.284893,332.72818506781385,1166.4085491920555
1791262.533171,330.33846807312443,1167.4697014168305
1791268.473914,330.55975344576876,1167.3176116416935
1791275.544376,331.7345643124388,1167.1970131310243
1791282.043885,333.00734218861976,1167.301180846832
1791291.255662,333.5935252711794,1166.3396337110926
1791296.04316,335.1654627346212,1165.6864173894137
1791303.043825,335.37827969830545,1166.8078407899602
1791310.29084,335.06251092327676,1167.55056619033
1791318.639935,336.6542605285883,1168.1402903417243
1791326.436524,338.05403967862486,1168.0545750758176
1791331.275013,338.807151419222,1168.4563490668017
1791339.648542,339.8404787123944,1164.9074595283012
1791345.27357,340.28897955074495,1164.9801453417997
1791352.35262,341.0958960938852,1166.2156799866927
1791362.527914,341.8071229331783,1167.367756119106
1791366.679517,340.95257630972765,1167.3097676062853
1791374.67203,338.8997967021224,1166.1403207599194
1791380.279157,336.232448170451,1165.049441464986
1791387.280973,334.0886104379671,1165.151533976489
1791397.334794,332.3435578518763,1166.999750771133
1791400.948753,328.693174841604,1166.7266406350595
1791407.951681,324.56506001423764,1166.6365569396146
1791415.625053,321.81734725699346,1166.406939422524
1791422.473908,325.19740468645,1168.7961394596296
1791429.490886,326.11721691969797,1171.7627628034588
1791436.513184,325.289703601207,1172.8943964949588
1791443.480957,323.0591651760125,1174.084476348072
1791450.488032,323.1354343575415,1176.023943126236
1791457.51805,324.6516017256211,1177.8735608863371
1791464.55787,324.6520071621878,1177.8729693314383
1791471.582741,324.6520071621878,1177.8729693314383
1791478.586994,329.2402147335765,1166.3199170562455
1791485.446649,330.6094820833978,1161.367186114442
1791492.527544,331.48090921174213,1161.8881231879905
1791498.984675,331.7547709038394,1163.0504076589582
1791506.55093,331.7056514375245,1163.2426717566
1791513.574769,330.6214174613427,1165.4724481010658
1791520.042083,329.21747946894897,1169.9451344954039
1791527.591194,328.185789763416,1171.4866205052724
1791534.431937,328.50299147019456,1171.0331620384354
1791541.453616,328.8060750045463,1171.363333586739
1791548.780028,329.84568812787234,1173.3620474099816
1791554.978187,329.2874366057237,1173.9647851458697
1791561.977543,328.322825709093,1173.4740502212999
1791569.13354,328.02828059788595,1175.0956088516098
1791577.277926,326.9741118914998,1175.827633146778
1791584.995341,327.0630632269483,1174.6477410229757
1791590.634978,326.72830518247736,1171.5886860934559
1791597.549061,327.24621754393706,1170.5811501462933
1791604.480672,323.8556038613686,1168.104805978686
1791611.391476,295.1611148439103,1158.0919265921873
1791618.472244,278.18871091646844,1133.100444286089
1791625.265255,264.63736760289567,1082.4820486289245
1791636.556993,295.50683096831705,1051.8581998735729
1791638.973591,322.44719618393356,1060.012894963965
1791647.107641,341.9008148143846,1067.9388165997498
1791653.430698,413.52054644668146,1096.8530027036309
1791660.413239,422.35899146120994,1122.992650564885
1791671.866023,419.59222797679166,1146.797614276044
1791674.451337,380.97123674420726,1189.39805288042
1791681.425788,338.12750778251603,1177.4996980319177
1791688.798343,327.03377419237415,1173.312531785007
1791695.639653,327.03377419237415,1173.312531785007
1791701.967116,327.03377419237415,1173.312531785007
1791708.984842,327.03377419237415,1173.312531785007
1791716.053638,327.03377419237415,1173.312531785007
1791723.491561,327.03377419237415,1173.312531785007
1791730.472682,327.03377419237415,1173.312531785007
1791736.949525,327.03377419237415,1173.312531785007
1791745.377158,327.03377419237415,1173.312531785007
1791751.549922,327.03377419237415,1173.312531785007
1791758.300253,318.13509443289524,1168.3317756084036
1791766.644607,301.8213956213238,1163.1462457907965
1791771.984051,291.5057102530088,1157.2854070179653
1791780.758374,263.82407043664244,1085.959609452069
1791786.453599,280.12769957454196,1048.481549685661
1791793.294832,323.3988040096892,1056.8185375466162
1791800.460654,408.85034135290215,1091.630459144514
1791807.317975,465.6635659355544,1112.792915021496
1791813.996094,526.9125291172829,1135.936024631815
1791821.044843,577.8382486394561,1149.05731027712
1791828.046793,577.8382486394561,1149.05731027712
1791835.968446,577.8382486394561,1149.05731027712
1791842.468801,577.8382486394561,1149.05731027712
1791848.954234,577.8382486394561,1149.05731027712
1791857.330529,577.8382486394561,1149.05731027712
1791863.581722,577.8382486394561,1149.05731027712
1791870.920245,577.8382486394561,1149.05731027712
1791877.835254,577.8382486394561,1149.05731027712
1791883.950791,588.7619473376946,1152.4796225527011
1791892.504205,593.5962805987424,1151.5595979248385
1791898.559463,613.4513880505151,1124.3328754612917
1791905.528817,630.6392756133067,1066.9834281259684
1791912.324932,630.6984598331529,1064.2428861037138
1791919.334767,630.6984598331529,1064.2428861037138
1791926.29454,630.6984598331529,1064.2428861037138
1791933.480658,630.6984598331529,1064.2428861037138
1791940.430946,630.6984598331529,1064.2428861037138
1791947.51981,667.2557661827865,1004.4316540552929
1791953.959162,743.8617562697002,961.6826265415534
1791960.95441,836.0346524986174,926.0866777733618
1791968.567077,937.3039330901431,856.3255838337946
1791975.641768,945.2386728409499,842.5593169921352
1791985.695534,945.2386728409499,842.5593169921352
1791990.417133,945.2386728409499,842.5593169921352
1791995.98188,945.2386728409499,842.5593169921352
1792002.953603,945.2386728409499,842.5593169921352
1792010.956261,946.8809905003436,838.1811368276668
1792022.529881,972.7938790054452,815.734256889057
1792026.121244,1012.3972796642156,785.0660279282919
1792031.050892,1055.639550054768,731.120591110188
1792038.051097,1092.8498589104574,680.8336088493069
1792045.000014,1102.3444496884763,628.3138932378763
1792052.010038,1171.6016507231527,585.524230354512
1792059.051048,1214.625538188491,537.958868684581
1792073.243322,1252.117640193769,520.8282127261899
1792073.385115,1328.5312698448201,566.8953627783692
1792079.988349,1385.3777786519026,608.2015464168978
1792091.300855,1433.8741514269818,645.659463514112
1792094.360902,1477.7415914837773,676.1532678183084
1792101.62746,1492.4919820044747,645.1600738030216
1792108.415235,1524.9023411933151,584.8451273004644
1792115.054452,1551.244108790645,533.5493078450363
1792122.000413,1551.3877916719653,529.236464059124
1792129.049225,1551.5197159070444,526.6937389951667
1792136.048795,1551.5197159070444,526.6937389951667
1792144.713406,1551.5197159070444,526.6937389951667
1792150.287493,1551.5197159070444,526.6937389951667
1792157.311,1551.5197159070444,526.6937389951667
1792165.37958,1551.021038003194,520.9643995927416
1792171.288629,1549.223534273152,516.4198676160837
1792178.281687,1549.223534273152,516.4198676160837
1792186.437435,1549.223534273152,516.4198676160837
1792192.283831,1549.223534273152,516.4198676160837
1792199.002402,1549.223534273152,516.4198676160837
1792207.435224,1549.223534273152,516.4198676160837
1792213.291881,1549.223534273152,516.4198676160837
1792221.491096,1549.223534273152,516.4198676160837
1792227.284614,1549.223534273152,516.4198676160837
1792234.282966,1549.223534273152,516.4198676160837
1792242.51343,1549.223534273152,516.4198676160837
1792248.053956,1547.6499318626802,513.9500878279185
1792255.052657,1534.2015690083267,506.49137771830135
1792264.140956,1494.4761253596762,467.0527033460868
1792269.479632,1472.0902566705588,432.8119918653511
1792276.892359,1465.0343520954732,413.0636579611724
1792283.454401,1455.4935465818564,411.84716705504263
1792290.054289,1454.1384125311404,412.59230239895277
1792299.016999,1454.1384125311404,412.59230239895277
1792304.324454,1454.1384125311404,412.59230239895277
1792311.376863,1454.1384125311404,412.59230239895277
1792318.723982,1454.1384125311404,412.59230239895277
1792325.004824,1454.1384125311404,412.59230239895277
1792332.087706,1445.5510830307132,415.13805767756185
1792340.396356,1422.102887227909,435.5455072696253
1792346.385163,1390.8630814238347,459.9879243720228
1792354.222144,1359.9247424204857,492.2438907425034
1792361.055645,1331.7856514458656,538.6334174940439
1792367.861884,1250.664775629209,601.0984820516303
1792373.980466,1180.8698088562812,625.5492704607619
1792382.389934,1142.4778159375016,649.5585174464065
1792388.131546,1090.239166330543,637.0353805074437
1792404.362666,1065.131252225117,598.3083641117775
1792404.371569,1052.9345250373308,584.6044262356498
1792408.959021,1052.9345250373308,584.6044262356498
1792415.984936,1040.6197084773464,572.0420792119756
1792423.291301,1002.7211608836524,537.5329104537562
1792430.451734,991.8536870108614,527.6125984235858
1792437.296435,991.8536870108614,527.6125984235858
1792443.959315,991.8536870108614,527.6125984235858
1792450.996055,991.8536870108614,527.6125984235858
1792457.986502,991.8536870108614,527.6125984235858
1792465.292321,991.8536870108614,527.6125984235858
1792472.291258,991.8536870108614,527.6125984235858
1792479.300813,991.8536870108614,527.6125984235858
1792486.340214,991.8536870108614,527.6125984235858
1792492.995229,991.8536870108614,527.6125984235858
1792499.959793,991.8536870108614,527.6125984235858
1792507.303889,991.8536870108614,527.6125984235858
1792514.347872,991.8536870108614,527.6125984235858
1792521.300341,991.8536870108614,527.6125984235858
1792528.292531,991.8536870108614,527.6125984235858
1792535.288367,991.8536870108614,527.6125984235858
1792542.287933,991.8536870108614,527.6125984235858
1792549.850721,988.8606914807647,524.8671302440517
1792558.007387,947.9786178205997,489.64192326904333
1792563.002549,910.9616737206924,455.01378990485915
1792571.0728,880.6845299836359,427.18617108033334
1792577.457547,876.9976774525156,424.9394363759686
1792584.335196,876.9976774525156,424.9394363759686
1792591.300148,876.9976774525156,424.9394363759686
1792598.396205,876.9976774525156,424.9394363759686
1792605.464002,876.9976774525156,424.9394363759686
1792612.152362,853.9939408015125,406.7843036802933
1792618.982912,794.9795804970777,353.84093559020005
1792626.393875,742.6409451031202,308.08720457368656
1792633.06045,683.6935466493709,260.55524003330714
1792640.309397,607.5508261881968,197.7805310057196
1792647.342647,556.9577384726435,152.87655688786126
1792653.962791,497.3301711752571,101.70499708040413
1792660.955563,419.1294190147386,27.208606676704107
1792669.151503,375.20789033583276,-12.118842661332485
1792675.353113,338.52371190060035,-40.525329849671806
1792684.986831,288.93531945872127,-66.99302861774645
1792689.342999,256.57829351226945,-73.80199871320285
1792696.469435,231.5622901604449,-74.20077334983472
1792703.398244,200.2858668358882,1.2851529426783712
1792710.484908,173.14000281571055,38.57385650420983
1792716.962241,114.90990228025836,13.405671936948155
1792724.317393,32.72248549919488,-7.344684942299061
1792732.388247,-10.660082201756147,-17.150428574153835
1792737.95943,-44.893738848887196,-33.47920823712321
1792746.347829,-41.70325655625114,-117.58716635532056
1792752.049416,-5.555421978220269,-143.60644148902412
1792754.564776,-5.555421978220269,-143.60644148902412
1792759.059161,38.810431926133106,-150.0859119859394
1792767.212728,54.53414554951267,-144.16576996263245
1792773.000755,54.53414554951267,-144.16576996263245
1792780.325095,54.53414554951267,-144.16576996263245
1792786.959454,54.53414554951267,-144.16576996263245
1792794.923453,54.53414554951267,-144.16576996263245
1792801.010441,54.53414554951267,-144.16576996263245
1792809.341689,54.53414554951267,-144.16576996263245
1792815.361714,54.53414554951267,-144.16576996263245
1792823.137762,54.53414554951267,-144.16576996263245
1792829.46412,54.53414554951267,-144.16576996263245
1792836.431095,54.53414554951267,-144.16576996263245
1792843.407923,54.53414554951267,-144.16576996263245
1792850.379351,54.53414554951267,-144.16576996263245
1792858.777033,54.53414554951267,-144.16576996263245
1792863.988458,54.53414554951267,-144.16576996263245
1792871.161324,54.53414554951267,-144.16576996263245
1792878.389295,54.53414554951267,-144.16576996263245
1792885.450862,54.53414554951267,-144.16576996263245
1792896.980017,54.53414554951267,-144.16576996263245
1792898.988029,54.53414554951267,-144.16576996263245
1792905.991517,54.53414554951267,-144.16576996263245
1792913.004597,54.53414554951267,-144.16576996263245
1792920.393866,54.53414554951267,-144.16576996263245
1792927.409372,54.53414554951267,-144.16576996263245
1792934.379635,54.53414554951267,-144.16576996263245
1792941.360054,54.53414554951267,-144.16576996263245
1792948.414383,54.53414554951267,-144.16576996263245
1792955.356529,54.53414554951267,-144.16576996263245
1792962.447576,54.53414554951267,-144.16576996263245
1792969.325135,54.53414554951267,-144.16576996263245
1792976.456257,54.53414554951267,-144.16576996263245
1792983.003953,54.53414554951267,-144.16576996263245
1792991.710895,54.53414554951267,-144.16576996263245
1792997.705047,54.53414554951267,-144.16576996263245
1793004.060983,54.53414554951267,-144.16576996263245
1793012.973367,54.53414554951267,-144.16576996263245
1793018.389407,54.53414554951267,-144.16576996263245
1793025.664022,54.53414554951267,-144.16576996263245
1793032.3868,54.53414554951267,-144.16576996263245
1793039.412812,54.53414554951267,-144.16576996263245
1793046.445874,54.53414554951267,-144.16576996263245
1793053.325317,54.53414554951267,-144.16576996263245
1793060.300831,55.3130695056943,-143.28206695555969
1793069.228602,55.3130695056943,-143.28206695555969
1793075.862607,55.3130695056943,-143.28206695555969
1793081.423988,55.3130695056943,-143.28206695555969
1793088.939763,55.3130695056943,-143.28206695555969
1793097.259978,55.3130695056943,-143.28206695555969
1793101.988057,55.3130695056943,-143.28206695555969
1793111.536212,55.3130695056943,-143.28206695555969
1793116.59361,55.3130695056943,-143.28206695555969
1793124.456375,55.3130695056943,-143.28206695555969
1793130.653078,55.3130695056943,-143.28206695555969
1793137.532458,55.3130695056943,-143.28206695555969
1793145.777043,55.3130695056943,-143.28206695555969
1793151.387141,55.3130695056943,-143.28206695555969
1793158.49356,55.3130695056943,-143.28206695555969
1793165.049709,55.3130695056943,-143.28206695555969
1793172.944106,55.3130695056943,-143.28206695555969
1793179.3934,55.3130695056943,-143.28206695555969
1793187.904332,55.3130695056943,-143.28206695555969
1793193.356987,55.3130695056943,-143.28206695555969
1793200.346471,55.3130695056943,-143.28206695555969
1793208.940944,55.3130695056943,-143.28206695555969
1793214.375309,55.3130695056943,-143.28206695555969
1793222.88944,55.3130695056943,-143.28206695555969
1793227.988574,55.3130695056943,-143.28206695555969
1793235.667535,55.3130695056943,-143.28206695555969
1793241.997001,55.3130695056943,-143.28206695555969
1793249.83858,55.3130695056943,-143.28206695555969
1793256.409002,55.3130695056943,-143.28206695555969
1793263.442673,55.3130695056943,-143.28206695555969
1793270.503906,55.3130695056943,-143.28206695555969
1793277.364077,55.3130695056943,-143.28206695555969
1793284.418188,55.3130695056943,-143.28206695555969
1793291.392606,55.3130695056943,-143.28206695555969
1793298.463079,55.3130695056943,-143.28206695555969
1793304.996986,55.3130695056943,-143.28206695555969
1793312.468149,55.3130695056943,-143.28206695555969
1793319.404344,55.3130695056943,-143.28206695555969
1793326.41444,55.3130695056943,-143.28206695555969
1793333.399206,55.3130695056943,-143.28206695555969
1793340.456976,55.3130695056943,-143.28206695555969
1793347.346929,55.3130695056943,-143.28206695555969
1793354.012382,55.3130695056943,-143.28206695555969
1793361.061268,55.3130695056943,-143.28206695555969
1793368.060977,55.3130695056943,-143.28206695555969
1793375.414114,55.3130695056943,-143.28206695555969
1793382.411574,55.3130695056943,-143.28206695555969
1793389.389885,55.3130695056943,-143.28206695555969
1793396.303099,55.3130695056943,-143.28206695555969
1793403.339149,55.3130695056943,-143.28206695555969
1793410.337823,55.3130695056943,-143.28206695555969
1793417.416115,55.3130695056943,-143.28206695555969
1793424.47626,55.3130695056943,-143.28206695555969
1793431.38816,55.3130695056943,-143.28206695555969
1793438.402796,55.3130695056943,-143.28206695555969
1793445.422865,55.3130695056943,-143.28206695555969
1793452.458521,55.3130695056943,-143.28206695555969
1793459.476073,55.3130695056943,-143.28206695555969
1793466.466399,55.3130695056943,-143.28206695555969
1793472.999253,55.3130695056943,-143.28206695555969
1793480.393678,55.3130695056943,-143.28206695555969
1793488.208664,55.3130695056943,-143.28206695555969
1793494.408006,55.3130695056943,-143.28206695555969
1793501.414865,55.3130695056943,-143.28206695555969
1793508.429553,55.3130695056943,-143.28206695555969
1793515.417166,55.3130695056943,-143.28206695555969
1793522.433943,55.3130695056943,-143.28206695555969
1793529.799234,55.3130695056943,-143.28206695555969
1793537.679907,55.3130695056943,-143.28206695555969
1793543.429843,55.3130695056943,-143.28206695555969
1793550.595166,55.3130695056943,-143.28206695555969
1793557.382208,55.3130695056943,-143.28206695555969
1793564.539027,55.3130695056943,-143.28206695555969
1793571.56733,55.3130695056943,-143.28206695555969
1793578.492446,55.3130695056943,-143.28206695555969
1793585.4197,55.3130695056943,-143.28206695555969
1793591.963191,55.3130695056943,-143.28206695555969
1793598.979652,55.3130695056943,-143.28206695555969
1793605.967319,55.3130695056943,-143.28206695555969
1793614.507577,55.3130695056943,-143.28206695555969
1793620.564636,55.3130695056943,-143.28206695555969
1793627.500357,55.3130695056943,-143.28206695555969
1793634.426094,55.3130695056943,-143.28206695555969
1793641.421725,55.3130695056943,-143.28206695555969
1793648.524903,55.3130695056943,-143.28206695555969
1793655.45919,55.3130695056943,-143.28206695555969
1793664.107799,55.3130695056943,-143.28206695555969
1793669.545605,55.3130695056943,-143.28206695555969
1793676.000475,55.3130695056943,-143.28206695555969
1793684.570112,55.3130695056943,-143.28206695555969
1793690.413565,55.3130695056943,-143.28206695555969
1793697.405556,55.3130695056943,-143.28206695555969
1793704.503735,55.3130695056943,-143.28206695555969
1793711.43545,55.3130695056943,-143.28206695555969
1793717.99754,55.3130695056943,-143.28206695555969
1793724.974878,55.3130695056943,-143.28206695555969
1793735.999904,55.3130695056943,-143.28206695555969
1793739.425972,55.3130695056943,-143.28206695555969
1793746.446794,55.3130695056943,-143.28206695555969
1793753.420635,55.3130695056943,-143.28206695555969
1793761.54002,55.3130695056943,-143.28206695555969
1793767.333312,55.3130695056943,-143.28206695555969
1793774.43605,55.3130695056943,-143.28206695555969
1793782.605954,55.3130695056943,-143.28206695555969
1793788.485475,55.3130695056943,-143.28206695555969
1793795.429622,55.3130695056943,-143.28206695555969
1793803.558539,55.3130695056943,-143.28206695555969
1793809.405393,55.3130695056943,-143.28206695555969
1793816.372858,55.3130695056943,-143.28206695555969
1793823.44259,55.3130695056943,-143.28206695555969
1793830.383256,55.3130695056943,-143.28206695555969
1793837.012368,55.3130695056943,-143.28206695555969
1793844.975978,55.3130695056943,-143.28206695555969
1793850.96412,55.3130695056943,-143.28206695555969
1793858.384822,55.3130695056943,-143.28206695555969
1793865.541846,55.3130695056943,-143.28206695555969
1793875.830374,55.3130695056943,-143.28206695555969
1793881.053094,55.3130695056943,-143.28206695555969
1793886.440451,55.3130695056943,-143.28206695555969
1793893.454392,55.3130695056943,-143.28206695555969
1793901.734488,55.3130695056943,-143.28206695555969
1793907.724677,55.3130695056943,-143.28206695555969
1793914.387462,55.3130695056943,-143.28206695555969
1793922.743892,55.3130695056943,-143.28206695555969
1793928.407673,55.3130695056943,-143.28206695555969
1793935.386074,55.3130695056943,-143.28206695555969
1793942.411525,55.3130695056943,-143.28206695555969
1793949.477654,55.3130695056943,-143.28206695555969
1793956.018955,55.3130695056943,-143.28206695555969
1793963.97976,55.3130695056943,-143.28206695555969
1793969.9683,55.3130695056943,-143.28206695555969
1793980.640932,55.3130695056943,-143.28206695555969
1793984.420553,55.3130695056943,-143.28206695555969
1793993.76367,55.3130695056943,-143.28206695555969
1793998.506017,55.3130695056943,-143.28206695555969
1794005.649968,55.3130695056943,-143.28206695555969
1794012.670144,53.64349461282577,-145.01482533301558
1794019.382189,47.99023915520886,-146.70220964145489
1794026.438379,12.454836339859824,-116.90784832885012
1794034.396225,5.420070564427471,-90.01750368853023
1794040.455809,-7.312459998815717,-63.05668794278578
1794048.842605,-13.365061377745846,-39.54632135735642
1794055.042002,-12.09787637911353,-38.22135021995707
1794061.654281,-12.09787637911353,-38.22135021995707
1794068.633427,-12.09787637911353,-38.22135021995707
1794075.790458,-12.09787637911353,-38.22135021995707
1794081.969088,-12.09787637911353,-38.22135021995707
1794089.875517,-12.09787637911353,-38.22135021995707
1794096.72759,-12.09787637911353,-38.22135021995707
1794103.772583,-12.09787637911353,-38.22135021995707
1794110.638103,-12.09787637911353,-38.22135021995707
1794117.718462,-12.09787637911353,-38.22135021995707
1794125.073315,-12.09787637911353,-38.22135021995707
1794131.628511,-12.09787637911353,-38.22135021995707
1794138.57926,-12.09787637911353,-38.22135021995707
1794145.551481,-12.09787637911353,-38.22135021995707
1794153.200624,-12.09787637911353,-38.22135021995707
1794159.063982,-12.09787637911353,-38.22135021995707
1794166.656297,-12.09787637911353,-38.22135021995707
1794173.348896,-12.09787637911353,-38.22135021995707
1794180.471413,-12.02564790335867,-37.6553580322995
1794188.689654,-7.794535091117637,-24.484871136022583
1794194.430789,29.777419557469198,-11.42746406016466
1794200.969552,63.45673080419011,-3.9703097280913946
1794202.324205,79.55022325849164,-0.152373938402119
1794209.919787,89.72142813452635,1.7786074435056394
1794214.980979,91.27345038168095,1.8250875759325489
1794222.504296,91.27345038168095,1.8250875759325489
1794229.451188,91.27345038168095,1.8250875759325489
1794236.416142,91.27345038168095,1.8250875759325489
1794243.475252,105.0793362739353,4.950658132735641
1794250.748467,149.825020110421,21.082697736176733
1794257.424979,202.9290179361754,2.1580800815438494
1794264.073366,221.29903878431958,-49.832261508288646
1794271.017803,239.50061782129967,-88.25833165842185
1794278.017707,324.1757853692225,-77.8028840796009
1794285.317311,360.52775701435905,-52.398714687671436
1794292.068735,361.12375585605315,-50.5072211792924
1794300.486366,361.12375585605315,-50.5072211792924
1794307.055095,361.12375585605315,-50.5072211792924
1794313.609965,361.12375585605315,-50.5072211792924
1794320.029614,362.35020765917045,-42.35023204772057
1794327.30463,395.6798399863571,-5.824248153408454
1794336.556543,426.54001464409805,27.238498738960807
1794340.996183,452.8837199752501,49.738636337684824
1794348.001806,485.5199762645064,81.05094454113433
1794355.423135,525.0807302725456,119.67758603603947
1794362.500274,532.952508726026,127.71082468049832
1794369.529825,532.952508726026,127.71082468049832
1794376.520095,532.952508726026,127.71082468049832
1794383.530396,532.952508726026,127.71082468049832
1794390.714869,545.7714992768595,136.9537753576244
1794397.385029,579.9932888476658,165.22552304896783
1794404.53446,621.3558340937171,200.94874223888004
1794411.561236,623.6609646936533,204.2101871624668
1794418.455635,623.6609646936533,204.2101871624668
1794425.349728,623.6609646936533,204.2101871624668
1794432.414359,654.9843552830445,235.35728682586642
1794441.192923,692.2982962035978,269.2736765356828
1794446.002711,754.3408228947028,321.62231485045004
1794453.560973,796.356224761386,357.7487261593206
1794460.455641,832.0075895540076,387.24554201965213
1794467.316634,856.8325921651331,408.1575886788293
1794474.348904,856.8325921651331,408.1575886788293
1794481.379107,856.8325921651331,408.1575886788293
1794488.444958,856.8325921651331,408.1575886788293
1794495.35478,856.8325921651331,408.1575886788293
1794502.432572,856.8325921651331,408.1575886788293
1794509.307328,856.8325921651331,408.1575886788293
1794516.009444,856.8325921651331,408.1575886788293
1794522.973509,856.8325921651331,408.1575886788293
1794530.480041,902.3910763470318,449.1121211561035
1794537.436377,938.3386533727269,481.08891723534765
1794546.699029,977.9924142776538,513.4549561517214
1794551.300021,1023.6512824859967,554.8162034517808
1794558.650237,1028.8868749206554,559.9881587604857
1794565.007458,1028.8868749206554,559.9881587604857
1794572.58081,1028.8868749206554,559.9881587604857
1794579.373288,1059.9959238647275,587.1514857023451
1794588.244411,1095.1616039040337,612.4870347656457
1802585.082313,-2794.8115719105585,1428.9371622599303
1802585.084548,-2794.8115719105585,1428.9371622599303
1802589.523587,-2769.6411145809802,1492.597108832266
1802589.525001,-2769.6411145809802,1492.597108832266
1802593.651888,-2761.5394074292494,1561.8129822679077
1802593.652471,-2761.5394074292494,1561.8129822679077
1802607.129157,-2725.6593213558053,1695.648383757996
1802607.129716,-2725.6593213558053,1695.648383757996
1802619.599609,-2690.7015698651885,1768.3947374899585
1802620.315247,-2615.8396829020057,1877.1246571499616
1802627.368843,-2566.628865359179,1928.40586144524
1802634.367443,-2535.0288352544935,1958.4152269809074
1802643.908403,-2528.927348820295,1964.0311554294942
1802648.868973,-2528.927348820295,1964.0311554294942
1802658.598421,-2499.488738737044,2006.4442705333709
1802662.896941,-2432.8723485934797,2067.2350827039068
1802669.32522,-2382.6920943270457,2117.4525070319883
1802678.964796,-2340.397313444301,2154.191368671535
1802683.375712,-2325.5373155154025,2173.498955388802
1802696.185236,-2325.5373155154025,2173.498955388802
1802704.895614,-2325.5373155154025,2173.498955388802
1802705.638149,-2325.5373155154025,2173.498955388802
1802705.638769,-2325.5373155154025,2173.498955388802
1802709.697225,-2325.5354671060027,2173.5005514547934
1802718.018556,-2325.5354671060027,2173.5005514547934
1802730.859061,-2325.5354671060027,2173.5005514547934
1802731.996951,-2297.3948952639553,2206.5315163868304
1802745.338842,-2255.864913715944,2248.670885773028
1802745.579735,-2240.500264262384,2264.5319561459246
1802745.580287,-2240.500264262384,2264.5319561459246
1802746.883358,-2240.500264262384,2264.5319561459246
1802754.465582,-2229.371602638414,2271.7458298363126
1802767.333073,-2186.231673275858,2321.67917970081
1802772.325465,-2161.186381534631,2319.3124627132242
1802776.214235,-2128.9446223341624,2304.6839171442743
1802776.214939,-2128.9446223341624,2304.6839171442743
1802777.613569,-2128.9446223341624,2304.6839171442743
1802784.588811,-2128.9446223341624,2304.6839171442743
1802795.471827,-2124.3483703539237,2314.139143500754
1802799.073663,-2124.3483703539237,2314.139143500754
1802805.994658,-2124.2788366288805,2314.4619535558036
1802812.580628,-2110.6695054709003,2310.7113793368926
1802821.782511,-2088.312807917525,2299.2693132428562
1802830.708307,-2077.816672386526,2288.0818304926884
1802833.555342,-2077.816672386526,2288.0818304926884
1802842.153814,-2054.5893659480926,2270.8372055634163
1802847.954428,-2020.600303650055,2261.001510048089
1802854.984554,-2019.4828757231464,2224.1354738671275
1802861.571128,-2027.5262371835988,2168.548748386066
1802876.732531,-2024.8832243450856,2100.4861268223467
1802876.882982,-2026.1997846539464,2074.313645621384
1802883.358936,-2031.247795727575,2028.9369144215784
1802889.63155,-2034.9201985747713,1937.6304029527248
1802897.186909,-2034.9172106330236,1890.750593388527
1802903.977539,-2039.2937412275378,1838.3474885151936
1802911.229224,-2044.4775929635618,1731.2932399070357
1802917.959488,-2050.5142362953206,1668.9105873418127
1802924.981447,-2055.344295734813,1603.2811061957666
1802932.739337,-2050.3821106827227,1503.4579289035794
1802939.973302,-2050.4111922230118,1449.856169012905
1802945.59494,-2050.6409695451066,1438.5617769384892
1802952.639178,-2052.3306261121515,1423.6365185124835
1802959.690025,-2048.3515239249723,1409.1877538653985
1802968.889726,-2048.3515239249723,1409.1877538653985
1802973.989774,-2048.3515239249723,1409.1877538653985
1802980.557199,-2048.3515239249723,1409.1877538653985
1802987.898246,-2048.3515239249723,1409.1877538653985
1802994.621932,-2048.3515239249723,1409.1877538653985
1803006.651502,-2048.3515239249723,1409.1877538653985
1803009.068036,-2048.3515239249723,1409.1877538653985
1803016.021388,-2053.9773451552105,1395.548303870584
1803022.980504,-2041.8218383475496,1385.0175162860137
1803034.551563,-1991.1830158066623,1401.269009948095
1803036.590443,-1901.7723630199625,1433.4647134474087
1803044.123187,-1849.3199533860318,1452.7810166987936
1803050.592,-1814.087021316488,1463.8942753398524
1803058.978539,-1788.8876063784048,1473.7500266466955
1803065.691868,-1788.8876063784048,1473.7500266466955
1803073.723492,-1788.8876063784048,1473.7500266466955
1803078.9852,-1792.150136605227,1488.6248546478107
1803087.369746,-1747.2408214063685,1494.9683019558536
1803092.974514,-1681.7539208210187,1506.7308297550935
1803100.005718,-1589.7757952791717,1534.0067094861429
1803106.583003,-1564.1137016863422,1538.2634536975238
1803119.154062,-1506.1490938510715,1558.3919879620018
1803120.587605,-1421.3771474630187,1587.6676009097653
1803137.785367,-1391.3997177349227,1596.142005783074
1803137.794468,-1377.036433466668,1594.6955148953025
1803153.594987,-1322.876053732759,1487.653865488403
1803153.595628,-1322.876053732759,1487.653865488403
1803155.110523,-1322.876053732759,1487.653865488403
1803176.65487,-1306.5480077776142,1453.397127292456
1803176.658562,-1302.135972131758,1441.5096890100256
1803176.662803,-1296.2240631201714,1426.3845301923586
1803183.058388,-1291.400298409734,1409.0039456893721
1803190.080949,-1277.4963798903232,1379.3841399388505
1803197.060607,-1275.2055768894213,1370.1215256867163
1803204.067951,-1275.2055768894213,1370.1215256867163
1803211.501059,-1275.2055768894213,1370.1215256867163
1803218.063794,-1271.4431110429723,1359.1697089518298
1803225.107098,-1271.4431110429723,1359.1697089518298
1803243.047981,-1271.4431110429723,1359.1697089518298
1803248.679317,-1271.4431110429723,1359.1697089518298
1803277.88549,-1191.472502192197,1195.8976721391919
1803277.886955,-1191.472502192197,1195.8976721391919
1803283.107778,-1191.472502192197,1195.8976721391919
1803286.429879,-1168.0578001430042,1161.0241909129109
1803293.529252,-1162.2671952940645,1136.7093557771152
1803303.245855,-1152.1804537204896,1100.177798219657
1803307.5448,-1138.900522707983,1077.619090389976
1803315.15679,-1138.635417041097,1075.7020804531887
1803321.95204,-1138.635417041097,1075.7020804531887
1803328.955752,-1137.7273511585731,1055.9171078315728
1803345.919774,-1122.1719783696822,1029.6930887923015
1803345.920447,-1122.1719783696822,1029.6930887923015
1803347.65802,-1122.1719783696822,1029.6930887923015
1803350.436347,-1122.1719783696822,1029.6930887923015
1803354.706888,-1122.1719783696822,1029.6930887923015
1803362.331222,-1122.1719783696822,1029.6930887923015
1803378.066451,-1122.1719783696822,1029.6930887923015
1803408.735009,-1122.1719783696822,1029.6930887923015
1803408.73651,-1122.1719783696822,1029.6930887923015
1803414.538017,-1122.1719783696822,1029.6930887923015
1803418.766022,-1122.1719783696822,1029.6930887923015
1803425.676147,-1122.1719783696822,1029.6930887923015
1803433.706789,-1122.1719783696822,1029.6930887923015
1803450.101702,-1122.1719783696822,1029.6930887923015
1803458.110856,-1122.4452674110503,1028.346628598491
1803458.111482,-1122.4452674110503,1028.346628598491
1803459.730058,-1122.4452674110503,1028.346628598491
1803467.269204,-1122.4452674110503,1028.346628598491
1803474.27561,-1122.4452674110503,1028.346628598491
1803507.535282,-1121.4815764399086,1027.7811475454728
1803507.535949,-1121.4815764399086,1027.7811475454728
1803510.675553,-1121.4815764399086,1027.7811475454728
1803519.904616,-1121.4815764399086,1027.7811475454728
1803525.116646,-1121.4815764399086,1027.7811475454728
1803529.475342,-1121.4815764399086,1027.7811475454728
1803529.475958,-1121.4815764399086,1027.7811475454728
1803531.902547,-1121.4815764399086,1027.7811475454728
1803548.889186,-1121.4815764399086,1027.7811475454728
1803548.892843,-1121.4815764399086,1027.7811475454728
1803552.983706,-1121.4815764399086,1027.7811475454728
1803560.446728,-1121.4815764399086,1027.7811475454728
1803576.911015,-1121.4815764399086,1027.7811475454728
1803576.916763,-1118.4708884800368,1024.6590241493918
1803585.29699,-1118.4708884800368,1024.6590241493918
1803585.297521,-1118.4708884800368,1024.6590241493918
1803586.866377,-1118.4708884800368,1024.6590241493918
1803594.652176,-1118.4708884800368,1024.6590241493918
1803601.144593,-1118.4708884800368,1024.6590241493918
1803613.386553,-1112.633126875437,1019.1379266501506
1803620.360181,-1108.7368708956492,1013.3868233108889
1803757.220833,-1103.9092950086294,998.3340690690453
1803757.221673,-1103.9092950086294,998.3340690690453
1803783.553425,-1103.877805777641,998.6047795666979
1803791.381063,-1103.4081553651886,998.4406870938764
1803798.228731,-1103.2834238290156,998.400998929394
1803805.168049,-1103.2834238456728,998.4009987738995
1803812.093516,-1103.2834238456728,998.4009987738995
1803819.116882,-1103.717823754263,998.02780686417
1803827.936592,-1105.1895183342733,997.6542742643603
1803833.056096,-1108.2967411021343,998.749184967395
1803840.168645,-1110.1781165444104,998.9641754131627
1803847.131916,-1112.2760234359557,1000.4932971206273
1803854.151956,-1112.7262163150647,1000.8982657764076
1803869.226948,-1112.3923039482527,1000.8284075159055
1803869.230527,-1112.3299360183316,1000.7923272198611
1803875.101568,-1113.3802654686906,1000.6222294464582
1803882.050332,-1113.3802746135505,1000.6222310904682
1803889.036389,-1112.7110528886035,1000.0541011522428
1803897.362123,-1107.5717342284488,991.8271339437126
1803903.817285,-1107.5699169381162,991.8244996056893
1803910.364366,-1107.5699169381162,991.8244996056893
1803917.315409,-1107.5699169381162,991.8244996056893
1803924.016658,-1107.5699169381162,991.8244996056893
1803931.119863,-1104.689439305155,990.6872355047079
1803938.418718,-1104.7147636390814,989.9616153144809
1803944.621853,-1104.714763888056,989.9616143260253
1803951.62208,-1104.714763888056,989.9616143260253
1803960.49214,-1104.714763888056,989.9616143260253
1803972.321918,-1104.714763888056,989.9616143260253
1803973.221365,-1104.0499359838018,969.708199036225
1803980.734555,-1131.1951053769433,962.1610617405723
1803986.858535,-1136.635018073178,960.9619662369035
1803993.907463,-1141.2429602408229,960.6185517596286
1804002.1356,-1141.2429602408229,960.6185517596286
1804008.639535,-1141.8257698347982,960.5878197444583
1804014.975906,-1141.8311097430628,960.5877653638172
1804023.535144,-1141.8311097430628,960.5877653638172
1804028.608283,-1141.8311097430628,960.5877653638172
1804047.080011,-1141.8311097430628,960.5877653638172
1804047.433958,-1141.8311097430628,960.5877653638172
1804071.78594,-1142.4270093752239,962.2657570565419
1804071.786759,-1142.4270093752239,962.2657570565419
1804074.33478,-1142.4270093752239,962.2657570565419
1804081.334581,-1142.5301487392524,962.5544817727427
1804088.333756,-1142.5301488803232,962.5544825276024
1804095.628888,-1142.5301488803232,962.5544825276024
1804102.632568,-1142.5301488803232,962.5544825276024
1804109.970866,-1142.5301488803232,962.5544825276024
1804116.652197,-1142.5301488803232,962.5544825276024
1804123.27541,-1142.5301488803232,962.5544825276024
1804130.253555,-1142.5301488803232,962.5544825276024
1804140.70235,-1142.5301488803232,962.5544825276024
1804144.306772,-1142.5301488803232,962.5544825276024
1804151.603849,-1142.5301488803232,962.5544825276024
1804158.651575,-1142.5301488803232,962.5544825276024
1804165.673492,-1142.5301488803232,962.5544825276024
1804177.100305,-1142.5301488803232,962.5544825276024
1804181.481121,-1142.5301488803232,962.5544825276024
1804186.612479,-1142.5301488803232,962.5544825276024
1804193.607995,-1142.5301488803232,962.5544825276024
1804200.615386,-1142.5301488803232,962.5544825276024
1804208.339117,-1142.5301488803232,962.5544825276024
1804226.503864,-1142.5301488803232,962.5544825276024
1804231.701601,-1142.5301488803232,962.5544825276024
1804231.972172,-1142.5301488803232,962.5544825276024
1804233.514646,-1142.5301488803232,962.5544825276024
1804233.51521,-1142.5301488803232,962.5544825276024
1804235.770214,-1142.5301488803232,962.5544825276024
1804259.521952,-1142.5301488803232,962.5544825276024
1804259.525624,-1142.5301488803232,962.5544825276024
1804261.043541,-1142.5301488803232,962.5544825276024
1804299.247007,-1142.5301488803232,962.5544825276024
1804299.247589,-1142.5301488803232,962.5544825276024
1804301.224016,-1142.5301488803232,962.5544825276024
1804308.21403,-1142.5301488803232,962.5544825276024
1804315.215652,-1142.5301488803232,962.5544825276024
1804330.201691,-1142.5301488803232,962.5544825276024
1804339.263921,-1142.5301488803232,962.5544825276024
1804667.915684,-1156.9003038979713,962.9116470957721
1804667.916334,-1156.9003038979713,962.9116470957721
1804675.516018,-1157.0853679576364,962.5113614932335
1804688.144618,-1157.4127992239162,963.0632953248432
1804690.03602,-1157.4127992239162,963.0632953248432
1804697.212578,-1157.101565244277,966.3237491805851
1804704.505848,-1156.397290900136,966.546330516503
1804711.095059,-1156.3972905599144,966.5463303164784
1804720.849929,-1156.3972905599144,966.5463303164784
1804729.553554,-1156.3972905599144,966.5463303164784
1804732.267952,-1156.3972905599144,966.5463303164784
1804739.161823,-1156.3972905599144,966.5463303164784
1804746.369384,-1156.3972905599144,966.5463303164784
1804755.123644,-1156.3972905599144,966.5463303164784
1804759.599355,-1156.3972905599144,966.5463303164784
1804768.785428,-1156.3972905599144,966.5463303164784
1804774.151304,-1156.3972905599144,966.5463303164784
1804781.123059,-1156.3972905599144,966.5463303164784
1804795.854102,-1156.3972905599144,966.5463303164784
1804795.857686,-1156.3972905599144,966.5463303164784
1804804.791135,-1156.3972905599144,966.5463303164784
1804810.073635,-1156.3972905599144,966.5463303164784
1804815.995031,-1156.3972905599144,966.5463303164784
1804823.037352,-1156.3972905599144,966.5463303164784
1804831.164852,-1156.3972905599144,966.5463303164784
1804836.607745,-1156.3972905599144,966.5463303164784
1804843.968546,-1156.3972905599144,966.5463303164784
1804850.9844,-1156.3972905599144,966.5463303164784
1804859.165346,-1156.3972905599144,966.5463303164784
1804864.984767,-1156.3972905599144,966.5463303164784
1804872.656431,-1156.3972905599144,966.5463303164784
1804879.07529,-1156.3972905599144,966.5463303164784
1804886.030066,-1156.3972905599144,966.5463303164784
1804896.467897,-1156.3972905599144,966.5463303164784
1804902.212684,-1156.3972905599144,966.5463303164784
1804908.24086,-1156.3972905599144,966.5463303164784
1804915.475857,-1156.3972905599144,966.5463303164784
1804920.605097,-1156.3972905599144,966.5463303164784
1804931.258731,-1156.3972905599144,966.5463303164784
1804935.957757,-1156.3972905599144,966.5463303164784
1804942.216411,-1156.3972905599144,966.5463303164784
1804949.198956,-1159.5056491249052,965.2468266793616
1804956.113441,-1159.5056494070475,965.2468265012494
1804963.740445,-1159.5056494070475,965.2468265012494
1804978.836469,-1159.5056494070475,965.2468265012494
1804978.840044,-1159.5056494070475,965.2468265012494
1804984.224313,-1159.5056494070475,965.2468265012494
1804990.947958,-1159.5056494070475,965.2468265012494
1804997.554423,-1159.5056494070475,965.2468265012494
1805005.842104,-1159.5056494070475,965.2468265012494
1805012.923447,-1159.5056494070475,965.2468265012494
1805019.022129,-1170.9707547600096,956.8299868659194
1805028.264075,-1172.6943185753253,954.700404986161
1805033.279882,-1143.5072591299943,954.2760817157604
1805039.830109,-1107.6504988230674,968.6636191697115
1805046.602125,-1063.28435532444,989.0890839760095
1805053.623489,-1008.1961103779311,998.5352037386618
1805061.190756,-987.1012875896414,965.9687053104864
1805062.693334,-987.1012875896414,965.9687053104864
1805068.889458,-968.2070503025508,924.7812255419365
1805075.18542,-895.5577644808894,912.0782620582368
1805096.060313,-842.2433377434958,904.5766107457472
1805096.067506,-785.2146627477099,897.406226436034
1805098.819899,-729.9832417861543,892.8250774672321
1805098.8205,-729.9832417861543,892.8250774672321
1805114.985172,-559.8874397154121,880.1136089047137
1805114.985772,-559.8874397154121,880.1136089047137
1805119.823878,-529.9040444031752,879.6654815985695
1805126.183797,-464.9631657458012,876.6613359420993
1805139.693418,-412.3884369144688,869.8892325188575
1805140.081604,-376.9288449716307,873.3283620290761
1805147.967649,-358.4286916974178,871.7752268482196
1805154.554899,-348.36910468028134,875.3131460020987
1805161.093748,-344.1257512583293,876.7356655131414
1805169.468643,-326.28738850540276,857.3886261325226
1805181.065072,-312.29173636556243,829.7120351706044
1805182.199912,-306.9965968996167,810.4768545208572
1805192.756387,-300.65375082433775,786.2467913390226
1805196.477787,-292.2701872526771,764.4092050968651
1805204.069805,-287.2641619887527,736.833029360263
1805216.854254,-280.4800155499339,720.1519836929557
1805218.205102,-280.4800155499339,720.1519836929557
1805224.675884,-280.4800155499339,720.1519836929557
1805231.546869,-278.6438976026344,717.5668681399286
1805238.579304,-273.40821701772717,698.349762389461
1805247.666585,-264.8502062835987,668.5001563745905
1805252.244748,-258.09719301487473,654.041192081451
1805260.873517,-253.27578593621692,642.1853945520061
1805266.191766,-253.27578593621692,642.1853945520061
1805273.197643,-253.27578593621692,642.1853945520061
1805281.550068,-253.27578593621692,642.1853945520061
1805287.174757,-253.27578593621692,642.1853945520061
1805295.237789,-253.27578593621692,642.1853945520061
1805301.460591,-244.7632123633081,637.4623080237282
1805308.421956,-236.6249261430533,609.6728320343918
1805321.714317,-234.5060535302476,543.3487424102899
1805322.232851,-226.79262871962763,510.813604715756
1805329.093375,-212.03514523479504,511.7185406696807
1805336.174538,-152.074289624666,529.9825097822062
1805343.185193,-124.8057813467847,534.626740366131
1805354.005669,-69.86759162017425,552.5300657784182
1805357.619216,18.846769975314295,583.5749768778295
1805364.645854,48.915230996218796,593.953093060043
1805371.417107,55.530868931138166,596.0338301433877
1805378.451959,171.6416624632878,618.859976368352
1805393.291854,228.66225438392826,636.9076684633869
1805393.295498,245.16530886635883,640.2937463252034
1805399.463492,272.01626100705414,640.8355455473129
1805406.131612,289.2761750500934,622.0309845009677
1805414.860344,308.6694773148215,582.4187821439754
1805422.944861,308.6694773148215,582.4187821439754
1805428.993018,308.6694773148215,582.4187821439754
1805434.144443,569.529528915614,299.7609658417947
1805441.126262,612.944033826118,241.5461065980141
1805454.322737,609.0317511339705,224.08251643284814
1805455.821694,607.2693383034571,209.70562705964994
1805462.52985,675.2251824517123,221.4314424279398
1805470.03522,705.8050599184224,268.97433969118276
1805476.674843,707.5493550302214,272.452821031356
1805483.53957,707.5493550302214,272.452821031356
1805490.987478,707.5493550302214,272.452821031356
1805497.541606,707.8811796201073,275.9650735633686
1805505.720449,747.2671211920655,301.2759392345894
1805512.915517,754.6836650972008,310.17506329240524
1805521.014669,754.6836650972008,310.17506329240524
1805525.319506,754.6836650972008,310.17506329240524
1805532.544299,763.8666416754897,316.7964547951663
1805539.61115,788.0605022723827,344.16969742606506
1805548.140804,822.3864047939228,379.36471708740896
1805554.189759,822.3864047939228,379.36471708740896
1805562.697852,822.3864047939228,379.36471708740896
1805567.187595,822.3864047939228,379.36471708740896
1805574.413364,822.3864047939228,379.36471708740896
1805581.114521,822.3864047939228,379.36471708740896
1805594.110805,822.3864047939228,379.36471708740896
1805595.676437,822.3864047939228,379.36471708740896
1805602.667354,822.3864047939228,379.36471708740896
1805609.513406,855.3262097880885,404.9212888056615
1805622.956468,864.9704767192585,407.83045370632567
1805623.319379,900.5483859949289,391.4155008016457
1805633.17523,900.5483859949289,391.4155008016457
1805637.615417,900.5483859949289,391.4155008016457
1805646.383412,900.5483859949289,391.4155008016457
1805651.122502,900.5483859949289,391.4155008016457
1805659.485051,900.5483859949289,391.4155008016457
1805665.76757,900.5483859949289,391.4155008016457
1805672.501108,900.5483859949289,391.4155008016457
1805679.089202,922.7064432097388,371.5724653099807
1805694.808073,946.3595984411952,347.75996024494236
1805694.824002,993.7388877992491,309.9306020665686
1805700.304345,1015.0702746755238,315.7028565881527
1805709.836667,1046.0728709678415,342.1063641916762
1805714.097649,1102.640348829247,384.0764817509306
1805724.380436,1110.1285380588054,416.7123292303125
1805734.859005,1082.219273641813,474.0743495469414
1805735.799319,1054.781216477192,537.400124880759
1805742.787051,1054.781216477192,537.400124880759
1805749.190612,1054.781216477192,537.400124880759
1805756.709726,1054.781216477192,537.400124880759
1805763.813601,1054.781216477192,537.400124880759
1805775.247437,1054.781216477192,537.400124880759
1805778.185068,1054.781216477192,537.400124880759
1805784.799588,1054.781216477192,537.400124880759
1805791.469499,1050.5415178030673,545.2570700144925
1805798.794378,1045.736289459889,554.4489329404832
1805810.195656,1045.8455001809866,567.2230624515183
1805813.159821,1067.4997621884133,591.9249670894128
1805823.015308,1121.264980179864,614.8147023372466
1805827.807314,1152.458744060845,609.6810154849057
1805833.236932,1171.0954298336235,590.5210725648016
1805860.485182,1228.4038110467902,522.5126915360395
1805860.49132,1269.1704116691858,528.1489864396174
1805860.500041,1276.5191875700123,533.4606606253122
1805861.367356,1276.5191875700123,533.4606606253122
1805861.367938,1276.5191875700123,533.4606606253122
1805862.804657,1276.5191875700123,533.4606606253122
1805869.806125,1276.5191875700123,533.4606606253122
1805877.872174,1276.5191875700123,533.4606606253122
1805883.805351,1276.5191875700123,533.4606606253122
1805892.82556,1276.5191875700123,533.4606606253122
1805897.816507,1276.5191875700123,533.4606606253122
1805906.952899,1276.5191875700123,533.4606606253122
1805912.372285,1276.5191875700123,533.4606606253122
1805919.43037,1294.4472383249818,537.0230802407879
1805926.208218,1333.5202788620363,555.4543947416408
1805933.115571,1423.463655059618,626.822693554068
1805941.405103,1469.1703676152677,666.5766935353054
1805948.009501,1478.7928530116108,667.7310012410198
1805953.827013,1506.3056859644084,616.6619832976992
1805960.825471,1520.0146618244273,588.1475597571002
1805967.896881,1525.4633032625964,577.064901345584
1805978.813032,1533.3990201503236,563.7877951955697
1805981.836074,1533.3990201503236,563.7877951955697
1805988.868131,1533.3990201503236,563.7877951955697
1805995.826374,1533.3990201503236,563.7877951955697
1806004.803575,1533.3990201503236,563.7877951955697
1806010.346316,1533.3990201503236,563.7877951955697
1806016.831819,1533.3990201503236,563.7877951955697
1806023.879895,1533.3990201503236,563.7877951955697
1806030.879998,1537.29009204707,557.2121141116414
1806040.60879,1543.8787508024377,538.3060504401426
1806045.206467,1541.57429841153,517.5277337535028
1806052.113972,1525.6475823813034,493.4903568334882
1806060.223329,1514.178516736315,484.05967305616883
1806066.111528,1513.6188291485548,483.37666023284726
1806072.889816,1513.6188291485548,483.37666023284726
1806082.794099,1513.6188291485548,483.37666023284726
1806087.118882,1513.6188291485548,483.37666023284726
1806095.364478,1513.6188291485548,483.37666023284726
1806101.319418,1501.1291561430144,471.05406119618436
1806108.62398,1489.1504757146768,454.02656164798617
1806114.877617,1479.4184518849684,440.556724555904
1806122.31993,1470.781148040526,429.7372143919327
1806129.372529,1469.2765411680034,424.578660124601
1806135.800317,1469.2765411680034,424.578660124601
1806142.881735,1469.2765411680034,424.578660124601
1806151.883259,1469.2765411680034,424.578660124601
1806157.793785,1469.2765411680034,424.578660124601
1806163.867329,1469.2765411680034,424.578660124601
1806170.878668,1469.2765411680034,424.578660124601
1806177.89482,1468.1363515408577,413.2736838419254
1806185.718805,1473.7563611003307,444.3594514045761
1806191.875336,1501.1382887337636,480.4846297442942
1806198.885785,1505.9920737128339,487.1528721253101
1806205.87556,1505.9920737128339,487.1528721253101
1806214.629992,1505.9920737128339,487.1528721253101
1806219.935907,1505.9920737128339,487.1528721253101
1806226.82433,1505.9920737128339,487.1528721253101
1806233.890392,1505.9920737128339,487.1528721253101
1806240.884812,1505.9920737128339,487.1528721253101
1806249.864667,1505.9920737128339,487.1528721253101
1806254.894765,1505.9920737128339,487.1528721253101
1806261.885821,1505.9920737128339,487.1528721253101
1806268.844477,1505.9920737128339,487.1528721253101
1806275.885974,1505.9920737128339,487.1528721253101
1806282.83541,1505.9920737128339,487.1528721253101
1806289.884515,1505.9920737128339,487.1528721253101
1806296.884527,1505.9920737128339,487.1528721253101
1806303.83571,1505.9920737128339,487.1528721253101
1806314.68057,1505.9920737128339,487.1528721253101
1806318.623408,1505.9920737128339,487.1528721253101
1806324.883136,1505.9920737128339,487.1528721253101
1806331.831839,1505.9920737128339,487.1528721253101
1806338.882973,1505.9920737128339,487.1528721253101
1806347.77539,1505.9920737128339,487.1528721253101
1806354.369998,1505.9920737128339,487.1528721253101
1806359.922042,1505.9920737128339,487.1528721253101
1806368.673125,1505.9920737128339,487.1528721253101
1806374.116958,1516.4980108660295,477.89004737575203
1806381.206754,1516.4980108660295,477.89004737575203
1806388.103062,1516.4980108660295,477.89004737575203
1806394.838945,1516.4980108660295,477.89004737575203
1806404.067004,1516.4980108660295,477.89004737575203
1806410.219137,1516.4980108660295,477.89004737575203
1806415.88649,1516.4980108660295,477.89004737575203
1806424.491337,1516.4980108660295,477.89004737575203
1806430.128463,1516.4980108660295,477.89004737575203
1806437.120497,1516.4980108660295,477.89004737575203
1806443.888365,1516.4980108660295,477.89004737575203
1806450.836941,1516.4980108660295,477.89004737575203
1806457.837999,1516.4980108660295,477.89004737575203
1806464.888354,1516.4980108660295,477.89004737575203
1806471.887862,1516.4980108660295,477.89004737575203
1806481.287765,1516.4980108660295,477.89004737575203
1806488.666912,1512.8544416102825,471.26522188957057
1806493.262885,1512.5798646861338,470.456676745224
1806500.447655,1507.3203097641524,464.44753241176784
1806506.887825,1506.5525680493774,463.7818466296172
1806513.887533,1506.5525680493774,463.7818466296172
1806523.235615,1506.5525680493774,463.7818466296172
1806527.888747,1506.5525680493774,463.7818466296172
1806534.838761,1506.5525680493774,463.7818466296172
1806541.887364,1506.5525680493774,463.7818466296172
1806554.824857,1505.9959513130864,460.40851516959964
1806559.80932,1504.9852388630522,457.44145289084105
1806562.87892,1504.9852388630522,457.44145289084105
1806569.887557,1504.9852388630522,457.44145289084105
1806580.330804,1501.4657757647155,452.32016367577205
1806584.512193,1501.465775366415,452.3201631863157
1806591.539322,1501.465775366415,452.3201631863157
1806597.878177,1501.465775366415,452.3201631863157
1806604.877515,1495.6174407685655,447.1864373173169
1806613.487838,1493.8570837083405,445.51377374607233
1806619.201167,1493.8570837083405,445.51377374607233
1806625.893848,1493.8570837083405,445.51377374607233
1806636.592947,1492.47487151686,435.75825208492836
1806640.22973,1484.488211870603,427.47784246682716
1806645.765631,1484.4882114556433,427.4778415889852
1806645.76625,1484.4882114556433,427.4778415889852
1806648.14359,1484.4882114556433,427.4778415889852
1806661.202123,1484.4882114556433,427.4778415889852
1806662.684363,1484.4882114556433,427.4778415889852
1806669.643756,1484.4882114556433,427.4778415889852
1806676.520296,1481.277955203057,426.24775357603517
1806683.132432,1474.6760535658213,421.9982027401262
1806695.336688,1470.1959005427266,413.3293744649419
1806697.764165,1469.0345063964191,411.1815185257123
1806707.146338,1467.3296655736488,409.2261327126474
1806711.186461,1467.3296655736488,409.2261327126474
1806718.225196,1467.3296655736488,409.2261327126474
1806727.538575,1466.7898119939396,408.8521332157291
1806732.491674,1466.7898119939396,408.8521332157291
1806739.641927,1466.7898119939396,408.8521332157291
1806746.117465,1466.7898119939396,408.8521332157291
1806753.117359,1466.7898119939396,408.8521332157291
1806764.72821,1457.4099317030998,408.411439836056
1806767.394684,1429.0877024057324,425.6671033104567
1806774.193778,1398.393094663907,447.5106860869645
1806782.807856,1365.3572123613897,478.06172429024264
1806788.712228,1331.4461306255726,526.7316977041805
1806800.442693,1323.4899051221032,539.4642555632119
1806803.484185,1323.4899051221032,539.4642555632119
1806809.190362,1323.4899051221032,539.4642555632119
1806816.379315,1323.4899051221032,539.4642555632119
1806823.190692,1323.4899051221032,539.4642555632119
1806833.378608,1314.4816088678015,550.0763444827047
1806837.634611,1275.6039266735822,585.9648816947796
1806844.239609,1209.0396722865119,615.3228034202264
1806851.220448,1179.8708109192476,625.0937158228297
1806858.260915,1148.4416809576358,653.869619673295
1806866.170562,1123.1597327031307,695.0945102707233
1806872.201276,1097.4675956524707,721.4300029418871
1806879.186485,1097.4675956524707,721.4300029418871
1806886.206178,1094.4302555674353,728.8893917209059
1806893.185387,1140.63013094385,782.6286448517637
1806900.196045,1186.858376440654,822.2442108100058
1806907.196098,1168.166451757054,857.8390198480107
1806923.826745,1117.4839117594806,910.9251081300091
1806924.016579,1087.5992556759145,941.9308591362644
1806928.195836,1074.0605108796453,962.801563747269
1806935.497425,1043.5093810730502,994.2524656356502
1806942.138075,1008.5057626931562,1009.1678460001796
1806949.147081,976.813952352209,1024.3669711370314
1806965.750804,947.8820945310567,1041.2420800430816
1806965.758604,939.3826090471531,1073.2303771097982
1806973.26821,917.5557508296854,1161.46761572942
1806973.268979,917.5557508296854,1161.46761572942
1806976.381762,907.5556514736127,1211.731872813741
1806983.042317,889.7692349788114,1295.4911156859373
1806989.745687,889.0638283540773,1312.7851912360088
1806997.44372,885.109531674416,1334.937475331316
1807003.711487,885.109531674416,1334.937475331316
1807010.711632,885.109531674416,1334.937475331316
1807022.377661,885.109531674416,1334.937475331316
1807024.652043,885.109531674416,1334.937475331316
1807032.053531,885.109531674416,1334.937475331316
1807040.463559,885.109531674416,1334.937475331316
1807048.096728,863.7991456359812,1384.43871508449
1807052.738845,857.4843947099296,1444.6555355236567
1807060.664261,847.9060397198253,1505.7293939807348
1807070.822438,825.6128988498745,1541.1638473772575
1807073.723914,825.1718443115346,1547.142270790887
1807082.501644,808.874252821584,1552.6097591928167
1807087.729453,747.0363756731691,1528.6846061842998
1807094.670888,696.4493995266882,1500.5899302667456
1807101.710747,663.6340137212007,1473.3977992995872
1807109.337348,589.8484181640616,1435.794065847733
1807116.073772,572.401961664729,1440.025768045152
1807122.950258,572.401961664729,1440.025768045152
1807131.599361,572.401961664729,1440.025768045152
1807137.094338,571.1144213762706,1439.9468206858041
1807143.626282,552.6408573423485,1439.3955003868068
1807152.164216,490.00607169185815,1441.8893283492278
1807158.249823,486.85608500375633,1441.1859056013961
1807165.316235,486.85608500375633,1441.1859056013961
1807171.659666,486.85608500375633,1441.1859056013961
1807180.60054,486.85608500375633,1441.1859056013961
1807185.671259,486.85608500375633,1441.1859056013961
1807193.103997,486.85608500375633,1441.1859056013961
1807200.06025,476.50654355400764,1438.7373112246669
1807207.412652,439.93296699685914,1439.8733709246148
1807213.62632,369.0998330587945,1507.0312651698343
1807220.661193,314.9632501211922,1583.650262484326
1807230.375284,258.3976345771758,1648.1376180206605
1807237.414528,177.08079686649154,1717.1935471559987
1807242.797772,149.5986112439414,1735.8538865609505
1807256.905367,97.08537548243932,1761.5650013449178
1807256.938692,-20.865215293010134,1834.5137462221987
1807268.70091,-100.9550830796256,1858.5398808100979
1807271.134574,-159.89806537826857,1875.4244639371764
1807277.784374,-190.31689688792753,1897.294918657491
1807292.468907,-178.7661216857358,1941.983783121282
1807292.475864,-169.97764674022645,2022.4415220618482
1807302.393065,-143.36503050102556,2064.7533844673776
1807305.57021,-126.31630696786864,2087.21441956074
1807312.918289,-81.04234713922139,2091.203077560593
1807319.557886,-34.28860455058152,2116.017634620403
1807325.966969,-68.29068532884234,2153.6125745009845
1807336.085485,-95.38096468385942,2188.4596288063613
1807339.628785,-190.37432336705564,2246.911534236781
1807348.126551,-243.3973284086345,2280.826111595721
1807353.714101,-261.3389197112354,2300.241911282894
1807360.659433,-269.3113633221749,2353.349562734498
1807369.381416,-314.30552397187114,2385.658412467454
1807375.583576,-395.9051402401976,2431.108267437746
1807375.584158,-395.9051402401976,2431.108267437746
1807377.034342,-395.9051402401976,2431.108267437746
1807383.976291,-454.9043111503881,2424.5066396663274
1807390.974491,-574.3547569794405,2453.00818719088
1807397.974628,-667.3180697003619,2463.8393363042965
1807408.635005,-732.4003406671497,2456.7828520277453
1807412.752965,-777.0029965144395,2510.9139744643644
1807419.594043,-803.2061720660413,2599.9644586550353
1807426.069445,-828.4198719529145,2691.439166702537
1807433.021093,-850.2482307843684,2787.693699525107
1807443.370125,-867.072795939568,2853.1441289130776
1807447.793841,-886.2383428519217,2932.967008564273
1807454.405631,-887.4747636925629,3032.3557584613777
1807466.619916,-852.0041407627189,3091.5815453297855
1807467.71789,-807.4500161687413,3154.2764712642556
1807467.71857,-807.4500161687413,3154.2764712642556
1807469.497687,-793.4966613309875,3176.2096054903072
1807476.557925,-764.5963197047001,3220.0408740894677
1807483.539162,-693.5479843961117,3330.9525480928205
1807493.623912,-630.8133455451674,3411.998046243957
1807498.399045,-555.3651980285705,3471.392987650127
1807507.082907,-448.1585734678954,3518.556047460871
1807513.02924,-383.8501347035606,3530.046380041453
1807519.660897,-332.66222316150765,3531.325520058138
1807525.482364,-260.33642115183676,3518.366531914533
1807532.612273,-210.04824375207048,3488.201627312736
1807539.542394,-203.39188865526168,3486.427151528329
1807550.969758,-203.39188865526168,3486.427151528329
1807555.012564,-203.39188865526168,3486.427151528329
1807581.658144,-203.39188865526168,3486.427151528329
1807581.658944,-203.39188865526168,3486.427151528329
1807588.570965,-203.39188865526168,3486.427151528329
1807588.57156,-203.39188865526168,3486.427151528329
1807590.036121,-203.39188865526168,3486.427151528329
1807597.045978,-203.39188865526168,3486.427151528329
1807604.018527,-203.39188865526168,3486.427151528329
1807613.473514,-203.39188865526168,3486.427151528329
1807623.707995,-203.39188865526168,3486.427151528329
1807625.126634,-181.55254720284273,3484.631776684195
1807632.14087,-181.55254720284273,3484.631776684195
1807641.752028,-145.9445770638963,3483.4561225972043
1807646.427814,-115.17824340712755,3486.460496120976
1807654.93946,-107.01633752418532,3492.5558687141424
1807660.461072,-95.00213810519497,3501.7638481566073
1807669.047944,-163.1265632950963,3493.3799455323397
1807674.04569,-221.09095293110602,3496.4971259719464
1807681.016449,-277.1393961622279,3513.227886140273
1807691.582799,-301.4153472056698,3519.3172190551604
1807695.830913,-337.64589522844807,3525.045442035158
1807702.092969,-364.0330201858325,3533.671603567359
1807709.073678,-364.0330201858325,3533.671603567359
1807726.447103,-364.0330201858325,3533.671603567359
1807726.447776,-364.0330201858325,3533.671603567359
1807727.823125,-364.0330201858325,3533.671603567359
1807735.338208,-364.0330201858325,3533.671603567359
1807750.232344,-369.6069997471626,3533.2842664060013
1807750.23942,-390.6146912646904,3518.21710449095
1807767.203956,-372.5208973488829,3498.5694178220015
1807767.32252,-293.47254958669,3443.480936147174
1807769.804473,-270.02258991256923,3422.452811467727
1807778.496882,-263.0361503658808,3415.191727231137
1807784.12261,-260.9962377178202,3412.668274765427
1807790.881382,-240.79836378822344,3400.1065411396253
1807797.830948,-212.2327351643979,3379.665281929443
1807804.779218,-160.21857217650205,3331.2573207385444
1807812.166598,-138.82807942359938,3305.376466455823
1807823.070626,-135.60226983356654,3303.0676610943633
1807827.955241,-135.60226983356654,3303.0676610943633
1807833.157233,-135.60226983356654,3303.0676610943633
1807840.144309,-125.21602797255,3299.477883326241
1807846.826625,-115.66049380368128,3235.6663813947584
1807856.480078,-111.99171945855288,3198.850939935525
1807861.198195,-108.12257486853258,3181.0172089983766
1807868.257263,-119.46098933050249,3103.21100635661
1807874.886089,-128.28891172895473,3034.3111743811683
1807887.312506,-137.49885167733063,2965.828176165627
1807889.374077,-150.79472901625127,2885.7333313501153
1807896.171201,-150.32712646462682,2857.553560073782
1807902.852412,-156.05209411901623,2823.329311717173
1807916.61385,-164.0348201689812,2780.855217509106
1807916.912948,-172.9514795374143,2741.6230048461407
1807924.816808,-185.08993679306937,2704.226183769311
1807933.347078,-200.51608206862966,2660.654596273228
1807938.251904,-201.87221158961515,2657.306255390322
1807945.288159,-213.42306000010686,2643.9282267688673
1807954.523309,-219.550161491999,2638.9128758675674
1807959.261386,-219.550161491999,2638.9128758675674
1807965.801584,-219.550161491999,2638.9128758675674
1807972.881533,-219.550161491999,2638.9128758675674
1807975.767026,-219.550161491999,2638.9128758675674
1807979.882704,-219.550161491999,2638.9128758675674
1807993.685044,-219.550161491999,2638.9128758675674
1807993.837624,-219.550161491999,2638.9128758675674
1808002.339797,-219.550161491999,2638.9128758675674
1808008.808109,-219.550161491999,2638.9128758675674
1808015.172117,-219.550161491999,2638.9128758675674
1808022.231134,-219.550161491999,2638.9128758675674
1808029.703848,-219.550161491999,2638.9128758675674
1808035.788184,-219.550161491999,2638.9128758675674
1808044.389518,-219.550161491999,2638.9128758675674
1808049.891008,-219.550161491999,2638.9128758675674
1808059.690124,-219.550161491999,2638.9128758675674
1808064.948598,-219.550161491999,2638.9128758675674
1808071.008954,-219.550161491999,2638.9128758675674
1808078.172391,-219.550161491999,2638.9128758675674
1808085.212828,-219.550161491999,2638.9128758675674
1808091.788287,-219.550161491999,2638.9128758675674
1808099.150931,-219.550161491999,2638.9128758675674
1808106.289727,-223.14867020586516,2636.035235789266
1808112.792427,-224.5799369357671,2634.7960426378218
1808121.496264,-235.574833958479,2624.0482516739958
1808127.306171,-236.76546243395956,2622.5221071360916
1808136.606602,-236.76546243395956,2622.5221071360916
1808141.203683,-236.76546243395956,2622.5221071360916
1808148.177139,-239.3875410677784,2619.364027802526
1808155.898673,-244.4024056145198,2614.5111464056445
1808162.435734,-244.4024056145198,2614.5111464056445
1808168.842927,-244.4024056145198,2614.5111464056445
1808176.458089,-244.4024056145198,2614.5111464056445
1808183.121461,-244.4024056145198,2614.5111464056445
1808194.882856,-242.24704605631726,2609.207564620571
1808196.842815,-242.24704605631726,2609.207564620571
1808204.126849,-242.24704605631726,2609.207564620571
1808215.98357,-242.24704605631726,2609.207564620571
1808218.476314,-242.24704605631726,2609.207564620571
1808225.132002,-242.24704605631726,2609.207564620571
1808232.371291,-242.24704605631726,2609.207564620571
1808239.289235,-241.50190776473005,2607.643324310968
1808246.297935,-241.5019214654362,2607.643291333536
1808252.802672,-241.5019214654362,2607.643291333536
1808259.891628,-241.5019214654362,2607.643291333536
1808267.36568,-241.5019214654362,2607.643291333536
1808273.876031,-241.5019214654362,2607.643291333536
1808281.387051,-241.5019214654362,2607.643291333536
1808287.885426,-241.5019214654362,2607.643291333536
1808296.724032,-241.5019214654362,2607.643291333536
1808304.843662,-241.5019214654362,2607.643291333536
1808309.159283,-241.2289157897952,2607.0276025180333
1808316.349137,-241.22887562549752,2607.0275935639606
1808323.364026,-253.98431684726947,2589.7654326489123
1808326.933752,-294.75988567653076,2533.5621869251377
1808329.786189,-310.77479274556833,2509.899781264634
1808336.889795,-295.5612193497809,2469.5198671514086
1808368.583504,-260.58430688375176,2418.905461190524
1808368.587234,-179.0130624171272,2369.5963447501895
1808371.437405,-147.04737288245073,2304.315112277072
1808371.437995,-147.04737288245073,2304.315112277072
1808374.129193,-147.04737288245073,2304.315112277072
1808400.78438,-143.5061073599308,2271.72331317412
1808400.787973,-123.68662930990877,2239.075147380228
1808400.791463,-123.59166591800033,2232.3722561487625
1808401.820194,-128.12641470766872,2226.6757953672336
1808401.820944,-128.12641470766872,2226.6757953672336
1808404.284313,-128.12641470766872,2226.6757953672336
1808411.254182,-129.33030468367153,2202.028211311548
1808418.343297,-113.61520511574786,2182.67878346667
1808427.44708,-139.85187049069992,2181.617678107281
1808434.632505,-189.87155281451734,2169.609731489314
1808439.326368,-190.4993191255793,2167.793565206142
1808447.88208,-190.4993191255793,2167.793565206142
1808453.335608,-190.4993191255793,2167.793565206142
1808460.291548,-190.4993191255793,2167.793565206142
1808470.152656,-190.4993191255793,2167.793565206142
1808474.739539,-190.4993191255793,2167.793565206142
1808481.725044,-190.4993191255793,2167.793565206142
1808488.239432,-190.4993191255793,2167.793565206142
1808503.046482,-190.4993191255793,2167.793565206142
1808504.398058,-188.81537992885026,2154.8592772235484
1808509.353559,-153.60400123762852,2116.887084000498
1808517.283568,-156.88105515727253,2061.5539425825164
1808523.953963,-178.42801733168227,2007.1628635494237
1808530.638064,-186.78359393536337,1923.8865316080553
1808538.873672,-196.3280598206908,1868.233189877319
1808544.364249,-151.67441868641643,1869.5769519315452
1808551.334803,-120.26994961167883,1873.5823258757418
1808560.088853,-153.04024332396256,1875.2481984892968
1808571.290423,-225.7043203042459,1862.7072907551662
1808572.292079,-319.2297866661232,1803.5031624198593
1808579.332364,-463.4454534756943,1704.7107409961
1808586.850978,-528.661630076263,1663.4065066209128
1808593.568288,-559.282060085534,1656.35388750162
1808607.748253,-559.282060085534,1656.35388750162
1808607.754212,-559.282060085534,1656.35388750162
1808614.293399,-559.282060085534,1656.35388750162
1808621.760665,-584.6318847961708,1659.7854129635139
1808628.267403,-632.0571386894766,1650.9728956277247
1808645.918406,-648.9981675086946,1647.1598080453168
1808646.058383,-649.6273486936504,1634.4711742281597
1808649.347415,-649.6273486936504,1634.4711742281597
1808656.328377,-649.6273486936504,1634.4711742281597
1808663.390515,-649.6273486936504,1634.4711742281597
1808671.145176,-649.6273486936504,1634.4711742281597
1808678.956346,-649.6273486936504,1634.4711742281597
1808684.290613,-649.6273486936504,1634.4711742281597
1808691.266271,-649.6273486936504,1634.4711742281597
1808704.021126,-649.6273486936504,1634.4711742281597
1808706.515687,-646.8687589011411,1628.0020963212232
1808712.321687,-653.7671816841686,1617.7061184484744
1808719.979354,-699.3041399175715,1602.5805417846318
1808726.636556,-727.4102807128594,1594.2022795465339
1808735.42875,-727.4102807128594,1594.2022795465339
1808740.350451,-727.4102807128594,1594.2022795465339
1808747.352137,-757.0376898267664,1585.1558995844762
1808755.978815,-799.9917387105024,1561.0386374341344
1808761.864678,-780.5349998777491,1518.002242938087
1808774.690442,-760.623340571577,1464.7272939958825
1808776.511213,-753.7613609787726,1458.242540458481
1808782.261342,-709.3847110218735,1470.7250738277055
1808789.279577,-639.6507243722496,1489.83533269269
1808797.009579,-615.763249143683,1496.3445313006227
1808803.85236,-591.9751339475168,1484.8128584509118
1808811.563666,-554.0098300058178,1466.8431840414444
1808823.446476,-539.1305203244158,1450.0834226645704
1808825.000366,-537.88469133381,1423.389062881099
1808831.786795,-540.5504986962211,1370.7597690538337
1808839.045915,-544.9143924961928,1339.773561863179
1808845.376933,-549.0617050974447,1305.9967579631743
1808852.370515,-558.5950588683398,1267.1001222323187
1808859.269481,-558.7000024444676,1265.4365508592552
1808866.339583,-560.2893756933947,1250.736147380742
1808874.646955,-572.8654474220053,1193.0405090249162
1808882.304277,-576.6553496566272,1137.435950098625
1808891.601527,-583.5385434486808,1083.3308733772283
1808901.645169,-633.4025937448583,1099.1716236883362
1808901.645778,-633.4025937448583,1099.1716236883362
1808904.696382,-638.8154720526964,1115.8192882629455
1808911.04111,-654.871987763576,1167.5309713817107
1808918.240558,-707.5766791454643,1266.0883904513855
1808925.008379,-742.7565075771744,1331.1226067698387
1808932.443606,-777.2907386535304,1385.9654622332275
1808939.877881,-791.9958004565134,1414.4373669314546
1808948.282456,-791.9958004565134,1414.4373669314546
1808953.608869,-791.9958004565134,1414.4373669314546
1808960.486123,-797.9778163652112,1434.155003711633
1808967.628622,-784.6378199747213,1447.3520205859518
1808980.171176,-763.2661350017098,1451.8719494549998
1808981.061127,-716.1602479131415,1468.8190962849692
1808988.868189,-672.9687639484366,1481.8610708589135
1808995.484592,-634.3732252363758,1493.388878419535
1809002.9215,-592.9367661544088,1486.1730630159766
1809010.234864,-553.2046398108496,1469.4629211082452
1809017.113131,-539.8411364069943,1452.3538438226662
1809023.54114,-542.1769430254266,1390.740299128485
1809031.456418,-545.5027709369957,1358.812999076981
1809039.350812,-548.924909291781,1316.0114364936462
1809047.33162,-549.5804254853078,1312.824833934156
1809051.079036,-549.5804254853078,1312.824833934156
1809058.843305,-549.5804254853078,1312.824833934156
1809065.766267,-549.5804254853078,1312.824833934156
1809072.766197,-549.5804254853078,1312.824833934156
1809079.625677,-549.5804254853078,1312.824833934156
1809086.689712,-549.5804254853078,1312.824833934156
1809093.556482,-549.5804254853078,1312.824833934156
1809100.602262,-549.5804254853078,1312.824833934156
1809107.686444,-549.5804254853078,1312.824833934156
1809117.143315,-549.5804254853078,1312.824833934156
1809121.903166,-549.5804254853078,1312.824833934156
1809128.760857,-549.5804254853078,1312.824833934156
1809136.458723,-549.5804254853078,1312.824833934156
1809142.662668,-549.5804254853078,1312.824833934156
1809149.643149,-549.5804254853078,1312.824833934156
1809156.700205,-549.5804254853078,1312.824833934156
1809164.327413,-549.5804254853078,1312.824833934156
1809171.006541,-549.5804254853078,1312.824833934156
1809177.040796,-549.5804254853078,1312.824833934156
1809186.176494,-549.5804254853078,1312.824833934156
1809191.704608,-549.5804254853078,1312.824833934156
1809198.77628,-549.5804254853078,1312.824833934156
1809205.604533,-549.5804254853078,1312.824833934156
1809212.562338,-549.5804254853078,1312.824833934156
1809220.130394,-549.5804254853078,1312.824833934156
1809226.891822,-549.5804254853078,1312.824833934156
1809233.508439,-549.5804254853078,1312.824833934156
1809240.568554,-549.5804254853078,1312.824833934156
1809249.232511,-549.5804254853078,1312.824833934156
1809254.640395,-549.5804254853078,1312.824833934156
1809261.539538,-549.5804254853078,1312.824833934156
1809268.550092,-549.5804254853078,1312.824833934156
1809276.639268,-549.5804254853078,1312.824833934156
1809282.013007,-549.5804254853078,1312.824833934156
1809290.872397,-549.5804254853078,1312.824833934156
1809296.385471,-549.5804254853078,1312.824833934156
1809303.716963,-549.5804254853078,1312.824833934156
1809313.98095,-549.5804254853078,1312.824833934156
1809317.458864,-549.5804254853078,1312.824833934156
1809324.390965,-549.5804254853078,1312.824833934156
1809331.015888,-550.9393475357969,1303.946238414636
1809338.108246,-555.8205198709583,1277.6598943941376
1809345.877708,-556.2195122279578,1232.857380402803
1809352.575337,-560.0063357030003,1189.7768723522092
1809360.715446,-575.9680309580345,1120.4578425559118
1809368.147491,-577.0797595318085,1092.497329232333
1809382.815807,-576.8602852339426,1074.7966927006378
1809382.823194,-539.121306176809,1061.1735772335605
1809388.039528,-503.1569543998866,1063.208567395315
1809394.659217,-468.3187878098353,1057.6088913207166
1809401.549804,-469.3855740166597,985.468981165082
1809408.068609,-474.8876676353811,925.4029576144166
1809415.028713,-481.55971592764945,877.3049909816752
1809422.77152,-481.6867020651483,873.995511494072
1809429.755789,-469.1915654248808,871.4294194310627
1809436.527761,-441.8462134776696,865.3211463061722
1809443.630453,-389.9566750520928,859.0351880030785
1809450.483735,-350.5545127866733,856.5884554151065
1809457.055411,-335.3215947920406,855.0581063252607
1809465.253451,-315.96415627778316,841.5421473866218
1809471.041596,-303.98516783130543,799.8184675377138
1809487.529537,-294.80385969989374,761.2518522841698
1809488.122904,-278.94471961494855,714.4646801646451
1809492.69374,-269.46096753402884,686.7595250617183
1809499.624497,-258.82715159823766,646.543906420672
1809506.504106,-255.63462222398326,634.3190903878717
1809513.551938,-255.63462222398326,634.3190903878717
1809520.628361,-255.63462222398326,634.3190903878717
1809527.073671,-255.63462222398326,634.3190903878717
1809534.783469,-255.63462222398326,634.3190903878717
1809541.076823,-255.82844116343833,623.2837840151786
1809548.116092,-245.40312978647708,594.7971257806882
1809555.537717,-218.27941270682345,529.7771362764474
1809562.397499,-198.64517652042557,473.56830841688196
1809569.512551,-188.95250965502524,424.6239041087506
1809577.28766,-188.90879636018016,423.24964434875005
1809586.614085,-176.66750387796628,389.831609066196
1809591.003403,-164.9832724993818,354.92359401392156
1809599.224711,-150.35834282666298,318.4179518503938
1809604.402372,-135.70193348252377,270.0523677408396
1809611.794331,-117.32926032963393,206.42433861718328
1809618.829148,-104.39535094719554,172.76296152040456
1809626.137011,-90.61230219107107,126.15074227969683
1809632.522402,-69.99901144412617,42.02906268341439
1809640.187689,-55.25504591292425,2.426876741046252
1809646.859822,-53.71743383541166,-8.084766717568266
1809659.07495,-54.22696691316835,-11.71062215225876
1809666.258715,-53.53557014028944,-26.400639682027517
1809669.530357,-51.20035546402892,-51.71665919643791
1809676.087448,-35.184270370869214,-130.65294311341574
1809681.798892,-12.626439031832863,-147.5990014701688
1809690.90334,16.912853003350094,-151.73981718254873
1809695.507564,83.27679904756535,-186.3450107662382
1809703.482085,128.41829819640074,-239.6878166614176
1809709.068666,185.4084345407485,-285.42209152245863
1809716.39901,263.4901659771073,-343.75529926999377
1809723.774934,303.3350608128371,-370.96356935920664
1809730.951468,336.67508086365905,-396.59089636465023
1809737.377364,353.9626078471458,-411.80260544381184
1809744.139172,353.9626078471458,-411.80260544381184
1809751.140116,353.9626078471458,-411.80260544381184
1809759.078468,353.9626078471458,-411.80260544381184
1809765.290087,357.31342911124733,-414.44475810079336
1809772.14934,383.18471498653304,-433.357807050492
1809780.015376,451.81078540184035,-480.0855200115489
1809786.258969,507.4839488229809,-517.7040603570541
1809795.213693,566.269268776484,-564.1295400818904
1809800.659751,654.9566101221574,-626.9340466485013
1809807.500794,710.1702751170704,-639.3856416877233
1809816.687774,754.6823570402516,-646.8710609524702
1809825.334914,873.0030548563467,-677.7322754974898
1809828.133736,923.7768949651768,-720.4537268156954
1809844.388651,924.6349887020056,-781.0483422957919
1809849.324519,903.842294049096,-825.9960218292031
1809855.114233,903.842294049096,-825.9960218292031
1809855.681381,903.842294049096,-825.9960218292031
1809855.682025,903.842294049096,-825.9960218292031
1809857.479256,903.842294049096,-825.9960218292031
1809866.98432,903.842294049096,-825.9960218292031
1809876.90416,862.4108271126952,-848.3804329236417
1809887.205545,809.3614601115825,-852.1259511368648
1809890.442095,668.211381594533,-882.1623552666131
1809890.442714,668.211381594533,-882.1623552666131
1809891.606646,668.211381594533,-882.1623552666131
1809899.744047,603.9965603364012,-999.1255338291123
1809910.160649,589.0655890492774,-1090.4512858034946
1809912.610704,570.9117290228885,-1182.74776024755
1809919.560781,547.6125674038954,-1294.040299357525
1809928.011795,546.0724210858673,-1307.5828998045154
1809933.867463,546.0724210858673,-1307.5828998045154
1809941.182096,543.3961886438444,-1311.9229360640556
1809947.590808,537.2889133385679,-1337.6503281804642
1809961.926073,524.5820324333231,-1376.4332856775563
1809962.70522,518.7347022657026,-1389.0522225012412
1809970.158401,518.7347022657026,-1389.0522225012412
1809975.895426,518.7347022657026,-1389.0522225012412
1809983.728596,518.7347022657026,-1389.0522225012412
1809989.93903,517.2070610377233,-1393.2058253653227
1809997.241104,525.6496037877714,-1411.3559258574762
1810003.927849,564.8105417384785,-1461.5417035713924
1810019.599403,596.3316363083501,-1497.8905905273796
1810019.603171,630.6723982581066,-1548.183157687435
1810024.561808,630.6667849163532,-1642.1507841078283
1810033.655311,606.2919366437857,-1706.5612350399658
1810038.914981,607.1865321894743,-1778.8868770076108
1810046.093178,618.3272060371161,-1874.1033423580695
1810054.8505,598.0959535213071,-1941.857343086824
1810067.597892,567.2672362832501,-1991.960258307717
1810067.6779,596.8453265683139,-2037.1015838219244
1810068.132779,596.8453265683139,-2037.1015838219244
1810068.133362,596.8453265683139,-2037.1015838219244
1810069.911797,627.1406164527908,-2060.6214875652186
1810087.951509,698.067827279214,-2110.38605252785
1810087.956974,767.4221860648331,-2179.0940923543144
1810091.608268,872.8840055221924,-2277.27483778035
1810097.74564,945.7377950862858,-2345.253832986646
1810104.721088,1017.9492941425725,-2412.6234495812137
1810115.25299,1097.2149595916217,-2488.85379848483
1810119.089485,1111.2476791217894,-2503.7191678201857
1810125.649799,1111.2476791217894,-2503.7191678201857
1810134.356606,1111.2476791217894,-2503.7191678201857
1810139.984549,1129.4684180811817,-2531.312352215395
1810153.477895,1140.8591245222804,-2588.6910130398046
1810158.22586,1143.599933614792,-2614.88471713859
1810161.350539,1143.599933614792,-2614.88471713859
1810168.034699,1143.599933614792,-2614.88471713859
1810175.241812,1143.599933614792,-2614.88471713859
1810181.674585,1143.599933614792,-2614.88471713859
1810188.72447,1143.599933614792,-2614.88471713859
1810198.058413,1143.599933614792,-2614.88471713859
1810202.704997,1143.599933614792,-2614.88471713859
1810211.828103,1139.7607923093522,-2659.5489324589366
1810217.354782,1134.9627013089228,-2789.283931011127
1810224.107878,1128.0278966782898,-2901.6599086144734
1810239.466252,1120.303991858778,-3013.2692697309567
1810239.469828,1112.594463691111,-3161.365614097256
1810244.762713,1118.3134024840815,-3239.5801442544225
1810251.771073,1127.8438574999013,-3302.7308409462244
1810259.578943,1158.2477946552635,-3436.735337403953
1810265.719288,1184.5898074362756,-3545.173110548079
1810274.538208,1208.1161296705284,-3652.3525249825548
1810280.114874,1243.8742735037395,-3811.3280322677324
1810288.489592,1268.0108480226443,-3923.897956266955
1810294.122855,1288.7203143466888,-4034.929304296023
1810305.870502,1225.7350425629743,-4183.395278040374
1810307.736638,1132.994774845076,-4265.2743969541
1810314.728619,1053.02746616743,-4339.9162329719675
1810325.588055,934.3761620169803,-4452.256512054136
1810329.111431,847.096014867338,-4534.628894771971
1810338.228265,760.6831862676767,-4617.679424889109
1882503.89281,-784.5440678801302,-4623.0174819941985
1882510.933846,-745.4220383676343,-4515.647805178848
1882525.620424,-737.3109719694694,-4476.530193920467
1882526.123591,-737.330801222648,-4474.404688132083
1882531.854202,-733.4412150183681,-4445.988397493286
1882538.983937,-720.8510146758249,-4387.633228052578
1882545.894545,-715.9020654785156,-4351.503529148823
1882556.05131,-706.2912889729099,-4295.084148427164
1882560.283545,-694.336664801681,-4242.682909034588
1882566.845975,-676.036936955381,-4185.906663634614
1882573.963916,-601.0742788799764,-4108.197434419989
1882582.304356,-542.5680287118981,-4051.41782595312
1882588.551777,-497.4742188148575,-3977.8428911180854
1882594.930925,-432.4418473890873,-3878.8092655764085
1882602.222718,-394.2386070471266,-3831.996623711994
1882609.182776,-385.83702038551786,-3822.3066287735296
1882615.896207,-385.83702038551786,-3822.3066287735296
1882622.946677,-385.83702038551786,-3822.3066287735296
1882629.89708,-385.83702038551786,-3822.3066287735296
1882636.887716,-385.83702038551786,-3822.3066287735296
1882643.946107,-385.83702038551786,-3822.3066287735296
1882652.827677,-385.83702038551786,-3822.3066287735296
1882658.31478,-385.83702038551786,-3822.3066287735296
1882665.443959,-385.83702038551786,-3822.3066287735296
1882671.878402,-385.83702038551786,-3822.3066287735296
1882678.938228,-385.83702038551786,-3822.3066287735296
1882686.640751,-382.90853140146686,-3819.2861541879884
1882693.463751,-362.95855214495964,-3795.4230980507964
1882699.955714,-336.2844957550889,-3740.7749994311303
1882708.253167,-327.3890428743094,-3688.872583005309
1882713.866215,-321.7537008788207,-3629.03601507259
1882720.945747,-310.9997816505512,-3546.496921028498
1882731.99526,-302.6834418117743,-3498.6214779185807
1882734.968322,-295.978888508287,-3433.322897379332
1882741.931457,-286.4195973255178,-3347.4128661495056
1882748.876058,-280.9957026287344,-3287.0905660832977
1882755.943915,-273.95759859456354,-3230.690210114182
1882762.937882,-262.8756768674118,-3135.0194047207283
1882769.947018,-253.41676926346108,-3070.4658245601227
1882777.708505,-246.0277169266315,-3011.296177473351
1882783.895515,-238.56512337663298,-2955.56189488217
1882790.944205,-236.34348343476776,-2941.9772230841627
1882797.946332,-229.86579024087402,-2895.624675456556
1882804.944982,-217.88337379375082,-2805.0660284579385
1882811.944788,-211.71947033983682,-2749.7638348227883
1882819.179866,-210.99289955812006,-2742.000161898224
1882826.224216,-210.99289955812006,-2742.000161898224
1882832.946807,-210.99289955812006,-2742.000161898224
1882840.265024,-210.99289955812006,-2742.000161898224
1882847.169406,-210.99289955812006,-2742.000161898224
1882854.187234,-210.99289955812006,-2742.000161898224
1882861.207359,-210.99289955812006,-2742.000161898224
1882869.919235,-210.99289955812006,-2742.000161898224
1882875.285806,-210.99289955812006,-2742.000161898224
1882883.027532,-210.99289955812006,-2742.000161898224
1882889.178545,-210.99289955812006,-2742.000161898224
1882896.378945,-210.99289955812006,-2742.000161898224
1888789.915102,-760.7134047100504,-4568.329050977409
1888796.914204,-744.3855341950241,-4509.707040161786
1888803.905261,-732.9452647156645,-4460.176976580978
1888810.903911,-726.9972592495088,-4443.754809160391
1888817.905958,-726.9972592495088,-4443.754809160391
1888827.737629,-726.9972592495088,-4443.754809160391
1888831.865843,-726.9972592495088,-4443.754809160391
1888838.92516,-726.9972592495088,-4443.754809160391
1888846.591233,-724.1119539736437,-4420.49179555625
1888852.911176,-709.4275369322637,-4332.81626345562
1888862.840547,-698.6035578349544,-4274.467596369283
1888867.298873,-687.0717627782873,-4209.468936133036
1888874.22549,-607.0031661049087,-4108.673126369122
1888881.385039,-531.9876122973814,-4037.385072472091
1888887.915597,-478.672986049521,-3950.1964373818478
1888897.497857,-415.1496765309209,-3857.496908152925
1888901.863773,-405.89456658423666,-3847.631372144946
1888908.914627,-405.89456658423666,-3847.631372144946
1888917.420406,-402.0113577794724,-3844.41127601366
1888925.626112,-372.76735968376727,-3809.2442626831075
1888930.411159,-351.1399795901107,-3782.7667517433583
1888936.874896,-330.8613369803186,-3713.338229864737
1888943.956271,-323.74963701373923,-3642.024933292063
1888951.865212,-317.82521278142116,-3579.9673217313366
1888959.506916,-313.50734947028235,-3545.230359955672
1888964.866168,-313.50734947028235,-3545.230359955672
1888977.949532,-313.50734947028235,-3545.230359955672
1888982.017005,-313.50734947028235,-3545.230359955672
1888987.767127,-313.88866321356363,-3541.0924460557203
1888993.312996,-312.012750881312,-3497.039128502707
1888999.91906,-303.3867390095281,-3389.668852207314
1889006.928357,-289.3426064153921,-3317.5024544510384
1889013.923128,-283.4958371278729,-3287.7603013066564
1889020.912332,-282.97797654022827,-3286.7759958445104
1889027.867772,-282.97797654022827,-3286.7759958445104
1889037.394581,-282.97797654022827,-3286.7759958445104
1889042.39959,-282.97797654022827,-3286.7759958445104
1889049.370523,-282.97797654022827,-3286.7759958445104
1889056.370337,-282.97797654022827,-3286.7759958445104
1889062.934576,-282.97797654022827,-3286.7759958445104
1889073.574517,-282.97797654022827,-3286.7759958445104
1889076.931576,-275.80766925199583,-3266.869794021604
1889083.922742,-266.12021037577637,-3193.155410562433
1889100.942405,-261.91146814596135,-3134.2801668578522
1889100.946068,-253.5085145400061,-3065.490233289773
1889104.868317,-237.98278444315991,-2931.1310395445507
1889115.754196,-227.39125007351186,-2849.4307402388117
1889118.919809,-220.84631718054348,-2792.641890614338
1889125.92288,-217.73969101124308,-2766.964572193235
1889132.919888,-217.73969101124308,-2766.964572193235
1889139.930989,-217.73969101124308,-2766.964572193235
1889146.924685,-210.15561015523696,-2729.9852816659813
1889153.870293,-203.30725091969657,-2683.13082561478
1889160.931269,-193.78393323227243,-2623.248093173049
1889167.93122,-177.22060999868722,-2525.0583544891733
1889174.919829,-167.33302217853478,-2460.164594073968
1889181.871274,-164.10065538309027,-2412.179889630693
1889193.507894,-167.02880082953615,-2381.5995513797293
1889196.280505,-167.02880082953615,-2381.5995513797293
1889202.846218,-167.02880082953615,-2381.5995513797293
1889209.925717,-167.02880082953615,-2381.5995513797293
1889216.87468,-163.002662713766,-2353.543346719435
1889223.934698,-139.38574345838538,-2318.35007839922
1889239.887079,-101.24492780958673,-2273.7390291197635
1889239.890666,-88.36318134318236,-2262.6903985536073
1889244.874248,-83.33926480779071,-2261.2385655395346
1889251.924367,-79.20721151025487,-2258.6098511952982
1889258.874256,-79.20721151025487,-2258.6098511952982
1889272.86329,-70.94314310461266,-2249.3298782176084
1889274.90485,-70.94314310461266,-2249.3298782176084
1889279.952424,-70.94314310461266,-2249.3298782176084
1889286.922779,-70.94314310461266,-2249.3298782176084
1889293.881991,-70.94314310461266,-2249.3298782176084
1889300.882888,-70.94314310461266,-2249.3298782176084
1889307.91255,-70.94314310461266,-2249.3298782176084
1889315.011569,-70.94314310461266,-2249.3298782176084
1889325.688101,-70.94314310461266,-2249.3298782176084
1889329.573955,-70.94314310461266,-2249.3298782176084
1889337.462928,-70.94314310461266,-2249.3298782176084
1889343.440174,-70.94314310461266,-2249.3298782176084
1889350.589605,-70.31087363260154,-2242.478812188046
1889357.504193,-67.89621187357476,-2227.0146777376444
1889363.928757,-67.19763714766769,-2220.192825302592
1889370.928994,-65.17224277249188,-2211.8846086804133
1889380.160897,-58.759529547256925,-2147.2055392466054
1889385.19759,-29.498171842671336,-2081.3471704405347
1889392.327381,-4.8344969600772565,-2034.6608713898395
1889399.223394,20.155338475668586,-1988.4401714283133
1889405.8664,20.155338475668586,-1988.4401714283133
1889412.875764,20.155338475668586,-1988.4401714283133
1889420.892739,34.624363178454566,-1955.2219659941682
1889426.952187,61.95474524909126,-1909.3066554842305
1889433.865803,90.59012029077182,-1872.076503849802
1889442.823726,99.28781529207437,-1865.3077002684558
1889448.394502,99.28781529207437,-1865.3077002684558
1889455.28314,127.32178175171788,-1843.3685818996073
1889462.281394,121.21801653808711,-1766.8402086738392
1889469.271301,105.65256103920969,-1714.4784421914053
1889478.257072,101.90247014864967,-1649.4699599819767
1889482.884585,161.7057819330058,-1566.5448966955048
1889489.855718,192.83841994092506,-1519.1928242250065
1889498.800567,200.59310268989623,-1474.6733389258234
1889503.936928,190.33748549749814,-1383.224328376398
1889510.908211,158.43505308679357,-1311.88628774806
1889520.565692,179.39734537265795,-1292.2690644337893
1889524.960428,190.94903879634035,-1285.0213487643584
1889531.939672,190.94903879634035,-1285.0213487643584
1889538.92887,190.94903879634035,-1285.0213487643584
1889546.427521,174.08006341469394,-1260.4344157514406
1889552.94581,111.30359494833607,-1218.3571232188929
1889560.047242,39.50454107473876,-1163.8399870159444
1889566.93593,3.1407668993338818,-1125.123256664828
1889579.798179,3.1407668993338818,-1125.123256664828
1889581.543383,0.599349300695528,-1121.0921796061348
1889588.775941,0.599349300695528,-1121.0921796061348
1889595.521832,0.599349300695528,-1121.0921796061348
1889603.018274,-3.8417563031112385,-1117.3023043186313
1889608.93671,-17.4525915032642,-1103.6427672286345
1889621.896934,-46.751294294297395,-1066.293640447785
1889623.503634,-61.39535843483527,-1044.6931438856718
1889631.733749,-61.39535843483527,-1044.6931438856718
1889636.837234,-61.39535843483527,-1044.6931438856718
1889644.491841,-61.39535843483527,-1044.6931438856718
1889651.079648,-70.55809134077465,-1029.7879488396618
1889657.837924,-99.03659091826943,-1006.6753121198888
1889664.939217,-124.7077917987369,-984.6711686546048
1889671.939011,-101.84197774738193,-920.94841330628
1889696.297509,-155.92877575571262,-730.058522395389
1889696.298187,-155.92877575571262,-730.058522395389
1889698.283246,-155.92877575571262,-730.058522395389
1889708.675738,-154.53452756039675,-732.7886276561961
1889712.61065,-154.53452756039675,-732.7886276561961
1889728.170659,-154.53452756039675,-732.7886276561961
1889728.175056,-154.53452756039675,-732.7886276561961
1889736.441982,-154.53452756039675,-732.7886276561961
1889736.442659,-154.53452756039675,-732.7886276561961
1889740.928163,-154.53452756039675,-732.7886276561961
1889747.776437,-154.53452756039675,-732.7886276561961
1889754.961192,-154.53452756039675,-732.7886276561961
1889761.839746,-154.53452756039675,-732.7886276561961
1889768.839785,-154.53452756039675,-732.7886276561961
1889775.859916,-154.53452756039675,-732.7886276561961
1889782.858861,-154.53452756039675,-732.7886276561961
1889794.440907,-154.53452756039675,-732.7886276561961
1889796.896227,-154.53452756039675,-732.7886276561961
1889811.678139,-156.79009269676095,-727.4753744025879
1889811.784465,-158.26099338677932,-714.5229856637322
1889817.765525,-158.26099338677932,-714.5229856637322
1889825.608306,-158.26099338677932,-714.5229856637322
1889831.788248,-162.71714099405912,-699.9694128548472
1889838.776833,-176.9027599519905,-664.9539481248198
1889846.702864,-202.59131750818818,-589.5481053700498
1889852.854413,-195.00664585346345,-522.1567360840799
1889872.495223,-176.99320386827048,-483.5832762046366
1889872.498899,-212.56409046165206,-474.91452944636075
1889874.1285,-238.00593049695323,-446.53101853690504
1889880.732549,-260.90107442500994,-416.36711622688773
1889887.73498,-292.37421451602853,-368.79731695096206
1889897.330786,-281.3347449048246,-338.90979369723226
1889902.642288,-257.8736263283219,-310.73510489507396
1889908.777701,-241.70887685641463,-295.6915344600657
1889915.867886,-247.9331771550616,-284.9931317006226
1889923.98236,-254.21496139930494,-262.94862470966893
1889929.887106,-269.34149974284253,-232.53401207619197
1889936.831412,-269.34149974284253,-232.53401207619197
1889946.469347,-247.48093267810128,-223.98424472051377
1889951.127168,-188.94625264541332,-235.9059332028517
1889957.782425,-161.78876568320106,-273.37195976036173
1889964.781114,-131.6780969286055,-298.0207623681118
1889973.74982,-96.85965846468925,-320.78095962222983
1889981.25528,-67.80747324362024,-321.3235727093833
1889986.157691,-46.38119269556579,-259.0760238887296
1889993.145884,-48.46972581716078,-222.16846714656617
1890000.231409,-50.08908703734808,-211.09619773536528
1890007.529414,-50.08908703734808,-211.09619773536528
1890014.339111,-50.866744179769334,-203.6991828961708
1890022.007394,-47.38917947311399,-196.5484217703329
1890030.374362,-26.162387726794552,-161.53232768882887
1890039.249787,0.3579641373223963,-132.5141598464058
1890041.734898,0.6614311422014623,-87.45132516263764
1890048.738785,-13.33959091658647,-50.0418573003509
1890055.776326,-15.022042179740817,-39.276762244977256
1890062.775617,-7.155106536729469,-27.67058051450106
1890072.750118,-7.155106536729469,-27.67058051450106
1890076.958706,27.893441065526037,-17.071776501347426
1890083.836439,108.44397749908867,4.742148399763547
1890093.824431,158.12142117447496,19.94229850749086
1890098.132413,187.06802501690973,31.34696470452341
1890104.806424,212.71589383269392,-3.2673347410306226
1890112.441867,212.71589383269392,-3.2673347410306226
1890119.076849,212.71589383269392,-3.2673347410306226
1890126.27507,212.71589383269392,-3.2673347410306226
1890133.270069,213.57658717966473,-10.95065224517233
1890144.071671,221.26228175811332,-55.268807173092924
1890146.831385,247.81271304585846,-90.15355722816284
1890153.833266,295.30535473347186,-79.9041643641554
1890162.68634,338.19402258011763,-77.55346924592328
1890167.836092,363.85326070758776,-60.68305412338149
1890174.846969,365.0170824000982,-55.506444938982526
1890182.678597,362.3923039132061,-43.50301545606751
1890191.142092,386.9091978349323,-14.55937917174867
1890196.5315,420.5637788273203,27.156183918463075
1890202.841915,458.49224288848507,63.13269645342055
1890216.456137,516.9632035973113,110.32926817610095
1890216.832082,555.0570597533834,139.83711856165493
1890225.292845,591.4916882533057,171.52295133382214
1890231.702726,619.6734971099614,191.06322560745014
1890238.429524,627.1624752868706,195.18680811729823
1890245.475469,627.1624752868706,195.18680811729823
1890252.473117,627.1624752868706,195.18680811729823
1890259.997551,627.1624752868706,195.18680811729823
1890265.771146,627.1624752868706,195.18680811729823
1890272.745108,627.1624752868706,195.18680811729823
1890284.045403,653.2450278863514,211.72473033156277
1890287.48362,689.2619514687151,248.00965906679465
1890293.783556,745.9724631645234,298.64176225505963
1890302.400323,762.9549312278148,313.95184522888525
1890308.397694,762.9549312278148,313.95184522888525
1890315.598673,774.1864003744737,319.84408021221446
1890321.763458,798.9862510821737,340.21870127622867
1890328.76518,813.1085643075128,349.780914082333
1890339.301664,815.1806747534811,351.23135684162514
1890342.858416,815.1806747534811,351.23135684162514
1890349.843538,815.1806747534811,351.23135684162514
1890357.415493,815.1806747534811,351.23135684162514
1890364.583626,815.1806747534811,351.23135684162514
1890371.398841,815.1806747534811,351.23135684162514
1890379.890927,815.1806747534811,351.23135684162514
1890387.162542,815.1806747534811,351.23135684162514
1890391.784265,846.7320695110166,383.0608225604972
1890401.230033,887.3240173428586,418.1603971380465
1890405.759533,918.6001658554577,446.06085653184294
1890414.087211,945.6348503204425,474.51378072412234
1890420.462562,961.4503082305287,492.47359155328525
1890427.336265,961.4503082305287,492.47359155328525
1890434.328098,961.4503082305287,492.47359155328525
1890441.462505,961.4503082305287,492.47359155328525
1890448.245321,961.4503082305287,492.47359155328525
1890458.988461,988.0419373086905,514.6212103500822
1890462.323054,999.2968943519714,523.2579462905462
1890471.184859,999.2968943519714,523.2579462905462
1890476.137358,999.2968943519714,523.2579462905462
1890483.107746,1018.0047578183257,530.4979320121753
1890490.262962,1018.0047578183257,530.4979320121753
1890497.535351,1018.0047578183257,530.4979320121753
1890505.17933,1018.0047578183257,530.4979320121753
1890510.859966,1018.0047578183257,530.4979320121753
1890518.190863,1018.0047578183257,530.4979320121753
1890524.851545,1048.474771382961,558.1629320526789
1890531.790978,1074.0747922408414,588.2979739720047
1890553.919397,1100.0326301419095,603.3875262155581
1890553.923017,1142.023847080878,600.4616070231832
1890553.926531,1150.5316338677583,592.5531113312585
1890586.90406,1289.0454919328577,539.8271527527518
1890586.904773,1289.0454919328577,539.8271527527518
1890588.6392,1289.0454919328577,539.8271527527518
1890595.638651,1289.0454919328577,539.8271527527518
1890602.634217,1289.0454919328577,539.8271527527518
1890610.749848,1289.0454919328577,539.8271527527518
1890616.944179,1289.0454919328577,539.8271527527518
1890623.953012,1289.0454919328577,539.8271527527518
1890630.993034,1289.0454919328577,539.8271527527518
1890637.703916,1289.0454919328577,539.8271527527518
1890645.941378,1289.0454919328577,539.8271527527518
1890660.242926,1289.0454919328577,539.8271527527518
1890660.246524,1289.0454919328577,539.8271527527518
1890665.735511,1294.5743086414097,540.9254758780764
1890672.904729,1325.1237078480458,556.9922111727676
1890679.961166,1371.5289149945836,593.9519760255653
1890688.294904,1418.708001486784,631.0039041292198
1890693.706826,1421.5073239571489,633.3405899426298
1890700.706493,1421.5073239571489,633.3405899426298
1890707.626645,1421.5073239571489,633.3405899426298
1890715.956263,1421.5073239571489,633.3405899426298
1890721.660585,1421.5073239571489,633.3405899426298
1890728.706812,1421.5073239571489,633.3405899426298
1890736.765364,1425.857493766352,633.3466483770698
1890742.704059,1444.1332740663195,647.0555447983103
1890753.743991,1465.6436193224092,668.0550301895961
1890756.704539,1471.4252107016368,672.9012967166527
1890765.300266,1473.3063164155085,674.481407033711
1890770.704122,1489.132695900329,661.6900798816039
1890777.704324,1514.2799711281632,608.7949326491373
1890787.002463,1538.678444007516,553.7584423587184
1890791.960426,1546.4585982681333,528.9519333055894
1890799.070043,1546.4585982681333,528.9519333055894
1890806.11682,1546.4029792127926,511.13099794741544
1890812.994504,1545.257097840857,505.6840282560972
1890823.296048,1541.374890819347,505.2160941103314
1890826.948815,1541.374890819347,505.2160941103314
1890833.6992,1541.374890819347,505.2160941103314
1890840.65802,1541.374890819347,505.2160941103314
1890847.872599,1530.8820009944357,496.2904993269811
1890856.038469,1530.8820009944357,496.2904993269811
1890861.949471,1525.9841499634613,489.6663988889763
1890868.990984,1524.2268724767819,487.0059320473042
1890875.656889,1524.2268724767819,487.0059320473042
1890883.970865,1524.2268724767819,487.0059320473042
1890894.449056,1524.2268724767819,487.0059320473042
1890896.629729,1524.2268724767819,487.0059320473042
1890903.710829,1524.2268724767819,487.0059320473042
1890910.690754,1524.2268724767819,487.0059320473042
1890918.892787,1524.2268724767819,487.0059320473042
1890926.37354,1524.2268724767819,487.0059320473042
1890932.221754,1524.2268724767819,487.0059320473042
1890938.967074,1524.2268724767819,487.0059320473042
1890945.960143,1520.8600787070925,480.87870920955373
1890953.038564,1520.8600787070925,480.87870920955373
1890959.70708,1520.8600787070925,480.87870920955373
1890966.665629,1514.943885555907,473.02693118843536
1890973.716297,1514.943885555907,473.02693118843536
1890980.706743,1514.943885555907,473.02693118843536
1890988.937062,1514.943885555907,473.02693118843536
1890994.655491,1514.943885555907,473.02693118843536
1891001.715382,1514.943885555907,473.02693118843536
1891008.71554,1514.943885555907,473.02693118843536
1891015.71558,1514.943885555907,473.02693118843536
1891023.844767,1514.943885555907,473.02693118843536
1891029.676523,1514.943885555907,473.02693118843536
1891036.655326,1514.943885555907,473.02693118843536
1891043.741655,1514.943885555907,473.02693118843536
1891050.65543,1505.7292105319843,459.1189770563431
1891063.08718,1505.1056286176704,458.05626363983095
1891064.983109,1505.1056286176704,458.05626363983095
1891075.613467,1505.1056286176704,458.05626363983095
1891078.712459,1499.3988244124182,452.1896826704058
1891085.663541,1498.4397148420874,451.55138286777174
1891094.556677,1496.4363312315445,448.6277545666462
1891100.439618,1496.4363312315445,448.6277545666462
1891107.173294,1488.74524272998,442.6417737381417
1891118.220787,1488.7452427217252,442.6417737381417
1891120.710463,1488.7452427217252,442.6417737381417
1891127.709435,1488.7452427217252,442.6417737381417
1891134.660685,1488.7452427217252,442.6417737381417
1891142.020783,1488.7452427217252,442.6417737381417
1891150.614116,1484.0637256767075,437.7930809801594
1891156.142521,1480.515746965609,434.6268428050016
1891163.0523,1480.1137593484557,434.207592932353
1891169.9765,1475.2209979763509,431.9699070181113
1891176.960515,1475.7252150258641,431.8345351910498
1891184.442907,1475.3875264167598,430.2939952931884
1891191.325359,1475.3875264001026,430.2939953037901
1891197.635205,1475.3875264001026,430.2939953037901
1891204.704456,1475.3875264001026,430.2939953037901
1891212.769305,1475.3875264001026,430.2939953037901
1891219.195176,1475.3875264001026,430.2939953037901
1891226.984389,1475.3875264001026,430.2939953037901
1891235.133536,1473.1430653911711,428.5367571127792
1891239.716961,1471.1426320804926,424.17303601544387
1891246.716486,1470.0938057690537,421.0458304821867
1891253.716608,1456.4622924164742,404.691627612798
1891260.666408,1456.4623288548416,404.6916409861098
1891271.836247,1456.4623288548416,404.6916409861098
1891274.675398,1442.3056054922636,412.042855521579
1891283.214932,1441.8090641854399,413.0270111577836
1891289.109175,1441.8090641854399,413.0270111577836
1891296.182915,1441.8090641854399,413.0270111577836
1891303.446321,1441.8090641854399,413.0270111577836
1891311.105015,1441.8090641854399,413.0270111577836
1891317.191167,1441.8090641854399,413.0270111577836
1891324.166517,1441.8090641854399,413.0270111577836
1891332.255246,1441.8090641854399,413.0270111577836
1891338.568385,1441.8090641854399,413.0270111577836
1891345.212824,1441.8090641854399,413.0270111577836
1891352.157709,1440.0802076911148,416.4574431398633
1891359.255376,1419.083635582062,428.1161602492245
1891366.951769,1397.9280775076138,418.2437050868576
1891373.039754,1395.8399508367777,416.0520769438383
1891380.039948,1396.880980721871,416.3709803210877
1891387.052195,1396.5364896302465,414.9411385049604
1891394.101109,1390.898841467928,410.7036133411595
1891404.138653,1354.910520086616,361.76509433621914
1891407.638516,1335.4087580087344,328.60378694002526
1891414.667925,1329.8626869855605,319.34191174063113
1891421.716944,1327.7076753315912,319.17710766599726
1891428.722512,1320.6262899735896,318.8686364015451
1891436.20504,1313.4541793989195,308.1521975430207
1891443.555919,1292.041632314712,277.8816649487756
1891450.455287,1291.6979170516645,278.62431732564346
1891457.268668,1295.2843691415076,277.6338252443685
1891464.030086,1296.3655789407626,277.07020975790044
1891477.945722,1274.6490230292948,247.1262680932149
1891478.167381,1312.977076621481,214.9608148304173
1891484.708481,1374.5003328929047,173.46645532841404
1891491.668449,1396.2011097111804,160.3528878539481
1891515.221305,1396.2011097111804,160.3528878539481
1891515.229105,1396.2011097111804,160.3528878539481
1891515.233288,1396.2011097111804,160.3528878539481
1891515.816055,1396.2011097111804,160.3528878539481
1891515.816784,1396.2011097111804,160.3528878539481
1891517.102775,1396.2011097111804,160.3528878539481
1891526.409744,1396.2011097111804,160.3528878539481
1891531.198638,1396.2011097111804,160.3528878539481
1891541.199477,1396.2011097111804,160.3528878539481
1891545.642377,1410.799224033693,151.24204708409562
1891552.613252,1453.1303530231735,110.42600519371473
1891560.229128,1500.4171926640029,65.17037855445639
1891566.609238,1570.279535567947,13.05061034980083
1891574.129147,1601.0069795032061,-13.006736071210762
1891580.150434,1607.1533204652396,-18.382640520629767
1891587.321388,1614.1180015289467,-24.692503529176197
1891594.170651,1614.1180015289467,-24.692503529176197
1891601.647788,1626.5116377301983,-36.09600460610696
1891608.585053,1690.5514685640987,-91.08873866282981
1891615.581114,1745.8249079897605,-127.1722629943923
1891622.560514,1803.874562210879,-175.72907039503139
1891634.08851,1856.0802954589121,-218.17894537721685
1891636.158279,1891.8955142877148,-244.79416416663068
1891643.15817,1931.282166441428,-274.9812586731786
1891650.108076,1929.3613542884284,-319.9231400006147
1891657.32628,1900.615038063736,-355.5527202769587
1891664.717405,1877.4308140993771,-388.1397166146528
1891675.508838,1865.1841567688523,-402.8617104780222
1891678.804437,1871.9310910636787,-444.0377599284159
1891686.323989,1892.0613498249845,-506.63170898170785
1891692.162525,1920.85767956593,-574.8858820458695
1891699.151222,1938.6035278104894,-621.1485862321695
1891708.323199,1961.6706139139264,-677.3368076829431
1891713.118708,1984.770139222736,-736.0092820774871
1891720.156238,1984.770139222736,-736.0092820774871
1891727.103396,1986.188578039884,-739.7711186600957
1891739.718987,1994.6659895052976,-760.2001679659322
1891741.94732,1998.5072265792924,-776.69051861942
1891748.403569,2009.9528577851036,-811.445377253277
1891758.23988,2037.0161807875186,-875.7792640995099
1891762.573627,2041.428378558126,-897.1187788783226
1891769.56324,2061.140300199592,-951.2026490561353
1891776.153486,2084.753078935767,-997.2125380168964
1891783.165579,2093.2057876446142,-1020.4865039261455
1891793.765697,2103.4691056301767,-1043.0432356724973
1891797.653413,2103.4691056301767,-1043.0432356724973
1891804.811696,2103.4691056301767,-1043.0432356724973
1891811.552131,2103.4691056301767,-1043.0432356724973
1891818.160854,2103.4691056301767,-1043.0432356724973
1891828.046398,2119.0086742813914,-1065.3996383232743
1891832.14985,2129.296000474865,-1102.2978394787542
1891839.108628,2133.253514718913,-1117.7719378111283
1891846.973784,2135.4605420430935,-1123.236497187923
1891853.158337,2149.4651454555014,-1149.633697605801
1891860.209044,2165.4526912433653,-1184.6956124829178
1891869.256331,2195.472441542255,-1229.1959751727459
1891878.830233,2207.8817617704754,-1247.3155076703754
1891881.98197,2207.8817617704754,-1247.3155076703754
1891888.730806,2207.8817617704754,-1247.3155076703754
1891895.170023,2207.8817617704754,-1247.3155076703754
1891906.695741,2207.8817617704754,-1247.3155076703754
1891909.118191,2207.8817617704754,-1247.3155076703754
1891916.463535,2207.8817617704754,-1247.3155076703754
1891926.026016,2207.8817617704754,-1247.3155076703754
1891930.701363,2207.8817617704754,-1247.3155076703754
1891938.126924,2223.798548941441,-1264.2092691008372
1891944.501697,2241.7488574793783,-1284.2800464611564
1891952.049837,2258.3528846160443,-1307.9311112794053
1891959.366375,2280.747600632011,-1336.2725726550168
1891965.154618,2316.2754722819204,-1371.3158554877373
1891972.152688,2362.3937532328923,-1417.1893172954283
1891980.313176,2420.1666655765675,-1482.2837378425613
1891986.482503,2494.925512046667,-1567.7804399787678
1891993.419331,2535.8874791407848,-1614.438248534195
1892001.748934,2545.6773054231808,-1638.723054390979
1892007.455747,2540.6870641300234,-1690.8137934452209
1892018.471348,2553.9063022568535,-1717.2078582597032
1892021.147767,2579.485782017611,-1736.860141820366
1892028.158091,2648.0362866213286,-1743.1907707823468
1892035.108165,2683.7062793838004,-1763.2764635566307
1892042.148034,2701.5515277122136,-1783.7691159565038
1892049.147709,2701.5515277122136,-1783.7691159565038
1892056.147079,2706.127869581167,-1788.074199151523
1892066.316548,2729.6325872406073,-1816.6140144054216
1892070.186306,2776.311676003286,-1871.139983707562
1892077.165932,2802.458970089567,-1905.6325529258886
1892084.187408,2829.7696603343406,-1934.6247885450384
1892092.519213,2833.6313483414833,-1939.5142228619636
1892099.328235,2837.9136020248643,-1941.5035842432223
1892107.814873,2862.814582618523,-1965.3626926973877
1892112.107096,2913.396718376287,-2028.0525283025547
1892119.694566,2953.945191629092,-2074.3399769175035
1892126.157507,3003.9107549522773,-2128.7293477663975
1892133.197108,3063.074466649655,-2199.5177645183007
1892141.485731,3085.7249094754256,-2225.787425490491
1892147.44751,3102.6537588674596,-2243.280087057371
1892154.63508,3142.166985758059,-2280.6700450874423
1892161.396458,3161.7092764563276,-2298.6250255019863
1892171.304784,3182.0242900239828,-2314.627919467457
1892175.143388,3196.354419498265,-2325.625458815056
1892182.180729,3194.2527082867327,-2318.632450302663
1892189.063028,3223.243377863137,-2343.756813340727
1892196.053615,3258.816462249484,-2377.758203038151
1892203.160792,3287.906599267295,-2411.5508177606243
1892213.559012,3307.999650648594,-2436.332136772607
1892217.836144,3361.2247401743816,-2491.503049166277
1892224.508302,3394.3130981823238,-2530.3776326478733
1892233.031499,3425.7855502168927,-2562.132167766841
1892238.749622,3471.4864180116783,-2612.8540066859696
1892245.659925,3485.1164799988906,-2628.2595507423807
1892252.631626,3507.481008409751,-2647.117018113675
1892265.364963,3543.6231544334123,-2693.502659450522
1892267.630265,3550.821705413137,-2705.4892502259286
1892273.465617,3573.6512065621005,-2726.138569000144
1892280.673388,3610.003941172587,-2771.935186597704
1892288.134608,3646.012121377151,-2806.4936410674172
1892296.113957,3657.3535299558444,-2820.0364827468957
1892301.103994,3657.3535299558444,-2820.0364827468957
1892308.203698,3657.3535299558444,-2820.0364827468957
1892315.160008,3657.3535299558444,-2820.0364827468957
1892322.153813,3670.963391332488,-2825.162982277077
1892329.115055,3707.484912002977,-2871.5805448485603
1892336.155403,3735.4025370081977,-2904.606835304558
1892343.104818,3735.4025370081977,-2904.606835304558
1892360.055651,3735.4025370081977,-2904.606835304558
1892360.059241,3768.547186821998,-2928.505838539755
1892364.442375,3788.2264884644087,-2952.603841148004
1892371.385663,3811.982192304842,-2977.518605816061
1892378.108328,3834.6692161558626,-3006.6218672682353
1892389.43219,3857.140124804649,-3038.6541580600474
1892392.529643,3873.0657721746206,-3064.281371132362
1892399.505827,3886.2032885330855,-3101.2156601738843
1892406.482617,3887.748795042545,-3106.4271188542116
1892413.720673,3887.748795042545,-3106.4271188542116
1892420.632447,3887.748795042545,-3106.4271188542116
1892427.168124,3905.73342437322,-3159.842354947191
1892434.464413,3926.152559836916,-3230.4437589509853
1892441.564287,3948.3317926120353,-3297.7003095036353
1892448.114697,3978.07941049243,-3396.1783636456917
1892456.03549,3995.2932676562905,-3449.8334098761243
1892470.013984,4015.5822293497527,-3510.1199738929163
1892470.017602,4037.3840132114715,-3578.5952258837096
1892476.078521,4058.5565900043725,-3644.2754036927176
1892483.110424,4077.7308004726774,-3706.097431714319
1892490.188179,4103.572980588752,-3768.1822279583903
1892497.108265,4123.757046100378,-3809.810170641562
1892507.963791,4140.972197188434,-3838.6927497200368
1892511.179734,4142.724643786693,-3840.895900989504
1892520.19977,4142.724643786693,-3840.895900989504
1892525.152838,4142.724643786693,-3840.895900989504
1892532.151179,4172.0891456952695,-3893.3967742777627
1892542.276048,4196.124067392047,-3942.6418048240967
1892546.111353,4214.20441382918,-3978.3507530612487
1892553.111012,4258.5720171625635,-4033.903286614052
1892574.390479,4401.6636532147195,-4288.353880724611
1892574.391228,4401.6636532147195,-4288.353880724611
1892576.141282,4401.6636532147195,-4288.353880724611
1892583.152993,4443.151958441332,-4350.833435379043
1892590.216216,4447.889498652913,-4357.7471682522255
1892597.22078,4461.326590694859,-4372.51316038464
1892604.213246,4518.973613603646,-4447.434365827443
1894038.93319,4562.955961646701,-4510.886330913988
1894045.749043,4492.990258095157,-4414.730169844353
1894053.7533,4399.351966355652,-4270.855661485954
1894059.492167,4335.157825745765,-4161.688403483848
1894072.627517,4286.177799440427,-4063.614647606453
1894073.582516,4271.86227243178,-4033.303218875772
1894404.892993,3598.6073006854817,-2799.583200332012
1894404.893754,3598.6073006854817,-2799.583200332012
1894412.243796,3628.642888715602,-2781.7387374032487
1894412.244423,3628.642888715602,-2781.7387374032487
1894446.12201,3554.367233555764,-2673.948503021545
1894446.123647,3554.367233555764,-2673.948503021545
1894459.884786,3547.7025234886023,-2672.507325269808
1894459.885613,3547.7025234886023,-2672.507325269808
1894466.539784,3542.360017532028,-2668.4250945862013
1894466.554927,3542.360017532028,-2668.4250945862013
1894473.515088,3533.7231611767847,-2659.7372388563385
1894480.524527,3524.626063655927,-2647.0483909526797
1894490.703272,3506.449313108898,-2629.4832528339434
1894494.759553,3474.028361829614,-2597.122046393461
1894502.518876,3451.050324682558,-2574.3905100181646
1894508.539583,3427.7223122667747,-2548.2005575897692
1894515.522085,3385.304360153391,-2494.685838233682
1894522.468872,3366.070036288664,-2466.964114493191
1894531.275411,3352.456654304916,-2457.1728995824483
1894536.953844,3296.9032696809963,-2401.5523205730956
1894543.930293,3259.1584929398996,-2360.1341104238736
1894551.428423,3221.418586019515,-2316.8798436774587
1894557.548157,3148.8405720222704,-2259.061957057899
1894564.549026,3106.820700293528,-2218.4785524916224
1894573.238856,3074.4022939578754,-2184.0540960303724
1894578.468356,3065.829868845432,-2173.358273354957
1894585.549682,3065.829868845432,-2173.358273354957
1894592.539793,3065.829868845432,-2173.358273354957
1894601.726527,3065.829868845432,-2173.358273354957
1894606.981948,3064.4093509250342,-2167.922424527781
1894614.203057,3051.399304505993,-2152.6580303506
1894621.269937,3038.958144773308,-2140.7371464300063
1894627.544966,3022.8112876986456,-2128.0139011542733
1894634.526035,2987.7085075860196,-2087.915778552958
1894644.32624,2934.196011771136,-2018.4851458984294
1894649.060838,2904.328705865776,-1983.9721950436951
1894656.299876,2886.7481461204075,-1961.619479513264
1894666.223624,2826.6690445811596,-1901.8402278033825
1894672.46111,2776.1937802528328,-1848.2671653545954
1894732.894145,2681.761701450321,-1735.99658217299
1894732.894825,2681.761701450321,-1735.99658217299
1894739.954345,2665.5216231021363,-1724.7894027199368
1894746.124315,2663.6236305580574,-1702.298286670101
1894753.123705,2667.727977143951,-1667.7447904981063
1894763.445789,2658.1396179964245,-1639.4332192141037
1894767.309753,2621.066230825386,-1616.861443040083
1894777.248614,2580.5901195922047,-1610.2448701779854
1894781.091108,2564.3951006885463,-1612.16398394851
1894788.071215,2512.643406637241,-1562.6252608806205
1894795.391241,2477.3124889051483,-1523.3410826576091
1894802.121168,2461.2868040447,-1501.720534504472
1894809.121279,2438.2157468681003,-1475.5232955814251
1894819.634813,2438.2157468681003,-1475.5232955814251
1894823.152933,2438.2157468681003,-1475.5232955814251
1894830.152119,2438.2157468681003,-1475.5232955814251
1894837.152345,2438.2157468681003,-1475.5232955814251
1894844.153404,2438.2157468681003,-1475.5232955814251
1894851.153252,2438.2157468681003,-1475.5232955814251
1894862.86942,2429.9461383340886,-1467.2026324795404
1894865.130625,2416.4228864775955,-1453.830751214936
1894872.468349,2384.5344719970767,-1418.4443000885008
1894879.08017,2364.8608701617295,-1395.6948737894832
1894886.040099,2356.370504221803,-1390.6923217321894
1894897.415584,2356.370504221803,-1390.6923217321894
1894901.275694,2356.370504221803,-1390.6923217321894
1894907.023453,2356.370504221803,-1390.6923217321894
1894918.660202,2352.5420521005676,-1384.5455478961667
1894921.355303,2342.878557018974,-1369.3618305517896
1894928.43383,2326.228598706766,-1344.8863943947802
1894935.492601,2286.9683373303565,-1303.1848728395605
1894943.359711,2286.9683373303565,-1303.1848728395605
1894950.309912,2286.9683373303565,-1303.1848728395605
1894956.645105,2286.9683373303565,-1303.1848728395605
1894963.691753,2286.9683373303565,-1303.1848728395605
1894970.828807,2286.9683373303565,-1303.1848728395605
1894977.69617,2286.9683373303565,-1303.1848728395605
1894984.195968,2286.9683373303565,-1303.1848728395605
1894991.125811,2286.9683373303565,-1303.1848728395605
1894998.636687,2286.9683373303565,-1303.1848728395605
1895005.376799,2286.9683373303565,-1303.1848728395605
1895012.576769,2268.940081835471,-1284.1101587356652
1895019.726612,2226.2410578360605,-1222.8437949133208
1895027.003907,2215.1941723219747,-1195.3373026575134
1895033.133938,2215.1941723219747,-1195.3373026575134
1895040.133912,2184.414438590003,-1169.8857484268058
1895048.249487,2162.3364035602976,-1149.544106938057
1895056.410612,2144.9274834862736,-1127.7281355321084
1895061.1149,2121.231018993047,-1061.9766473089564
1895073.11752,2103.7505643762656,-1014.916373012724
1895075.07839,2090.2703347878887,-978.5468125073118
1895082.646971,2077.068388872434,-942.7789859200881
1895089.126673,2059.141322850693,-899.825552698785
1895096.138573,2037.598684580114,-838.3824445677019
1895103.088267,2019.2604215848414,-789.6443415413368
1895110.128187,2019.1639761104284,-788.7280447173869
1895117.136925,2019.1639761104284,-788.7280447173869
1895127.702822,2019.1639761104284,-788.7280447173869
1895131.722466,2019.1639761104284,-788.7280447173869
1895138.131221,2019.1639761104284,-788.7280447173869
1895145.355049,2019.1639761104284,-788.7280447173869
1895154.863666,2019.1639761104284,-788.7280447173869
1895159.209176,2019.1639761104284,-788.7280447173869
1895166.134936,2019.1639761104284,-788.7280447173869
1895173.138182,2019.1639761104284,-788.7280447173869
1895180.082903,2019.1639761104284,-788.7280447173869
1895188.879417,1998.4610700023165,-744.7973708723213
1895194.398676,1978.9477789162534,-692.5196885549755
1895204.444321,1957.734884325635,-637.0845923642102
1895208.626347,1933.2101782062755,-584.5526409608726
1895216.682546,1913.9220998197934,-548.3436051876425
1895222.957471,1896.424437629385,-492.6442293128635
1895229.147365,1869.9381425636675,-430.3272634720386
1895236.168634,1872.1157134465755,-413.2540676947648
1895245.679605,1854.3064513354368,-394.4649243964721
1895253.287081,1814.3410071906258,-369.4368136653852
1895257.165859,1786.4846246650714,-347.94669497207667
1895264.164517,1760.25584986587,-323.6608879182124
1895271.164894,1730.4190197405344,-299.5993594414992
1895282.406761,1718.5794421774126,-292.6373223570256
1895286.373018,1692.6970137010896,-274.1954736283402
1895292.132109,1644.025048817737,-224.58261229968684
1895299.141907,1661.1247705756618,-187.31304625927527
1895306.131942,1672.7311719745019,-172.2077725552209
1895317.88099,1634.191005011637,-138.27309037584703
1895320.232417,1590.5302564896554,-102.7396163243359
1895327.141025,1537.3625586127673,-65.50647589405523
1895334.082305,1462.9294357304075,-9.909691268340207
1895341.141048,1427.113276331175,14.644475215824139
1895348.141113,1417.385551317419,20.164143664105357
1895355.242209,1385.7652447101298,54.78156750026877
1895366.896947,1387.07411355773,81.61705869062247
1895369.416026,1400.1386704249653,106.86741029828931
1895378.043074,1408.2893296106886,120.81007378034049
1895383.409019,1408.2893296106886,120.81007378034049
1895391.933053,1413.5985890087882,135.68328296482437
1895397.128785,1440.1775165016809,177.23847192508316
1895404.127537,1449.8185333115384,188.755380364972
1895411.088844,1460.7989009598587,195.5322835310707
1895420.331615,1487.7641685537767,216.93848025307716
1895425.53518,1507.1293059527025,241.27186781058884
1895432.095133,1521.1706487865863,263.038720407074
1895439.052628,1523.833618113168,275.16726024562246
1895446.712112,1544.4041311939948,305.24426520285925
1895455.141672,1556.3478620398855,316.9862412233987
1895487.237493,1549.8713800564155,327.7687475302031
1895530.385393,1517.1715568855927,485.7846171681078
1895530.386996,1517.1715568855927,485.7846171681078
1895532.78172,1517.1715568855927,485.7846171681078
1895539.819704,1517.1715568855927,485.7846171681078
1895546.860172,1517.1715568855927,485.7846171681078
1895556.089128,1517.1715568855927,485.7846171681078
1895560.938032,1517.1715568855927,485.7846171681078
1895567.832065,1517.1715568855927,485.7846171681078
1895578.541491,1517.1715568855927,485.7846171681078
1895582.240445,1517.1715568855927,485.7846171681078
1895589.682601,1517.1715568855927,485.7846171681078
1895596.064886,1517.1715568855927,485.7846171681078
1895603.073108,1517.1715568855927,485.7846171681078
1895610.252865,1517.1715568855927,485.7846171681078
1895616.872649,1517.1715568855927,485.7846171681078
1895623.852504,1517.1715568855927,485.7846171681078
1895630.821438,1517.1715568855927,485.7846171681078
1895637.782966,1508.4998244497745,471.92964578613135
1895644.782783,1508.047118731886,471.19313478625685
1895653.198428,1508.047118731886,471.19313478625685
1895659.077218,1508.047118731886,471.19313478625685
1895666.142962,1508.047118731886,471.19313478625685
1895674.329839,1508.047118731886,471.19313478625685
1895679.74278,1508.047118731886,471.19313478625685
1895686.83928,1508.047118731886,471.19313478625685
1895693.825795,1508.047118731886,471.19313478625685
1895700.821103,1508.047118731886,471.19313478625685
1895707.834603,1508.047118731886,471.19313478625685
1895714.819187,1499.1640383213803,465.0678036903016
1895721.830744,1498.5441785524838,465.0187495884035
1895728.819982,1498.5441785524838,465.0187495884035
1895735.780784,1498.5441785524838,465.0187495884035
1895742.781279,1498.5441785524838,465.0187495884035
1895751.680131,1498.5441785524838,465.0187495884035
1895758.011115,1498.5441785524838,465.0187495884035
1895769.122111,1498.5441785524838,465.0187495884035
1895771.354413,1498.5441785524838,465.0187495884035
1895778.468689,1498.5441785524838,465.0187495884035
1895787.181633,1498.5441785524838,465.0187495884035
1895791.835036,1498.5441785524838,465.0187495884035
1895800.656748,1498.5441785524838,465.0187495884035
1895805.824879,1498.5441785524838,465.0187495884035
1895812.834392,1495.5493176520204,460.89900796335945
1895821.730997,1494.9317917756869,459.68630621952286
1895827.334012,1494.9317917756869,459.68630621952286
1895836.32108,1494.9317917756869,459.68630621952286
1895841.279353,1494.9317917756869,459.68630621952286
1895848.271851,1494.9317917756869,459.68630621952286
1895855.344256,1494.9317917756869,459.68630621952286
1895862.39679,1494.9317917756869,459.68630621952286
1895870.522023,1494.9317917756869,459.68630621952286
1895876.696387,1494.9317917756869,459.68630621952286
1895883.356742,1494.9317917756869,459.68630621952286
1895890.339844,1494.9317917756869,459.68630621952286
1895898.507144,1494.9317917756869,459.68630621952286
1895906.310296,1494.9317917756869,459.68630621952286
1895910.833674,1494.9317917756869,459.68630621952286
1895917.833876,1494.9317917756869,459.68630621952286
1895924.78403,1494.9317917756869,459.68630621952286
1895931.833132,1494.9317917756869,459.68630621952286
1895941.396175,1492.5218226605493,457.0772198154099
1895946.308976,1490.2876745119804,454.43792291289924
1895953.331552,1490.2876745119804,454.43792291289924
1895960.533039,1490.2876745119804,454.43792291289924
1895967.318991,1490.2876745119804,454.43792291289924
1895975.12504,1490.2876745119804,454.43792291289924
1895981.333732,1490.2876745119804,454.43792291289924
1895988.675267,1490.2876745119804,454.43792291289924
1895995.47107,1490.2876745119804,454.43792291289924
1896002.284246,1490.2876745119804,454.43792291289924
1896010.121959,1490.2876745119804,454.43792291289924
1896016.562338,1490.2876745119804,454.43792291289924
1896023.868084,1490.2876745119804,454.43792291289924
1896030.41532,1486.8712660084839,450.12618727625164
1896038.974574,1486.4177158502735,449.4756965169728
1896044.074277,1486.4177157092022,449.47569617311524
1896050.788911,1486.4177157092022,449.47569617311524
1896060.622161,1486.4177157092022,449.47569617311524
1896065.170693,1486.4177157092022,449.47569617311524
1896072.172438,1486.4177157092022,449.47569617311524
1896079.565802,1486.4177157092022,449.47569617311524
1896088.727135,1486.4177157092022,449.47569617311524
1896093.328372,1480.60126412721,432.0405454145641
1896100.072948,1478.234984630949,429.7375030663022
1896108.187894,1468.0631488710321,420.82139327874415
1896114.074696,1461.9440438549739,408.07926200306747
1896123.153385,1461.9430956677281,408.07973447934955
1896128.111799,1461.9430956677281,408.07973447934955
1896134.788408,1461.9430956677281,408.07973447934955
1896143.689399,1461.9430956677281,408.07973447934955
1896148.83995,1461.9430956677281,408.07973447934955
1896155.789267,1461.9430956677281,408.07973447934955
1896162.836951,1458.433674202356,408.47369865070385
1896176.875278,1446.6777108788458,412.6520892875926
1896177.445131,1398.2249430667318,448.0598497731236
1896183.835054,1358.9939386273375,483.5314238989405
1896193.668369,1342.7778119720217,512.9937533479281
1896197.77888,1340.3772876319942,520.4881382258526
1896204.94133,1338.1664021027068,523.4707800913853
1896215.211537,1314.8402464296482,554.7948929752725
1896219.296373,1248.3892606717923,600.2631009173034
1896226.778049,1189.167165996125,618.606457640095
1896233.288234,1150.5611502709048,641.1788684723826
1896488.491003,-23.711143913980685,-19.23020820398995
1896488.491727,-23.711143913980685,-19.23020820398995
1896496.338856,-33.58988622028247,-21.755428349493897
1896517.352594,-141.52742512580178,-53.63175760083935
1896517.353306,-141.52742512580178,-53.63175760083935
1896518.677843,-173.15989077220155,-63.46442457150907
1896525.775802,-222.56187530471882,-80.92911221558896
1896532.723301,-308.21015907999066,-106.33300446512634
1896541.534559,-349.9938962196989,-108.3398066504026
1896547.949052,-352.84970683696497,-108.34244097273749
1896554.416001,-369.22091608985625,-110.0811382583787
1896561.817225,-396.65639966272244,-111.79211460701609
1896567.668714,-437.3350083381227,-113.4791539623442
1896575.941029,-514.0670905494246,-97.29213181172956
1896582.144755,-580.7604944543128,-72.91756909196806
1896588.712219,-633.163028461165,-54.28942157287272
1896596.738915,-706.7417768539863,-40.287012244216655
1896603.00722,-734.1971504739704,-37.88931208078997
1896609.675731,-766.6390126486116,-36.20275549804739
1896618.740251,-782.3677362114274,-15.612987416711471
1896623.720388,-782.3677362114274,-15.612987416711471
1896632.463399,-782.3677362114274,-15.612987416711471
1896641.150432,-782.3677362114274,-15.612987416711471
1896645.835003,-808.8873298810996,-6.038918772767846
1896653.067416,-826.8895876177585,-1.3498785524061803
1896665.476927,-867.1325367185074,10.97685748181121
1896666.039365,-901.0864622348723,23.017239228834715
1896674.528641,-939.5625878526698,35.273738140450426
1896680.081858,-967.3297388406901,41.11946769053042
1896687.101938,-998.2398927375747,50.94028781682026
1896694.031244,-1027.5114253582433,59.21809659298626
1896701.03686,-1071.5009701594213,69.80586668694828
1896708.351506,-1110.2130804950325,78.52235351576584
1896715.217838,-1150.645649845807,105.1951291299935
1896725.009915,-1213.8008132291043,160.82789105668314
1896729.823784,-1254.040433375341,205.89298918899635
1896736.063646,-1297.5720220490152,244.61831092813975
1896742.672028,-1339.083463468169,284.1761551459153
1896749.674617,-1379.8726055577008,331.62962847960927
1896760.562381,-1417.9375870539002,366.66005739371747
1896766.134638,-1457.5639416348592,403.1091105400814
1896770.929558,-1457.5639416348592,403.1091105400814
1896778.269021,-1457.5639416348592,403.1091105400814
1896785.223663,-1457.5639416348592,403.1091105400814
1896793.828448,-1457.5639416348592,403.1091105400814
1896799.107722,-1457.5639416348592,403.1091105400814
1896805.723526,-1457.5639416348592,403.1091105400814
1896813.243346,-1457.5639416348592,403.1091105400814
1896820.235751,-1457.5639416348592,403.1091105400814
1896829.80689,-1457.5639416348592,403.1091105400814
1896833.95124,-1457.5639416348592,403.1091105400814
1896841.001376,-1457.5639416348592,403.1091105400814
1896847.841933,-1457.5639416348592,403.1091105400814
1896858.10566,-1463.280521768491,411.8762239975775
1896862.048044,-1487.9998349260006,437.39571838329545
1896869.425081,-1554.218849651393,493.6935434543186
1896877.913313,-1569.852864554889,508.36149673807085
1896883.059882,-1595.5357651126299,492.22315633864326
1896890.218816,-1624.1969332834035,453.79202221645016
1896896.777464,-1624.1969332834035,453.79202221645016
1896905.418752,-1624.1969332834035,453.79202221645016
1896911.406954,-1629.8132259102163,439.0157205041658
1896918.240622,-1638.34886177567,422.35897755725875
1896930.093839,-1643.1639115766502,410.18254279680406
1896932.523581,-1652.4729725854374,377.82320475398404
1896939.433483,-1657.3223582696196,351.17091102804943
1896946.239852,-1673.5819489795826,295.99300457653874
1896952.727829,-1658.2689612548254,210.11155405647366
1896963.121661,-1626.2429235905474,147.23175275171388
1896966.777907,-1584.702709368952,84.55134315188394
1896973.79025,-1546.3545841086282,19.547531808838578
1896981.388034,-1534.1765421151024,-1.548207322621154
1896987.712301,-1534.1765421151024,-1.548207322621154
1896994.712443,-1534.1765421151024,-1.548207322621154
1897002.425782,-1534.1765421151024,-1.548207322621154
1897008.727019,-1534.1765421151024,-1.548207322621154
1897015.711206,-1531.3262850152792,-6.329813315940526
1897023.681202,-1510.2947456169447,-45.80484667042951
1897030.06193,-1479.3825208352482,-96.96741537715263
1897037.050823,-1403.6806013818355,-177.65088535027664
1897044.152154,-1367.7982532737592,-213.19362035375372
1897051.773043,-1353.0007097619336,-227.23119399383464
1897058.225262,-1306.9241634711439,-273.9571280973468
1897068.659693,-1270.1808913083485,-313.1801185945286
1897071.789777,-1250.7086716719073,-332.02777786212204
1897078.794368,-1202.5270929125634,-382.0829850503272
1897087.137528,-1164.741351020304,-424.2554504932931
1897092.738201,-1144.3351350708188,-446.35836019308283
1897104.269909,-1114.940521788942,-477.4122954705581
1897107.891186,-1102.6887272619504,-489.92939532115724
1897113.882249,-1096.1894771576965,-496.03927794648524
1897120.773171,-1092.6870932030572,-498.98523897504236
1897127.772142,-1092.6870932030572,-498.98523897504236
1897134.71203,-1092.6870932030572,-498.98523897504236
1897143.359332,-1069.4351147422647,-520.1358685944367
1897148.68294,-1059.5311668385527,-554.6226339842667
1897156.603036,-1086.3854886435875,-563.9603509669205
1897162.695855,-1119.2552443552634,-556.0348329125172
1897170.24758,-1148.781104694972,-556.3212444691675
1897177.303244,-1141.7195017544404,-571.9302639761848
1897186.89396,-1112.9394004754502,-589.9880246908293
1897191.140477,-1088.729249752318,-595.2510946583109
1897198.152159,-1067.9589178973351,-601.524819798211
1897209.715917,-1055.64376813961,-608.1863924515889
1897212.328561,-1055.64376813961,-608.1863924515889
1897219.23917,-1055.64376813961,-608.1863924515889
1897226.285501,-1055.64376813961,-608.1863924515889
1897232.719902,-1055.64376813961,-608.1863924515889
1897242.259865,-1055.64376813961,-608.1863924515889
1897247.755539,-1055.64376813961,-608.1863924515889
1897254.944354,-1055.64376813961,-608.1863924515889
1897262.740551,-1055.64376813961,-608.1863924515889
1897267.688387,-1055.64376813961,-608.1863924515889
1897276.564644,-1055.64376813961,-608.1863924515889
1897282.368025,-1061.1685367227637,-595.6156799598947
1897288.712547,-1039.3606851230472,-571.2567604666986
1897297.684574,-1039.3606851230472,-571.2567604666986
1897302.690266,-1039.3606851230472,-571.2567604666986
1897309.72368,-1039.3606851230472,-571.2567604666986
1897318.197809,-1039.3606851230472,-571.2567604666986
1897324.350496,-1039.3606851230472,-571.2567604666986
1897331.008623,-1029.2449558658714,-570.3041398292149
1897337.721571,-1016.9933475584799,-577.3136306243703
1897344.733255,-978.9994107593064,-609.380926919999
1897354.227288,-884.5084842998352,-679.0184014614478
1897359.26982,-817.377775165589,-706.7258735888558
1897366.550835,-790.958728928502,-712.2642828364543
1897374.224348,-789.6721628270454,-711.8612622499472
1897379.77605,-789.6721628270454,-711.8612622499472
1897386.707397,-780.0629607774329,-713.0138287550739
1897395.711806,-765.6977721051477,-716.3366016984277
1897401.381754,-738.1854005236978,-718.9847099800949
1897409.924315,-702.2920894898788,-727.4817798989295
1897415.476037,-643.5327162758748,-745.5695042245626
1897421.734709,-615.5344900868939,-755.0139562675481
1897428.784126,-599.3875783231327,-759.9933684460337
1897435.774879,-579.512984525198,-767.4960332299562
1897443.785981,-542.1848714970138,-781.8170966981434
1897449.79214,-505.52955022589987,-799.5692960245175
1897456.792179,-477.73318017964544,-813.9306886121534
1897465.586194,-470.72031306639565,-817.3475544224405
1897471.131072,-451.84441804333113,-824.9165826572324
1897477.783634,-417.2842406155861,-840.2068419450095
1897484.79125,-400.40371053560614,-846.0580125061532
1897493.114291,-379.4077222145249,-857.8477092018154
1897498.692941,-311.9964985675868,-864.9535162232885
1897507.65354,-260.5896045034131,-869.3523727110546
1897512.792115,-225.10488509837063,-873.2043091384307
1897521.541114,-204.3518385052618,-860.4880578195733
1897533.293384,-206.7379132188378,-843.8694395051083
1897533.699753,-217.29051654761378,-808.9719291254954
1897541.953311,-246.90649426703905,-753.612867728918
1897548.094379,-265.3158561809458,-713.9019054060038
1897556.309711,-248.6596393600189,-683.3801040338656
1897562.905987,-213.28087808873866,-673.3106754387621
1897569.312314,-213.28087808873866,-673.3106754387621
1897576.285761,-213.28087808873866,-673.3106754387621
1897583.453844,-213.28087808873866,-673.3106754387621
1897590.348774,-213.28087808873866,-673.3106754387621
1897597.412674,-213.28087808873866,-673.3106754387621
1897603.791885,-213.28087808873866,-673.3106754387621
1897611.657053,-198.37688527556548,-668.7105640725886
1897617.791893,-184.42470518457986,-658.5525673412911
1897626.323518,-194.78615768608006,-606.6792661354111
1897631.785826,-194.28922181947314,-541.1139152764382
1897640.264447,-172.9974674824867,-478.6358284751824
1897647.110372,-125.75442590220432,-424.21266318682865
1897652.742274,-125.75442590220432,-424.21266318682865
1897660.566799,-122.01808857607571,-421.7409819071321
1897667.438263,-91.91804158173174,-393.55626963367473
1897674.485391,-72.01922368885218,-368.83672578585634
1897681.522744,-67.3687120924694,-346.93924537907316
1897687.966705,-55.093115375731266,-278.4313290501594
1897697.311219,-48.48032069120372,-238.46469389146978
1897702.16369,-49.805532419479064,-215.95488579599248
1897709.303456,-28.38043401631397,-164.12669444631857
1897710.935331,-28.38043401631397,-164.12669444631857
1897717.927972,1.4766238282643152,-137.9449060291425
1897722.791866,8.002637823216949,-127.96733676614055
1897729.697844,11.096058141725466,-105.27642477063296
1897737.6531,-1.1295694987341127,-71.31331672367921
1897743.802256,-4.934446879990413,-60.9867900666632
1897753.106632,-4.934446879990413,-60.9867900666632
1897758.150536,-4.934446879990413,-60.9867900666632
1897765.177983,-4.934446879990413,-60.9867900666632
1897774.520871,-5.1127949028233175,-57.504907642635864
1897778.793489,-11.513154965676023,-41.18087109587271
1897785.701562,-9.277438044292165,-22.670257495186767
1897794.766023,25.507257750213327,-16.408456975802043
1897800.963304,65.7230429166776,-7.654530211233272
1897804.996623,88.18757889821146,-3.490700167376081
1897807.971819,88.18757889821146,-3.490700167376081
1897814.630962,127.12897073980436,-33.17996946569963
1897838.410532,235.65057031443374,-75.43866788097428
1897838.411223,235.65057031443374,-75.43866788097428
1897842.401256,249.21233603606,-82.94196549903357
1897856.586559,308.08936499196506,-76.53726375447476
1897856.59055,335.37798021619585,-75.60953792289438
1897867.892742,358.0610936529603,-56.47334949307029
1897870.613027,360.17788793961694,-43.738023357702396
1897877.443417,360.17788793961694,-43.738023357702396
1897884.375959,360.17788793961694,-43.738023357702396
1897895.416643,360.17788793961694,-43.738023357702396
1897901.966553,360.17788793961694,-43.738023357702396
1897905.395068,360.17788793961694,-43.738023357702396
1897912.621485,371.5408862465205,-20.23458827261706
1897919.911351,411.68636728732855,7.963978954632283
1897929.861565,458.54788239973584,50.29461751444267
1897938.067774,540.0544827939509,121.33473652229266
1897942.997295,594.4826354694536,169.6716218286831
1897947.508291,634.3163347197626,206.21569795404682
1897954.959632,675.8270184267357,246.926959763767
1897963.904239,703.1573085105395,273.26236745542906
1897968.516977,731.8784884595417,298.24352438121616
1897976.866794,738.7305440158174,305.09484387775075
1897982.407671,743.7851542795983,308.8673304440832
1897989.451418,757.6510443490904,321.4358876065596
1897997.977986,768.2653272306702,333.37457522610646
1898004.017387,777.0113005896501,345.13541031538637
1898011.478217,781.9293107490935,350.74194073550694
1898017.919696,781.9293107490935,350.74194073550694
1898024.859633,781.9293107490935,350.74194073550694
1898031.361812,781.9293107490935,350.74194073550694
1898040.173284,797.342011778698,358.5380749118647
1898046.550241,825.1519217258676,380.19837912472997
1898053.605703,844.8272679820888,402.76842011285373
1898060.617525,844.8272679820888,402.76842011285373
1898066.398186,844.8272679820888,402.76842011285373
1898075.404167,844.8272679820888,402.76842011285373
1898080.806425,844.8272679820888,402.76842011285373
1898087.366191,844.8272679820888,402.76842011285373
1898095.26838,844.8272679820888,402.76842011285373
1898101.41039,844.8272679820888,402.76842011285373
1898108.900959,844.8272679820888,402.76842011285373
1898115.935369,856.3805278146684,409.959092445463
1898122.821992,920.621350805154,460.0152163814269
1898129.885602,973.5688347491214,508.9218618483693
1898136.993971,1008.3554470072211,542.9452782191689
1898145.156872,1011.7768226552548,548.0960122784238
1898150.96734,1011.7768226552548,548.0960122784238
1898158.691133,1011.7768226552548,548.0960122784238
1898170.765746,1011.7768226552548,548.0960122784238
1898173.633257,1035.9608170534284,567.8039894808335
1898179.608261,1064.181942494869,589.4604108945085
1898195.696993,1115.3923223565737,611.2290664754432
1898195.874243,1151.8839792245842,603.6083046354772
1898199.46539,1171.3473166454485,584.6936907410023
1898232.940452,1259.2207230425413,520.7145281210763
1898232.94112,1259.2207230425413,520.7145281210763
1898234.908975,1259.2207230425413,520.7145281210763
1898241.940374,1259.2207230425413,520.7145281210763
1898249.520604,1259.2207230425413,520.7145281210763
1898256.512724,1259.2207230425413,520.7145281210763
1898263.448599,1269.2236308098682,529.2294886209316
1898269.975914,1312.9599080779815,556.5418794380215
1898287.674092,1359.1244249352885,587.5517969152902
1898287.682551,1393.4608933716827,613.3626229600707
1898293.061214,1443.869733044527,651.4263665101852
1898293.061762,1443.869733044527,651.4263665101852
1898294.417229,1456.7722331429316,662.1795602600614
1898304.615849,1476.234233075331,674.8272367362777
1898309.050828,1510.4959668316521,615.3379158931955
1898315.465459,1528.7420596116829,580.0124063775387
1898322.757227,1534.501460183754,562.053004060583
1898329.696461,1544.3390816924657,540.2996290639866
1898336.721948,1544.3390816924657,540.2996290639866
1898343.753482,1546.5045414593328,534.3682731983374
1898350.705803,1535.4349943756802,501.265550732331
1898357.710679,1535.4349943756802,501.265550732331
1898364.884526,1535.4349943756802,501.265550732331
1898373.196989,1535.4349943756802,501.265550732331
1898378.980403,1519.4280257169432,487.4582616955555
1898385.707879,1510.7341395127764,478.90455791773456
1898395.176165,1500.8273953971316,470.5822696575958
1898400.322135,1486.984920373758,449.9301694170052
1898408.451212,1477.890240910431,439.8938569362643
1898413.46298,1476.2192132780551,437.6415470359994
1898420.411691,1476.2192132780551,437.6415470359994
1898428.06039,1476.2192132780551,437.6415470359994
1898434.561802,1476.2192132780551,437.6415470359994
1898441.461722,1468.921507316787,427.7948098644166
1898448.483091,1468.921507316787,427.7948098644166
1898460.576136,1465.6981286201449,415.2561863723598
1898464.069686,1465.6981286201449,415.2561863723598
1898469.471355,1465.6981286201449,415.2561863723598
1898479.525044,1453.3510834122765,410.6445341545182
1898483.515644,1438.8503317449338,421.24332376138284
1898494.690668,1436.734389244201,423.54612066701617
1898498.02778,1436.734389244201,423.54612066701617
1898504.415878,1436.734389244201,423.54612066701617
1898516.331243,1436.734389244201,423.54612066701617
1898518.886506,1436.734389244201,423.54612066701617
1898526.304687,1436.734389244201,423.54612066701617
1898532.907438,1436.734389244201,423.54612066701617
1898540.035629,1436.734389244201,423.54612066701617
1898546.967442,1436.734389244201,423.54612066701617
1898554.071794,1436.734389244201,423.54612066701617
1898562.614412,1409.9200511195183,441.75868685160117
1898571.366783,1366.8005304999108,478.0972764783442
1898574.776482,1332.6932451383013,530.6042505649922
1898582.506981,1269.8693117905448,594.8296330991872
1898588.59712,1201.8023556884402,621.4753284392439
1898596.063993,1150.1729307810258,653.4113060008534
1898602.700628,1091.8310170147752,647.0256395585485
1898609.47451,1068.4676021518023,604.5616149662018
1898616.464524,1055.6075642870846,591.7464116392038
1898629.270793,1014.1405105247438,559.1853299021217
1898630.455775,978.9966648993113,532.9706430929837
1898637.476484,946.2663045778961,505.6154021323639
1898646.976261,889.8257614928895,459.2372589614149
1898651.411869,851.138820676055,427.8105342586488
1898659.116878,816.0294212362177,391.80261420589756
1898665.405488,748.3596864113499,334.08845156124653
1898672.40546,720.3296404911006,301.3188626850142
1898679.406868,687.7493428929891,269.2544365820121
1898688.328348,611.0982324063867,199.10901595704567
1898693.404846,557.6714503186564,150.20259842492254
1898702.284549,499.43467788972214,96.95177783679429
1898710.315392,405.1046519272528,21.547418743727828
1898715.052389,351.75986463094034,-24.43136415743986
1898721.744531,308.9344256359794,-61.59297535131734
1898729.524354,238.11283143254263,-73.80257503976084
1898735.94677,214.83048443792484,-41.54277200032526
1898743.4532,213.9843186584929,-37.078522810582236
1898749.907691,213.9843186584929,-37.078522810582236
1898758.194242,213.9843186584929,-37.078522810582236
1898763.96062,213.9843186584929,-37.078522810582236
1898770.871339,194.72604254813317,-2.2661325842927824
1898777.861193,180.65763986750488,29.023568662916606
1898784.525298,134.8744990404639,25.151826667733914
1898792.659124,108.5087838571332,12.477920840069215
1898798.908558,108.5087838571332,12.477920840069215
1898808.112779,108.5087838571332,12.477920840069215
1898812.428832,108.5087838571332,12.477920840069215
1898819.863279,107.80801422895956,11.546388178503879
1898829.429523,67.43552807345473,0.2831199663719768
1898833.501657,13.710146846233025,-8.348881095861246
1898844.775374,10.610338469206049,-8.686502314043134
1898847.425832,6.13073728468417,-9.561654164194547
1898856.794659,6.13073728468417,-9.561654164194547
1898861.907304,-23.855518968307642,-30.220616492933836
1898868.848082,-50.292716358489606,-63.60098327996882
1898876.348193,-44.63286162242857,-108.81732119562403
1898884.259232,-3.8752354568497265,-136.49083628437404
1898890.253909,5.455084787046262,-98.53405902880297
1898896.843852,-7.31119884455771,-49.83757345751544
1898903.380549,-11.545212307523741,-38.433372901037295
1898911.579684,-7.609585665375563,-47.83745865577283
1898917.779284,-7.609585665375563,-47.83745865577283
1898924.485739,-7.609585665375563,-47.83745865577283
1898932.485567,-7.609585665375563,-47.83745865577283
1898938.867113,-7.609585665375563,-47.83745865577283
1898945.791218,-7.609585665375563,-47.83745865577283
1898952.779111,-7.609585665375563,-47.83745865577283
1898961.624233,-7.609585665375563,-47.83745865577283
1898967.998209,-7.609585665375563,-47.83745865577283
1898973.424954,-7.609585665375563,-47.83745865577283
1898980.41459,-7.609585665375563,-47.83745865577283
1898987.412988,-7.609585665375563,-47.83745865577283
1898997.086049,-7.609585665375563,-47.83745865577283
1899002.005401,-7.609585665375563,-47.83745865577283
1899009.849908,-7.609585665375563,-47.83745865577283
1899015.765926,-7.609585665375563,-47.83745865577283
1899022.772567,-7.609585665375563,-47.83745865577283
1899031.850174,-7.609585665375563,-47.83745865577283
1899037.830075,-7.609585665375563,-47.83745865577283
1899043.428897,-7.609585665375563,-47.83745865577283
1899050.764453,-7.609585665375563,-47.83745865577283
1899057.76634,-7.609585665375563,-47.83745865577283
1899064.756421,-7.609585665375563,-47.83745865577283
1899071.796842,-7.609585665375563,-47.83745865577283
1899078.931439,-7.609585665375563,-47.83745865577283
1899086.126362,-5.519184483737875,-35.14299578197579
1899092.388361,-5.519184483737875,-35.14299578197579
1899100.414007,-5.519184483737875,-35.14299578197579
1899106.775704,-8.170410614506007,-33.62687033634405
1899115.269589,-31.934595593204758,-37.364755100346684
1899121.338099,-41.87170407640042,-39.08883564471251
1899127.71308,-59.32393976775359,-39.380473438981575
1899134.514119,-64.11670765437306,-37.19627444716788
1899146.552616,-66.71308098178979,-33.89820239130224
1899148.48104,-66.71308098178979,-33.89820239130224
1899155.512067,-66.71308098178979,-33.89820239130224
1899162.630998,-87.99927968584997,-33.26992967002312
1899169.934312,-178.43447828359456,-44.07094679769906
1899176.390272,-248.9513274704834,-71.97218866587703
1899184.469625,-296.9812429819578,-101.59589059749683
1899190.390087,-368.69635437725594,-106.18684852138057
1899197.720965,-393.7170032524961,-105.88292047854006
1899204.732001,-393.7170032524961,-105.88292047854006
1899211.403306,-393.7170032524961,-105.88292047854006
1899222.290676,-413.25625709588655,-105.13030466919312
1899225.986718,-478.48982763312137,-101.30419450867052
1899232.806966,-500.50308390061025,-98.14894854969752
1899239.823705,-500.50308390061025,-98.14894854969752
1899246.924391,-500.50308390061025,-98.14894854969752
1899253.438363,-500.50308390061025,-98.14894854969752
1899260.89303,-519.0595984781061,-86.09534054957186
1899275.548033,-550.5264026252029,-74.12377616905137
1899275.627852,-618.1566409066545,-38.93230442908481
1899281.799413,-658.8302315462573,-40.93373884158036
1899291.315735,-665.9149622909514,-41.39496520091853
1899295.522275,-665.9149622909514,-41.39496520091853
1899304.087441,-667.9554562090683,-41.68699493042033
1899312.773365,-700.9724288418703,-36.453981208104864
1899316.472784,-770.6420358158537,-27.777886163453086
1899323.50415,-801.4213827629288,-12.46166170448362
1899330.483766,-825.2868304014147,-3.577850205514845
1899338.78349,-871.4147419829218,18.455730267731287
1899345.953036,-912.4510718207623,29.676735787678492
1899351.883406,-941.8144213618108,38.939030158408436
1899358.442872,-946.317324202473,39.71446097107448
1899365.487513,-950.3867712134935,40.820268504336966
1899373.784635,-950.3867712134935,40.820268504336966
1899379.968869,-950.3867712134935,40.820268504336966
1899386.902284,-969.3582979095239,38.89101196285529
1899393.909017,-994.7602315897664,48.121157571722065
1899400.488753,-1041.7235784006316,67.3425853823575
1899407.488664,-1055.6758428167586,68.78911701203046
1899415.848378,-1086.8026820351997,77.48944530711763
1899417.783619,-1100.8990722088377,81.89210655454252
1899421.51587,-1104.9638313326275,83.4184352008778
1899429.634848,-1104.9638313326275,83.4184352008778
1899436.987533,-1104.9638313326275,83.4184352008778
1899442.918577,-1104.9638313326275,83.4184352008778
1899449.489136,-1104.9638313326275,83.4184352008778
1899457.977204,-1104.9638313326275,83.4184352008778
1899465.62507,-1104.9638313326275,83.4184352008778
1899470.920313,-1104.9638313326275,83.4184352008778
1899477.39783,-1104.9638313326275,83.4184352008778
1899486.457687,-1104.9638313326275,83.4184352008778
1899491.917406,-1104.9638313326275,83.4184352008778
1899499.639891,-1104.9638313326275,83.4184352008778
1899505.889256,-1104.9638313326275,83.4184352008778
1899512.878606,-1104.9638313326275,83.4184352008778
1899519.596361,-1104.9638313326275,83.4184352008778
1899526.399165,-1104.9638313326275,83.4184352008778
1899535.054596,-1104.9638313326275,83.4184352008778
1899540.420521,-1104.9638313326275,83.4184352008778
1899547.445462,-1104.9638313326275,83.4184352008778
1899556.324687,-1104.9638313326275,83.4184352008778
1899561.880982,-1104.9638313326275,83.4184352008778
1899570.707855,-1104.9638313326275,83.4184352008778
1899575.482417,-1104.9638313326275,83.4184352008778
1899582.87182,-1104.9638313326275,83.4184352008778
1899591.307899,-1104.9638313326275,83.4184352008778
1899596.890899,-1104.9638313326275,83.4184352008778
1899603.539883,-1104.9638313326275,83.4184352008778
1899610.937223,-1104.9638313326275,83.4184352008778
1899617.930972,-1104.9638313326275,83.4184352008778
1899626.652116,-1104.9638313326275,83.4184352008778
1899631.831706,-1104.9638313326275,83.4184352008778
1899638.941049,-1104.9638313326275,83.4184352008778
1899645.668885,-1108.229414352839,83.38963279200242
1899654.578477,-1108.229414352839,83.38963279200242
1899664.647542,-1108.229414352839,83.38963279200242
1899667.609249,-1108.229414352839,83.38963279200242
1899673.599045,-1108.229414352839,83.38963279200242
1899680.499793,-1108.229414352839,83.38963279200242
1899689.339548,-1108.229414352839,83.38963279200242
1899694.803942,-1108.229414352839,83.38963279200242
1899704.05339,-1107.536139505676,86.2388138444502
1899709.873286,-1107.3230836473572,87.2181354851247
1899716.063159,-1107.3230836473572,87.2181354851247
1899722.437243,-1107.3230836473572,87.2181354851247
1899732.092468,-1107.3230836473572,87.2181354851247
1899737.295813,-1107.3230836473572,87.2181354851247
1899744.088713,-1107.3230836473572,87.2181354851247
1899751.321306,-1107.3230836473572,87.2181354851247
1899759.107893,-1107.3230836473572,87.2181354851247
1899766.118284,-1107.3230836473572,87.2181354851247
1899771.403104,-1107.3230836473572,87.2181354851247
1899781.997249,-1107.3230836473572,87.2181354851247
1899785.499368,-1109.9437966669877,88.65446646046165
1899792.534109,-1114.0677899172042,91.83372104636298
1899802.062299,-1114.0708529514256,93.5941918019615
1899807.033351,-1114.341707133227,93.63081127577443
1899814.106958,-1114.172382469305,91.93125109752631
1899822.767929,-1112.351832518952,91.44324075407731
1899827.998376,-1111.849540248185,94.19856528349183
1899837.162574,-1114.4576392274982,90.04266129114967
1899842.053441,-1118.4037297159705,84.77222970796186
1899849.040852,-1117.8488757312741,86.838172271226
1899855.452823,-1119.4035777780193,87.97392832968083
1899863.51878,-1118.7104906165541,94.3952110772667
1899870.097187,-1118.912544537912,98.30803388015566
1899879.360062,-1116.4106139581916,97.72034667924139
1899884.090666,-1112.7604180463286,87.48971712669488
1899890.406008,-1111.6865250565481,86.39111662802323
1899898.0815,-1111.0521755762413,86.19931478038961
1899904.422401,-1110.1299450330137,81.62121921117917
1899913.625712,-1109.9807141266565,83.60759113168473
1899918.411424,-1109.605553821425,88.12923012882044
1899925.411245,-1110.1284713642872,85.44036156039556
1899933.375911,-1110.4635443747434,86.55912199688852
1899940.033152,-1109.253704484451,88.23614288391751
1899946.564435,-1104.6994332232948,89.14636524080396
1899953.506119,-1100.8070215586224,93.18057198104725
1899960.519436,-1097.47164831628,93.86585128506897
1899970.333636,-1096.091958214001,92.67709841232151
1899974.504533,-1096.091963707669,92.67709097045372
1899981.455051,-1096.091963707669,92.67709097045372
1899988.948589,-1096.091963707669,92.67709097045372
1899995.507682,-1096.091963707669,92.67709097045372
1900004.940461,-1096.091963707669,92.67709097045372
1900009.505298,-1096.091963707669,92.67709097045372
1900016.50905,-1096.091963707669,92.67709097045372
1900024.395295,-1096.091963707669,92.67709097045372
1900032.305041,-1096.091963707669,92.67709097045372
1900038.47605,-1096.091963707669,92.67709097045372
1900045.072327,-1096.091963707669,92.67709097045372
1900052.772126,-1096.091963707669,92.67709097045372
1900059.017947,-1096.091963707669,92.67709097045372
1900066.129263,-1096.091963707669,92.67709097045372
1900073.017163,-1096.091963707669,92.67709097045372
1900079.429886,-1096.091963707669,92.67709097045372
1900086.446803,-1096.091963707669,92.67709097045372
1900093.411595,-1096.091963707669,92.67709097045372
1900101.683879,-1096.091963707669,92.67709097045372
1900108.059897,-1096.091963707669,92.67709097045372
1900115.136671,-1096.091963707669,92.67709097045372
1900122.110593,-1096.091963707669,92.67709097045372
1900129.310681,-1096.091963707669,92.67709097045372
1900135.458999,-1096.091963707669,92.67709097045372
1900144.245487,-1096.091963707669,92.67709097045372
1900149.413324,-1096.091963707669,92.67709097045372
1900158.285677,-1096.091963707669,92.67709097045372
1900163.423805,-1096.091963707669,92.67709097045372
1900173.704441,-1096.091963707669,92.67709097045372
1900178.17603,-1096.091963707669,92.67709097045372
1900185.106567,-1096.091963707669,92.67709097045372
1900192.089599,-1096.091963707669,92.67709097045372
1900200.205313,-1098.1866591143753,92.65585814827486
1900205.422942,-1105.6354879670064,92.80003940058872
1900212.420287,-1107.4054570144333,91.40083725346895
1900219.451973,-1107.4056786821682,91.4007967232482
1900227.079045,-1107.4056786821682,91.4007967232482
1900240.784292,-1107.4056786821682,91.4007967232482
1900241.344367,-1107.4056786821682,91.4007967232482
1900248.732159,-1107.4056786821682,91.4007967232482
1900254.51129,-1107.4056786821682,91.4007967232482
1900263.309321,-1107.4056786821682,91.4007967232482
1900274.529862,-1107.4056786821682,91.4007967232482
1900275.548729,-1107.4056786821682,91.4007967232482
1900285.877004,-1107.4056786821682,91.4007967232482
1900290.117617,-1107.4056786821682,91.4007967232482
1900297.059258,-1107.4056786821682,91.4007967232482
1900304.168343,-1107.4056786821682,91.4007967232482
1900311.106612,-1107.4056786821682,91.4007967232482
1900318.005241,-1107.4056786821682,91.4007967232482
1900324.416597,-1107.4056786821682,91.4007967232482
1900331.446681,-1107.4056786821682,91.4007967232482
1900341.410756,-1107.4056786821682,91.4007967232482
1900346.415519,-1107.4056786821682,91.4007967232482
1900354.179797,-1107.4056786821682,91.4007967232482
1900360.065193,-1107.4056786821682,91.4007967232482
1900367.192077,-1107.4056786821682,91.4007967232482
1900375.946603,-1107.4056786821682,91.4007967232482
1900380.537405,-1107.4056786821682,91.4007967232482
1900388.102926,-1107.4056786821682,91.4007967232482
1900394.465282,-1107.4056786821682,91.4007967232482
1900401.457986,-1107.4056786821682,91.4007967232482
1900409.064246,-1107.4056786821682,91.4007967232482
1900416.135982,-1107.4056786821682,91.4007967232482
1900423.133202,-1107.4056786821682,91.4007967232482
1900430.36925,-1107.4056786821682,91.4007967232482
1900437.549751,-1107.4056786821682,91.4007967232482
1900444.068125,-1107.4056786821682,91.4007967232482
1900450.466583,-1107.4056786821682,91.4007967232482
1900457.460484,-1107.4056786821682,91.4007967232482
1900465.742675,-1107.4056786821682,91.4007967232482
1900472.206272,-1107.4056786821682,91.4007967232482
1900478.722368,-1107.4056786821682,91.4007967232482
1900487.570705,-1107.4056786821682,91.4007967232482
1900492.533382,-1107.4056786821682,91.4007967232482
1900499.53391,-1107.4056786821682,91.4007967232482
1900508.328378,-1107.4056786821682,91.4007967232482
1900514.506854,-1107.4056786821682,91.4007967232482
1900520.788546,-1107.4056786821682,91.4007967232482
1900529.61074,-1107.4056786821682,91.4007967232482
1900535.153311,-1107.4056786821682,91.4007967232482
1900542.834623,-1107.4056786821682,91.4007967232482
1900549.806847,-1107.4056786821682,91.4007967232482
1900557.415031,-1107.4056786821682,91.4007967232482
1900563.264206,-1107.4056786821682,91.4007967232482
1900569.468993,-1107.4056786821682,91.4007967232482
1900576.518808,-1107.4056786821682,91.4007967232482
1900587.004659,-1107.4056786821682,91.4007967232482
1900590.458164,-1107.4056786821682,91.4007967232482
1900597.456089,-1107.4056786821682,91.4007967232482
1900607.640814,-1107.4056786821682,91.4007967232482
1900612.078735,-1107.4056786821682,91.4007967232482
1900618.577669,-1107.4056786821682,91.4007967232482
1900628.276973,-1107.4056786821682,91.4007967232482
1900633.117962,-1107.4056786821682,91.4007967232482
1900639.517119,-1107.4056786821682,91.4007967232482
1900649.480907,-1107.4056786821682,91.4007967232482
1900654.088066,-1107.4056786821682,91.4007967232482
1900663.496374,-1107.4056786821682,91.4007967232482
1900668.088124,-1107.4056786821682,91.4007967232482
1900675.046468,-1107.4056786821682,91.4007967232482
1900684.523787,-1107.4056786821682,91.4007967232482
1900688.418604,-1107.4056786821682,91.4007967232482
1900696.259922,-1107.4056786821682,91.4007967232482
1900706.068367,-1107.4056786821682,91.4007967232482
1900710.06305,-1107.4056786821682,91.4007967232482
1900717.927458,-1107.4056786821682,91.4007967232482
1900724.083829,-1107.4056786821682,91.4007967232482
1900731.126657,-1107.4056786821682,91.4007967232482
1900738.082566,-1107.4056786821682,91.4007967232482
1900747.344821,-1107.4056786821682,91.4007967232482
1900752.06792,-1107.4056786821682,91.4007967232482
1900759.030071,-1107.4056786821682,91.4007967232482
1900765.520903,-1107.4056786821682,91.4007967232482
1900772.531046,-1107.4056786821682,91.4007967232482
1900780.863702,-1107.4056786821682,91.4007967232482
1900787.063199,-1107.4056786821682,91.4007967232482
1900794.129378,-1107.4056786821682,91.4007967232482
1900801.108322,-1107.4056786821682,91.4007967232482
1900808.103369,-1107.4056786821682,91.4007967232482
1900814.427386,-1107.4056786821682,91.4007967232482
1900821.425798,-1107.4056786821682,91.4007967232482
1900828.468626,-1094.7723026468573,94.32574288763392
1900835.861346,-1093.1381240579585,95.23412041437541
1900842.92868,-1093.1381240579585,95.23412041437541
1900850.92272,-1093.1381240579585,95.23412041437541
1900858.725981,-1093.1381240579585,95.23412041437541
1900863.470871,-1093.1381240579585,95.23412041437541
1900872.838775,-1093.1381240579585,95.23412041437541
1900880.424165,-1093.1381240579585,95.23412041437541
1900884.580948,-1093.1381240579585,95.23412041437541
1900892.550241,-1093.1381240579585,95.23412041437541
1900898.863912,-1095.9085844454883,98.20814020651282
1900905.918501,-1098.0741944119893,111.77629994625475
1900913.110894,-1119.9880616802293,106.0493186951493
1900920.438403,-1131.406422207549,94.75144593383581
1900928.898393,-1133.3449493839983,96.80726070392585
1900933.455499,-1173.1665352445566,123.48441000676817
1900936.850468,-1194.1393430088872,140.30610271726195
1900940.544587,-1217.069691637771,158.8541942855232
1900947.510587,-1255.7368832159527,195.79843483029342
1900955.490002,-1305.395940462031,252.62806497464325
1900967.750346,-1335.962554465437,284.23784797339647
1900967.750948,-1335.962554465437,284.23784797339647
1900969.473519,-1335.962554465437,284.23784797339647
1900979.202883,-1381.0266453603251,331.3969471721201
1900984.494344,-1396.326704557892,347.2320327850294
1900993.553133,-1431.4743921955637,380.31887132356155
1900998.647552,-1447.526391211848,397.30989298761546
1901004.487182,-1447.526391211848,397.30989298761546
1901011.506075,-1460.2398759851276,406.0766602000289
1901020.768435,-1474.5950729497217,421.35552563517865
1901027.960302,-1501.524201308372,447.1846250994198
1901039.458015,-1551.3711941850931,500.47375152334814
1901039.461587,-1578.5419856957535,527.9773364480732
1901047.881503,-1612.5020387844302,562.5265314030644
1901053.405965,-1642.3317564774004,602.1369114376448
1901061.332251,-1641.4861455448743,632.3812777813682
1901070.360962,-1634.3068535568864,665.644526952279
1901074.408107,-1630.3143840159844,710.5726567754112
1901081.407682,-1624.3201591680993,736.497346852689
1901088.448384,-1624.3201591680993,736.497346852689
1901095.448039,-1624.3201591680993,736.497346852689
1901102.408273,-1624.3201591680993,736.497346852689
1901109.853813,-1620.7749584605458,755.7770044910167
1901116.412582,-1616.171239886271,818.8741594745198
1901123.412657,-1613.1364947730867,851.4761803951429
1901130.412721,-1610.6891089503815,884.3088282539715
1901137.462711,-1614.0126011497034,933.0238193015044
1901145.608511,-1612.3461390924926,936.3961069778146
1901154.629358,-1612.3461390924926,936.3961069778146
1901159.341347,-1607.6498877954614,942.0847869800549
1901165.413943,-1605.4209173062695,986.5833341603583
1901173.721543,-1617.1604713125694,1033.5191341876723
1901179.569732,-1633.138190068388,1083.4892327521864
1901188.392044,-1636.6142173266348,1100.2386864243206
1901195.283468,-1637.0496936150705,1107.108339761427
1901207.259228,-1639.7358808822773,1128.7002932827174
1901207.38777,-1641.1660542097677,1133.9560828727303
1901214.371841,-1641.1660542097677,1133.9560828727303
1901223.597685,-1641.1660542097677,1133.9560828727303
1901229.974722,-1641.1660542097677,1133.9560828727303
1901235.407773,-1641.1660542097677,1133.9560828727303
1901242.410927,-1641.1660542097677,1133.9560828727303
1901251.938568,-1641.1660542097677,1133.9560828727303
1901256.477364,-1651.9032135147802,1163.9051377302121
1901268.667014,-1668.9198024323248,1208.8266924677148
1901271.510783,-1678.8285035126517,1236.3854636191188
1901277.726822,-1674.5397626654928,1251.8490034854378
1901284.375413,-1706.2472910368242,1351.4911465099187
1901291.445153,-1727.9715483715247,1407.193149567792
1901300.98468,-1739.1033404013344,1443.9592304036164
1901305.867014,-1737.6220020039884,1446.9156675845331
1901312.410515,-1737.6220020039884,1446.9156675845331
1901321.267009,-1737.6220020039884,1446.9156675845331
1901326.732874,-1744.5459593505966,1452.907437656185
1901333.746278,-1748.0324279004155,1477.7454045884629
1901342.041786,-1763.3805865849893,1537.2224565854492
1901353.502277,-1791.8106975836708,1630.7097824188031
1901355.569311,-1793.4747421225939,1637.1326039883813
1901361.420955,-1793.4747421225939,1637.1326039883813
1901368.469682,-1804.7288028228716,1669.8375928663543
1901375.897047,-1830.6811948001362,1701.4146485232834
1901383.344136,-1853.937946764886,1726.618525367554
1901389.952201,-1878.9052649288324,1746.9124375655008
1901396.883652,-1872.2880424241084,1763.8760106093725
1901404.01883,-1855.533607325347,1772.2158060921674
1901410.782635,-1820.100527686418,1776.0819733619364
1901417.827032,-1792.7788949556725,1779.4736008658685
1901424.415839,-1765.2855336904395,1788.073894521497
1901440.90678,-1741.904386108781,1805.6547649660197
1901441.016058,-1704.4635279277884,1823.638913165
1901445.466312,-1684.324930934866,1836.3535806454652
1901454.228643,-1684.324930934866,1836.3535806454652
1901459.983439,-1684.324930934866,1836.3535806454652
1901466.958869,-1684.324930934866,1836.3535806454652
1901473.423128,-1684.324930934866,1836.3535806454652
1901483.783018,-1682.4369401225701,1837.8035232992293
1901488.789986,-1682.4369401225701,1837.8035232992293
1901494.474171,-1672.9834929595409,1845.9516827481045
1901501.424094,-1666.4240770977758,1872.369532067961
1901509.100283,-1667.6939079183865,1922.8693340460334
1901517.531794,-1648.2851189312414,2002.0526343656068
1901522.873021,-1621.7915755180668,2030.9398751905157
1901529.90808,-1606.8258578153918,2038.6858367807436
1901536.817661,-1586.7346786456612,2055.652432074898
1901543.46878,-1561.4473417041727,2075.1247791764904
1901551.476716,-1542.2801505597768,2099.224614335017
1901557.93692,-1570.3285116038285,2157.3385338902067
1901565.588602,-1613.1468103301675,2168.3556334527398
1901573.851107,-1631.450764694472,2190.364327663572
1901578.375405,-1647.8051471214476,2224.88392979247
1901585.387217,-1647.8051471214476,2224.88392979247
1901594.629642,-1654.9788079334423,2236.093587010974
1901600.099094,-1654.9788079334423,2236.093587010974
1901607.247728,-1659.9225639862225,2248.000761686968
1901613.376837,-1670.3299430204881,2279.833810324282
1901620.485908,-1680.9701846592097,2323.4401422955043
1901627.374313,-1693.602362059347,2358.5834401876123
1901636.502566,-1707.978935891986,2399.4346642458886
1901641.808429,-1745.1986899800447,2468.351385654284
1901650.184591,-1745.1986899800447,2468.351385654284
1901655.410864,-1745.1986899800447,2468.351385654284
1901663.160406,-1745.1986899800447,2468.351385654284
1901669.578072,-1745.1986899800447,2468.351385654284
1901676.492537,-1745.1986899800447,2468.351385654284
1901685.246042,-1745.1986899800447,2468.351385654284
1901690.736298,-1745.1986899800447,2468.351385654284
1901697.861263,-1745.1986899800447,2468.351385654284
1901704.714266,-1745.1986899800447,2468.351385654284
1901711.472096,-1745.1986899800447,2468.351385654284
1901719.014216,-1745.1986899800447,2468.351385654284
1901725.653442,-1745.1986899800447,2468.351385654284
1901732.403448,-1745.1986899800447,2468.351385654284
1901740.080613,-1745.1986899800447,2468.351385654284
1901746.477231,-1745.1986899800447,2468.351385654284
1901755.814901,-1745.1986899800447,2468.351385654284
1901760.478982,-1745.1986899800447,2468.351385654284
1901767.803065,-1745.1986899800447,2468.351385654284
1901774.760749,-1745.1986899800447,2468.351385654284
1901782.06709,-1745.1986899800447,2468.351385654284
1901789.113962,-1745.1986899800447,2468.351385654284
1901795.792452,-1745.1986899800447,2468.351385654284
1901802.748672,-1745.1986899800447,2468.351385654284
1901809.728208,-1745.1986899800447,2468.351385654284
1901816.949059,-1754.4824375427097,2477.191816896481
1901824.452643,-1766.9528264517535,2505.8114727097613
1901830.795192,-1710.499941436799,2550.6641272904676
1901837.763753,-1649.6023503056022,2568.941623921213
1901846.931097,-1592.4395604655642,2584.786079780034
1901851.524878,-1508.2826718635952,2611.11617789557
1901860.271022,-1470.9577254092876,2621.6392622223016
1901865.423306,-1470.9577254092876,2621.6392622223016
1901873.623605,-1470.9577254092876,2621.6392622223016
1901879.720542,-1470.9577254092876,2621.6392622223016
1901886.733164,-1470.9577254092876,2621.6392622223016
1901893.788232,-1470.9577254092876,2621.6392622223016
1901900.760683,-1459.7253975839853,2637.652911050989
1901907.75104,-1431.9613122254375,2597.926846109088
1901915.436513,-1397.3385106590338,2544.4014749382927
1901921.775026,-1396.9948159100638,2517.7283610509908
1901928.733711,-1418.107184769038,2491.976619952187
1901936.386789,-1384.7843821017545,2485.2502269533106
1901942.762979,-1333.4244999753778,2473.378772150914
1901949.832167,-1284.9498163235737,2459.8269038665003
1901962.284307,-1228.5249736181308,2439.2464609079607
1901964.213195,-1195.5948624250586,2429.167204515277
1901970.426977,-1163.5550744043057,2405.968884729179
1901977.407961,-1162.9990916005536,2393.641275837391
1901984.852724,-1162.9990916005536,2393.641275837391
1901993.488535,-1162.9990916005536,2393.641275837391
1901998.426159,-1162.9990916005536,2393.641275837391
1902005.385658,-1162.9990916005536,2393.641275837391
1963904.712624,-744.2318151559477,-4513.7076162643525
1963911.433524,-728.2126638382766,-4440.079396311983
1963918.444573,-715.3198016465523,-4365.1406368395255
1963925.375814,-695.860079952764,-4257.20463425698
1963943.592004,-679.7828516807219,-4182.207817307222
1963943.956269,-610.7179165664746,-4110.216319555593
1963946.406885,-503.0065820023292,-3987.732128578845
1963953.416642,-449.8426938354127,-3901.7680957325165
1963960.406802,-412.3216360033586,-3852.395499324643
1963972.059989,-400.5917952168583,-3838.5588716582056
1963974.899843,-400.5917952168583,-3838.5588716582056
1963981.897374,-400.5917952168583,-3838.5588716582056
1963988.953176,-400.5917952168583,-3838.5588716582056
1963995.41233,-388.2753503348189,-3824.8661139117235
1964002.372379,-353.6597321554225,-3781.4174193697168
1964009.402351,-329.8000181041116,-3699.4162003813303
1964016.412412,-320.4800450783809,-3622.542465981303
1964024.581224,-312.53451733341007,-3540.771670990392
1964030.442996,-295.2910647583487,-3408.653356790696
1964037.417008,-287.74165978193463,-3335.3583564827627
1964044.417855,-282.8355578662289,-3304.469004153825
1964051.426524,-282.8355578662289,-3304.469004153825
1964058.41094,-282.8355578662289,-3304.469004153825
1964070.145997,-277.3322375546767,-3273.7600588245523
1964072.329422,-269.38036698559176,-3212.547840478984
1964080.361706,-255.50263011523072,-3093.5663352603856
1964086.42053,-244.69182548959026,-3011.799333985676
1964093.420374,-229.97481627240435,-2886.0414778698196
1964100.430342,-219.31932278138768,-2815.931348825361
1964107.600345,-216.84581307181818,-2783.8862783009067
1964114.417673,-215.0286348106257,-2773.834898565218
1964121.366897,-215.0286348106257,-2773.834898565218
1964128.327874,-215.0286348106257,-2773.834898565218
1964135.417105,-215.0286348106257,-2773.834898565218
1964144.671366,-215.0286348106257,-2773.834898565218
1964149.881313,-215.0286348106257,-2773.834898565218
1964156.789263,-215.0286348106257,-2773.834898565218
1964163.830735,-215.0286348106257,-2773.834898565218
1964170.763647,-215.0286348106257,-2773.834898565218
1964177.769388,-226.0750247508105,-2727.0041231217515
1964185.126465,-213.40609563955627,-2662.4162682885053
1964191.376145,-197.8994002785326,-2589.2553064261606
1964198.916409,-178.6611625831592,-2459.96941126388
1964205.426007,-167.32768192988388,-2405.0756879529476
1964212.431588,-164.14420970490232,-2390.04453563649
1964220.808796,-164.14420970490232,-2390.04453563649
1964226.366637,-164.14420970490232,-2390.04453563649
1964233.377048,-164.14420970490232,-2390.04453563649
1964241.780814,-164.14420970490232,-2390.04453563649
1964247.872611,-159.62967842745917,-2361.4377539236416
1964255.872066,-141.84959091338462,-2325.9683264567366
1964261.427351,-104.40430637459593,-2275.911220782889
1964268.435999,-81.05206366581479,-2237.003505296289
1964277.247388,-78.28503972560345,-2198.008599369732
1964283.136638,-78.15259292078464,-2167.6222406140896
1964289.82866,-51.76538741942812,-2081.5879678159577
1964296.763448,-16.459580964660415,-2028.0775501710712
1964303.812939,13.68543042201198,-1978.867882790964
1964311.054225,33.180295510781356,-1938.3473747143319
1964317.410637,62.80927481098128,-1885.4944729703464
1964324.44917,122.33559693489997,-1816.8992199861052
1964332.524804,135.1965186594691,-1799.6758047152218
1964339.068903,122.73682128101883,-1775.68924814086
1964345.350346,100.571209776118,-1686.842536178439
1964352.35808,100.4380227843944,-1621.2380863110368
1964359.429569,153.38989286363753,-1571.9658116490955
1964366.864585,206.0133965727952,-1466.4905776993019
1964375.603534,189.88706100770943,-1381.3055976676876
1964380.372326,161.66333481289956,-1312.572605627298
1964387.329416,184.2630206212367,-1270.9143834388337
1964395.441428,136.28443962103654,-1234.7471264939368
1964402.026599,60.84770620961652,-1176.306525023941
1964410.35056,-28.36252464681361,-1085.6101980339865
1964415.930323,-53.49923868254541,-1052.9746206693292
1964422.670648,-64.0018772679339,-1045.1907223885316
1964429.330185,-106.80421730510588,-1007.8410624413194
1964438.572471,-126.95372611495264,-988.1361111222217
1964443.537304,-110.83132180675064,-946.4509390538524
1964451.966136,-123.2208278500489,-833.027592401277
1964458.044416,-149.73008032751557,-752.1318850653698
1964464.98838,-176.43596330255713,-668.4284377917279
1964471.353045,-199.28915008469681,-541.1767064068665
1964478.330346,-173.667916497766,-467.8685231430768
1964487.797282,-126.50562714471126,-416.76272048830293
1964492.868109,-76.65286331934965,-362.8770246093668
1964499.869535,-62.777598998047104,-310.812016933755
1964506.36449,-51.125197450688965,-244.71856929063694
1964513.955804,-33.35938491557082,-171.788777668299
1964520.371818,5.177947056475617,-147.03465150083014
1964527.982899,45.60911703714539,-150.38273476868346
1964535.7145,70.47131713217568,-137.52594518646123
1964536.30039,70.47131713217568,-137.52594518646123
1964541.824116,70.47131713217568,-137.52594518646123
1964548.852077,70.47131713217568,-137.52594518646123
1964555.354545,70.47131713217568,-137.52594518646123
1964562.375048,70.47131713217568,-137.52594518646123
1964571.141609,70.47131713217568,-137.52594518646123
1964576.72936,70.47131713217568,-137.52594518646123
1964585.186915,70.47131713217568,-137.52594518646123
1964590.762825,70.47131713217568,-137.52594518646123
1964597.773511,70.47131713217568,-137.52594518646123
1964606.797663,70.47131713217568,-137.52594518646123
1964611.752068,70.47131713217568,-137.52594518646123
1964618.784622,70.47131713217568,-137.52594518646123
1964627.101679,70.47131713217568,-137.52594518646123
1964632.808084,70.47131713217568,-137.52594518646123
1964641.240237,70.47131713217568,-137.52594518646123
1964646.756364,70.47131713217568,-137.52594518646123
1964653.756072,70.47131713217568,-137.52594518646123
1964662.226767,70.47131713217568,-137.52594518646123
1964667.752447,70.47131713217568,-137.52594518646123
1964674.427374,70.47131713217568,-137.52594518646123
1964681.996163,70.47131713217568,-137.52594518646123
1964691.822138,70.47131713217568,-137.52594518646123
1964695.785821,70.47131713217568,-137.52594518646123
1964702.76158,70.47131713217568,-137.52594518646123
1964709.746715,70.47131713217568,-137.52594518646123
1964717.064899,70.47131713217568,-137.52594518646123
1964723.779733,70.47131713217568,-137.52594518646123
1964730.777415,70.47131713217568,-137.52594518646123
1964739.137506,70.47131713217568,-137.52594518646123
1964744.768047,70.47131713217568,-137.52594518646123
1964751.745377,70.47131713217568,-137.52594518646123
1964758.791229,70.47131713217568,-137.52594518646123
1964765.779807,70.47131713217568,-137.52594518646123
1964772.7844,70.47131713217568,-137.52594518646123
1964779.780528,70.47131713217568,-137.52594518646123
1964786.794876,70.47131713217568,-137.52594518646123
1964793.352556,70.47131713217568,-137.52594518646123
1964801.613405,70.47131713217568,-137.52594518646123
1964807.427165,70.47131713217568,-137.52594518646123
1964814.833082,70.47131713217568,-137.52594518646123
1964821.847774,70.47131713217568,-137.52594518646123
1964829.126336,70.47189738346201,-137.53155601764692
1964836.075135,70.47189738346201,-137.53155601764692
1964843.057796,70.47189738346201,-137.53155601764692
1964849.689388,69.1968850297198,-123.56452541867199
1964856.817306,69.19688118748412,-123.56451163577586
1964863.734223,69.19688118748412,-123.56451163577586
1964870.752852,69.19688118748412,-123.56451163577586
1964877.364095,69.19688118748412,-123.56451163577586
1964885.043543,69.19688118748412,-123.56451163577586
1964891.735917,69.19688118748412,-123.56451163577586
1964898.765368,69.19688118748412,-123.56451163577586
1964905.759871,69.19688118748412,-123.56451163577586
1964912.730879,69.19688118748412,-123.56451163577586
1964919.363947,69.19688118748412,-123.56451163577586
1964926.337799,69.19688118748412,-123.56451163577586
1964934.460161,69.19688118748412,-123.56451163577586
1964941.160743,69.19688118748412,-123.56451163577586
1964947.732422,69.19688118748412,-123.56451163577586
1964954.706859,69.19688118748412,-123.56451163577586
1964961.742239,69.19688118748412,-123.56451163577586
1964968.73852,69.19688118748412,-123.56451163577586
1964975.713573,69.19688118748412,-123.56451163577586
1964982.753381,69.19688118748412,-123.56451163577586
1964989.747931,69.19688118748412,-123.56451163577586
1964996.70404,69.19688118748412,-123.56451163577586
1965003.702745,69.19688118748412,-123.56451163577586
1965010.704058,69.19688118748412,-123.56451163577586
1965017.712448,69.19688118748412,-123.56451163577586
1965024.720018,69.19688118748412,-123.56451163577586
1965031.709085,69.19688118748412,-123.56451163577586
1965038.383563,69.19688118748412,-123.56451163577586
1965046.566592,69.19688118748412,-123.56451163577586
1965052.388809,69.19688118748412,-123.56451163577586
1965059.720077,69.19688118748412,-123.56451163577586
1965066.804132,69.19688118748412,-123.56451163577586
1965073.424105,69.19688118748412,-123.56451163577586
1965083.131558,69.19688118748412,-123.56451163577586
1965087.373784,69.19688118748412,-123.56451163577586
1965094.743113,69.19688118748412,-123.56451163577586
1965101.767691,69.19688118748412,-123.56451163577586
1965108.67521,69.19688118748412,-123.56451163577586
1965115.68568,69.19688118748412,-123.56451163577586
1965123.669361,69.19688118748412,-123.56451163577586
1965129.699732,69.19688118748412,-123.56451163577586
1965136.705316,69.19688118748412,-123.56451163577586
1965144.744319,69.19688118748412,-123.56451163577586
1965150.712357,69.19688118748412,-123.56451163577586
1965157.712011,69.19688118748412,-123.56451163577586
1965165.091497,69.19688118748412,-123.56451163577586
1965171.37387,69.19688118748412,-123.56451163577586
1965179.734697,69.19688118748412,-123.56451163577586
1965185.67894,69.19688118748412,-123.56451163577586
1965192.723982,69.19688118748412,-123.56451163577586
1965200.905499,69.19688118748412,-123.56451163577586
1965206.729301,69.19688118748412,-123.56451163577586
1965213.738728,69.19688118748412,-123.56451163577586
1965221.817437,69.19688118748412,-123.56451163577586
1965227.739658,69.19688118748412,-123.56451163577586
1965234.735944,69.19688118748412,-123.56451163577586
1965242.837195,69.19688118748412,-123.56451163577586
1965248.762921,69.19688118748412,-123.56451163577586
1965256.879095,69.19688118748412,-123.56451163577586
1965262.7493,69.19688118748412,-123.56451163577586
1965269.69072,69.19688118748412,-123.56451163577586
1965276.70275,69.19688118748412,-123.56451163577586
1965283.403028,69.19688118748412,-123.56451163577586
1965290.880659,69.19688118748412,-123.56451163577586
1965301.036011,69.19688118748412,-123.56451163577586
1965304.386689,69.19688118748412,-123.56451163577586
1965312.592666,69.19688118748412,-123.56451163577586
1965316.167696,69.19688118748412,-123.56451163577586
1965318.381559,69.19688118748412,-123.56451163577586
1965325.43284,69.19688118748412,-123.56451163577586
1965332.787676,69.13867855596783,-117.95571724102624
1965339.431559,51.24661023670725,-91.33481754343717
1965346.43162,13.53433056717331,-97.8985914073081
1965353.664366,-13.507983459673254,-27.80722667504654
1965363.259824,39.86692357136384,-7.74053370381295
1965367.873987,110.58572147960325,10.454582719963872
1965375.245428,165.84878398261043,28.416338500716854
1965381.856356,200.55112214912967,16.185861523612243
1965388.948277,217.55979271688645,-34.80620861127849
1965397.288288,253.97672631272144,-87.39248966866387
1965406.890561,331.181950255658,-75.99388764411226
1965409.934838,380.3375228639315,-85.5962463959394
1965419.059256,453.4229131600174,-98.84904475283948
1965423.389643,495.6989058217443,-105.40515235536476
1965432.1762,542.1265228131185,-96.93824898465742
1965437.36962,609.2262213094446,-73.17329662936254
1965444.369397,634.3118578069437,-66.41132383538421
1965453.195707,655.7417821745837,-59.61056070463412
1965458.368769,639.6213809747433,7.41511067449256
1965465.784595,634.876279337489,48.12936040864641
1965475.040233,631.8667979715424,67.84972876075506
1965479.468031,624.4442445958334,86.01797739092832
1965486.737565,636.3004615700262,109.86357366386045
1965495.594122,673.0524909974173,148.03911870735507
1965500.454472,692.6343931832241,160.01457280488006
1965510.701758,724.2929320350613,185.95013481212138
1965514.719957,767.8641160380517,224.9500056825336
1965521.750907,830.2867815373974,268.3269447409591
1965528.870967,867.2413781344449,296.83566539286676
1965535.382003,867.2413781344449,296.83566539286676
1965542.343244,786.1278301760711,361.84399817570306
1965551.872522,732.9446359018519,320.7913733153728
1965556.394674,732.9446359018519,320.7913733153728
1965564.663244,732.1565519544951,312.7563687626195
1965572.94038,735.6526248328139,307.71976650911796
1965577.403652,785.3515693039948,248.64912270533938
1965584.673612,816.0434724654261,264.95570098107964
1965591.679903,852.5042151453538,286.37343085609285
1965598.345635,901.5549019065018,332.46296257255096
1965605.677283,955.9423853460336,336.66709306012945
1965612.72136,1028.2583638684257,287.77502696538807
1965661.185462,763.187601377142,49.12147236146296
1965661.186136,763.187601377142,49.12147236146296
1965662.616807,739.3080675176379,77.27476316287171
1965670.441145,707.3609907667472,119.51410321732187
1965676.65372,690.3017392233232,147.73389188638055
1965686.184814,739.0642954683365,186.33088277096866
1965690.602411,752.9186074077144,197.2334793556442
1965697.899455,752.9186074077144,197.2334793556442
1965705.078115,752.9186074077144,197.2334793556442
1965712.085053,764.8377386505063,205.12688186721883
1965720.343822,793.5378181444285,225.2454818345434
1965725.560551,832.9524858056956,258.561064077567
1965732.656779,862.2811913524182,287.3249875168989
1965740.169401,881.6080138234483,309.24332405605236
1965746.588548,911.6644931929113,342.3448913555386
1965753.561962,930.7228123074914,349.28207599480504
1965761.92924,976.3937898061135,322.9833360334926
1965767.921776,1047.146231679895,340.62378790199693
1965775.233862,1106.1238391290046,392.7550544290621
1965781.625458,1145.4302699142374,424.4736383479152
1965783.845092,69.19688118748412,-123.56451163577586
1965788.655989,1190.8220187008885,431.02689779252165
1965795.605778,1217.504614115035,407.575369334663
1965826.954746,1294.5655237715703,450.7479512853199
1965826.955388,1294.5655237715703,450.7479512853199
1965829.303454,1263.22360918445,478.7665412271834
1965838.559369,1261.3655373681395,482.71071802319386
1965846.122934,1261.3655373681395,482.71071802319386
1965850.313176,1271.6682364479682,499.68288168454967
1965857.352858,1271.6682364479682,499.68288168454967
1965865.049078,1225.12904243615,497.045491021472
1965880.279801,1233.565098757137,507.8578791355137
1965880.287342,1268.7362814351006,543.7835251210561
1965885.305531,1285.9144193413103,561.44807899936
1965894.01273,1285.9144193413103,561.44807899936
1965899.275748,1285.9144193413103,561.44807899936
1965908.224192,1285.9144193413103,561.44807899936
1965913.727171,1285.9144193413103,561.44807899936
1965920.890928,1285.9144193413103,561.44807899936
1965927.752249,1285.9144193413103,561.44807899936
1965934.712313,1285.9144193413103,561.44807899936
1965941.688173,1285.9144193413103,561.44807899936
1965948.265348,1285.9144193413103,561.44807899936
1965955.301309,1285.9144193413103,561.44807899936
1965962.313552,1287.4344977380056,576.5948659890489
1965969.959918,1227.6940051920549,604.1941135308455
1965976.26748,1167.1024465819614,623.5017884240971
1965983.366331,1134.3721851103903,655.4507533088346
1965991.85427,1107.973063805812,660.3876550558645
1965997.778937,1093.9109242335626,647.2377487154907
1966007.383139,1079.4375904210845,610.6922935280871
1966011.288839,1057.605980627655,588.4175707742365
1966018.289902,1057.605980627655,588.4175707742365
1966025.68958,1053.2153115131512,586.9921154256778
1966032.668307,1003.4042037723639,548.1391638745467
1966039.796989,949.0626964148936,500.997280385051
1966047.099033,887.9020594964679,447.40649800779573
1966056.269655,794.6560290958878,366.3769294443328
1966060.317883,728.9077691214959,309.3001810521479
1966067.78571,663.8011016841092,249.06432218266895
1966074.355888,564.2991587829044,159.03103356380976
1966081.685812,492.33876038198866,97.07006618347309
1966091.096932,425.2297192819198,39.18358774609336
1966095.659021,368.9831428939899,-12.454208509520052
1966102.784995,341.97094806043026,-35.56519258773984
1966109.584888,317.09571013874654,-53.41882161878167
1966116.703244,250.59908930313546,-76.40510947998497
1966123.649215,223.30563194047423,-75.24802675313917
1966130.65835,209.83534387035553,-31.071255080969937
1966137.877283,195.70976798732,20.302570007524935
1966144.767666,173.55948222756535,33.29520007404779
1966151.798557,120.47156479559791,18.118318037985627
1966158.666033,55.52117737472772,-1.584342755930535
1966165.65878,42.49368303589407,-3.051716971571041
1966172.704166,40.95529822501524,-3.089876387202672
1966179.781842,8.73879671337488,-3.75024445292966
1966186.634475,-2.0630476318737063,-2.4497170866932128
1966193.321564,-2.0630476318737063,-2.4497170866932128
1966196.897282,69.19688118748412,-123.56451163577586
1966200.350681,-34.490673625402216,-16.63938536220313
1966207.361804,-40.86843153049439,-23.43043824577296
1966215.14055,-68.47799477894615,-31.644165527873824
1966222.251732,-159.11001283940186,-49.76498007203554
1966228.74653,-228.54271628859476,-70.29919472951745
1966235.613636,-298.42798496015814,-89.93217833078256
1966242.699958,-406.15278199700833,-104.27710650867787
1966249.683907,-475.90013511760884,-104.85732062336893
1966256.671971,-543.4712097743352,-85.060508430768
1966263.290851,-658.1419068870135,-47.137079220735544
1966270.723615,-673.5255521493982,-46.874541505321936
1966277.301345,-673.5255521493982,-46.874541505321936
1966284.300024,-673.5255521493982,-46.874541505321936
1966292.59444,-690.5617350646502,-45.0209784086128
1966298.73581,-753.1703039703378,-37.14804528803617
1966305.799898,-857.8504557681888,13.14330474535482
1966312.407648,-931.42799683289,36.01174376592558
1966320.138161,-976.8145521214321,48.83413049827655
1966326.346801,-1055.580123031384,72.64957449602281
1966334.687945,-1106.0841414621302,86.37362052245011
1966346.633558,-1158.360476992216,114.8843073272657
1966347.280181,-1201.6617213854065,146.0777230804492
1966355.428106,-1201.6617213854065,146.0777230804492
1966361.599319,-1201.6617213854065,146.0777230804492
1966368.605554,-1201.6617213854065,146.0777230804492
1966375.715926,-1201.6617213854065,146.0777230804492
1966382.758183,-1244.9721888939414,192.1849260541712
1966389.952274,-1331.147640341206,278.9792335577931
1966396.319277,-1379.3873858184045,327.4483624387283
1966403.379909,-1424.3024834026817,372.1920417580154
1966411.976217,-1444.386384099881,394.1539110650335
1966417.343907,-1444.386384099881,394.1539110650335
1966424.332197,-1444.386384099881,394.1539110650335
1966432.977667,-1444.386384099881,394.1539110650335
1966438.304931,-1444.386384099881,394.1539110650335
1966446.688577,-1444.386384099881,394.1539110650335
1966452.681989,-1444.386384099881,394.1539110650335
1966459.685901,-1444.386384099881,394.1539110650335
1966467.742966,-1444.386384099881,394.1539110650335
1966473.725813,-1444.386384099881,394.1539110650335
1966480.695232,-1444.386384099881,394.1539110650335
1966487.968801,-1444.386384099881,394.1539110650335
1966494.643389,-1444.386384099881,394.1539110650335
1966502.645874,-1454.0978015473304,407.8022174031503
1966508.703115,-1481.2741225720697,428.56559996810296
1966516.758542,-1522.6218398865792,465.6070594832067
1966522.376081,-1543.3436733691128,486.27300748946675
1966531.061462,-1562.2035919820746,505.7793952011246
1966536.741004,-1562.2035919820746,505.7793952011246
1966544.723917,-1562.2035919820746,505.7793952011246
1966550.806298,-1562.2035919820746,505.7793952011246
1966557.315379,-1562.2035919820746,505.7793952011246
1966564.345533,-1562.2035919820746,505.7793952011246
1966573.064915,-1562.2035919820746,505.7793952011246
1966579.003861,-1562.2035919820746,505.7793952011246
1966585.618285,-1571.496325341778,516.2425990258525
1966592.821013,-1606.8581795367502,552.29891161042
1966600.749046,-1633.4233740815116,583.2778389424861
1966606.739984,-1647.918600042141,600.7548478823646
1966613.370594,-1653.4470300791465,610.9969581053854
1966621.919509,-1653.4470300791465,610.9969581053854
1966627.725814,-1653.4470300791465,610.9969581053854
1966634.636578,-1653.4470300791465,610.9969581053854
1966642.731583,-1653.4470300791465,610.9969581053854
1966649.832273,-1653.4470300791465,610.9969581053854
1966655.681849,-1653.4470300791465,610.9969581053854
1966662.641604,-1646.6045305446444,623.0446471867857
1966669.758697,-1632.6255189501592,664.5667646376404
1966678.228485,-1624.1079066485047,702.173070389449
1966686.158373,-1624.3612047823362,745.9047120340485
1966690.369629,-1620.5634443769138,782.1719102008711
1966699.191679,-1589.4270601209114,785.2424955117286
1966706.11865,-1569.4748887171436,777.409867641554
1966711.820943,-1554.903902816335,765.641884661046
1966718.537212,-1521.7451277570535,694.691725774622
1966725.327396,-1517.522254241567,627.8475134018112
1966732.646653,-1516.6455994707715,576.8716477239864
1966741.935545,-1529.3053299313026,550.0271111616328
1966746.356983,-1543.6360837983032,536.527204691066
1966756.098923,-1543.6360837983032,536.527204691066
1966761.366463,-1543.6360837983032,536.527204691066
1966767.530411,-1543.6360837983032,536.527204691066
1966776.229525,-1543.6360837983032,536.527204691066
1966781.275544,-1543.6360837983032,536.527204691066
1966788.696079,-1543.6360837983032,536.527204691066
1966795.731798,-1543.6360837983032,536.527204691066
1966802.375058,-1543.6360837983032,536.527204691066
1966809.292736,-1543.6360837983032,536.527204691066
1966818.342542,-1543.6360837983032,536.527204691066
1966823.383247,-1543.6360837983032,536.527204691066
1966832.169136,-1543.6360837983032,536.527204691066
1966837.631984,-1543.6360837983032,536.527204691066
1966844.626787,-1543.6360837983032,536.527204691066
1966853.118533,-1543.6360837983032,536.527204691066
1966858.609117,-1548.449573489371,532.5517104424122
1966865.658709,-1567.4404408560515,513.9419878028741
1966872.610934,-1621.568868567087,457.6727668023301
1966879.758428,-1627.327990316053,449.19761214961204
1966886.277485,-1627.327990316053,449.19761214961204
1966893.693261,-1634.1514865745448,436.07654748950506
1966900.667672,-1640.4627633317066,422.27051429775776
1966907.630906,-1649.7499303131049,398.6193490455747
1966914.685096,-1661.330524418658,350.3378904433113
1966921.350079,-1651.9295818578069,312.28915653581873
1966931.538919,-1621.4960273189747,310.8440487415426
1966935.37332,-1596.3099031756867,312.7323551058806
1966943.192397,-1557.787464536608,314.6830207566394
1966949.811479,-1485.485227965763,319.3278285060243
1966956.665395,-1445.0882228363685,324.3709294583686
1966963.672113,-1410.3609353809077,328.89811682813666
1966970.747692,-1385.1744264744707,320.11463236572433
1966977.628324,-1382.6822929366426,315.4409595808091
1966984.318341,-1382.6822929366426,315.4409595808091
1966991.679191,-1382.6822929366426,315.4409595808091
1966998.735127,-1382.6822929366426,315.4409595808091
1967005.681614,-1356.6626435353917,294.95378082071534
1967012.669246,-1312.331482235082,250.70154888598162
1967019.80391,-1229.830555499564,173.0736720229396
1967027.299432,-1220.6057927758245,161.03271009694882
1967033.910251,-1220.6057927758245,161.03271009694882
1967041.067162,-1220.6057927758245,161.03271009694882
1967047.382006,-1220.6057927758245,161.03271009694882
1967056.331757,-1205.809036953882,130.346635698325
1967061.362963,-1184.5391757799755,113.78694360521558
1967068.752127,-1153.6531335977586,93.43458657695695
1967075.77834,-1108.0169621140874,74.83715949213045
1967082.720948,-1027.5749299161287,47.983966477899926
1967089.737158,-954.5309868833009,27.14547847745723
1967096.721085,-890.9504842070644,8.60463010127421
1967103.819806,-847.1341328611055,-3.655667277995054
1967110.813026,-847.1341328611055,-3.655667277995054
1967117.716177,-847.1341328611055,-3.655667277995054
1967124.922646,-824.5312096973327,-8.165844977029456
1967131.651692,-782.5929046775855,-28.00178315663632
1967138.710572,-707.1372425606338,-51.715834803893
1967145.898233,-654.5760114633883,-57.74414064708899
1967152.372146,-590.0925540001555,-66.58228872320808
1967162.09053,-528.4704450013044,-89.47388995258898
1967166.327024,-506.25162704117434,-107.05852755950643
1967173.749598,-480.6418364079017,-114.66156234512106
1967180.705125,-391.9304907363083,-113.3201710442088
1967187.753123,-343.9488289310961,-109.68445737161566
1967194.835881,-318.4365319980222,-118.30704835975402
1967201.777139,-264.86886803049504,-178.13917628512914
1967208.956103,-245.78981946163222,-194.68185338013134
1967215.765162,-245.78981946163222,-194.68185338013134
1967222.373386,-245.78981946163222,-194.68185338013134
1967229.323277,-245.78981946163222,-194.68185338013134
1967236.803426,-245.78981946163222,-194.68185338013134
1967243.667108,-229.7071573597428,-197.54378852710457
1967250.843551,-193.20289687871266,-204.1668705733017
1967257.692783,-158.38777259463598,-206.84590784450248
1967264.775216,-137.2605070763174,-246.1530485115878
1967271.281814,-134.50078037084566,-274.57427660888584
1967278.822782,-107.3635429599225,-309.3460555321868
1967285.275096,-65.03882941626092,-288.74117915915
1967292.806273,-59.132676903056556,-251.03887125003692
1967299.376275,-56.02405081947311,-212.1609935949096
1967306.387024,-19.92255589893528,-161.31351227615096
1967314.872891,28.314179938667763,-145.79375268822932
1967315.930472,28.314179938667763,-145.79375268822932
1967320.381545,54.28638883324172,-146.26615493755145
1967329.819627,61.48759401589235,-143.25378676991494
1967337.952505,61.48759401589235,-143.25378676991494
1967341.69297,61.48759401589235,-143.25378676991494
1967350.1532,61.48759401589235,-143.25378676991494
1967355.732659,61.48759401589235,-143.25378676991494
1967362.708996,61.48759401589235,-143.25378676991494
1967369.65288,61.48759401589235,-143.25378676991494
1967376.672898,61.48759401589235,-143.25378676991494
1967383.664053,61.48759401589235,-143.25378676991494
1967390.708802,61.48759401589235,-143.25378676991494
1967397.37027,61.48759401589235,-143.25378676991494
1967404.330438,61.48759401589235,-143.25378676991494
1967411.372405,61.48759401589235,-143.25378676991494
1967419.415295,61.48759401589235,-143.25378676991494
1967425.835952,61.48759401589235,-143.25378676991494
1967432.675626,61.48759401589235,-143.25378676991494
1967439.662788,61.48759401589235,-143.25378676991494
1967447.72531,61.48759401589235,-143.25378676991494
1967453.700923,61.48759401589235,-143.25378676991494
1967460.682467,61.48759401589235,-143.25378676991494
1967469.258312,61.48759401589235,-143.25378676991494
1967474.718112,61.48759401589235,-143.25378676991494
1967481.682868,61.48759401589235,-143.25378676991494
1967489.80366,61.48759401589235,-143.25378676991494
1967495.67964,61.48759401589235,-143.25378676991494
1967502.707162,61.48759401589235,-143.25378676991494
1967509.724152,61.48759401589235,-143.25378676991494
1967516.284748,61.48759401589235,-143.25378676991494
1967523.286064,61.48759401589235,-143.25378676991494
1967530.320154,61.48759401589235,-143.25378676991494
1967537.978856,61.48759401589235,-143.25378676991494
1967544.320189,61.48759401589235,-143.25378676991494
1967551.29546,61.48759401589235,-143.25378676991494
1967558.74957,61.48759401589235,-143.25378676991494
1967565.513752,61.48759401589235,-143.25378676991494
1967574.15017,61.48759401589235,-143.25378676991494
1967579.7051,61.48759401589235,-143.25378676991494
1967587.931612,61.48759401589235,-143.25378676991494
1967593.771573,61.48759401589235,-143.25378676991494
1967600.71678,61.48759401589235,-143.25378676991494
1967607.718213,61.48759401589235,-143.25378676991494
1967614.371521,61.48759401589235,-143.25378676991494
1967623.227876,62.91942186109585,-142.4032706210471
1967632.550648,62.91942186109585,-142.4032706210471
1967635.740677,62.91942186109585,-142.4032706210471
1967644.434421,62.91942186109585,-142.4032706210471
1967651.74108,62.91942186109585,-142.4032706210471
1967656.448283,67.43514471076392,-136.88424941568493
1967665.103615,67.43515461080405,-136.88424030789793
1967671.271993,67.43515461080405,-136.88424030789793
1967677.619933,67.43515461080405,-136.88424030789793
1967685.878834,67.43515461080405,-136.88424030789793
1967691.631911,67.43515461080405,-136.88424030789793
1967700.143975,67.43515461080405,-136.88424030789793
1967705.648783,67.43515461080405,-136.88424030789793
1967712.63809,67.43515461080405,-136.88424030789793
1967720.919383,67.43515461080405,-136.88424030789793
1967726.719502,67.43515461080405,-136.88424030789793
1967733.642518,67.43515461080405,-136.88424030789793
1967742.06067,67.43515461080405,-136.88424030789793
1967747.760939,67.43515461080405,-136.88424030789793
1967754.689498,67.43515461080405,-136.88424030789793
1967761.289411,67.43515461080405,-136.88424030789793
1967769.641605,67.43515461080405,-136.88424030789793
1967776.294398,67.43515461080405,-136.88424030789793
1967782.658339,67.43515461080405,-136.88424030789793
1967789.392517,67.43515461080405,-136.88424030789793
1967798.031928,67.43515461080405,-136.88424030789793
1967803.63152,67.43515461080405,-136.88424030789793
1967810.633194,67.43515461080405,-136.88424030789793
1967817.382787,67.43515461080405,-136.88424030789793
1967824.402787,67.43515461080405,-136.88424030789793
1967831.697192,67.43515461080405,-136.88424030789793
1967838.652873,67.43515461080405,-136.88424030789793
1967845.735727,67.43515461080405,-136.88424030789793
1967852.707636,67.43515461080405,-136.88424030789793
1967859.737116,68.24969762087679,-135.1909075067909
1967866.871554,67.83786121464205,-121.33390727027444
1967873.886447,67.84312536668499,-121.32805673660282
1967880.304317,67.84312536668499,-121.32805673660282
1967887.898668,67.84312536668499,-121.32805673660282
1967894.287493,67.84312536668499,-121.32805673660282
1967901.323248,67.84312536668499,-121.32805673660282
1967908.633138,67.84312536668499,-121.32805673660282
1967915.936624,67.84312536668499,-121.32805673660282
1967922.902371,67.84312536668499,-121.32805673660282
1967929.882244,67.84312536668499,-121.32805673660282
1967937.115642,67.84312536668499,-121.32805673660282
1967944.088903,67.84312536668499,-121.32805673660282
1967950.857156,67.84312536668499,-121.32805673660282
1967957.977201,67.84312536668499,-121.32805673660282
1967968.792613,67.84312536668499,-121.32805673660282
1967971.879462,67.84312536668499,-121.32805673660282
1967978.340365,67.84312536668499,-121.32805673660282
1967986.557644,67.84312536668499,-121.32805673660282
1967992.284613,67.84312536668499,-121.32805673660282
1967999.294797,67.84312536668499,-121.32805673660282
1968006.947454,67.84312536668499,-121.32805673660282
1968013.291314,67.84312536668499,-121.32805673660282
1968020.293685,67.84312536668499,-121.32805673660282
1968028.656778,67.84312536668499,-121.32805673660282
1968034.321239,67.84312536668499,-121.32805673660282
1968041.85687,67.84312536668499,-121.32805673660282
1968049.172783,67.84312536668499,-121.32805673660282
1968055.808791,67.84312536668499,-121.32805673660282
1968062.860775,67.84312536668499,-121.32805673660282
1968069.879696,67.84312536668499,-121.32805673660282
1968076.39275,67.84312536668499,-121.32805673660282
1968084.723574,67.84312536668499,-121.32805673660282
1968090.990927,67.84312536668499,-121.32805673660282
1968098.50521,67.84312536668499,-121.32805673660282
1968104.817091,67.84312536668499,-121.32805673660282
1968112.329359,67.84312536668499,-121.32805673660282
1968118.738114,66.7960263019678,-118.27006305221576
1968125.341244,64.31336459955757,-114.99721189178624
1968132.331092,64.31336459955757,-114.99721189178624
1968139.342202,64.31336459955757,-114.99721189178624
1968146.642352,64.31336459955757,-114.99721189178624
1968153.308326,64.31336459955757,-114.99721189178624
1968161.499665,64.31336459955757,-114.99721189178624
1968167.68738,64.31336459955757,-114.99721189178624
1968174.658175,64.31336459955757,-114.99721189178624
1968181.710364,64.31336459955757,-114.99721189178624
1968188.758294,64.31336459955757,-114.99721189178624
1968195.748548,64.31336459955757,-114.99721189178624
1968202.694094,64.31336459955757,-114.99721189178624
1968209.822053,64.31336459955757,-114.99721189178624
1968216.63693,64.31336459955757,-114.99721189178624
1968223.635955,64.31336459955757,-114.99721189178624
1968230.619455,55.1441805836485,-101.14384463308751
1968237.830582,55.144180135522795,-101.14384415635305
1968244.347998,55.144180135522795,-101.14384415635305
1968251.628923,55.144180135522795,-101.14384415635305
1968258.297814,55.144180135522795,-101.14384415635305
1968266.446351,55.144180135522795,-101.14384415635305
1968272.620763,55.144180135522795,-101.14384415635305
1968280.631799,55.144180135522795,-101.14384415635305
1968286.636801,55.144180135522795,-101.14384415635305
1968294.587838,55.144180135522795,-101.14384415635305
1968300.629275,55.144180135522795,-101.14384415635305
1968307.671506,55.144180135522795,-101.14384415635305
1968315.843377,55.144180135522795,-101.14384415635305
1968321.71446,55.144180135522795,-101.14384415635305
1968328.687774,55.144180135522795,-101.14384415635305
1968336.891681,55.144180135522795,-101.14384415635305
1968342.756765,55.144180135522795,-101.14384415635305
1968349.680904,55.144180135522795,-101.14384415635305
1968357.684771,55.144180135522795,-101.14384415635305
1968363.924644,55.144180135522795,-101.14384415635305
1968370.682042,54.306775500569344,-100.70360725436292
1968377.427122,39.20522969247801,-99.71653700391037
1968384.296958,39.20166243708685,-99.71111029501232
1968393.239513,39.20166243708685,-99.71111029501232
1968398.33161,39.20166243708685,-99.71111029501232
1968398.775477,39.20166243708685,-99.71111029501232
1968405.360232,39.20166243708685,-99.71111029501232
1968413.819487,26.929092814082033,-102.34152122882287
1968419.743654,2.9442065146219965,-81.29759438046072
1968428.167634,-10.608257886298976,-46.67294748510148
1968433.827822,-9.560177432481055,-26.388038911966277
1968440.403608,23.03854755474584,1.015678427473024
1968447.905122,67.0735862402064,4.249160029784414
1968454.330829,114.79479353936462,11.68627515316707
1968461.661149,184.49555213729707,23.27686141908791
1968470.697418,196.00116927082036,6.5971676348221635
1968472.168753,39.20166243708685,-99.71111029501232
1968476.221987,197.82947670061165,2.634565778811484
1968482.979316,197.82947670061165,2.634565778811484
1968490.149097,197.82947670061165,2.634565778811484
1968497.172173,197.82947670061165,2.634565778811484
1968503.855966,197.82947670061165,2.634565778811484
1968512.262863,197.82947670061165,2.634565778811484
1968517.848833,197.82947670061165,2.634565778811484
1968525.130598,197.82947670061165,2.634565778811484
1968531.732855,197.82947670061165,2.634565778811484
1968538.899469,215.49525691891483,-14.859462791946632
1968545.866096,221.75069962429967,-47.651992797185386
1968552.783683,229.93870893043444,-71.9021882192393
1968559.743087,264.5222736249588,-79.85715687052493
1968566.395543,341.6367573299825,-74.2376162131758
1968575.230255,350.28626355674777,-56.82949944987582
1968580.33312,336.81833207780494,-42.00291077058564
1968589.175253,301.00230385889216,-61.1797702831834
1968594.815638,233.27304863739803,-70.3197584311154
1968603.305029,221.7838811795264,-34.771266566927004
1968608.747721,214.31829404455257,-22.63914610910304
1968615.396083,201.10011637176004,11.863253027726484
1968623.866165,189.63963486789018,40.3940232769734
1968629.695607,112.40238718818783,17.83836622789462
1968636.731295,47.14755973790284,-1.4538315985293777
1968638.329379,39.20166243708685,-99.71111029501232
1968643.399459,1.6955555914348877,-9.735233941596952
1968650.420314,-36.47389894424977,-20.898322445343247
1968657.42159,-51.57980737926354,-29.190699308231856
1968666.450081,-66.28641391613556,-35.340379881529856
1968671.350677,-86.7955331315663,-41.72989318848359
1968678.490325,-124.70599747852633,-47.142764270473464
1968685.303171,-181.97059178239374,-55.66766028255461
1968692.331113,-268.27764398597907,-88.02250772159603
1968699.301267,-324.1719424814439,-106.20426061988502
1968706.598149,-380.8978224391387,-109.08221045375784
1968713.302348,-433.8858146451362,-109.74877769440448
1968723.013163,-485.00542342388724,-103.02940912901707
1968727.819078,-491.57515793794613,-101.91951364488888
1968735.371793,-491.57515793794613,-101.91951364488888
1968741.452804,-491.57515793794613,-101.91951364488888
1968748.539037,-506.41622546601604,-98.77775517122178
1968760.130191,-532.2972743638819,-111.63038587377143
1968762.300935,-573.859351742383,-110.38291963672714
1968769.333062,-624.3134219272123,-104.04774794711794
1968776.686365,-647.0302013574939,-128.00954397762249
1968783.509694,-639.8972094198664,-174.8366284913616
1968790.394108,-641.2028868032295,-221.2246463277579
1968797.803739,-649.09566144112,-297.97257560284595
1968805.054605,-649.9381464917295,-311.6986841432833
1968811.807856,-636.1576912833038,-326.9778180300995
1968819.467152,-627.0569763298648,-354.10308016231244
1968825.406837,-633.251436630908,-379.7167706562001
1968832.304274,-632.9638990645916,-387.21161531816165
1968840.469704,-619.072520205061,-417.39060411442335
1968847.052498,-630.4603398625917,-438.6974128729691
1968853.30931,-638.3215505753998,-455.9074953156517
1968861.060667,-615.8909490127043,-430.68788977932064
1968868.95106,-611.0185524945205,-410.57560308870575
1968874.77652,-611.0185524945205,-410.57560308870575
1968881.884648,-611.0185524945205,-410.57560308870575
1968889.629814,-611.0185524945205,-410.57560308870575
1968895.724771,-611.0185524945205,-410.57560308870575
1968903.066726,-611.0185524945205,-410.57560308870575
1968909.991105,-611.0185524945205,-410.57560308870575
1968916.304345,-611.0185524945205,-410.57560308870575
1968923.626962,-611.0185524945205,-410.57560308870575
1968930.636335,-611.0185524945205,-410.57560308870575
1968937.803404,-601.6701964215981,-388.0593471160695
1968944.302948,-568.4586562043883,-317.0787360979945
1968951.820839,-546.068792173247,-290.50327776068633
1968958.643699,-530.5758499627827,-271.8265809836033
1968965.35353,-530.308753169418,-271.0536620159694
1968973.395097,-524.4990033156108,-247.36904096761668
1968979.736872,-503.82045543634325,-226.81454862378456
1968986.628944,-502.4021568828967,-226.82019134291613
1968993.702445,-483.6948687692746,-230.18297568970658
1969001.014548,-436.41926338249976,-230.41928571154295
1969007.339763,-340.0917069947044,-225.10932275422778
1969014.397943,-295.7164667944032,-221.9455059296844
1969021.30773,-251.62587817877747,-217.06680655447715
1969028.727391,-211.30947850083137,-217.22329336589152
1969035.40334,-173.4984419637414,-252.53128772331746
1969042.747905,-135.1388569612228,-294.63973205406063
1969049.781996,-78.11400467961505,-316.5164302464008
1969057.470049,-64.2534559266769,-286.7653053943068
1969065.041944,-55.90338499192355,-245.12576178811736
1969071.950103,-55.22394615216168,-198.5668291720663
1969077.748048,-36.91168776803548,-165.64233876488504
1969085.91163,2.0177896834139526,-145.44568866745962
1969091.764636,28.515406058830017,-148.15431054801485
1969092.784216,44.7225155447013,-150.7831693276443
1969098.348387,62.482578029603566,-143.15371461014573
1969106.552894,62.482578029603566,-143.15371461014573
1969112.683666,62.482578029603566,-143.15371461014573
1969119.836808,62.482578029603566,-143.15371461014573
1969126.310979,62.482578029603566,-143.15371461014573
1969133.331653,62.482578029603566,-143.15371461014573
1969140.307245,62.482578029603566,-143.15371461014573
1969147.849339,62.482578029603566,-143.15371461014573
1969154.772837,62.482578029603566,-143.15371461014573
1969161.360346,62.482578029603566,-143.15371461014573
1969169.154276,62.482578029603566,-143.15371461014573
1969175.848274,62.482578029603566,-143.15371461014573
1969183.10057,62.482578029603566,-143.15371461014573
1969189.406976,62.482578029603566,-143.15371461014573
1969196.827575,62.482578029603566,-143.15371461014573
1969203.853053,62.482578029603566,-143.15371461014573
1969210.890856,62.482578029603566,-143.15371461014573
1969217.826748,62.482578029603566,-143.15371461014573
1969224.77901,62.482578029603566,-143.15371461014573
1969231.682223,62.482578029603566,-143.15371461014573
1969238.778228,65.05282965144164,-141.65322446649984
1969246.718757,65.05282965144164,-141.65322446649984
1969252.360152,65.05282965144164,-141.65322446649984
1969259.388791,65.05282965144164,-141.65322446649984
1969266.400491,65.05282965144164,-141.65322446649984
1969274.838072,65.05282965144164,-141.65322446649984
1969282.996942,65.05282965144164,-141.65322446649984
1969287.854375,65.05282965144164,-141.65322446649984
1969294.789312,65.05282965144164,-141.65322446649984
1969301.754237,65.05282965144164,-141.65322446649984
1969308.81544,65.05282965144164,-141.65322446649984
1969315.406709,65.05282965144164,-141.65322446649984
1969322.355153,65.05282965144164,-141.65322446649984
1969329.815542,65.05282965144164,-141.65322446649984
1969336.760784,65.05282965144164,-141.65322446649984
1969343.759357,65.05282965144164,-141.65322446649984
1969350.727499,65.05282965144164,-141.65322446649984
1969358.062178,65.05282965144164,-141.65322446649984
1969365.081271,65.05282965144164,-141.65322446649984
1969371.314047,65.05282965144164,-141.65322446649984
1969380.224903,65.05282965144164,-141.65322446649984
1969385.343195,66.40175871417192,-140.3303595852792
1969394.930307,66.40175871417192,-140.3303595852792
1969399.709645,67.08963983952252,-138.97132541297063
1969406.768895,66.34133279986865,-122.3684199332739
1969413.408953,66.34133232683071,-122.36841973466481
1969422.461314,66.34133232683071,-122.36841973466481
1969427.721982,66.34133232683071,-122.36841973466481
1969434.358895,66.34133232683071,-122.36841973466481
1969441.415735,66.34133232683071,-122.36841973466481
1969448.695473,66.34133232683071,-122.36841973466481
1969457.238229,66.34133232683071,-122.36841973466481
1969462.759605,66.34133232683071,-122.36841973466481
1969471.250437,66.34133232683071,-122.36841973466481
1969476.734038,66.34133232683071,-122.36841973466481
1969483.734321,66.34133232683071,-122.36841973466481
1969490.823335,66.34133232683071,-122.36841973466481
1969497.315389,66.34133232683071,-122.36841973466481
1969504.549554,66.34133232683071,-122.36841973466481
1969511.934396,66.34133232683071,-122.36841973466481
1969518.768543,66.34133232683071,-122.36841973466481
1969527.368991,66.34133232683071,-122.36841973466481
1969532.755854,66.34133232683071,-122.36841973466481
1969539.737167,66.34133232683071,-122.36841973466481
1969546.700838,66.34133232683071,-122.36841973466481
1969553.706355,66.34133232683071,-122.36841973466481
1969560.342606,66.34133232683071,-122.36841973466481
1969569.44299,66.34133232683071,-122.36841973466481
1969574.990562,66.34133232683071,-122.36841973466481
1969581.365306,66.34133232683071,-122.36841973466481
1969588.636802,66.34133232683071,-122.36841973466481
1969595.638183,66.34133232683071,-122.36841973466481
1969602.643357,66.34133232683071,-122.36841973466481
1969610.095126,66.34133232683071,-122.36841973466481
1969616.35497,62.029355856105006,-112.50227686159859
1969623.32604,60.3419094845362,-107.49403900797303
1969630.938364,60.3419094845362,-107.49403900797303
1969637.409102,60.3419094845362,-107.49403900797303
1969646.162386,60.3419094845362,-107.49403900797303
1969651.642059,60.3419094845362,-107.49403900797303
1969658.634309,60.3419094845362,-107.49403900797303
1969665.64888,60.3419094845362,-107.49403900797303
1969672.652777,62.63719002995265,-112.00197585112784
1969680.039926,65.47346474441686,-112.38763015935633
1969687.272893,65.47346474441686,-112.38763015935633
1969693.644822,65.47346474441686,-112.38763015935633
1969701.263997,65.47346474441686,-112.38763015935633
1969707.31262,56.25968247223148,-112.9312159632472
1969717.956735,51.52944248435191,-113.7661888624356
1969721.63806,51.80801779376046,-108.37953436493194
1969728.317716,52.82630917443474,-105.13832518080105
1969735.63218,51.41807836124901,-101.43657919374351
1969742.65602,47.87282253748081,-96.53694810215083
1969749.340584,47.927159817295845,-96.78296231436886
1969756.648355,47.927159817295845,-96.78296231436886
1969763.662383,47.927159817295845,-96.78296231436886
1969770.718042,47.927159817295845,-96.78296231436886
1969777.639462,47.927159817295845,-96.78296231436886
1969786.637844,47.927159817295845,-96.78296231436886
1969791.640948,47.927159817295845,-96.78296231436886
1969798.35546,47.927159817295845,-96.78296231436886
1969806.297969,47.927159817295845,-96.78296231436886
1969812.643633,47.927159817295845,-96.78296231436886
1969819.726039,47.927159817295845,-96.78296231436886
1969826.639442,47.927159817295845,-96.78296231436886
1969833.359269,47.927159817295845,-96.78296231436886
1969840.359456,47.927159817295845,-96.78296231436886
1969847.409853,47.927159817295845,-96.78296231436886
1969854.409941,47.927159817295845,-96.78296231436886
1969861.360131,47.927159817295845,-96.78296231436886
1969868.409348,47.927159817295845,-96.78296231436886
1969876.938225,47.927159817295845,-96.78296231436886
1969882.9408,47.927159817295845,-96.78296231436886
1969890.81532,47.927159817295845,-96.78296231436886
1969896.645457,47.927159817295845,-96.78296231436886
1969903.648565,44.88621149858739,-95.56333295089964
1969910.879922,40.23395309035907,-96.09345549860092
1969917.828049,40.23395309035907,-96.09345549860092
1969924.317475,40.23395309035907,-96.09345549860092
1969932.648668,40.23395309035907,-96.09345549860092
1969938.779504,40.23395309035907,-96.09345549860092
1969945.82771,40.23395309035907,-96.09345549860092
1969952.802215,40.23395309035907,-96.09345549860092
1969959.809993,40.23395309035907,-96.09345549860092
1969966.922469,40.23395309035907,-96.09345549860092
1969973.798381,40.23395309035907,-96.09345549860092
1969980.400395,40.23395309035907,-96.09345549860092
1969987.534207,40.23395309035907,-96.09345549860092
1969995.915512,40.23395309035907,-96.09345549860092
1970002.123641,40.23395309035907,-96.09345549860092
1970010.131906,40.23395309035907,-96.09345549860092
1970015.842171,40.23395309035907,-96.09345549860092
1970022.812998,40.23395309035907,-96.09345549860092
1970029.901056,40.23395309035907,-96.09345549860092
1970036.772005,40.23395309035907,-96.09345549860092
1970043.319659,40.23395309035907,-96.09345549860092
1970052.117028,40.23395309035907,-96.09345549860092
1970058.15911,40.23395309035907,-96.09345549860092
1970064.834114,40.23395309035907,-96.09345549860092
1970071.846489,40.23395309035907,-96.09345549860092
1970078.852628,40.23395309035907,-96.09345549860092
1970086.398409,40.23395309035907,-96.09345549860092
1970092.939397,40.23395309035907,-96.09345549860092
1970100.078832,40.23395309035907,-96.09345549860092
1970107.342241,40.034305896432066,-96.70177637212953
1970113.372117,40.034305896432066,-96.70177637212953
1970121.677823,40.034305896432066,-96.70177637212953
1970127.796747,40.034305896432066,-96.70177637212953
1970134.815427,40.034305896432066,-96.70177637212953
1970143.108949,40.034305896432066,-96.70177637212953
1970148.670044,40.034305896432066,-96.70177637212953
1970155.779329,40.034305896432066,-96.70177637212953
1970165.141632,32.57662871002165,-101.40573006103632
1970171.888745,29.77931013124728,-103.12721610707385
1970176.656745,29.77931013124728,-103.12721610707385
1970185.078683,29.77931013124728,-103.12721610707385
1970190.700798,29.77931013124728,-103.12721610707385
1970197.715367,29.77931013124728,-103.12721610707385
1970204.782226,29.77931013124728,-103.12721610707385
1970211.744411,29.77931013124728,-103.12721610707385
1970218.876948,29.77931013124728,-103.12721610707385
1970225.362952,29.77931013124728,-103.12721610707385
1970236.765499,29.77931013124728,-103.12721610707385
1970239.798441,29.77931013124728,-103.12721610707385
1970246.780058,29.77931013124728,-103.12721610707385
1970253.883407,29.77931013124728,-103.12721610707385
1970261.371815,29.77931013124728,-103.12721610707385
1970268.061006,29.77931013124728,-103.12721610707385
1970276.168994,29.77931013124728,-103.12721610707385
1970282.907517,29.77931013124728,-103.12721610707385
1970288.400351,29.77931013124728,-103.12721610707385
1970295.370745,29.77931013124728,-103.12721610707385
1970302.410865,29.77931013124728,-103.12721610707385
1970309.38803,29.77931013124728,-103.12721610707385
1970316.415558,29.77931013124728,-103.12721610707385
1970323.702381,29.77931013124728,-103.12721610707385
1970330.349333,29.77931013124728,-103.12721610707385
1970337.354118,29.77931013124728,-103.12721610707385
1970346.092443,29.77931013124728,-103.12721610707385
1970352.01257,29.77931013124728,-103.12721610707385
1970358.424004,29.77931013124728,-103.12721610707385
1970365.423168,29.77931013124728,-103.12721610707385
1970372.413063,29.77931013124728,-103.12721610707385
1970381.688418,29.77931013124728,-103.12721610707385
1970387.064992,29.77931013124728,-103.12721610707385
1970393.747547,29.77931013124728,-103.12721610707385
1970400.422567,29.77931013124728,-103.12721610707385
1970407.322,29.77931013124728,-103.12721610707385
1970416.726251,29.77931013124728,-103.12721610707385
1970421.777161,29.77931013124728,-103.12721610707385
1970428.742217,29.77931013124728,-103.12721610707385
1970436.814297,29.77931013124728,-103.12721610707385
1970442.424882,29.77931013124728,-103.12721610707385
1970452.511088,29.77931013124728,-103.12721610707385
1970456.663628,29.77931013124728,-103.12721610707385
1970463.747398,29.77931013124728,-103.12721610707385
1970470.42233,29.77931013124728,-103.12721610707385
1970478.212011,29.77931013124728,-103.12721610707385
1970484.412363,29.77931013124728,-103.12721610707385
1970492.05695,29.77931013124728,-103.12721610707385
1970498.812735,29.77931013124728,-103.12721610707385
1970506.047306,29.77931013124728,-103.12721610707385
1970512.738062,29.77931013124728,-103.12721610707385
1970519.831632,29.77931013124728,-103.12721610707385
1970526.703318,29.77931013124728,-103.12721610707385
1970533.418339,29.9130364630372,-102.94952298821764
1970540.932068,29.913036604108353,-102.94952277653111
1970549.43781,29.913036604108353,-102.94952277653111
1970554.419197,29.913036604108353,-102.94952277653111
1970561.696982,29.913036604108353,-102.94952277653111
1970568.551325,29.913036604108353,-102.94952277653111
1970579.659852,16.128978003199443,-104.98310043437472
1970582.836418,16.122972087555524,-104.98003329037556
1970589.323805,16.122972087555524,-104.98003329037556
1970597.642753,16.122972087555524,-104.98003329037556
1970603.363045,16.122972087555524,-104.98003329037556
1970611.554197,16.122972087555524,-104.98003329037556
1970617.843378,10.643060822515254,-99.08781029740817
1970624.690161,7.297012624829381,-87.76532324634385
1970631.801376,7.297012807322675,-87.76532260174555
1970638.661981,7.297012807322675,-87.76532260174555
1970645.799418,7.297012807322675,-87.76532260174555
1970652.724813,7.297012807322675,-87.76532260174555
1970660.332193,7.297012807322675,-87.76532260174555
1970666.700322,7.297012807322675,-87.76532260174555
1970673.811951,7.297012807322675,-87.76532260174555
1970680.659318,7.297012807322675,-87.76532260174555
1970687.655553,7.297012807322675,-87.76532260174555
1970694.542236,7.297012807322675,-87.76532260174555
1970702.151287,7.297012807322675,-87.76532260174555
1970710.036504,7.297012807322675,-87.76532260174555
1970715.370121,7.297012807322675,-87.76532260174555
1970722.371306,7.297012807322675,-87.76532260174555
1970729.628006,7.297012807322675,-87.76532260174555
1970736.90467,7.297012807322675,-87.76532260174555
1970743.688576,7.297012807322675,-87.76532260174555
1970750.654027,7.297012807322675,-87.76532260174555
1970757.823936,7.297012807322675,-87.76532260174555
1970764.688675,7.297012807322675,-87.76532260174555
1970771.673968,7.297012807322675,-87.76532260174555
1970778.770739,7.297012807322675,-87.76532260174555
1970785.797314,7.297012807322675,-87.76532260174555
1970792.671624,7.297012807322675,-87.76532260174555
1970800.156418,7.088014043613538,-86.82051940187407
1970807.889771,6.608082768292621,-81.48380605015669
1970813.773083,6.608082768292621,-81.48380605015669
1970820.367095,6.608082768292621,-81.48380605015669
1970827.427086,6.608082768292621,-81.48380605015669
1970835.520779,6.608082768292621,-81.48380605015669
1970843.357446,6.608082768292621,-81.48380605015669
1970848.373122,6.608082768292621,-81.48380605015669
1970856.305497,6.608082768292621,-81.48380605015669
1970862.8809,6.608082768292621,-81.48380605015669
1970869.979316,6.608082768292621,-81.48380605015669
1970878.332245,6.608082768292621,-81.48380605015669
1970883.989517,6.608082768292621,-81.48380605015669
1970890.327423,6.608082768292621,-81.48380605015669
1970897.334546,6.608082768292621,-81.48380605015669
1970904.325488,6.608082768292621,-81.48380605015669
1970911.349172,6.608082768292621,-81.48380605015669
1970918.325784,6.608082768292621,-81.48380605015669
1970927.128996,6.608082768292621,-81.48380605015669
1970932.75803,6.608082768292621,-81.48380605015669
1970940.12344,6.608082768292621,-81.48380605015669
1970946.787582,6.608082768292621,-81.48380605015669
1970955.096758,6.608082768292621,-81.48380605015669
1970960.360211,6.608082768292621,-81.48380605015669
1970967.327847,6.608082768292621,-81.48380605015669
1970974.952458,6.608082768292621,-81.48380605015669
1970981.808292,6.608082768292621,-81.48380605015669
1970988.830038,6.608082768292621,-81.48380605015669
1970997.427664,6.608082768292621,-81.48380605015669
1971002.797986,6.608082768292621,-81.48380605015669
1971011.139918,6.608082768292621,-81.48380605015669
1971017.060727,6.608082768292621,-81.48380605015669
1971023.742106,6.608082768292621,-81.48380605015669
1971032.082867,6.608082768292621,-81.48380605015669
1971038.071393,6.608082768292621,-81.48380605015669
1971044.922097,6.608082768292621,-81.48380605015669
1971053.130682,6.608082768292621,-81.48380605015669
1971058.215274,6.608082768292621,-81.48380605015669
1971059.101391,6.608082768292621,-81.48380605015669
1971065.349566,6.298443431132045,-80.62469886810098
1971074.987274,-0.5823190339722265,-69.87617456480362
1971079.33165,-12.516709060854968,-34.6695550662652
1971089.034315,53.48671445622601,-8.843903694065451
1971093.668356,90.9986640366776,0.4067273646668246
1971100.908849,140.2616539310855,16.858187566799668
1971109.683263,192.9650161600393,28.554822225349422
1971114.890388,200.45223798033706,5.9505037229510815
1971121.382357,200.45223798033706,5.9505037229510815
1971128.46312,200.20556896451384,-2.3469069307994976
1971135.432955,205.90347087511705,-27.713384251845994
1971144.617096,217.69645794661915,-54.26843417736263
1971149.466805,228.50054026154314,-78.3001366557527
1971156.360531,258.80459449261275,-86.92265074321782
1971163.752449,326.1418066267898,-77.38621704101514
1971171.08572,362.75638888287887,-121.74379039208195
1971178.165334,344.1493547631074,-165.28314221649435
1971187.545052,336.15808381088726,-202.83131744423176
1971191.986174,356.2646668336205,-261.41176034066535
1971198.345235,379.14242129306314,-298.144281162212
1971205.486824,394.7263393131493,-331.99319616911134
1971212.424684,429.89962202218493,-349.3589366551513
1971221.507804,454.3740183163064,-376.1865160406625
1971226.370928,458.0881449281125,-383.6786073103159
1971233.432745,468.1123479176826,-388.93929616522524
1971240.422697,491.6342010428857,-404.1224385442137
1971249.986096,512.6053787060181,-422.7587611927369
1971253.752531,6.608082768292621,-81.48380605015669
1971254.37636,533.971831153016,-450.1499497006971
1971263.039549,580.0266975974388,-477.1764378776114
1971269.796529,621.8244669035919,-497.3266848289883
1971275.335117,624.5636765874315,-498.0870825881685
1971283.190702,669.9195734144081,-480.08041313497296
1971292.111252,717.2066894999335,-468.5247405052828
1971296.421774,735.0452925322504,-520.9767158129719
1971303.381714,751.8524887609486,-571.695871635092
1971311.595402,750.0109566780607,-608.8312317940091
1971317.381801,702.1863291904135,-606.1302384994889
1971324.442447,666.2243242611094,-588.5554530745322
1971332.219427,664.736612384533,-584.5688807681568
1971338.88287,664.736612384533,-584.5688807681568
1971345.432441,664.736612384533,-584.5688807681568
1971352.382493,664.736612384533,-584.5688807681568
1971360.960445,664.736612384533,-584.5688807681568
1971366.904387,664.736612384533,-584.5688807681568
1971374.082898,664.736612384533,-584.5688807681568
1971381.053913,664.736612384533,-584.5688807681568
1971388.176113,664.736612384533,-584.5688807681568
1971396.306011,664.736612384533,-584.5688807681568
1971401.99434,664.736612384533,-584.5688807681568
1971408.999142,664.736612384533,-584.5688807681568
1971416.024309,664.736612384533,-584.5688807681568
1971422.333424,664.736612384533,-584.5688807681568
1971431.180983,664.736612384533,-584.5688807681568
1971436.860299,664.736612384533,-584.5688807681568
1971443.379309,664.736612384533,-584.5688807681568
1971451.942638,664.736612384533,-584.5688807681568
1971458.197643,664.736612384533,-584.5688807681568
1971466.436573,664.736612384533,-584.5688807681568
1971471.848111,664.736612384533,-584.5688807681568
1971478.875976,664.736612384533,-584.5688807681568
1971485.780302,665.3939137530301,-579.4276745141252
1971492.693892,642.344724288112,-535.6175977187862
1971499.676316,631.0556911936551,-508.0423870958062
1971506.804263,626.7484103535535,-485.9020231908544
1971513.43068,616.4311081762564,-457.46901803296595
1971520.419997,613.2687073665438,-448.5898679802275
1971527.379129,601.8040396200291,-417.22688667317664
1971534.335942,586.2984712311096,-377.04732902421216
1971541.355979,581.9707711850671,-361.99127858465334
1971549.680396,581.9707711850671,-361.99127858465334
1971555.93636,581.9707711850671,-361.99127858465334
1971562.803192,581.9707711850671,-361.99127858465334
1971569.457402,576.0948781797781,-359.62347155601157
1971576.737531,541.2253846006632,-366.2032755569003
1971583.752091,525.5334824889517,-367.15087258284586
1971590.854982,482.93771441444403,-380.2254274227783
1971597.382077,407.992840935842,-399.52179371873115
1971606.23804,346.3232007718751,-387.6494972116137
1971611.732768,264.75772378264315,-336.200833227721
1971619.360306,155.29632922838317,-254.69884541606604
1971625.745068,117.5874567309158,-225.5316617596704
1971632.397255,73.87184174956809,-178.38153300175574
1971639.920762,15.025804174493066,-130.11595772309497
1971648.934251,2.3595618034992354,-102.5317279041947
1971654.044182,-1.4495516701881497,-91.10713528664363
1971654.727527,6.608082768292621,-81.48380605015669
1971663.399049,-28.99310812622744,-59.2715926081356
1971667.374184,-48.13745194149563,-48.03055967583978
1971674.375681,-66.29386853887742,-41.00600478987214
1971682.95742,-68.25675435045201,-40.325520000856024
1971688.389991,-75.97636317014522,-37.92706495311962
1971695.439156,-96.00104841421586,-38.614507383698324
1971703.383829,-171.42606980677053,-53.10714153047768
1971709.339593,-188.37303483422926,-56.256335095801845
1971717.600321,-200.61464918760598,-59.98047886754323
1971723.359339,-262.1475760954194,-86.73633374538939
1971730.360729,-305.3311537800137,-95.39470010081683
1971737.840003,-320.66296537130694,-101.87968348847681
1971746.516254,-341.67315685152414,-104.07815086184661
1971752.62343,-369.9849019715232,-106.90280544757806
1971758.337692,-409.0162965714959,-104.12419828666089
1971766.572639,-475.3676456222343,-102.46794719597071
1971772.339812,-510.4428451956736,-91.72832973525857
1971779.376039,-544.7835444923718,-77.43195570041308
1971788.510306,-617.2064431013964,-50.65901943522947
1971797.104606,-648.3943250805809,-41.277470605834054
1971801.184405,-662.2989237564528,-39.826746139456354
1971807.43926,-662.2989237564528,-39.826746139456354
1971814.754765,-666.3507091024475,-41.97267912522928
1971825.196476,-707.1283098542489,-37.869655299490276
1971828.431963,-789.9953817516982,-29.621388983608
1971835.673953,-836.7851582564398,-3.1854781500552116
1971842.68058,-882.8968936849575,15.284883623027138
1971849.863055,-917.4138473225829,28.63785133575677
1971856.685594,-960.0994303588708,39.64057572743356
1971863.510312,-983.6504593695456,46.96737644619083
1971870.737807,-1011.3553946731648,57.05313603849441
1971877.669383,-1045.4248156636775,68.22286049056937
1971884.733894,-1090.7610329019503,79.19013493104542
1971891.354684,-1170.9533281933836,116.52402684649674
1971900.363093,-1226.3717577682903,159.85750348820937
1971905.442683,-1272.1709717799927,205.13562356874303
1971912.804405,-1293.8565492209564,228.32473018328093
1971921.303771,-1309.8991773469877,244.42379665822304
1971926.349202,-1348.4675414871583,281.3788064554495
1971935.850097,-1407.687173218917,349.4974954669106
1971942.902862,-1435.7874302462947,375.6167633303551
1971947.452169,-1437.3381989575755,377.3399952941496
1971954.522617,-1456.8815111225551,390.65601153227965
1971963.857646,-1456.8815111225551,390.65601153227965
1971968.465079,-1456.8815111225551,390.65601153227965
1971975.461506,-1456.8815111225551,390.65601153227965
1971982.466763,-1456.8815111225551,390.65601153227965
1971989.462488,-1456.8815111225551,390.65601153227965
1971997.297903,-1456.8815111225551,390.65601153227965
1972003.808528,-1456.8815111225551,390.65601153227965
1972010.45281,-1456.8815111225551,390.65601153227965
1972017.917418,-1456.8815111225551,390.65601153227965
1972024.701087,-1456.8815111225551,390.65601153227965
1972033.388802,-1456.8815111225551,390.65601153227965
1972038.859174,-1464.2495954326507,397.49139001844225
1972045.474433,-1464.2495954326507,397.49139001844225
1972052.360013,-1464.2495954326507,397.49139001844225
1972059.476549,-1464.2495954326507,397.49139001844225
1972066.466524,-1477.5023643873017,412.8888203978365
1972073.658905,-1503.566287080717,439.5235488882119
1972080.456846,-1562.7554293025034,498.4492058040945
1972087.458588,-1591.5129573818585,498.34055829992633
1972094.45719,-1631.1909479929393,453.4534497481292
1972104.943122,-1643.1917472486004,423.9317972609058
1972108.479427,-1648.405365064683,407.21315378737694
1972119.581028,-1653.542190168117,391.9306684883878
1972122.68298,-1657.6551661719209,381.28265357071325
1972131.313372,-1663.922912406257,363.4889190604344
1972136.449571,-1670.7448301101765,335.91567548652034
1972144.585629,-1736.4999685357238,314.3071154543582
1972150.478916,-1795.1365561257207,310.97460533467756
1972157.467342,-1832.1025455392262,309.1450300671153
1972167.922889,-1848.2457481238675,310.8524400375397
1972171.689456,-1873.3771994030935,305.23333118453996
1972178.782118,-1857.4718865508735,278.2291481315793
1972212.839206,-1801.100082491716,93.47193203671883
1972212.839977,-1801.100082491716,93.47193203671883
1972218.610583,-1789.634144559949,88.66295831609057
1972225.8685,-1787.6605051409083,85.48651099545106
1972230.748854,-1787.6605051409083,85.48651099545106
1972237.853456,-1787.6605051409083,85.48651099545106
1972278.915671,-1777.3714665403886,8.899926362333447
1972278.916406,-1777.3714665403886,8.899926362333447
1972283.167672,-1784.1001396841125,-7.066639759545098
1972290.509362,-1787.905135213411,-22.141424856172375
1972297.614642,-1782.8671917030026,-83.84475376508237
1972304.307804,-1821.4347273030617,-103.27520206274463
1972311.330289,-1865.1078700616756,-119.24133581990021
1972318.329766,-1870.3726347733905,-125.61054646841926
1972325.792403,-1870.3726347733905,-125.61054646841926
1972332.648179,-1870.3726347733905,-125.61054646841926
1972339.307119,-1839.3370657885805,-106.93302281955683
1972347.113676,-1792.9473524076948,-98.63088851490608
1972353.387227,-1778.1861338711426,-62.776103084810686
1972361.009514,-1781.298542239735,-31.209485730108067
1972367.304631,-1782.6391355830651,-14.779921761279255
1972374.330798,-1767.014401092622,30.784139386988095
1972382.941445,-1770.9871473302032,93.30252912260448
1972398.747482,-1800.285929041455,101.33800195520716
1972402.016783,-1843.8137438877968,113.13490942082925
1972402.188238,-1892.7291438839372,136.6839198312598
1972409.687981,-1893.2303786078821,168.16469247868702
1972416.413697,-1886.4760132508886,203.73977145076708
1972423.408832,-1845.6427606607772,261.7583627841723
1972430.306962,-1787.5161091341572,286.336848712987
1972437.407866,-1721.9839010817655,291.3072836276695
1972455.207408,-1702.4198569091736,289.9154147714211
1972457.68658,-1702.4198569091736,289.9154147714211
1972458.708568,-1702.4198569091736,289.9154147714211
1972465.593835,-1702.4198569091736,289.9154147714211
1972472.445112,-1702.4198569091736,289.9154147714211
1972479.40336,-1702.4198569091736,289.9154147714211
1972486.708785,-1702.4198569091736,289.9154147714211
1972493.528825,-1702.4198569091736,289.9154147714211
1972500.710261,-1702.4198569091736,289.9154147714211
1972507.687574,-1702.4198569091736,289.9154147714211
1972521.103755,-1702.4198569091736,289.9154147714211
1972521.104384,-1702.4198569091736,289.9154147714211
1972522.418282,-1702.4198569091736,289.9154147714211
1972532.24427,-1702.4198569091736,289.9154147714211
1972536.513223,-1702.4198569091736,289.9154147714211
1972544.845449,-1702.4198569091736,289.9154147714211
1972552.218077,-1702.4198569091736,289.9154147714211
1972557.881627,-1702.4198569091736,289.9154147714211
1972564.816006,-1702.4198569091736,289.9154147714211
1972571.795315,-1690.889545796674,287.1248766047394
1972578.412614,-1637.8883845099976,309.1229606582584
1972586.72597,-1595.0284638849048,310.179674019602
1972594.006491,-1593.274867558793,310.2247358929256
1972599.524058,-1565.705464012347,310.6283695209548
1972607.826428,-1539.427844925592,313.2216279236964
1972613.829069,-1499.9147493796693,318.5721509786211
1972621.117897,-1450.1855851018063,327.1788577735198
1972627.558079,-1436.8476016350826,349.1901588713434
1972634.541876,-1433.1519303967139,372.8899746879471
1972641.540419,-1476.1718738590935,408.7265446023593
1972648.525734,-1476.1718738590935,408.7265446023593
1972655.778609,-1476.1718738590935,408.7265446023593
1972663.248111,-1476.1718738590935,408.7265446023593
1972669.537716,-1476.1718738590935,408.7265446023593
1972677.15932,-1476.1718738590935,408.7265446023593
1972684.245011,-1476.1718738590935,408.7265446023593
1972690.760364,-1476.1718738590935,408.7265446023593
1972700.71856,-1476.1718738590935,408.7265446023593
1972704.542522,-1476.1718738590935,408.7265446023593
1972712.481088,-1476.1718738590935,408.7265446023593
1972718.549775,-1476.1718738590935,408.7265446023593
1972725.528487,-1476.1718738590935,408.7265446023593
1972732.52895,-1476.1718738590935,408.7265446023593
1972740.584606,-1476.1718738590935,408.7265446023593
1972746.779274,-1476.1718738590935,408.7265446023593
1972754.029136,-1476.1718738590935,408.7265446023593
1972760.59153,-1476.1718738590935,408.7265446023593
1972767.531726,-1476.1718738590935,408.7265446023593
1972776.055588,-1476.1718738590935,408.7265446023593
1972781.924435,-1476.1718738590935,408.7265446023593
1972789.051516,-1514.2718332541106,448.1071582539414
1972795.5317,-1535.1747768348048,468.80799561878234
1972802.531501,-1539.2474807747951,473.1393037434502
1972809.530946,-1539.2474807747951,473.1393037434502
1972816.531943,-1539.2474807747951,473.1393037434502
1972824.535649,-1539.2474807747951,473.1393037434502
1972831.111577,-1542.5258723246072,476.8584858925344
1972837.996552,-1555.9280126035349,490.1610744530326
1972844.529782,-1569.200296084243,503.66746505219686
1972851.522055,-1610.3396074817585,475.18855425411135
1972858.528459,-1637.5635111119275,440.80070146208266
1972872.804404,-1653.4386067637754,408.7108502316194
1972874.895217,-1667.5577670010607,347.27269589372423
1972879.755767,-1696.135741761949,319.3172300240438
1972892.728002,-1768.192250305273,313.6962088691595
1972893.477065,-1842.8654794748495,308.67085672320167
1972900.537264,-1873.4084388594024,305.98747344553124
1972909.305087,-1846.145938222248,271.08833901961714
1972914.966825,-1748.0362791448267,285.00197719919436
1972922.073101,-1707.2628327827124,286.3090350957964
1972930.21089,-1698.507390505803,285.4779557346182
1972935.448886,-1698.507390505803,285.4779557346182
1972942.882055,-1698.507390505803,285.4779557346182
1972950.07288,-1704.6585184219714,286.87540416085534
1972956.82718,-1681.2215525609192,274.4469957200318
1972963.708011,-1664.5322386838732,232.80242154298614
1972975.097555,-1645.1680923903575,181.78903377054186
1972977.854587,-1604.3955893677387,118.57924564551844
1972986.564201,-1565.4171337315543,48.45641773224528
1972993.496649,-1520.8116756281968,-28.698673242624
1972998.454417,-1452.6208892483455,-131.74230128272703
1973005.903394,-1399.7335477760766,-184.4637763758243
1973012.460333,-1343.4471862545322,-242.44179449254156
1973019.555737,-1259.9011362400904,-327.8153431542149
1973028.080197,-1210.3084244893464,-380.43901790367505
1973033.428016,-1162.869324766653,-428.9733232456013
1973040.868874,-1098.9955659347252,-492.8694428242762
1973047.467417,-1075.4833978654544,-517.6052809591044
1973054.451551,-1074.4505374860917,-518.5704865070132
1973061.935351,-1074.4505374860917,-518.5704865070132
1973068.519919,-1074.4505374860917,-518.5704865070132
1973075.520498,-1074.4505374860917,-518.5704865070132
1973083.173903,-1074.4505374860917,-518.5704865070132
1973089.832031,-1067.0103122890264,-525.5743228052254
1973096.475446,-1028.6140462762708,-566.3024308281142
1973110.419581,-948.7293315284235,-640.2324701297921
1973111.442724,-874.450629322617,-685.6025674639294
1973118.395325,-795.8177876640079,-714.2208591424699
1973124.528841,-750.2690174742403,-720.9048769835465
1973133.566397,-723.1284746089743,-723.8932160134669
1973138.941048,-690.0894329453503,-720.2865766088385
1973146.08815,-681.4038588598947,-646.4335101086468
1973153.769533,-681.2216213454502,-630.6914399531765
1973160.246283,-681.2216213454502,-630.6914399531765
1973166.83606,-681.2216213454502,-630.6914399531765
1973173.818039,-681.2216213454502,-630.6914399531765
1973180.821077,-681.2216213454502,-630.6914399531765
1973187.878126,-681.2216213454502,-630.6914399531765
1973194.958922,-681.2216213454502,-630.6914399531765
1973201.788425,-681.2216213454502,-630.6914399531765
1973208.900674,-681.2216213454502,-630.6914399531765
1973216.380492,-680.7225841503046,-612.7629876786754
1973222.939401,-679.2201942890542,-582.2746619692288
1973229.942547,-667.351817548906,-537.2213317234606
1973237.145314,-652.2932330810528,-495.81304795795035
1973243.476533,-628.8344443089824,-443.126884135649
1973253.018431,-595.064721217229,-374.7686790272434
1973258.035735,-567.0877917638985,-327.691878056314
1973264.863655,-549.3871591136962,-293.386212470086
1973271.717059,-547.9494523530124,-291.01107233047173
1973283.721615,-544.4156046770412,-278.57921419956466
1973285.57431,-534.8274303739969,-258.29467315590125
1973292.615767,-501.94938963803827,-227.81600950079633
1973301.387782,-454.111616775968,-226.96592924204884
1973306.450915,-409.04032755339887,-226.38694237620584
1973314.935385,-341.69569102018613,-221.73767171857338
1973321.303559,-290.03046386527313,-221.2038013865334
1973327.474603,-280.68187967840794,-220.4707329864288
1973338.026638,-280.68187967840794,-220.4707329864288
1973341.983804,-262.6154156586094,-221.62946853274732
1973348.798865,-229.591960680383,-222.05350768718515
1973356.556093,-187.80444781368269,-241.16916629993813
1973362.451784,-159.85150408628812,-266.14562195132356
1973369.431931,-133.17781016544998,-297.4050693226489
1973376.905157,-94.9732537353429,-324.587654044166
1973383.988406,-70.64164048807294,-304.97618345947006
1973391.181648,-58.65094828695545,-271.597882356095
1973397.516507,-57.96757808967261,-245.44135859824084
1973404.84498,-58.209505431040036,-223.79235217563038
1973411.798972,-59.155375629672776,-198.4677960601425
1973418.961351,-58.632254923019104,-196.04015726097938
1973429.105963,-46.896642953887685,-170.9683841710319
1973432.883593,-10.745335149938592,-148.14471067071116
1973439.94676,47.853100333839926,-150.84644250134153
1973446.55091,56.81391903030884,-153.04237586927022
1973447.894971,56.81391903030884,-153.04237586927022
1973454.398576,62.986420938723974,-145.19614423933166
1973460.438184,62.986420938723974,-145.19614423933166
1973467.528332,62.986420938723974,-145.19614423933166
1973475.180199,62.986420938723974,-145.19614423933166
1973482.137733,62.986420938723974,-145.19614423933166
1973488.522609,62.986420938723974,-145.19614423933166
1973496.604062,62.986420938723974,-145.19614423933166
1973503.022808,62.986420938723974,-145.19614423933166
1973509.849722,62.986420938723974,-145.19614423933166
1973516.477752,62.986420938723974,-145.19614423933166
1973524.771978,62.986420938723974,-145.19614423933166
1973530.829222,62.986420938723974,-145.19614423933166
1973537.484543,62.986420938723974,-145.19614423933166
1973545.846033,62.986420938723974,-145.19614423933166
1973553.340768,62.986420938723974,-145.19614423933166
1973558.797353,62.986420938723974,-145.19614423933166
1973566.204815,62.986420938723974,-145.19614423933166
1973572.523849,62.986420938723974,-145.19614423933166
1973579.623483,62.986420938723974,-145.19614423933166
1973586.530321,62.986420938723974,-145.19614423933166
1973593.484027,62.986420938723974,-145.19614423933166
1973601.980038,62.986420938723974,-145.19614423933166
1973607.960581,62.986420938723974,-145.19614423933166
1973614.463809,62.986420938723974,-145.19614423933166
1973621.504019,62.986420938723974,-145.19614423933166
1973628.530809,61.03870349129132,-149.03859691519406
1973636.446485,73.00580666015873,-146.01054128975355
1973642.936267,68.83408791024881,-113.4221994960491
1973649.855273,42.632083301918414,-89.66507943477413
1973656.765769,38.0544377663903,-93.79542062872449
1973664.975507,16.435822644239337,-101.67510382515933
1973670.438113,13.987710095445403,-101.24534081121172
1973679.051494,13.987710095445403,-101.24534081121172
1973684.914993,13.987710095445403,-101.24534081121172
1973691.659945,13.987710095445403,-101.24534081121172
1973700.226918,13.987710095445403,-101.24534081121172
1973706.001805,13.987710095445403,-101.24534081121172
1973713.109127,13.987710095445403,-101.24534081121172
1973719.4739,1.2829880684125796,-96.6928772428456
1973731.414166,-17.59064626408038,-72.24962320646152
1973734.039984,-46.642900918655016,-96.6918388145051
1973736.977555,-46.642900918655016,-96.6918388145051
1973740.537779,-46.1636868105856,-112.53986846469807
1973747.537887,-27.035578977658666,-137.90909233383167
1973755.096594,-23.493761293933265,-140.13711096985554
1973761.486336,-17.106118885556576,-146.40277272904808
1973768.896343,19.128280224583165,-151.44079913298145
1973777.195521,94.3470749391568,-196.5541925431458
1973782.986457,147.8381953133928,-250.9380487994156
1973789.541537,219.08572431091878,-306.9392321273365
1973798.331858,328.39353127312745,-391.988954440463
1973803.888168,381.4814598031359,-435.5442026360921
1973810.815382,444.13432310602496,-477.66824812965103
1973818.990753,527.1776458631233,-531.5593706232523
1973825.026451,584.2335464125987,-572.9564386471468
1973831.487852,634.235032572236,-611.2706216783265
1973840.2384,711.8731656326863,-638.6811797159557
1973845.890898,774.9722582175009,-645.8966818086963
1973854.753174,850.316033913475,-664.574451681371
1973860.07997,928.0745931441293,-721.2452120704313
1973866.464451,924.6492428361855,-782.1163846537669
1973873.505258,885.452331181262,-845.2714319298757
1973880.534364,760.7198662510034,-857.8883057896793
1973891.0143,668.5878049551535,-883.4194482450516
1973894.5381,619.4600365033318,-939.9920485693323
1973903.343206,593.7218438373143,-1067.6650833435674
1973914.80884,574.4605996326586,-1160.176553432758
1973915.507553,561.8226971648695,-1214.6904369687857
1973922.533337,539.464510556208,-1295.0543654177482
1973929.543438,525.7353611809713,-1349.9926706663293
1982221.942068,-208.2400889738174,-2728.6059701024365
1982221.942682,-208.2400889738174,-2728.6059701024365
1982226.704589,-203.7186608280093,-2704.8434567136237
1982226.70836,-203.7186608280093,-2704.8434567136237
1982233.597479,-197.10784169370194,-2614.224582369739
1982240.580787,-189.32240092165472,-2539.6955153544177
1982247.577078,-170.78369142536215,-2416.550274148128
1982254.528378,-164.7317980357744,-2367.9326818146515
1982261.580776,-148.68631542358864,-2334.8646952249333
1982268.525761,-94.36395527820414,-2269.1093966403705
1982275.634777,-78.0598492433127,-2225.1435417883063
1982282.845468,-80.58890484992031,-2185.4748163516906
1982295.748695,-55.7792213338249,-2117.806673582087
1982296.532109,-19.51406990993822,-2046.6375784026752
1982303.53374,11.905969348611142,-1980.3572906922477
1982315.086605,38.93343671658136,-1924.3681734471838
1982317.777807,71.62506138332546,-1871.1931133759178
1982326.740837,119.40312087678728,-1821.8912247005014
1982331.834487,135.9367758298107,-1803.5811487220633
1982338.57934,135.9367758298107,-1803.5811487220633
1982347.362974,135.9367758298107,-1803.5811487220633
1982352.896507,122.98854121226606,-1774.1718484851801
1982359.878331,109.48978384231661,-1726.2395415949368
1982367.206698,103.11828429977042,-1659.1313176999727
1982373.593846,132.566262028133,-1589.512803975385
1982384.837373,180.32966884529506,-1538.1395013507338
1982387.573111,201.38690371031478,-1473.4392614652863
1982396.187381,188.1645795015175,-1365.5697211617482
1982401.483634,165.36992307235812,-1306.7192430755456
1982408.588367,181.51467722403174,-1289.171495422599
1982416.022332,178.91071637471163,-1266.731148427456
1982427.929786,124.8162840916378,-1230.0992829335373
1982429.584985,59.532910034646534,-1180.9186876168487
1982436.495099,-12.833502767104886,-1104.1504128895613
1982443.584595,-25.08821706002094,-1065.1806885573892
1982450.583452,0.7889494168051163,-1031.8617810302676
1982457.533064,24.908851242750423,-1006.9874666588992
1982466.221796,25.490094243779588,-1006.3988143623517
1982471.865318,25.490094243779588,-1006.3988143623517
1982478.843051,27.636424054127502,-1008.7749308549077
1982486.273223,38.46294339773808,-990.472621258314
1982492.581304,33.100856220230575,-966.906553192844
1982502.233878,18.95619570903804,-951.0274303273702
1982506.919402,4.458939158841232,-937.0517792706223
1982513.934372,-18.141931393635712,-917.3827818454026
1982525.911665,-31.848894662311075,-902.3970363670321
1982530.681498,-53.14997765058679,-880.5801584475734
1982534.595945,-105.95066283379613,-855.0643022643876
1982542.704613,-137.1776460681918,-802.9616324398836
1982548.909471,-147.19458841541675,-762.48204871644
1982556.439465,-155.03243750532232,-736.6663532895685
1982562.584446,-164.3260699064022,-690.5227098027628
1982572.506565,-178.56984719034674,-642.5934685618787
1982576.503952,-192.95075837463813,-593.9476202511418
1982584.640427,-186.03508228127606,-518.912952657984
1982590.993035,-169.37947724427573,-476.1078689403875
1982598.224294,-144.94855261777633,-446.5356629683628
1982605.228238,-99.6234835500863,-406.33386985888137
1982611.914957,-77.89041065809866,-381.3845690653496
1982619.151888,-68.61383744331177,-357.60467358326736
1982626.518515,-64.1823046205416,-306.95445132953523
1982632.593332,-53.16896402372254,-252.791500733764
1982643.654962,-53.83568046241962,-201.13689223336178
1982647.087736,-24.00645311171687,-144.4664170536127
1982653.931789,-4.0093752164376735,-129.92230166006124
1982660.497602,2.709995014065968,-98.89921223275196
1982668.248558,-15.083192721554758,-59.48850226197939
1982677.592328,-33.57008003655887,-31.023240057517388
1982686.841152,-43.75502869339071,-15.737747254019837
1982688.953881,-55.712011243681495,16.50599520411564
1982695.581142,-72.94056259312563,69.54806459149295
1982705.010263,-86.6350368871562,117.3443441894003
1982710.046397,-101.88463707505598,170.4957916041058
1982716.814753,-111.72509885399359,194.09738786768
1982723.883625,-112.87408135667664,205.50909524661245
1982730.96066,-126.45181270759703,244.82948293093256
1982737.867508,-135.04837088058665,273.968079901574
1982744.920295,-142.87173830996124,314.58069745335376
1982751.817423,-151.89823849163454,345.0660262791086
1982758.823318,-151.89823849163454,345.0660262791086
1982766.090449,-151.89823849163454,345.0660262791086
1982772.939154,-151.89823849163454,345.0660262791086
1982785.490224,-159.38907340804658,364.82503871339065
1982786.536011,-171.56942700856996,405.67814355986263
1982795.416252,-177.9239922720294,417.50230192060326
1982801.109043,-185.1549593748556,427.5124887554739
1982811.216139,-191.30849947298756,449.82163366984923
1982815.309532,-198.23042215302473,504.14313606094987
1982821.49051,-165.2275530189469,523.1227521350911
1982829.637141,-122.62830992670796,536.9103351965692
1982835.870391,-110.78125644362704,555.3686974294792
1982842.922718,-118.13387606621217,581.785412325181
1982849.873501,-160.66711306309003,575.2229421177011
1982856.904864,-209.29664453345697,553.1973136277322
1982863.969916,-209.29664453345697,553.1973136277322
1982871.314576,-209.29664453345697,553.1973136277322
1982877.85961,-227.23180948089149,593.0761076255679
1982887.282401,-231.84190732167812,607.1080854567712
1982891.524376,-231.84190732167812,607.1080854567712
1982899.143445,-231.84190732167812,607.1080854567712
1982905.594063,-231.84190732167812,607.1080854567712
1982914.934746,-231.84190732167812,607.1080854567712
1982921.032191,-235.06715887494278,613.1371559912488
1982926.96182,-235.06715887494278,613.1371559912488
1982933.491458,-253.42489465681544,605.9422150185014
1982940.538032,-342.2281920920873,594.6142140323701
1982948.812556,-399.3537322306532,607.0353814480791
1982955.178983,-421.82385813514975,620.1269170538276
1982962.060408,-445.86516562230116,625.511867937016
1982969.088947,-472.38623535360654,612.6082961223406
1982976.048384,-503.11546082775703,597.3709743306757
1982982.899241,-539.7985538981184,581.4981729057201
1982990.104052,-551.004418074213,580.108593029949
1982996.918762,-566.5239965490467,586.2349940850618
1983003.888981,-543.4931611359109,531.8507650930331
1983010.872455,-539.3932534121194,521.218283217912
1983017.903913,-539.3932534121194,521.218283217912
1983025.174541,-539.3932534121194,521.218283217912
1983032.08683,-539.3932534121194,521.218283217912
1983038.902544,-539.3932534121194,521.218283217912
1983046.169872,-540.7786627472357,508.89779766865706
1983053.040484,-559.6068434308106,511.997361668717
1983060.408163,-591.6385494348839,519.5763642287797
1983066.517686,-634.2681333838799,524.4100710845349
1983075.535913,-641.2534512091055,526.3621945739018
1983084.328059,-649.3017032906768,527.7322699773853
1983087.870833,-688.0561064746605,536.9712689423521
1983095.16135,-707.3698652181183,520.6707707317659
1983102.001795,-717.673463120751,493.30704419159906
1983108.90575,-724.2650705382437,450.5490556536486
1983115.862539,-724.3615311829983,426.8815946926495
1983123.749677,-717.0396376520066,409.23900959241894
1983129.875199,-714.5485325801269,394.5966678627044
1983136.522257,-722.6821645405703,391.8721117166689
1983143.522269,-739.7248543200027,377.26302151614334
1983150.532391,-739.6297231089776,372.82694557436025
1983158.861215,-739.6297231089776,372.82694557436025
1983164.982788,-738.2682390593915,345.6952659964844
1983171.932642,-733.7537939171534,313.7645223956043
1983178.601143,-731.1365306177403,294.334961788611
1983185.600061,-729.395104498054,285.0330558475983
1983194.103673,-729.395104498054,285.0330558475983
1983201.998277,-729.4963659020625,268.96270729102076
1983206.864027,-730.3154162295149,236.42385529969062
1983214.937956,-723.3973252094648,175.4038919242035
1983220.831448,-721.5392738022875,150.23309426244427
1983228.930479,-718.136165480682,131.74690741549534
1983234.918662,-715.8180406071243,113.84580958496825
1983241.894474,-715.8180406071243,113.84580958496825
1983248.912344,-719.744591896089,108.52845256722665
1983280.210299,-702.1457767353429,-28.87851452434556
1983280.210976,-702.1457767353429,-28.87851452434556
1983286.195482,-702.1457767353429,-28.87851452434556
1983286.196183,-702.1457767353429,-28.87851452434556
1983287.051123,-702.1457767353429,-28.87851452434556
1983287.051739,-702.1457767353429,-28.87851452434556
1983289.111783,-711.8917729418719,-41.0230394137493
1983289.112471,-711.8917729418719,-41.0230394137493
1983291.710609,-710.6959689347456,-44.34017706075825
1983291.721244,-710.6959689347456,-44.34017706075825
1983298.722726,-689.3018773921727,-53.59122356154367
1983305.720331,-625.1251481498595,-61.35104172879588
1983314.452242,-586.0249861553581,-69.88433487182873
1983320.16105,-561.7881907565508,-86.68085624558849
1983327.147533,-516.0179654079135,-105.66310403841281
1983334.179181,-485.4537763675062,-115.23728794914271
1983341.09953,-464.93268824296564,-115.1108924737068
1983348.230655,-459.09337745546816,-113.53898839474262
1983356.238847,-481.8430243639688,-103.33133028253707
1983361.8175,-494.16466059341195,-99.64213652722671
1983370.17892,-494.16466059341195,-99.64213652722671
1983376.221099,-510.5945425707564,-92.72275596949052
1983383.985084,-514.2965250322403,-90.61402831103794
1983391.305897,-514.2965250322403,-90.61402831103794
1983397.061256,-514.2965250322403,-90.61402831103794
1983404.195276,-518.6340322329172,-88.935904741422
1983411.291636,-578.0153374663712,-56.201183354699204
1983419.953277,-638.4879539092742,-43.03583986476788
1983424.723597,-679.1923241453228,-41.51933582849226
1983434.073078,-750.4053447170791,-34.70159355327374
1983439.200186,-795.6196305035216,-12.782543755244271
1983446.228304,-837.5230331946311,5.238597372431475
1983453.463494,-934.1031336042254,34.15911116835437
1983460.095895,-1001.5701527447734,54.3708550849576
1983468.520502,-1060.2729757640127,70.05045832819722
1983473.746792,-1108.0730432760693,86.10152561063141
1983475.972764,-1108.0730432760693,86.10152561063141
1983480.806414,-1109.4790429520554,88.03400388375314
1983489.577348,-1109.4790429520554,88.03400388375314
1983495.336128,-1109.4790429520554,88.03400388375314
1983503.08755,-1109.4790429520554,88.03400388375314
1983509.2362,-1109.4790429520554,88.03400388375314
1983516.282356,-1109.4790429520554,88.03400388375314
1983523.109153,-1109.4790429520554,88.03400388375314
1983530.137785,-1112.9122631829757,94.51921488495319
1983536.779048,-1112.9122631829757,94.51921488495319
1983543.769429,-1112.9122631829757,94.51921488495319
1983552.728051,-1112.9122631829757,94.51921488495319
1983558.128311,-1112.9122631829757,94.51921488495319
1983566.264646,-1112.9122631829757,94.51921488495319
1983572.088209,-1112.9122631829757,94.51921488495319
1983579.122925,-1112.9122631829757,94.51921488495319
1983587.338486,-1112.9122631829757,94.51921488495319
1983593.267126,-1112.9122631829757,94.51921488495319
1983601.409057,-1112.9122631829757,94.51921488495319
1983607.073494,-1112.9122631829757,94.51921488495319
1983614.084952,-1112.9122631829757,94.51921488495319
1983622.340242,-1112.9122631829757,94.51921488495319
1983628.072326,-1112.9122631829757,94.51921488495319
1983635.129215,-1112.9122631829757,94.51921488495319
1983643.395734,-1112.9122631829757,94.51921488495319
1983649.07531,-1112.9122631829757,94.51921488495319
1983655.776107,-1112.9122631829757,94.51921488495319
1983665.153472,-1112.9122631829757,94.51921488495319
1983670.165938,-1112.9122631829757,94.51921488495319
1983678.431574,-1112.9122631829757,94.51921488495319
1983684.063103,-1112.9122631829757,94.51921488495319
1983691.194062,-1112.9122631829757,94.51921488495319
1983699.446689,-1112.9122631829757,94.51921488495319
1983705.13922,-1112.9122631829757,94.51921488495319
1983711.732933,-1112.9122631829757,94.51921488495319
1983720.577398,-1112.9122631829757,94.51921488495319
1983726.121664,-1112.9122631829757,94.51921488495319
1983733.095288,-1112.9122631829757,94.51921488495319
1983740.143917,-1112.9122631829757,94.51921488495319
1983747.059796,-1112.9122631829757,94.51921488495319
1983755.586437,-1112.9122631829757,94.51921488495319
1983761.090034,-1112.9122631829757,94.51921488495319
1983768.067353,-1112.9117357263526,94.52279366839664
1983775.06137,-1112.9117357263526,94.52279366839664
1983781.780921,-1112.9117357263526,94.52279366839664
1983788.775945,-1112.9117357263526,94.52279366839664
1983797.954907,-1112.9117357263526,94.52279366839664
1983803.25246,-1113.110704871439,96.07543150429429
1983811.011744,-1113.1085981318536,96.07977783477543
1983816.83281,-1113.1085981318536,96.07977783477543
1983823.77193,-1113.1085981318536,96.07977783477543
1983831.216757,-1107.666566181268,101.76533822028959
1983838.450457,-1110.0387718673132,116.03146689169617
1983844.731369,-1114.6839417156266,110.39974207395396
1983852.104048,-1114.6927038643228,110.39074992955372
1983859.187192,-1115.183587923397,109.28641847861986
1983866.159096,-1116.4909134474437,106.5479099348444
1983873.422635,-1096.5338098494628,78.01177732662238
1983878.395515,-1036.8932432084305,54.404594899112396
1983879.771927,-1036.8932432084305,54.404594899112396
1983888.274766,-964.5967605529625,32.81100910468534
1983894.081784,-866.477851671814,2.9468700257991847
1983900.836414,-809.8302085266683,-14.00384037012473
1983908.152884,-749.7100587272267,-35.82362326951124
1983915.19338,-643.6915180549981,-57.01873963038091
1983922.20802,-582.601906559645,-63.24937160825553
1983929.384024,-544.5441267050617,-76.48053069302387
1983936.417147,-540.4378471959214,-80.26667527307652
1983944.349257,-540.4378471959214,-80.26667527307652
1983950.437856,-540.4378471959214,-80.26667527307652
1983959.251889,-529.7918081066628,-97.5732580390237
1983964.31515,-491.04966734861694,-113.38805773220984
1983971.19103,-455.322295682244,-114.042921989963
1983978.244023,-371.6656485536354,-108.89976663978257
1983985.333908,-317.1558822455481,-107.09994218055598
1983992.180403,-286.158140685996,-142.45259352331334
1983998.778032,-253.51067770068636,-186.15256544296778
1984007.00611,-238.34343832654582,-205.66500010681216
1984013.125131,-219.75307015240466,-218.48007718189578
1984020.256275,-178.56808979819974,-216.26362529253535
1984028.663779,-155.08816135356042,-214.77756277642607
1984034.535718,-139.66519675024531,-239.881116640735
1984041.221637,-118.15138792418927,-303.3552083030023
1984048.379934,-84.59164408385094,-342.2880435406937
1984055.168235,-80.15205120138226,-372.73401102591833
1984062.425983,-134.84276546191714,-433.2144770882985
1984069.358726,-162.48427963197832,-458.21017969640025
1984076.082117,-190.8685889889789,-513.1773306242269
1984083.876395,-205.12449357672136,-632.7883929322396
1984090.160599,-206.3023912113784,-671.3913812445251
1984097.293992,-247.39700446659262,-683.7369800453964
1984104.139773,-287.3308437840863,-670.7727903151978
1984111.261586,-315.7424642900259,-636.7443407482151
1984118.756869,-346.26020907365773,-615.3385806858939
1984125.210728,-407.43676997617524,-577.9842056341504
1984132.172358,-453.71860569538376,-563.0020524707401
1984138.800392,-507.311575347839,-558.6022696494673
1984145.786209,-561.2752106018238,-561.9597113723974
1984152.789984,-567.3467485918405,-561.3164141725465
1984159.785681,-567.3467485918405,-561.3164141725465
1984166.835689,-567.3467485918405,-561.3164141725465
1984174.968838,-567.3467485918405,-561.3164141725465
1984181.074255,-572.5120256391796,-565.6010981064815
1984188.208075,-585.869511574639,-571.0855326769866
1984195.709237,-611.1714127289193,-575.4258247302973
1984202.791702,-663.8603746474311,-578.6886936074328
1984209.083665,-687.6107033501141,-633.7802319857888
1984217.32306,-690.2718822938193,-691.2484037238672
1984223.159975,-694.6403383376045,-735.3169173402059
1984230.066682,-705.4904810724985,-769.4727936574058
1984237.458576,-705.4904810724985,-769.4727936574058
1984243.771242,-709.3300926908065,-796.7810101644858
1984251.238984,-717.9788026581281,-889.5998302865546
1984258.185109,-732.1455047413542,-921.1984870707223
1984264.757788,-732.1455047413542,-921.1984870707223
1984273.967653,-744.8672609598883,-933.9663326412269
1984279.648406,-772.4075663664278,-988.9792490299783
1984286.254491,-810.2024035039065,-1035.8447417976154
1984293.395581,-835.6548251046711,-1062.5783919363887
1984298.298293,-835.6548251046711,-1062.5783919363887
1984299.790187,-835.6548251046711,-1062.5783919363887
1984306.859222,-835.6548251046711,-1062.5783919363887
1984315.239551,-853.9654910206232,-1082.1116515947647
1984321.880001,-857.0698153655123,-1087.1014057049963
1984328.068976,-857.0698153655123,-1087.1014057049963
1984343.51782,-871.9310332448541,-1126.8055952108937
1984343.613657,-895.6417093387876,-1176.768977538063
1984348.752994,-913.9378732998033,-1198.7709839010436
1984361.58038,-913.9378732998033,-1198.7709839010436
1984362.808727,-913.9378732998033,-1198.7709839010436
1984371.516849,-913.9378732998033,-1198.7709839010436
1984376.789769,-913.9378732998033,-1198.7709839010436
1984383.839305,-913.9378732998033,-1198.7709839010436
1984390.990918,-929.4895094536136,-1207.6584611874748
1984397.8646,-978.9611354603219,-1279.4404906714963
1984408.46603,-1018.5861565130991,-1334.5778264492674
1984411.792985,-1049.1013555308891,-1376.2373814166692
1984418.832023,-1057.19980393587,-1388.3582134562835
1984425.781585,-1058.55911098108,-1391.410336523618
1984435.762529,-1070.3129846218044,-1414.5512207883012
1984439.833085,-1103.7849667182186,-1474.0740423020472
1984449.74436,-1136.7511073730252,-1518.2216944899985
1984454.15417,-1174.1836403276602,-1576.2597964531087
1984461.162294,-1234.5995813461661,-1670.19294973977
1984468.22448,-1271.0025001481727,-1728.8487814887908
1984475.540655,-1296.8126298504728,-1781.8038265826544
1984482.664669,-1327.7225352346857,-1822.4546175834785
1984489.097643,-1327.7225352346857,-1822.4546175834785
1984496.820078,-1327.7225352346857,-1822.4546175834785
1984502.994875,-1327.7225352346857,-1822.4546175834785
1984509.791801,-1327.7225352346857,-1822.4546175834785
1984516.794247,-1327.7225352346857,-1822.4546175834785
1984523.795308,-1327.7225352346857,-1822.4546175834785
1984532.135894,-1327.7225352346857,-1822.4546175834785
1984538.088314,-1327.7225352346857,-1822.4546175834785
1984546.234383,-1327.7225352346857,-1822.4546175834785
1984552.262192,-1327.7225352346857,-1822.4546175834785
1984561.490371,-1337.027726108546,-1833.2438930976932
1984565.8449,-1326.377028534236,-1884.6310874282171
1984572.785226,-1312.6035147607229,-1917.397734814388
1984579.785872,-1306.8017861754113,-1944.9512833064264
1984591.629119,-1275.9703078928194,-2007.1935938028491
1984593.794729,-1271.440021702596,-2053.7339234074875
1984601.001369,-1260.034986226337,-2090.495090803277
1984612.551301,-1250.5804542965009,-2144.581902871844
1984615.444841,-1247.9081398762175,-2160.0448633746855
1984621.774211,-1238.759428061128,-2172.4930229578154
1984628.844187,-1235.3767703048718,-2208.148595763089
1984636.176261,-1235.3767703048718,-2208.148595763089
1984644.27306,-1235.3767703048718,-2208.148595763089
1984650.181701,-1238.5017926680473,-2237.514018058485
1984657.074217,-1238.5017926680473,-2237.514018058485
1984665.30259,-1238.5017926680473,-2237.514018058485
1984671.078014,-1238.5017926680473,-2237.514018058485
1984679.302658,-1238.5017926680473,-2237.514018058485
1984691.452438,-1238.5017926680473,-2237.514018058485
1984691.884844,-1238.5017926680473,-2237.514018058485
1984700.019507,-1238.5017926680473,-2237.514018058485
1984706.443517,-1244.4318349927337,-2243.656252241879
1984713.23239,-1244.6709133983825,-2246.8015835145725
1984722.086405,-1244.6709133983825,-2246.8015835145725
1984727.570622,-1244.6709133983825,-2246.8015835145725
1984734.072033,-1243.538443958601,-2253.917554398951
1984741.088035,-1242.3158363006582,-2263.248652018235
1984748.173251,-1242.3158363006582,-2263.248652018235
1984756.576722,-1242.463902107065,-2274.8146405044627
1984762.114104,-1244.9052593574222,-2290.030854196619
1984769.355262,-1245.8935771122622,-2296.2794514927737
1984777.694442,-1245.8935771122622,-2296.2794514927737
1984782.847485,-1245.8935771122622,-2296.2794514927737
1984791.875098,-1245.8935771122622,-2296.2794514927737
1984796.802531,-1245.8935771122622,-2296.2794514927737
1984803.84893,-1246.652972887798,-2301.809183517233
1984811.505616,-1246.652972887798,-2301.809183517233
1984817.83534,-1248.6353452529502,-2318.0181952513585
1984825.092423,-1248.6353452529502,-2318.0181952513585
1984833.721372,-1248.6353452529502,-2318.0181952513585
1984839.11106,-1248.2291301896644,-2320.47603228159
1984845.850175,-1248.0333692601814,-2329.676702247553
1984852.847865,-1248.0333692601814,-2329.676702247553
1984859.848992,-1248.0333692601814,-2329.676702247553
1984866.847913,-1248.0333692601814,-2329.676702247553
1984873.847545,-1248.0333692601814,-2329.676702247553
1984881.176123,-1248.0333692601814,-2329.676702247553
1984888.713204,-1248.0333692601814,-2329.676702247553
1984895.122585,-1248.172440387533,-2333.8460012112464
1984902.257903,-1248.322554404616,-2338.5967497635943
1984910.099832,-1247.8824773313825,-2339.015373987942
1984916.619175,-1247.8797005846234,-2339.014861062714
1984922.811398,-1247.8797005846234,-2339.014861062714
1984930.853653,-1247.8797005846234,-2339.014861062714
1984937.263436,-1246.817061912892,-2341.6975369030774
1984944.225824,-1246.8145923327115,-2341.7013494780253
1984951.220446,-1246.8145923327115,-2341.7013494780253
1984958.175542,-1246.8145923327115,-2341.7013494780253
1984965.179421,-1246.8145923327115,-2341.7013494780253
1984971.859755,-1246.8145923327115,-2341.7013494780253
1984978.850002,-1246.8145923327115,-2341.7013494780253
1984987.279722,-1246.8145923327115,-2341.7013494780253
1984992.872427,-1246.8145923327115,-2341.7013494780253
1985001.303472,-1246.8145923327115,-2341.7013494780253
1985006.856011,-1246.8145923327115,-2341.7013494780253
1985018.060593,-1247.9400320542877,-2348.58420664113
1985021.192224,-1248.332058831511,-2350.3276861209197
1985028.300536,-1250.3338462834522,-2361.8119486426026
1985035.22891,-1250.9444699895175,-2363.3524057073437
1985042.262671,-1250.9444699895175,-2363.3524057073437
1985048.853142,-1250.9444699895175,-2363.3524057073437
1985056.1271,-1250.9444699895175,-2363.3524057073437
1985063.83467,-1250.9444699895175,-2363.3524057073437
1985069.887442,-1252.96241281268,-2369.8812049164853
1985076.852302,-1254.7876774328863,-2372.2015035673276
1985088.776143,-1255.2669554121915,-2373.763257835735
1985090.858324,-1254.5985745513,-2376.54889825605
1985097.773791,-1254.5985747836182,-2376.548898600261
1985105.311677,-1254.5985747836182,-2376.548898600261
1985111.85135,-1254.5985747836182,-2376.548898600261
1985120.287683,-1254.5985747836182,-2376.548898600261
1985126.147388,-1253.121502663206,-2381.6627984404913
1985133.153339,-1252.5890318741283,-2385.2760735758484
1985140.139231,-1252.5890318741283,-2385.2760735758484
1985147.175949,-1252.5890318741283,-2385.2760735758484
1985154.124056,-1252.5890318741283,-2385.2760735758484
1985161.095532,-1252.5890318741283,-2385.2760735758484
1985167.804426,-1252.5890318741283,-2385.2760735758484
1985174.805666,-1252.5890318741283,-2385.2760735758484
1985181.807697,-1252.5890318741283,-2385.2760735758484
1985189.180505,-1252.5890318741283,-2385.2760735758484
1985196.077637,-1252.5890318741283,-2385.2760735758484
1985205.776155,-1250.989595810152,-2387.474344786704
1985210.066479,-1251.2221358064082,-2392.799344092527
1985216.848873,-1251.6059137262148,-2394.380172554055
1985223.952198,-1251.6059137262148,-2394.380172554055
1985231.383752,-1251.6059137262148,-2394.380172554055
1985238.389063,-1251.6059137262148,-2394.380172554055
1985245.234428,-1251.6059137262148,-2394.380172554055
1985252.177885,-1251.7008331112272,-2395.920162154324
1985259.373199,-1252.9546106101145,-2403.203748263035
1985266.102791,-1252.9546106101145,-2403.203748263035
1985273.109703,-1252.9546106101145,-2403.203748263035
1985279.851464,-1253.3596124177286,-2410.955595301204
1985286.756688,-1257.161701120837,-2428.5356768229176
1985297.000904,-1263.61120390179,-2438.250968713978
1985300.860309,-1262.3762142777377,-2447.0512216575594
1985308.387843,-1262.3762134809874,-2447.0512229015217
1985314.84993,-1262.3762134809874,-2447.0512229015217
1985322.120337,-1262.3762134809874,-2447.0512229015217
1985329.141216,-1262.3762134809874,-2447.0512229015217
1985335.895259,-1262.3762134809874,-2447.0512229015217
1985342.854973,-1262.3762134809874,-2447.0512229015217
1985349.845012,-1256.774205312635,-2454.5605250033223
1985357.977488,-1249.122264851944,-2461.71497289234
1985364.158648,-1243.626071552683,-2461.9730337236365
1985372.360856,-1246.0266974919532,-2466.0956352773374
1985378.265753,-1244.8492972365377,-2465.412292388342
1985385.543291,-1244.8469064001508,-2465.4115406720407
1985392.09306,-1244.8469064001508,-2465.4115406720407
1985399.188028,-1247.693860862372,-2469.492277145721
1985406.272265,-1247.7026563209522,-2469.4976766217865
1985412.860657,-1247.7026563209522,-2469.4976766217865
1985419.869081,-1247.7026563209522,-2469.4976766217865
1985427.180048,-1247.7026563209522,-2469.4976766217865
1985437.25792,-1247.7026563209522,-2469.4976766217865
1985441.238597,-1249.5983412463108,-2473.8709957373317
1985449.118265,-1249.2585025957856,-2483.874881210663
1985454.80655,-1246.5317365020603,-2488.130030830085
1985461.857234,-1246.1598282778891,-2490.7189508610686
1985469.755849,-1262.1276109812075,-2487.6479639910453
1985476.303926,-1263.4994484997942,-2486.1022298612747
1985483.403116,-1265.469734712737,-2485.7095204621714
1985490.260846,-1266.7678497890695,-2485.528306319233
1985497.308877,-1266.5286363429864,-2486.12083920445
1985504.321292,-1265.1469886087914,-2489.657483158761
1985512.76916,-1265.1469886005366,-2489.657483158761
1985519.693672,-1265.1469886005366,-2489.657483158761
1985525.306212,-1265.1469886005366,-2489.657483158761
1985532.295085,-1265.1469886005366,-2489.657483158761
1985538.86468,-1264.2619863522057,-2491.2685099534815
1985554.634213,-1264.2643330160763,-2498.548694481792
1985554.637862,-1264.2643321198243,-2498.548694924952
1985560.550538,-1264.2643321198243,-2498.548694924952
1985566.803645,-1264.2643321198243,-2498.548694924952
1985573.868506,-1264.2643321198243,-2498.548694924952
1985588.295913,-1264.2643321198243,-2498.548694924952
1985588.299421,-1263.2193858219007,-2500.6390937837864
1985595.209449,-1272.3654383947753,-2513.149878001157
1985605.98124,-1303.5584938268864,-2506.589749265866
1985609.215066,-1305.266228746377,-2505.9681902888865
1985615.815277,-1293.1334187563496,-2507.462693441259
1985622.865006,-1278.7842713063235,-2502.3824877657967
1985629.864822,-1273.8436799715419,-2499.1626568428132
1985636.864886,-1272.3718769988989,-2498.266497828414
1985644.972388,-1268.6683103872515,-2501.398683784086
1985651.291549,-1266.273167637549,-2504.255683130524
1985657.807807,-1261.552925528136,-2507.8636038101104
1985666.647596,-1261.0222480884488,-2508.596426204655
1985672.225269,-1261.0222480884488,-2508.596426204655
1985680.604244,-1261.0222480884488,-2508.596426204655
1985685.803956,-1258.2762369430702,-2509.2212598705414
1985692.876742,-1245.8315043162047,-2510.79869555069
1985699.868151,-1182.495318014216,-2483.004120544361
1985707.103885,-1170.7081697337373,-2473.7473228534564
1985718.342787,-1135.9615647701767,-2456.7732992071647
1985721.356289,-1088.5820435886967,-2435.2309191847144
1985728.353593,-1060.797630915732,-2420.3061534733197
1985736.31504,-1009.3910649642368,-2389.131480479228
1985741.862328,-944.6377858670821,-2343.1324274833146
1985748.872804,-957.2623256416755,-2289.003257491367
1985755.814417,-977.0306533965864,-2238.956678215711
1985762.81462,-1001.5729294417117,-2138.997090558553
1985770.007846,-994.0966634202744,-2058.8757758886845
1985776.822071,-969.6006777224073,-1984.9308564333123
1985783.883937,-892.7535111317849,-1869.331824007949
1985790.86425,-835.5771259456013,-1804.370307512988
1985800.689806,-785.3464842487854,-1750.6105657569608
1985804.825867,-699.0800753752463,-1673.4893371554879
1985819.861045,-651.5929495592712,-1628.4888034617022
1985819.86711,-632.6167987372178,-1611.3710484484093
1985825.932506,-629.055472953058,-1608.2765040462511
1985833.925008,-629.055472953058,-1608.2765040462511
1985840.34598,-629.055472953058,-1608.2765040462511
1985848.16855,-625.8291717917225,-1604.6990229004318
1985857.253535,-625.8291717917225,-1604.6990229004318
1985860.880069,-625.8291717917225,-1604.6990229004318
1985867.803774,-625.8291717917225,-1604.6990229004318
1985876.508524,-607.3149863943837,-1595.3572033272246
1985887.092584,-572.4810121821448,-1559.5530440572804
1985888.807731,-502.54459417026754,-1478.8014507293933
1985895.885205,-445.28455960923844,-1414.9898523147008
1985905.571808,-389.9635403948449,-1353.918115319044
1985910.970329,-306.8408055592348,-1268.5271763805526
1985916.94469,-263.38076040861625,-1209.608212960755
1985923.784977,-246.91115157123997,-1184.8853396945606
1985932.004145,-245.1031127470598,-1183.1733558428564
1985937.881453,-245.1031127470598,-1183.1733558428564
1985945.873289,-245.1031127470598,-1183.1733558428564
1985955.111869,-212.3431302961511,-1148.1309403334062
1985958.875048,-188.4286133520586,-1102.4540808931201
1985965.975004,-167.70882471710937,-1062.4226278742149
1985968.838071,-167.70882471710937,-1062.4226278742149
1985972.877932,-159.64543495127663,-1043.5738864406858
1985979.949366,-159.64543495127663,-1043.5738864406858
1985994.893986,-159.64543495127663,-1043.5738864406858
1985996.941388,-159.64543495127663,-1043.5738864406858
1986000.844477,-156.3343049634164,-1039.6335249986425
1986008.390017,-136.07972336291286,-995.6058338761479
1986019.098181,-102.63783232288968,-924.1778629959393
1986022.242917,-118.98900321490352,-842.8934687023053
1986028.863547,-147.6868324646451,-756.7046919629245
1986035.8488,-187.85304193944907,-629.452161556601
1986042.890093,-203.0241405086646,-554.5293878917287
1986057.968993,-187.76256315309422,-487.43899610054666
1986057.972539,-206.89054049963914,-472.02945222053944
1986063.861956,-235.406101312627,-439.20501921292765
1986066.372079,-167.70882471710937,-1062.4226278742149
1986071.355276,-252.9145909037614,-418.222244843336
1986079.588804,-281.2493831890336,-383.14600781524564
1986085.971853,-285.034803683591,-377.9992589090835
1986092.20115,-285.034803683591,-377.9992589090835
1986099.122566,-285.034803683591,-377.9992589090835
1986106.5102,-285.034803683591,-377.9992589090835
1986113.357272,-288.7500632068051,-386.1080226549903
1986125.958382,-288.7500632068051,-386.1080226549903
1986127.833864,-288.7500632068051,-386.1080226549903
1986133.872654,-288.7500632068051,-386.1080226549903
1986142.50517,-288.7500632068051,-386.1080226549903
1986148.334411,-288.7500632068051,-386.1080226549903
1986156.592491,-288.7500632068051,-386.1080226549903
1986161.900403,-288.7500632068051,-386.1080226549903
1986168.827901,-288.7500632068051,-386.1080226549903
1986175.877336,-288.7500632068051,-386.1080226549903
1986183.892588,-288.7500632068051,-386.1080226549903
1986193.032124,-288.7500632068051,-386.1080226549903
1986196.834606,-288.7500632068051,-386.1080226549903
1986203.945046,-288.7500632068051,-386.1080226549903
1986215.0125,-288.7500632068051,-386.1080226549903
1986218.469187,-288.7500632068051,-386.1080226549903
1986225.123846,-288.7500632068051,-386.1080226549903
1986232.118854,-288.7500632068051,-386.1080226549903
1986238.811666,-288.7500632068051,-386.1080226549903
1986246.618885,-288.7500632068051,-386.1080226549903
1986253.126387,-288.7500632068051,-386.1080226549903
1986261.221274,-288.7500632068051,-386.1080226549903
1986267.107353,-288.7500632068051,-386.1080226549903
1986274.113717,-288.7500632068051,-386.1080226549903
1986280.813184,-288.7500632068051,-386.1080226549903
1986287.812452,-288.7500632068051,-386.1080226549903
1986297.028835,-288.7500632068051,-386.1080226549903
1986302.983851,-288.7500632068051,-386.1080226549903
1986309.11078,-288.7500632068051,-386.1080226549903
1986317.244846,-288.7500632068051,-386.1080226549903
1986323.111247,-288.7500632068051,-386.1080226549903
1986333.692475,-288.7500632068051,-386.1080226549903
1986337.705187,-288.7500632068051,-386.1080226549903
1986344.116946,-288.7500632068051,-386.1080226549903
1986351.127394,-288.7500632068051,-386.1080226549903
1986359.298175,-288.7500632068051,-386.1080226549903
1986367.876103,-292.8509427540003,-379.005116414182
1986372.384201,-292.8509427540003,-379.005116414182
1986379.117412,-292.8509427540003,-379.005116414182
1986386.14006,-292.8509427540003,-379.005116414182
1986394.509781,-296.134767978044,-376.1430805204729
1986404.862837,-297.8942730889925,-364.05346851304336
1986408.148585,-280.3628795519309,-341.7563451212163
1986413.824497,-251.6330451612775,-314.3578201845223
1986420.833084,-234.41685037055143,-304.05076749788043
1986428.93675,-215.2452864549371,-290.8120175435695
1986437.965146,-191.80984827982152,-277.3340404017055
1986441.878993,-170.73207160823858,-269.0551839223269
1986453.282862,-163.82458273145994,-265.13208716794554
1986456.226101,-128.60788666152934,-293.0681946651709
1986463.167385,-86.90617292595749,-311.7762492347601
1986470.212653,-62.95884485828775,-278.9482540614742
1986477.351346,-56.70732149364018,-209.1557979867008
1986484.722552,-44.52305328119469,-162.91502892080686
1986490.79557,-17.241460324572426,-135.642492735408
1986499.301643,-2.439572598925286,-90.92804057646494
1986507.032915,-17.910656616891657,-58.179832564080435
1986516.358729,-31.887437552570812,-43.054724802415144
1986519.097829,-59.317546091153616,-35.53620789381235
1986525.901286,-67.52068192173358,-32.10617425726894
1986533.973659,-88.12387523599782,-33.142853877205
1986539.829282,-152.15034050767238,-37.47392861090661
1986552.938029,-162.9382710118872,-40.13604761996057
1986554.182467,-177.1608846961932,-15.179079664228873
1986561.196607,-199.28450655579115,38.926255694295705
1986568.956902,-212.21240406333237,86.99012553695933
1986575.548031,-180.28006639366228,113.40828313042292
1986582.50352,-156.529791539293,126.3488112725267
1986589.215313,-158.52915810542143,150.37488126468543
1986596.239642,-164.4594759600933,167.61210010629867
1986608.111818,-164.4594759600933,167.61210010629867
1986614.950095,-158.42065945591906,238.38574705062715
1986617.503447,-196.557825477517,252.4051364354208
1986638.345554,-226.56398592370698,249.43770913803706
1986638.413304,-226.56398592370698,249.43770913803706
1986639.324796,-250.82961591792218,247.384358170506
1986639.325447,-250.82961591792218,247.384358170506
1986640.702664,-250.82961591792218,247.384358170506
1986642.38756,-167.70882471710937,-1062.4226278742149
1986653.100223,-252.95543723145352,282.05942100939086
1986655.049585,-237.91307413504282,287.8395978623039
1986662.345246,-237.91307413504282,287.8395978623039
1986668.744082,-236.08016545693624,298.6196737878924
1986675.983349,-236.06962024067622,316.59941008733824
1986684.861621,-237.49532620780016,329.1972971015052
1986690.114612,-245.2637649189973,341.267424093517
1986697.321521,-257.9164624374508,350.6092362482563
1986704.118016,-259.50617545831267,365.24395041679594
1986710.986365,-259.5846920794111,367.7118564207406
1986718.642525,-253.76216677773843,391.8873621684257
1986725.045585,-256.62341435401106,404.3765974998051
1986732.392635,-281.80144706822625,402.8395941580198
1986738.786851,-293.85176654025634,401.566846673996
1986745.768396,-311.2663517840142,404.193802208311
1986754.168664,-325.78176485249077,400.9288526233329
1986762.152131,-327.4965934528465,376.22782657505434
1986766.650291,-339.8823381790235,359.321846472808
1986774.518924,-360.6363985544616,353.59323876154264
1986780.745275,-389.8999671757062,354.4434999224388
1986789.248385,-410.71120585545054,354.0359385075612
1986795.010507,-428.387732902927,350.1210010633252
1986802.350066,-453.8071901156602,350.44488780204495
1986812.114618,-462.8908650310313,354.0585396705298
1986818.036886,-472.9217705893952,358.2542750843944
1986823.010458,-485.50494705681353,358.9405832722195
1986830.097988,-508.2986345489384,353.4200971629649
1986836.709278,-514.8191754664593,354.1687153919388
1986845.770949,-514.8191754664593,354.1687153919388
1986850.978063,-514.8191754664593,354.1687153919388
1986860.0237,-522.2390173815446,354.88655550783494
1986864.747388,-549.4976854767798,345.5117741398009
1986872.196724,-562.1316887346178,341.0832073089434
1986879.367418,-569.8379689798589,340.507086242183
1986885.656134,-569.8379689798589,340.507086242183
1986894.331402,-569.8379689798589,340.507086242183
1986899.758894,-575.5947486120406,338.8817903707236
1986906.856969,-623.7845629961051,352.61457566145174
1986915.555878,-649.0061211494659,361.0825944827895
1986921.695082,-654.2761065277518,388.7031959614195
1986928.180967,-657.4918656010243,400.80413850986
1986935.160589,-699.6566131727861,411.51096379384967
1986941.702967,-739.1107096787699,413.9925841452314
1986949.560939,-756.3211348055626,400.9930751459083
1986956.191946,-794.3621734851173,395.21415222612353
1986963.340446,-795.3013144006738,394.87391972754153
1986970.102306,-795.3013144006738,394.87391972754153
1986977.482096,-801.7178382061801,390.51851730498174
1986983.691326,-828.6501875797442,394.8583234434097
1986991.650529,-830.4838690464318,403.4686808989935
1986998.089958,-832.791584988075,428.64120377514075
1987005.048741,-868.1864050780201,475.94772050695855
1987014.335187,-896.037390090786,513.0490304162337
1987019.326889,-900.9146650695145,521.1790978372461
1987025.758606,-883.0794445231472,482.42983641943357
1987034.570075,-865.8710703046677,459.9916235032368
1987036.117737,-861.5517276471269,456.2173352833935
1987039.749198,-856.2540008048057,453.8438666292067
1987049.776904,-852.5385714350662,451.2991213577866
1987055.066797,-849.5268742075738,439.96705754830765
1987061.446646,-838.0281418212414,400.7325437935483
1987068.628118,-836.9188370047151,387.011813000296
1987075.055913,-833.1557220546551,382.13620995510547
1987082.971556,-827.6041961667631,380.1106706687011
1987091.298182,-825.659227321022,379.6813259790475
1987096.673219,-825.659227321022,379.6813259790475
1987102.707602,-826.644828328906,380.12898761065276
1987109.759235,-826.644828328906,380.12898761065276
1987116.729845,-827.3681348049003,379.4071060797043
1987124.900499,-830.3861286092643,378.9957842617477
1987130.854706,-830.3861286424316,378.9957842723502
1987139.061493,-830.3861286424316,378.9957842723502
1987144.700142,-830.3861286424316,378.9957842723502
1987157.576456,-840.4586064384499,375.6297937329682
1987159.665608,-844.1693301573167,380.2016582620323
1987166.248777,-841.3393265151251,387.45045315549305
1987173.337903,-841.186683284837,388.790042639783
1987180.217711,-835.333780195125,385.7297722065396
1987186.763408,-831.0888529318157,381.25146253713115
1987194.237467,-828.5657131324734,380.7780954284847
1987202.795283,-831.6437992457638,381.46807660270326
1987207.75963,-836.2504653702332,383.6356976656751
1987216.535986,-837.9763634958055,385.7957194887577
1987222.610228,-838.2984990019314,385.9159360430374
1987228.755015,-838.0774713125015,383.3259410077764
1987236.42675,-836.3914589210079,378.2371241426529
1987243.227472,-832.5776701503453,380.53993938446484
1987250.317942,-829.0257162613135,382.8518910868979
1987259.710035,-832.1692020369541,385.2546250767169
1987264.613354,-834.5508742955616,386.1998993349863
1987272.073804,-834.753177693047,384.87668258515714
1987278.073673,-838.297354897076,380.2640583348204
1987285.12762,-840.6050167494309,381.33935843725175
1987292.145055,-841.7042088804733,384.13652242409717
1987299.139016,-843.5262681271862,386.41157795908646
1987308.127277,-844.6357701226743,387.65202375385974
1987312.719872,-844.8173645583518,388.50740683773785
1987321.818964,-844.3002960983999,388.8735697612201
1987327.17235,-842.912956217402,387.59054812706836
1987336.267571,-841.8345331536142,385.9565154274919
1987341.881972,-837.0690674243871,386.68797250488757
1987347.665703,-835.9819841746128,386.8244860037512
1987356.876988,-835.9819841746128,386.8244860037512
1987362.171865,-836.1647096368093,393.2886688583835
1987369.270985,-835.38445703644,396.3488045969108
1987375.865705,-834.362355764317,399.03756743121806
1987384.666734,-834.4674227961747,400.6807525436674
1987390.689741,-834.4674227961747,400.6807525436674
1987397.383498,-834.4674227961747,400.6807525436674
1987408.81338,-832.4245061934204,400.06869544219916
1987411.944817,-832.4124416422286,400.06539599009466
1987417.669863,-832.33290963328,398.93712421915774
1987424.690971,-811.6376029418102,396.17805156472986
1987431.751809,-807.4250115235253,395.02103818685225
1987440.043892,-807.4250115235253,395.02103818685225
1987447.285026,-807.4250115235253,395.02103818685225
1987454.147829,-807.4250115235253,395.02103818685225
1987460.345652,-807.4250115235253,395.02103818685225
1987467.272241,-807.4250115235253,395.02103818685225
1987473.668688,-807.4250115235253,395.02103818685225
1987480.794709,-807.4250115235253,395.02103818685225
1987487.667976,-807.4250115235253,395.02103818685225
1987494.670077,-807.4250115235253,395.02103818685225
1987501.692321,-807.4250115235253,395.02103818685225
1987508.677428,-807.4250115235253,395.02103818685225
1987515.667495,-807.4250115235253,395.02103818685225
1987522.693174,-807.4250115235253,395.02103818685225
1987529.713655,-807.4250115235253,395.02103818685225
1987536.948323,-807.4250115235253,395.02103818685225
1987543.684824,-807.4250115235253,395.02103818685225
1987551.820849,-807.4250115235253,395.02103818685225
1987557.667543,-807.4250115235253,395.02103818685225
1987565.949225,-807.4250115235253,395.02103818685225
1987572.86967,-807.4250115235253,395.02103818685225
1987581.358664,-807.4250115235253,395.02103818685225
1987586.240446,-807.4250115235253,395.02103818685225
1987592.718356,-786.4228414016087,389.42667269877205
1987601.322559,-783.260486990239,385.71202193920874
1987607.425742,-783.260486990239,385.71202193920874
1987614.071723,-783.260486990239,385.71202193920874
1987620.67394,-783.260486990239,385.71202193920874
1987627.703571,-783.260486990239,385.71202193920874
1987635.001903,-783.260486990239,385.71202193920874
1987641.999862,-783.260486990239,385.71202193920874
1987650.314049,-783.260486990239,385.71202193920874
1987655.995371,-783.260486990239,385.71202193920874
1987662.996321,-783.260486990239,385.71202193920874
1987669.71979,-783.260486990239,385.71202193920874
1987680.563091,-783.260486990239,385.71202193920874
1987684.297983,-783.260486990239,385.71202193920874
1987690.995638,-783.260486990239,385.71202193920874
1987698.004227,-783.260486990239,385.71202193920874
1987707.078476,-783.260486990239,385.71202193920874
1987711.715645,-783.260486990239,385.71202193920874
1987719.009751,-783.260486990239,385.71202193920874
1987725.690549,-782.2970392445661,386.7661040358665
1987732.72186,-774.4368067798014,389.26938410456387
1987739.679784,-774.436806754889,389.26938405862256
1987751.215043,-774.436806754889,389.26938405862256
1987753.738289,-774.436806754889,389.26938405862256
1987760.767966,-774.436806754889,389.26938405862256
1987767.776857,-774.436806754889,389.26938405862256
1987774.747422,-774.436806754889,389.26938405862256
1987782.519555,-774.436806754889,389.26938405862256
1987790.991925,-774.436806754889,389.26938405862256
1987795.739484,-769.7982346674482,388.0083949928873
1987803.841299,-810.2251831485728,388.3123519184225
1987809.771677,-833.5771109432786,401.52940585340855
1987822.046298,-849.7256575676643,441.7614074997384
1987823.976282,-910.0343448855631,556.0964937008374
1987825.011578,-910.0343448855631,556.0964937008374
1987830.680419,-905.2282251047898,587.411298443905
2062366.243099,-3724.292102205481,2511.3230490821406
2062366.243764,-3724.292102205481,2511.3230490821406
2071221.568059,802.8835495996576,-4593.362376844528
2071232.453637,926.2682579004786,-4470.894199039328
2071235.563509,1012.3155492762514,-4389.542137351119
2071242.472227,1067.5566966449746,-4339.4942548463405
2071252.942066,1082.3678309063334,-4325.373541300892
2071259.02908,1082.3678309063334,-4325.373541300892
2071263.52773,1082.3678309063334,-4325.373541300892
2071273.277489,1082.3678309063334,-4325.373541300892
2071277.451035,1082.3678309063334,-4325.373541300892
2071284.533563,1082.3678309063334,-4325.373541300892
2071292.959906,1108.0376109537544,-4299.746998341415
2071300.097338,1144.5988659529173,-4265.181916947911
2071305.526554,1192.6436615704824,-4218.946968882622
2071312.482834,1274.8140674862063,-4134.112231564743
2071321.474048,1304.0822659085861,-4059.672745077025
2071326.529743,1296.9851137521728,-3967.2950239143183
2071333.528843,1258.552589400231,-3821.0617408920025
2071340.439636,1236.5168403947825,-3726.0727776887134
2071347.539969,1215.441838206104,-3635.302515434209
2071355.541142,1182.411471111265,-3494.3813955910473
2071361.530505,1170.081393651779,-3435.358726025794
2071372.33009,1160.0024045321975,-3374.834096614129
2071378.290398,1138.3491590106355,-3263.9251364198217
2071382.846668,1127.252305889379,-3171.2786337295483
2071390.879713,1128.3391506073867,-3077.3586279589376
2071396.485569,1138.669798350474,-2929.148237334594
2071403.565687,1145.823129762971,-2817.546886101421
2071410.485886,1152.4427669482357,-2714.7516503397324
2071417.53605,1162.6349254817205,-2575.2393021143607
2071425.169992,1164.888033859872,-2471.7796183889955
2071433.386707,1137.774955538295,-2357.6488726191606
2071438.548167,1068.73443832398,-2176.491129992497
2071445.547325,1061.4481294524462,-2055.1791766665015
2071453.189892,1067.0835783506916,-1973.0647656912668
2071464.390321,1085.6619531482372,-1922.108914056128
2071466.946166,1112.8058115246658,-1890.9307713524195
2071473.483571,1145.7647042690032,-1857.0372656909371
2071480.453106,1180.4269759565038,-1806.9806022148769
2071487.481966,1217.8470172383388,-1734.607309417021
2071499.251734,1235.7255145672823,-1697.6657736815982
2071501.830428,1237.4582552612292,-1693.8428190257828
2071508.991183,1237.4582552612292,-1693.8428190257828
2071516.063326,1237.4582552612292,-1693.8428190257828
2071523.070035,1237.4582552612292,-1693.8428190257828
2071529.534009,1237.4582552612292,-1693.8428190257828
2071539.434798,1237.4582552612292,-1693.8428190257828
2071543.52981,1265.7399307621567,-1640.1601415412115
2071550.438997,1299.2614526435625,-1613.5624251155725
2071557.541594,1320.531456991823,-1594.783241025248
2071564.535054,1381.3850895354324,-1537.967304591919
2071572.705089,1441.7952799003353,-1479.0283255589288
2071578.538194,1502.305090453556,-1424.0938647024118
2071585.487388,1585.8688245671015,-1346.8586274820382
2071592.54151,1634.1954341338887,-1301.5026258597688
2071599.488765,1648.9427245831266,-1286.9810172696143
2071606.540138,1648.9427245831266,-1286.9810172696143
2071617.942568,1648.9427245831266,-1286.9810172696143
2071622.219448,1648.9427245831266,-1286.9810172696143
2071627.483855,1648.9427245831266,-1286.9810172696143
2071634.715439,1648.9427245831266,-1286.9810172696143
2071644.158449,1648.9427245831266,-1286.9810172696143
2071648.704078,1648.9427245831266,-1286.9810172696143
2071659.567402,1648.9427245831266,-1286.9810172696143
2071662.932583,1648.9427245831266,-1286.9810172696143
2071671.412751,1648.9427245831266,-1286.9810172696143
2071676.770687,1648.9427245831266,-1286.9810172696143
2071683.88535,1648.9427245831266,-1286.9810172696143
2071690.773303,1675.1767407133536,-1259.5217636791979
2071697.856651,1691.149126432685,-1243.1022684422182
2071704.505266,1703.9323868398124,-1229.5543662646992
2071712.733227,1728.6953086930287,-1207.2003860738457
2071720.552126,1747.211094820456,-1191.2962827518068
2071725.55342,1793.0650656021842,-1136.085496009434
2071733.193198,1815.637597408028,-1053.4105372120866
2071741.599289,1798.607707718275,-1020.9413144299652
2071746.80871,1781.209647790684,-996.457210217467
2071755.092513,1768.8625960414736,-968.3676438317908
2071761.001673,1762.8637247009178,-960.9870238486996
2071767.452457,1753.127161044296,-929.3866573820519
2071774.672415,1725.9346031082566,-860.2937497372313
2071781.491161,1711.1962124133438,-816.0042631560548
2071791.527075,1690.503576212355,-768.1411040269437
2071795.864106,1641.412493598032,-676.4052420430903
2071803.53306,1609.591849985485,-605.9254916577024
2071809.683242,1582.8983483294667,-530.4899145641203
2071816.549401,1561.9828917164832,-476.96726831702114
2071823.566613,1558.5403161834074,-462.2016517451884
2071831.377025,1539.3743771143108,-428.2806984678977
2071838.215638,1512.0885701214527,-354.21912006536024
2071844.535569,1492.0455089649497,-307.64444951737386
2071851.496835,1483.754080432602,-292.92792922575484
2071860.923889,1482.6156548780307,-279.3603280842936
2071865.545088,1467.9032609107855,-251.56228129043652
2071873.305249,1452.416422707553,-219.73448503747437
2071879.545586,1431.5645256255877,-155.1888479238715
2071887.65657,1418.1011809363242,-124.73381761174701
2071894.090837,1407.358101328275,-94.72319539365333
2071901.365091,1388.1582741461145,-46.76110024613449
2071908.049083,1387.909527942651,-46.62531908993009
2071914.848958,1384.088615933683,-33.48185806421583
2071921.945062,1382.4309387848975,-2.8596726018754968
2071928.490413,1395.3650022744152,19.65034004626038
2071936.497133,1389.5166304868487,46.77327003546563
2071942.539982,1386.042571319946,81.32351325897416
2071949.552245,1404.8018653311037,119.61667059146616
2071956.572377,1406.601519394193,121.62380320019247
2071965.523946,1406.601519394193,121.62380320019247
2071970.545106,1406.601519394193,121.62380320019247
2071978.216043,1418.5640584993137,127.77133740575644
2071987.027008,1464.623096390822,187.52942718747894
2071992.176335,1474.981391359271,205.16120354951664
2071998.544945,1497.2766516985932,234.42648783004591
2072006.101104,1517.340013682462,255.8332026985894
2072013.080127,1525.8289798362682,247.29878131245766
2072019.577834,1535.913916990383,240.66174673611664
2072026.55279,1535.913916990383,240.66174673611664
2072035.899821,1535.913916990383,240.66174673611664
2072040.663282,1535.913916990383,240.66174673611664
2072047.482607,1535.913916990383,240.66174673611664
2072054.563384,1535.913916990383,240.66174673611664
2072063.209136,1535.913916990383,240.66174673611664
2072068.485338,1535.913916990383,240.66174673611664
2072077.098637,1535.913916990383,240.66174673611664
2072082.549731,1535.913916990383,240.66174673611664
2072090.835197,1535.913916990383,240.66174673611664
2072096.945537,1535.913916990383,240.66174673611664
2072103.831746,1535.913916990383,240.66174673611664
2072110.608545,1535.913916990383,240.66174673611664
2072120.166948,1535.913916990383,240.66174673611664
2072124.796077,1535.913916990383,240.66174673611664
2072132.018849,1535.913916990383,240.66174673611664
2072138.474985,1568.3971851236713,230.58415380491294
2072145.551707,1598.410797487572,205.5059671995237
2072152.889897,1633.3218648288532,170.3408006274558
2072159.552303,1669.230646276603,141.7715117697693
2072166.501453,1711.2290240824368,109.3731226368449
2072175.232386,1699.619675050923,59.692669607318145
2072180.839215,1676.6776509139754,30.98875138104389
2072192.683644,1652.3148629877728,-7.284672018756802
2072194.507192,1648.7441349343067,-12.370376927883765
2072201.496302,1648.7441349343067,-12.370376927883765
2072211.292345,1648.7441349343067,-12.370376927883765
2072216.434882,1648.7441349343067,-12.370376927883765
2072226.085788,1648.7441349343067,-12.370376927883765
2072229.513856,1630.1948138229413,-28.44935234541112
2072236.641782,1590.1818556255007,-77.05090812965928
2072244.775831,1571.8522772482315,-90.62546670699098
2072251.370749,1541.5671215539428,-59.817582949642386
2072257.510863,1483.3831038823948,-14.661516289013724
2072267.044048,1443.8347750108587,12.274929171132873
2072272.880318,1407.3596809846226,34.37598021356896
2072587.765613,411.1043552127727,-397.5682542329482
2072587.766375,411.1043552127727,-397.5682542329482
2072590.834357,390.4050868398668,-399.44342208393164
2072597.836639,326.9863746093474,-373.96648288875724
2072604.867705,289.4669541991763,-342.6719853257059
2072613.304965,252.29027085699468,-311.83370417211404
2072619.374858,192.45781192952273,-265.23532004079607
2072627.292317,156.15407135427824,-238.4880083232438
2072633.332858,140.92779714711386,-229.61697406567941
2072650.360341,104.06930779164908,-197.18851013438598
2072698.708306,-10.8326354625314,-24.103568347251873
2072698.708984,-10.8326354625314,-24.103568347251873
2072701.313552,-10.8326354625314,-24.103568347251873
2072708.2535,-10.8326354625314,-24.103568347251873
2072714.901617,-10.8326354625314,-24.103568347251873
2072721.79029,-10.8326354625314,-24.103568347251873
2072729.054037,-10.8326354625314,-24.103568347251873
2072736.288611,-10.8326354625314,-24.103568347251873
2072742.791867,-10.8326354625314,-24.103568347251873
2072751.944038,-10.8326354625314,-24.103568347251873
2072757.043854,-10.8326354625314,-24.103568347251873
2072764.769459,-10.8326354625314,-24.103568347251873
2072773.116176,-10.8326354625314,-24.103568347251873
2072778.182063,-10.8326354625314,-24.103568347251873
2072785.426938,-10.8326354625314,-24.103568347251873
2072792.152833,-10.8326354625314,-24.103568347251873
2072799.755944,-10.8326354625314,-24.103568347251873
2072806.641807,-10.8326354625314,-24.103568347251873
2072813.282295,-10.8326354625314,-24.103568347251873
2072820.081522,-10.8326354625314,-24.103568347251873
2072827.184891,-10.8326354625314,-24.103568347251873
2072834.863684,-10.8326354625314,-24.103568347251873
2072841.45872,-10.8326354625314,-24.103568347251873
2072848.470935,-10.8326354625314,-24.103568347251873
2072855.142941,-10.8326354625314,-24.103568347251873
2072862.21429,-10.8326354625314,-24.103568347251873
2072872.802242,-10.8326354625314,-24.103568347251873
2072876.028919,-10.8326354625314,-24.103568347251873
2072883.075421,-10.8326354625314,-24.103568347251873
2072890.056462,-10.8326354625314,-24.103568347251873
2072897.086299,-10.8326354625314,-24.103568347251873
2072905.566735,-10.8326354625314,-24.103568347251873
2072912.692893,-10.8326354625314,-24.103568347251873
2072918.334134,-10.8326354625314,-24.103568347251873
2072925.092533,-10.8326354625314,-24.103568347251873
2072932.373226,-10.8326354625314,-24.103568347251873
2072942.658374,-10.8326354625314,-24.103568347251873
2072946.378481,-12.368203802072047,-26.77286557030815
2072953.057208,-12.368203802072047,-26.77286557030815
2072961.354771,-12.368203802072047,-26.77286557030815
2072967.149492,-12.368203802072047,-26.77286557030815
2072974.587383,-12.368203802072047,-26.77286557030815
2072981.182837,-12.368203802072047,-26.77286557030815
2072988.32548,-12.368203802072047,-26.77286557030815
2072995.124904,-12.368203802072047,-26.77286557030815
2073002.107745,-12.368203802072047,-26.77286557030815
2073010.437409,-12.368203802072047,-26.77286557030815
2073015.702522,-12.368203802072047,-26.77286557030815
2073027.993783,-12.368203802072047,-26.77286557030815
2073030.587359,-12.368203802072047,-26.77286557030815
2073037.256091,-12.368203802072047,-26.77286557030815
2073044.09445,-12.368203802072047,-26.77286557030815
2073052.492389,-12.435646107267862,-27.182930098763794
2073059.161411,-12.435646082355614,-27.182930442973944
2073065.185373,-12.435646082355614,-27.182930442973944
2073073.327311,-12.792428390302005,-27.579660554410744
2073079.141213,-13.674272009854892,-29.947049246495073
2073087.317948,-12.014602681709322,-30.21140398542084
2073093.233942,-12.013853938992863,-30.21234306074764
2073100.377618,-12.013853938992863,-30.21234306074764
2073107.392006,-12.013853938992863,-30.21234306074764
2073114.229442,-12.013853938992863,-30.21234306074764
2073121.429185,-12.013853938992863,-30.21234306074764
2073128.23177,-12.013853938992863,-30.21234306074764
2073135.158073,-12.013853938992863,-30.21234306074764
2073142.179745,-12.013853938992863,-30.21234306074764
2073149.899958,-12.013853938992863,-30.21234306074764
2073156.047999,-12.013853938992863,-30.21234306074764
2073164.388018,-12.013853938992863,-30.21234306074764
2073170.057187,-12.013853938992863,-30.21234306074764
2073177.641306,-12.013853938992863,-30.21234306074764
2073184.344311,-12.013853938992863,-30.21234306074764
2073191.097218,6.2399453173219745,-16.738330789796255
2073198.364603,80.60160384128208,1.9983816139978405
2073207.607678,149.8996336219934,24.059049644477238
2073212.073606,196.5332026016016,34.387825133454236
2073219.133793,226.73286628992236,-33.778530232796136
2073228.337496,240.45525225142885,-82.03126426921273
2073245.518175,297.849657132052,-75.0002359147009
2145777.310729,4176.28904944195,454.5696708199844
2145784.318851,4105.333265911974,481.0592662897765
2145791.257168,4074.128094110736,510.3082332290296
2145800.372902,4035.751931257243,576.8699866623396
2145805.649829,3998.1748199228336,578.1915719407873
2145812.265494,3982.8108895667724,558.4587629429983
2145823.753029,3966.282902737541,525.2488967414943
2145827.401541,3949.5010929763584,491.7109428802558
2145833.709813,3926.7893737552977,455.8976372592085
2145842.829859,3872.921391142568,401.90330399308027
2145847.328639,3834.7276803103846,361.02048923872974
2145855.499674,3792.1515011564884,314.88922249623954
2145861.241731,3722.639047946216,246.64896687220266
2145868.601973,3674.077203392832,202.54454018335494
2145876.238531,3616.945640221277,155.5918629126482
2145882.588186,3479.566538164404,78.0891501136655
2145889.253973,3392.431332471023,55.58820030153421
2145897.165234,3304.9022395731245,41.63048247058576
2145903.315586,3208.9507672246004,62.68290321991766
2145910.580525,3167.309895068776,115.08167537796206
2145918.342725,3134.607391401636,163.9267395262698
2145924.688659,3119.002543861135,168.87501939904323
2145931.244099,3119.002543861135,168.87501939904323
2145938.320653,3101.429201351142,160.80790919329317
2145945.314022,3087.501622132718,154.68282966657924
2145954.094404,3086.253244647281,153.21694679979055
2145959.549353,3078.615618907531,144.65833863649243
2145966.237056,3073.553873655024,129.10501086218926
2145977.378461,3072.1675705851285,119.26492076758059
2145980.56439,3071.985349157122,117.22496676321202
2145987.653536,3071.985349157122,117.22496676321202
2145996.431755,3069.204473438889,101.94561913615398
2146001.562034,3066.837181343662,94.19604031122586
2146008.836144,3063.3501915989104,74.69775375366113
2146015.31272,3062.37990616535,68.78159631939282
2146022.322745,3055.261587207876,60.52201102907793
2146032.578756,3032.5082629748485,81.91208018326759
2146036.840121,3017.5423043362757,112.85236138778478
2146046.301515,3003.726701238528,138.27851172488144
2146050.966011,2979.7144425506226,172.05139530612385
2146057.335841,2975.4257888263755,176.56678536129596
2146065.972226,2975.4257888263755,176.56678536129596
2146071.621367,2968.193232149688,181.30203592938494
2146080.397568,2952.5467506641103,207.89342628172116
2146085.342425,2933.0587114520636,234.33590693344857
2146092.332645,2899.6107205778917,284.16250447957583
2146099.732006,2876.5322162392495,309.1464045303888
2146106.96503,2866.0121678149644,334.6973423420005
2146113.320147,2924.8471673256086,415.1631177955686
2146120.274753,2968.758975542464,484.90361947469887
2146128.267671,2996.627217043662,536.6069667460372
2146134.280342,2970.843320507748,558.0876272227076
2146144.336195,2968.405240542801,557.7023356440756
2146148.339038,2954.3612317797574,552.3776002289935
2146155.319202,2925.5976320746768,535.7899603889101
2146169.184465,2894.4449336198422,521.0975655844188
2146169.24511,2864.468120823996,506.8546544204476
2146176.323311,2799.904431880841,480.64475580216106
2146186.088863,2771.7327237838235,469.4766411572352
2146190.650106,2749.6639118972703,459.9611267499825
2146197.672627,2704.262433115117,443.0998167104007
2146204.620831,2667.9313725702755,426.06759451242414
2146211.321032,2639.1569404014504,411.36875500694157
2146219.819504,2617.737411216882,398.0332822222032
2146225.321069,2612.671348630793,395.2361244598572
2146232.330988,2597.5373608195564,385.83931470487516
2146243.020671,2543.7464656652555,414.7485545032701
2146246.321143,2495.1853814991537,447.65359671886995
2146253.320783,2470.3324198288274,462.08114633657954
2146260.322258,2454.0961810635868,484.42647392920344
2146267.322085,2444.7794363711646,511.35479892083777
2146274.271937,2435.4330917843504,541.1691202521017
2146282.57872,2400.17702268236,632.6946635407169
2146290.239956,2378.0710783860727,684.3653543354415
2146295.271087,2352.54349913145,746.8903392834687
2146302.320064,2304.900389022823,786.1656859557432
2146309.331544,2264.2118423939355,767.5211524284487
2146318.912723,2244.177362404176,763.386090439301
2146323.259981,2225.482486043271,783.0541698556418
2146330.258328,2185.454445827031,770.7033444722572
2146337.777426,2122.8919253500576,766.7480696222962
2146344.229444,2027.1460996058433,768.6112781887363
2146351.274376,2002.5471334723416,778.5427926449104
2146363.594427,1962.778725266267,828.27680907061
2146365.374699,1931.6952003159256,904.9115329127991
2146375.572044,1928.6928642484913,914.6559373480122
2146379.321472,1928.6928642484913,914.6559373480122
2146386.314524,1928.6928642484913,914.6559373480122
2146395.015554,1928.6928642484913,914.6559373480122
2146400.331695,1907.1752323216272,902.4696012242424
2146407.3204,1868.9696614024451,873.536633598295
2146414.331443,1833.913369567964,846.7430438897514
2146421.321426,1825.697195499185,841.2931360373193
2146428.271499,1825.697195499185,841.2931360373193
2146437.944197,1832.3249982754687,843.3322936960774
2146443.254734,1832.3249982754687,843.3322936960774
2146449.240931,1832.3249982754687,843.3322936960774
2146458.536413,1832.3249982754687,843.3322936960774
2146463.653463,1832.3249982754687,843.3322936960774
2146470.81529,1832.3249982754687,843.3322936960774
2146477.326292,1832.3249982754687,843.3322936960774
2146484.326324,1832.3249982754687,843.3322936960774
2146498.291843,1832.3249982754687,843.3322936960774
2146498.295401,1832.3249982754687,843.3322936960774
2146505.39107,1832.3249982754687,843.3322936960774
2146512.326372,1832.3249982754687,843.3322936960774
2146519.326368,1832.3249982754687,843.3322936960774
2146526.325116,1832.3249982754687,843.3322936960774
2146534.386717,1832.3249982754687,843.3322936960774
2146540.241907,1832.3249982754687,843.3322936960774
2146547.262001,1832.3249982754687,843.3322936960774
2146554.452957,1832.3249982754687,843.3322936960774
2146561.260915,1832.3249982754687,843.3322936960774
2146568.668229,1832.3249982754687,843.3322936960774
2146575.271982,1832.3249982754687,843.3322936960774
2146582.234107,1832.3249982754687,843.3322936960774
2146590.371333,1832.3249982754687,843.3322936960774
2146596.606095,1832.3249982754687,843.3322936960774
2146603.84278,1832.3249982754687,843.3322936960774
2146610.335711,1832.3249982754687,843.3322936960774
2146617.834429,1832.3249982754687,843.3322936960774
2146624.335704,1832.3249982754687,843.3322936960774
2146631.334643,1832.3249982754687,843.3322936960774
2146638.325685,1832.3249982754687,843.3322936960774
2146648.526551,1832.3249982754687,843.3322936960774
2146653.467005,1832.3249982754687,843.3322936960774
2146659.233934,1832.3249982754687,843.3322936960774
2146667.449022,1832.3249982754687,843.3322936960774
2146673.273935,1832.3249982754687,843.3322936960774
2146683.819963,1832.3249982754687,843.3322936960774
2146687.888267,1832.3249982754687,843.3322936960774
2146694.329209,1832.3249982754687,843.3322936960774
2146703.12868,1832.3249982754687,843.3322936960774
2146708.618828,1832.3249982754687,843.3322936960774
2146715.406571,1832.3249982754687,843.3322936960774
2146724.734977,1832.3249982754687,843.3322936960774
2146729.281683,1832.3249982754687,843.3322936960774
2146736.281743,1831.6765268750287,838.6146512927814
2146743.332931,1825.6137961144111,829.5844893844578
2146751.857342,1806.6662131039352,804.5501914988439
2146757.281626,1790.3870892140897,787.0063617201841
2146765.905328,1763.8410714100874,769.3973453344694
2146771.874989,1745.9055486936497,746.894965451383
2146782.388426,1727.5499777330176,739.1379087421678
2146785.603981,1724.2429171213262,738.086157584465
2146792.595486,1723.6803284773923,737.502188718665
2146799.560776,1710.0593675709874,719.6454351605029
2146806.920094,1674.3017425595342,698.335410921333
2146815.490418,1672.4526402503343,698.4811884058332
2146820.249082,1672.4526402503343,698.4811884058332
2146827.330414,1672.4526402503343,698.4811884058332
2146834.328983,1672.4526402503343,698.4811884058332
2146842.856308,1672.4526402503343,698.4811884058332
2146853.491155,1672.4526402503343,698.4811884058332
2146855.580767,1672.4526402503343,698.4811884058332
2146862.665296,1672.4526402503343,698.4811884058332
2146870.219434,1672.4526402503343,698.4811884058332
2146877.375478,1672.4526402503343,698.4811884058332
2146883.645598,1672.4526402503343,698.4811884058332
2146892.043089,1672.4526402503343,698.4811884058332
2146897.680274,1672.4526402503343,698.4811884058332
2146904.67474,1672.4526402503343,698.4811884058332
2146911.627996,1672.4526402503343,698.4811884058332
2146919.362965,1672.4526402503343,698.4811884058332
2146925.765319,1672.4526402503343,698.4811884058332
2146932.621308,1672.4526402503343,698.4811884058332
2146939.610285,1672.4526402503343,698.4811884058332
2146946.70936,1672.4526402503343,698.4811884058332
2146953.652765,1672.4526402503343,698.4811884058332
2146960.578197,1672.4526402503343,698.4811884058332
2146967.675671,1672.4526402503343,698.4811884058332
2146974.571734,1672.4526402503343,698.4811884058332
2146984.571768,1672.4526402503343,698.4811884058332
2146988.61345,1672.4526402503343,698.4811884058332
2146997.274531,1672.4526402503343,698.4811884058332
2147002.295643,1672.4526402503343,698.4811884058332
2147009.3388,1672.4526402503343,698.4811884058332
2147016.333624,1672.4526402503343,698.4811884058332
2147023.896582,1672.4526402503343,698.4811884058332
2147031.01824,1672.4526402503343,698.4811884058332
2147037.73748,1672.4526402503343,698.4811884058332
2147044.77543,1672.4526402503343,698.4811884058332
2147051.895518,1672.4526402503343,698.4811884058332
2147059.045802,1672.4526402503343,698.4811884058332
2147066.473543,1672.7289350906747,697.9206744934509
2147072.337088,1672.1919396992291,698.247020895514
2147079.34269,1634.9389996934717,740.0173461468215
2147092.049895,1619.4322130829864,760.4346155765924
2147093.330963,1615.7154180326834,763.7784914012107
2147100.329558,1615.3249022266516,769.1643210107644
2147108.981338,1633.5250566802458,784.626084963539
2147114.971314,1668.2085311347964,812.064762715055
2147122.252132,1685.5959195441862,863.2715484604872
2147130.851577,1649.244338462984,843.4182535417111
2147135.336537,1619.4346553613968,811.9329552316723
2147142.346745,1600.2528844527537,795.7289701682207
2147152.52118,1591.7039691513964,788.5909134893406
2147156.579183,1566.1222892841972,769.8131485819879
2147164.71315,1564.6853492316059,768.4234266336997
2147171.38059,1564.6853492316059,768.4234266336997
2147178.337669,1564.6853492316059,768.4234266336997
2147184.343231,1564.6853492316059,768.4234266336997
2147191.344553,1564.6853492316059,768.4234266336997
2147198.283978,1564.6853492316059,768.4234266336997
2147205.284337,1543.1160058143905,753.1230196945629
2147212.334364,1514.2797757748426,719.4904711633845
2147219.344781,1468.8506069640725,700.9135907853664
2147226.333014,1399.4699978084925,648.3886185812228
2147233.337192,1357.9942017492433,615.2118010496458
2147243.296672,1323.922257226143,588.5462354568529
2147247.335703,1268.6446107121328,587.8668073498602
2147254.28716,1229.4130802933919,603.0641758235073
2147262.607855,1183.9867294694611,621.9664787676858
2147268.975534,1139.1656079357679,655.3159327702447
2147277.862708,1110.5766595413015,663.134260858427
2147282.603888,1091.4971130210954,645.9701906628745
2147289.650182,1076.14699271407,608.8594897965165
2147296.580535,1066.9101214742655,597.183789853857
2147303.619735,1038.644994326414,567.7033194894234
2147310.630793,975.671362292155,511.6782264597548
2147317.397336,927.5169786273589,468.4005790445033
2147324.319407,875.9940868877018,424.83285094642775
2147331.436169,810.2605550750914,371.19273310919345
2147339.286481,766.8073873081437,334.20527039809735
2147345.335967,718.6930638349818,289.79386624560817
2147355.799443,646.2465674276651,228.9262985535756
2147359.636781,598.1573861931303,188.5762864540003
2147366.659677,553.2735292546516,145.9281226800411
2147373.242538,470.2086856223077,71.87655411170188
2147380.336411,415.00252374238767,24.691291767910467
2147387.871215,379.04977826730754,-5.955407264612504
2147396.623596,370.08495719018094,-12.228408437231666
2147401.763418,370.08495719018094,-12.228408437231666
2147408.720667,370.08495719018094,-12.228408437231666
2147415.640976,370.08495719018094,-12.228408437231666
2147422.739229,370.08495719018094,-12.228408437231666
2147429.647041,370.08495719018094,-12.228408437231666
2147436.352333,358.8872724008922,-18.252750123396684
2147443.778111,328.2965165087592,-48.6487903521151
2147450.845249,329.56085945171566,-75.45728303740034
2147457.359871,361.97455406086823,-106.30152289262404
2147464.763934,350.53226229985756,-147.22284752930517
2147471.754203,338.0323072214312,-184.0628141264025
2147480.247313,346.1962740179245,-241.14056462205235
2147485.28305,366.9741611921679,-272.9819221553436
2147492.322744,382.53409301732904,-304.80367193376634
2147499.341623,403.8708853548921,-345.2622887686134
2147506.293017,419.6141827656511,-343.26472806876086
2147516.80131,436.7652690555741,-352.0052334289141
2147520.574565,450.7073618074347,-381.00845920383483
2147528.270704,447.3185538478678,-387.1461899509353
2147534.974214,423.8084318901918,-398.03183860801823
2147544.811722,417.7966744017848,-398.5990968196814
2147548.912884,417.7966744017848,-398.5990968196814
2147555.712611,401.1414095562586,-404.895158033186
2147562.97252,388.5827963964013,-437.03210053085263
2147569.756416,428.67792894695043,-464.1990086235881
2147576.685916,476.52543592259633,-498.2074664160812
2147583.744596,535.5221387437151,-541.4491537231287
2147590.789234,577.0858105992072,-570.9820033717375
2147597.822084,611.6401887945703,-596.6846339901838
2147604.596995,639.3970205102105,-614.5169501630231
2147615.311429,669.3323070135214,-627.8384263480172
2147618.324828,722.1136050052575,-640.9019841767844
2147626.264024,799.5708538520853,-662.9016411513082
2147632.925258,849.0531221035687,-671.1578801878777
2147640.439941,897.6074880462589,-696.3156002266729
2147650.389018,928.8824687356579,-756.0278425766307
2147653.665192,906.0434001135939,-823.0839948171143
2147660.899368,848.1175639782324,-852.2935480143678
2147667.885858,713.1504900028585,-857.9734115018251
2147675.781309,637.5570955423111,-906.5804781595964
2147685.64506,610.3414186858721,-970.8030737622726
2147688.317008,581.6025433228327,-1107.724248423596
2147695.341336,562.816187352125,-1206.2173926274977
2147702.336763,549.3536113568024,-1277.5187023404535
2147709.33613,545.3656078180262,-1297.2836914887205
2147716.33722,545.3656078180262,-1297.2836914887205
2147723.33594,545.3656078180262,-1297.2836914887205
2147730.337269,545.3656078180262,-1297.2836914887205
2147737.287386,545.3656078180262,-1297.2836914887205
2147747.709658,545.3656078180262,-1297.2836914887205
2147751.347721,539.7744198910923,-1313.8588869169262
2147759.461858,532.1947434074716,-1353.0713420406157
2147765.917317,525.4284572395469,-1373.7032822563917
2147772.898621,525.2612370992414,-1373.995993818724
2147781.329598,525.2612370992414,-1373.995993818724
2147786.722286,525.2612370992414,-1373.995993818724
2147793.331896,525.2612370992414,-1373.995993818724
2147801.30608,518.342283768029,-1387.966771675859
2147809.215956,538.0216482285788,-1428.8876738306135
2147814.66309,572.1603844261795,-1467.4813429619155
2147821.340908,605.1838400946936,-1506.6585029333194
2147828.342569,641.9673769718701,-1570.0544295458872
2147838.687102,613.0061038590121,-1683.191043410021
2147842.287639,608.9048917799724,-1769.1221748121236
2147849.625261,620.2546400728643,-1851.401651138889
2147856.416592,594.6348615542554,-1952.883172343266
2147863.35794,565.4247474812579,-1995.1009638775276
2147870.337716,575.5800883608322,-2018.4514602163915
2147880.301392,667.273797140857,-2082.5715620911124
2147884.928052,750.9405778645441,-2159.8003807622667
2147891.262927,821.7253465510414,-2234.6215778120013
2147898.343832,938.5945995124757,-2332.5941232678983
2147905.342942,1016.7349252329178,-2408.142064638106
2147912.292476,1092.9650023716183,-2481.8543966770426
2147919.292063,1145.555816688315,-2583.1780772316374
2147926.343113,1144.2239937361232,-2599.824798008072
2147935.711545,1144.2239937361232,-2599.824798008072
2147940.334808,1144.2239937361232,-2599.824798008072
2147947.327296,1144.2239937361232,-2599.824798008072
2147956.581,1144.2239937361232,-2599.824798008072
2147961.631105,1144.2239937361232,-2599.824798008072
2147968.732505,1141.1686637378793,-2603.7808718754904
2147976.284556,1137.4226854543895,-2652.1770139298305
2147982.34594,1130.58163207997,-2764.6169195354682
2147993.671541,1126.4425033280922,-2874.4956437353326
2147996.904951,1122.6175533206779,-2982.8407502569626
2148005.189293,1114.3211369792732,-3161.4870560564473
2148011.150098,1122.6198197967315,-3279.841349648719
2148017.339876,1148.3627089269764,-3391.803174116056
2148024.361331,1181.1672981507631,-3524.8926369816495
2148032.65263,1189.9748561248675,-3558.92027144104
2148052.087831,1227.4081627306653,-3723.951319792378
2148052.088454,1227.4081627306653,-3723.951319792378
2148054.164333,1238.7579755202014,-3776.7705492160258
2148054.164957,1238.7579755202014,-3776.7705492160258
2148056.802823,1251.2125922607934,-3832.7343454937013
2148075.233811,1277.7238406817426,-3956.0691449369533
2148075.237385,1287.065884157639,-4074.6313825880866
2148078.583131,1180.4642099016885,-4222.599819093973
2148085.344782,1088.4552913260875,-4306.305984304326
2148092.55987,1010.2435435250454,-4380.643611804983
2148099.830383,888.7431229584892,-4495.484193165966
2148106.71713,802.5120428612262,-4576.620595299378
2151632.920461,-771.8734122641172,-4589.115210602969
2151639.931693,-750.2428501273888,-4529.517210747843
2151646.98947,-736.2993242486513,-4479.382342927337
2151657.108833,-723.1389471808031,-4411.819372507302
2151664.691766,-715.0474954709615,-4353.067338368952
2151667.917536,-705.889278400608,-4301.779244032585
2151674.928544,-681.9747944771424,-4196.354974677307
2151681.839344,-633.072235728641,-4133.781712656433
2151691.054822,-561.4789654366252,-4070.1768206761367
2151695.930414,-482.93209021006226,-3952.6499714230995
2151702.928236,-422.3535844434534,-3864.0256644371852
2151712.923638,-384.87480505560984,-3817.5103795247674
2151717.382278,-382.21021090650316,-3814.1119399300487
2151724.926682,-382.21021090650316,-3814.1119399300487
2151731.268094,-382.21021090650316,-3814.1119399300487
2151738.163778,-382.21021090650316,-3814.1119399300487
2151745.314479,-382.21021090650316,-3814.1119399300487
2151751.940333,-382.21021090650316,-3814.1119399300487
2151760.183708,-350.2579380864745,-3780.8593780063047
2151768.69382,-336.91177217634527,-3744.1389788456545
2151772.87873,-329.76347730195084,-3686.1737523843035
2151782.385832,-327.8525081429125,-3671.7975672491257
2151787.813044,-325.03131655183284,-3632.047637608797
2151793.946255,-316.5900717809658,-3566.518053401283
2151800.954695,-301.37882905817787,-3458.2226117320165
2151808.248911,-289.51226339876064,-3375.249201247721
2151814.887248,-284.77542091349204,-3315.1572637411173
2151826.058594,-269.3929231444029,-3206.2791511216983
2151829.239783,-261.4607816083672,-3124.359315973278
2151837.244005,-253.9490457466232,-3067.707721395013
2151843.311402,-244.0315317804291,-2991.9989884925035
2151850.269611,-241.78244684847428,-2978.923112373861
2151857.238122,-241.78244684847428,-2978.923112373861
2151868.0409,-241.78244684847428,-2978.923112373861
2151870.852747,-241.78244684847428,-2978.923112373861
2151877.932105,-241.1057332054928,-2970.45995571188
2151892.634008,-237.12807775954985,-2925.0081033079705
2151892.637661,-227.61225475174743,-2875.238120934681
2151900.722344,-212.0309371826508,-2817.880872535154
2151905.934267,-208.1435294116862,-2774.003478012962
2151912.933963,-208.1435294116862,-2774.003478012962
2151920.869386,-208.1435294116862,-2774.003478012962
2151927.162243,-208.1435294116862,-2774.003478012962
2151933.848864,-208.1435294116862,-2774.003478012962
2151942.621592,-208.1435294116862,-2774.003478012962
2151948.169655,-208.1435294116862,-2774.003478012962
2151955.188347,-208.1435294116862,-2774.003478012962
2151962.172355,-208.1435294116862,-2774.003478012962
2151969.174194,-208.1435294116862,-2774.003478012962
2151977.33356,-208.1435294116862,-2774.003478012962
2151983.225609,-208.1435294116862,-2774.003478012962
2151990.166073,-208.1435294116862,-2774.003478012962
2151996.885054,-208.1435294116862,-2774.003478012962
2152003.934896,-208.1435294116862,-2774.003478012962
2152012.116626,-204.57328110004343,-2727.252606241954
2152017.929325,-201.19924735256225,-2670.767685448483
2152024.94227,-192.95497891578032,-2605.1879392443943
2152031.938973,-177.63708267269018,-2502.946221487808
2152042.064642,-171.7650519525406,-2429.751097411834
2152045.896251,-167.09514533511137,-2381.9342217945486
2152052.977752,-165.8848444383995,-2369.5828072307777
2152059.948011,-165.8848444383995,-2369.5828072307777
2152066.907688,-165.8848444383995,-2369.5828072307777
2152076.670222,-165.8848444383995,-2369.5828072307777
2152081.295352,-165.8848444383995,-2369.5828072307777
2152088.027936,-165.8848444383995,-2369.5828072307777
2152094.929361,-143.18909318926717,-2323.111372679923
2152101.933966,-96.67619545420543,-2269.3098617628675
2152109.031682,-78.35747343821023,-2227.276756841592
2152115.938385,-85.79122050995505,-2174.976861659932
2152122.930009,-112.85832909816041,-2172.9261816632534
2152129.929735,-158.75608888517988,-2187.1221284944036
2152137.324993,-226.5445989104258,-2132.2119984180786
2152149.426417,-258.99382693835986,-2094.438352501209
2152152.123426,-289.8104785580401,-2049.0882692026125
2152158.258517,-308.4912719006634,-2006.9454728808244
2152165.267941,-315.99108500585226,-1993.8573826216762
2152171.937858,-315.99108500585226,-1993.8573826216762
