time,x,y
0.0,0.0,0.0
0.000591,0.0,0.0
10.152134,7.7788703050764125,-7.899490743690306
25.20274,7.06285274984928,-16.041040026180287
41.165975,-97.57998432537426,-105.90995849896558
55.540797,-116.0574081573352,-126.28943072958279
70.559581,-116.0574081573352,-126.28943072958279
479.497926,-2613.471003813838,-2592.480044601032
479.498822,-2613.471003813838,-2592.480044601032
489.016815,-2630.7179894241854,-2576.2249416631053
492.31233,-2635.7648703371074,-2570.09902074313
492.31294,-2635.7648703371074,-2570.09902074313
501.287217,-2641.451300904205,-2562.8884952189574
501.287739,-2641.451300904205,-2562.8884952189574
505.184506,-2641.451300904205,-2562.8884952189574
520.17355,-2684.982386686623,-2582.7232589300284
537.513529,-2744.8219884362115,-2657.8868134017275
550.6392,-2791.1476280433944,-2735.978325005382
565.19653,-2896.2631736384305,-2803.2005108771687
580.987352,-3056.22705268095,-2858.3663614546026
595.632549,-3057.777265406804,-2859.139083649498
611.921873,-3057.777265406804,-2859.139083649498
625.177844,-3119.403434857228,-2879.6348414138324
635.215456,-3232.0893012434285,-2914.4399229889427
640.772611,-3262.6138933959587,-2927.003639943913
655.709154,-3293.2983729414655,-2947.1828587562177
671.139449,-3293.2983729414655,-2947.1828587562177
685.177237,-3293.2983729414655,-2947.1828587562177
700.213308,-3293.2983729414655,-2947.1828587562177
715.565907,-3293.2983729414655,-2947.1828587562177
730.588568,-3293.2983729414655,-2947.1828587562177
745.176104,-3293.2983729414655,-2947.1828587562177
760.544286,-3293.2983729414655,-2947.1828587562177
775.592623,-3299.568740077503,-2950.734587400612
791.097032,-3299.568740077503,-2950.734587400612
805.154336,-3299.568740077503,-2950.734587400612
821.171996,-3299.568740077503,-2950.734587400612
836.03155,-3299.568740077503,-2950.734587400612
850.607529,-3299.568740077503,-2950.734587400612
865.170907,-3299.568740077503,-2950.734587400612
880.684778,-3299.568740077503,-2950.734587400612
895.168376,-3299.568740077503,-2950.734587400612
911.139644,-3299.568740077503,-2950.734587400612
925.217731,-3299.568740077503,-2950.734587400612
940.529064,-3299.568740077503,-2950.734587400612
956.068555,-3307.8133691484168,-2958.3221596723147
970.584734,-3313.312105739317,-2960.826523991192
985.192145,-3313.6735903232798,-2964.8902973106724
1001.068765,-3314.1880106830613,-2965.523370808182
1015.63157,-3314.368752970915,-2964.769268543546
1030.537318,-3314.424365987028,-2968.260482711069
1045.153379,-3315.8911591866813,-2975.7875403944186
1060.54233,-3315.8424978027037,-2976.2344158000246
1076.146075,-3316.878290154358,-2985.3907066157753
1093.179493,-3311.6784735079036,-2986.829086808086
1105.211607,-3310.976359227956,-2984.599364760137
1120.179363,-3304.6920888370664,-2958.317504720685
1135.168903,-3307.7299496283645,-2968.409441180591
1151.1393,-3310.44803560388,-2978.924978141654
1165.179874,-3310.8859880757745,-2981.68536474844
1180.64091,-3308.9186777724926,-2969.442840578949
1196.081066,-3308.730983852339,-2971.4677447832896
1210.859477,-3308.883919636277,-2972.7338917740194
1225.597009,-3324.2539659032295,-2987.2201027784945
1240.674409,-3325.8458883826156,-2986.447380738277
1255.253332,-3325.7207591026468,-2987.2340676406257
1271.602372,-3324.427756567172,-2985.842236963597
1285.311482,-3324.7127732550703,-2988.7608919178665
1300.621395,-3324.9282736790965,-2990.6508024474138
1316.080692,-3324.879612295127,-2986.745297669213
1331.140985,-3325.2341452468886,-2986.135498944808
1345.610041,-3325.8319851266,-2985.330192240017
1360.922463,-3326.144808326666,-2982.718764114104
1375.173376,-3326.4020185022337,-2987.4947449578435
1390.63553,-3326.360308742295,-2974.9170643377333
1406.087719,-3327.1180360380176,-2989.370690640488
1420.608199,-3330.649462316194,-2985.679313646182
1436.895969,-3330.649462316194,-2985.679313646182
1451.116125,-3330.649462316194,-2985.679313646182
1465.610224,-3330.649462316194,-2985.679313646182
1481.133232,-3329.5997667087618,-2983.9942209835403
1495.312567,-3328.397135317274,-2985.753792873821
1510.590538,-3321.021459568757,-2973.050428525212
1525.990106,-3323.364157711866,-2973.744016392934
1540.739426,-3324.8448541590697,-2978.1569110289306
1555.617102,-3324.8657090391125,-2983.0585756111614
1571.091538,-3326.186518078356,-2990.878895100116
1585.614011,-3327.0763262780783,-2999.4765914680765
1600.143593,-3326.1309050705067,-2994.1885659967975
1615.621215,-3325.797226998793,-2992.5919174460278
1630.582362,-3325.825033502719,-2997.2468694649947
1646.013284,-3334.6953089618787,-2997.172390227493
1661.338542,-3336.4332155927264,-2996.0272720345147
1675.570191,-3336.481876976687,-2996.3484637236847
1691.092469,-3336.481876976687,-2996.3484637236847
1706.508858,-3338.789816983001,-2995.9667576597544
1720.191558,-3338.789816983001,-2995.9667576597544
1735.908612,-3338.789816983001,-2995.9667576597544
1750.606072,-3338.789816983001,-2995.9667576597544
1767.260669,-3349.106030759079,-2997.8939077923624
1780.659609,-3350.079258478457,-2985.525700230487
1797.300594,-3351.6781325727934,-2979.921137898045
1811.579574,-3351.6781325727934,-2979.921137898045
1825.994566,-3351.6781325727934,-2979.921137898045
1840.177982,-3352.9641834836616,-2974.451569120177
1856.101086,-3352.7764895720425,-2970.639163284755
1870.644055,-3350.96211504555,-2974.9356841501244
1885.670505,-3350.9899215494634,-2981.987936632302
1902.383754,-3349.1616437751604,-2980.754374322782
1915.640174,-3349.9332743185037,-2981.0522912562496
1932.005416,-3360.1591169405683,-2982.0624158713754
1946.212749,-3360.1591169405683,-2982.0624158713754
1960.159602,-3361.9665398427587,-2978.184840743057
1976.15301,-3359.2415022456753,-2974.3491601779833
1990.848741,-3359.0190501897864,-2972.0356489458977
2005.692131,-3363.4819944250535,-2971.39792049405
2022.756943,-3363.4750428011753,-2971.1279332685513
2035.666268,-3358.5115814542637,-2974.8518950100947
2050.640995,-3357.70519277499,-2975.4616937464366
2066.024928,-3357.70519277499,-2975.4616937464366
2080.168883,-3357.70519277499,-2975.4616937464366
2096.625325,-3354.5143962023726,-2969.740757517824
2111.021209,-3354.5143962023726,-2969.740757517824
2125.627378,-3353.5342168591856,-2969.21009296784
2140.163805,-3354.6742836100716,-2970.736917288591
2156.290752,-3353.3395713152922,-2969.140268676764
2170.642741,-3353.3395713152922,-2969.140268676764
2186.17602,-3353.3395713152922,-2969.140268676764
2200.13727,-3354.375363674558,-2971.0069045127234
2215.646649,-3341.883290797081,-2967.632064167012
2232.605151,-3345.35215243429,-2966.226268594211
2245.659558,-3348.0771900320005,-2969.6150738117262
2260.225131,-3354.396218546194,-2969.773342181544
2275.171302,-3354.4796380661846,-2968.48392042118
2290.641055,-3352.4080533642864,-2974.684316728614
2306.093729,-3351.956197636535,-2975.9644285768813
2320.128381,-3351.956197636535,-2975.9644285768813
2335.638254,-3351.956197636535,-2975.9644285768813
2350.168348,-3351.956197636535,-2975.9644285768813
2365.644075,-3353.089312763722,-2972.1240930369286
2380.159354,-3353.089312763722,-2972.1240930369286
2396.098198,-3353.089312763722,-2972.1240930369286
2410.66471,-3353.089312763722,-2972.1240930369286
2427.32668,-3353.089312763722,-2972.1240930369286
2440.945132,-3353.089312763722,-2972.1240930369286
2455.644744,-3355.640559697084,-2966.966405995741
2470.197795,-3355.640559697084,-2966.966405995741
2473.485887,-3355.640559697084,-2966.966405995741
2485.205733,-3355.7031243370357,-2964.8856423484535
2500.578363,-3406.3804817227146,-2904.310746043726
2518.528188,-3475.8063757879067,-2743.975535780704
2530.696973,-3409.2932132373403,-2701.7504479773365
2545.555443,-3449.418001525076,-2692.910689964449
2561.429172,-3532.211873311431,-2718.4524232894146
2570.518834,-3355.640559697084,-2966.966405995741
2575.611773,-3558.363892233423,-2818.9901126779846
2592.480353,-3561.019413557637,-2824.222280176919
2605.170574,-3561.019413557637,-2824.222280176919
2613.240699,-3355.640559697084,-2966.966405995741
2620.249228,-3579.872224638014,-2837.996286735261
3492.769425,-4356.014366443113,-3317.2654288090416
3492.770045,-4356.014366443113,-3317.2654288090416
3499.570381,-4376.069808596954,-3323.1213554415926
3499.5711,-4376.069808596954,-3323.1213554415926
3512.508338,-4407.671902179203,-3341.140665130039
3512.516043,-4407.671902179203,-3341.140665130039
3527.564793,-4477.090843257721,-3378.7898954023726
3542.615256,-4546.982494826021,-3418.0730105085577
3557.53869,-4624.938032851479,-3456.7323600731143
3573.299771,-4698.291594105849,-3493.7810951536126
3587.975841,-4754.3564605401325,-3519.2855567118863
3602.460878,-4820.389959044842,-3550.799555061699
3618.202475,-4845.721685366729,-3564.224424794907
3632.157889,-4851.102244142858,-3614.5583738390656
3647.697884,-4814.488028296969,-3689.9964481616553
3662.881581,-4814.675722211295,-3688.7489223901703
3676.189902,-4814.675722211295,-3688.7489223901703
3677.737224,-4814.675722211295,-3688.7489223901703
3686.223596,-4814.675722211295,-3688.7489223901703
3692.497363,-4814.675722211295,-3688.7489223901703
3694.227018,-4814.675722211295,-3688.7489223901703
3707.923486,-4814.675722211295,-3688.7489223901703
3722.494675,-4814.675722211295,-3688.7489223901703
3737.499992,-4814.675722211295,-3688.7489223901703
3754.247256,-4814.675722211295,-3688.7489223901703
3767.620249,-4814.675722211295,-3688.7489223901703
3783.962614,-4814.675722211295,-3688.7489223901703
3797.887275,-4814.675722211295,-3688.7489223901703
3812.838986,-4814.675722211295,-3688.7489223901703
3827.937434,-4814.675722211295,-3688.7489223901703
3842.560077,-4814.675722211295,-3688.7489223901703
3857.478585,-4814.675722211295,-3688.7489223901703
3874.20996,-4814.675722211295,-3688.7489223901703
3887.067664,-4814.675722211295,-3688.7489223901703
3902.518946,-4814.675722211295,-3688.7489223901703
3917.857865,-4811.846410297403,-3696.6995717026475
3932.542836,-4810.581214303674,-3701.396413081378
3948.701824,-4810.581214303674,-3701.396413081378
3962.840091,-4810.581214303674,-3701.396413081378
3977.449515,-4810.581214303674,-3701.396413081378
3992.078563,-4810.581214303674,-3701.396413081378
4007.090192,-4810.581214303674,-3701.396413081378
4023.188164,-4810.581214303674,-3701.396413081378
4037.899185,-4810.581214303674,-3701.396413081378
4052.573498,-4810.581214303674,-3701.396413081378
4067.460333,-4810.581214303674,-3701.396413081378
4082.931534,-4810.581214303674,-3701.396413081378
4097.433416,-4809.712261009929,-3714.09510792795
4112.067927,-4806.688303557514,-3718.061122543476
4127.102381,-4807.348708057537,-3732.2680197673844
4142.545401,-4806.952465357495,-3734.3022314436416
4157.985657,-4802.232311084198,-3731.1601424810747
4172.961235,-4802.232311084198,-3731.1601424810747
4187.428372,-4801.064437863489,-3725.3228393880804
4202.749388,-4801.064437863489,-3725.3228393880804
4217.509645,-4801.064437863489,-3725.3228393880804
4232.153638,-4797.533011689653,-3730.4944851096952
4247.778128,-4798.527094251668,-3731.9142438259632
4262.520135,-4794.717603021961,-3737.2441576846713
4278.504275,-4791.797919965476,-3723.651713532641
4292.101976,-4788.829575526098,-3729.5355660999007
4307.550936,-4794.933103439633,-3736.5226409599236
4322.443001,-4793.7096172041065,-3735.7033703595657
4337.897517,-4793.7096172041065,-3735.7033703595657
4352.079716,-4793.7096172041065,-3735.7033703595657
4367.876269,-4794.870538801343,-3740.544514794114
4382.45463,-4796.121831539793,-3733.157114578158
4397.572297,-4795.079087595335,-3737.393115974251
4413.265298,-4795.079087595335,-3737.397770918976
4427.525404,-4795.079087595335,-3737.397770918976
4443.48551,-4791.20008010335,-3751.5953578219714
4457.908008,-4791.0958057063435,-3753.15476488736
4472.047983,-4788.516752335209,-3757.009060541135
4487.889026,-4791.290451244604,-3745.6323713641805
4503.778949,-4798.506239372388,-3739.688004629276
4517.472454,-4799.0415145961315,-3739.4599122449245
4532.92098,-4799.0415145961315,-3739.4599122449245
4547.518911,-4799.0415145961315,-3739.4599122449245
4562.51521,-4793.834746480535,-3744.2172676123546
4577.832101,-4793.911214366029,-3743.975210396074
4592.067541,-4796.504170992586,-3757.148708936888
4607.481492,-4796.886510436978,-3757.5024848649105
4622.498696,-4796.886510436978,-3757.5024848649105
4637.480937,-4795.836814860463,-3756.6785593477885
4652.900792,-4796.27476731932,-3752.316874518343
4668.201658,-4796.27476731932,-3752.316874518343
4682.474041,-4796.27476731932,-3752.316874518343
4697.865873,-4799.896564634347,-3748.1739721511094
4713.021462,-4795.176410360258,-3759.527386558945
4727.448737,-4792.145501283121,-3756.34340319875
4742.425524,-4792.145501283121,-3756.34340319875
4757.592288,-4792.145501283121,-3756.34340319875
4773.569218,-4792.145501283121,-3756.34340319875
4787.872498,-4792.145501283121,-3756.34340319875
4802.431191,-4792.145501283121,-3756.34340319875
4817.890982,-4792.145501283121,-3756.34340319875
4832.932105,-4792.145501283121,-3756.34340319875
4847.423025,-4792.145501283121,-3756.34340319875
4863.86665,-4790.539675603071,-3752.5589317425843
4877.431326,-4790.539675603071,-3752.5589317425843
4892.443859,-4790.539675603071,-3752.5589317425843
4907.90696,-4790.539675603071,-3752.5589317425843
4922.4352,-4790.539675603071,-3752.5589317425843
4938.253604,-4788.641881611652,-3748.658086591598
4952.852102,-4788.641881611652,-3748.658086591598
4967.44969,-4788.641881611652,-3748.658086591598
4982.150132,-4788.641881611652,-3748.658086591598
5000.632013,-4788.641881611652,-3748.658086591598
5012.425455,-4788.641881611652,-3748.658086591598
5027.911359,-4788.641881611652,-3748.658086591598
5042.433558,-4788.641881611652,-3748.658086591598
5057.077032,-4788.641881611652,-3748.658086591598
5075.016513,-4788.641881611652,-3748.658086591598
5087.428121,-4788.641881611652,-3748.658086591598
5102.067523,-4788.641881611652,-3748.658086591598
5117.766946,-4788.641881611652,-3748.658086591598
5132.468601,-4790.491014212282,-3743.4817860619964
5147.55645,-4790.491014212282,-3743.4817860619964
5163.869304,-4790.491014212282,-3743.4817860619964
5177.453537,-4790.491014212282,-3743.4817860619964
5192.850756,-4790.491014212282,-3743.4817860619964
5207.424197,-4790.491014212282,-3743.4817860619964
5222.119373,-4790.491014212282,-3743.4817860619964
5237.785828,-4790.491014212282,-3743.4817860619964
5252.45089,-4790.491014212282,-3743.4817860619964
5268.85227,-4790.491014212282,-3743.4817860619964
5282.573517,-4790.491014212282,-3743.4817860619964
5297.078171,-4790.491014212282,-3743.4817860619964
5312.845273,-4790.491014212282,-3743.4817860619964
5327.08567,-4782.461885803442,-3739.971956373945
5342.099279,-4781.015947526285,-3739.8602376532626
5357.481648,-4781.015947526285,-3739.8602376532626
5373.545761,-4781.015947526285,-3739.8602376532626
5388.009093,-4781.015947526285,-3739.8602376532626
5403.181491,-4781.015947526285,-3739.8602376532626
5417.523975,-4781.015947526285,-3739.8602376532626
5433.484123,-4781.015947526285,-3739.8602376532626
5448.054769,-4781.015947526285,-3739.8602376532626
5462.66169,-4781.015947526285,-3739.8602376532626
5478.592431,-4781.015947526285,-3739.8602376532626
5493.78825,-4781.015947526285,-3739.8602376532626
5507.503265,-4781.015947526285,-3739.8602376532626
5522.887236,-4781.015947526285,-3739.8602376532626
5537.523125,-4781.015947526285,-3739.8602376532626
5552.548476,-4781.015947526285,-3739.8602376532626
5567.564778,-4781.015947526285,-3739.8602376532626
5582.520221,-4781.015947526285,-3739.8602376532626
5599.221575,-4781.015947526285,-3739.8602376532626
5612.946409,-4781.015947526285,-3739.8602376532626
5627.482155,-4781.015947526285,-3739.8602376532626
5642.833874,-4781.015947526285,-3739.8602376532626
5657.907809,-4781.015947526285,-3739.8602376532626
5672.5016,-4781.015947526285,-3739.8602376532626
5688.803059,-4781.015947526285,-3739.8602376532626
5702.885957,-4781.015947526285,-3739.8602376532626
5717.524746,-4781.015947526285,-3739.8602376532626
5733.607199,-4781.015947526285,-3739.8602376532626
5747.078106,-4781.015947526285,-3739.8602376532626
5763.421584,-4781.015947526285,-3739.8602376532626
5777.907261,-4781.015947526285,-3739.8602376532626
5792.500935,-4781.015947526285,-3739.8602376532626
5807.067804,-4781.015947526285,-3739.8602376532626
5823.960468,-4781.015947526285,-3739.8602376532626
5837.52288,-4781.015947526285,-3739.8602376532626
5853.025787,-4781.015947526285,-3739.8602376532626
5867.041662,-4781.015947526285,-3739.8602376532626
5882.560619,-4781.015947526285,-3739.8602376532626
5897.924855,-4781.015947526285,-3739.8602376532626
5912.538615,-4781.015947526285,-3739.8602376532626
5927.519047,-4781.015947526285,-3739.8602376532626
5942.864513,-4781.015947526285,-3739.8602376532626
5957.524401,-4781.015947526285,-3739.8602376532626
5972.501945,-4781.015947526285,-3739.8602376532626
5987.068643,-4781.015947526285,-3739.8602376532626
6003.087309,-4781.015947526285,-3739.8602376532626
6017.93103,-4781.015947526285,-3739.8602376532626
6032.644342,-4781.015947526285,-3739.8602376532626
6047.505888,-4781.015947526285,-3739.8602376532626
6062.865537,-4781.015947526285,-3739.8602376532626
6077.507452,-4781.015947526285,-3739.8602376532626
6093.799393,-4781.015947526285,-3739.8602376532626
6107.073048,-4781.015947526285,-3739.8602376532626
6122.5196,-4781.015947526285,-3739.8602376532626
6137.882118,-4781.015947526285,-3739.8602376532626
6152.631483,-4781.015947526285,-3739.8602376532626
6167.501946,-4781.015947526285,-3739.8602376532626
6182.756483,-4776.101147711761,-3737.5886237333502
6198.28777,-4775.266952552356,-3737.6770677181407
6212.450242,-4775.266952552356,-3737.6770677181407
6227.546137,-4775.266952552356,-3737.6770677181407
6243.146961,-4775.266952552356,-3737.6770677181407
6257.547871,-4775.266952552356,-3737.6770677181407
6272.968399,-4775.266952552356,-3737.6770677181407
6287.505971,-4775.266952552356,-3737.6770677181407
6302.97269,-4775.266952552356,-3737.6770677181407
6317.532208,-4775.266952552356,-3737.6770677181407
6332.626951,-4775.266952552356,-3737.6770677181407
6348.127323,-4761.864216977605,-3736.969515829478
6363.16709,-4749.983887570714,-3736.9229663701826
6378.356028,-4749.983887570714,-3736.9229663701826
6392.834102,-4749.983887570714,-3736.9229663701826
6407.520517,-4749.983887570714,-3736.9229663701826
6422.546964,-4749.983887570714,-3736.9229663701826
6437.974102,-4749.983887570714,-3736.9229663701826
6452.674291,-4749.983887570714,-3736.9229663701826
6468.814984,-4744.499054392953,-3737.3512214483835
6482.575761,-4744.499054392953,-3737.3512214483835
6497.530887,-4744.499054392953,-3737.3512214483835
6513.015766,-4744.499054392953,-3737.3512214483835
6527.556452,-4744.499054392953,-3737.3512214483835
6542.532297,-4744.499054392953,-3737.3512214483835
6558.01258,-4744.499054392953,-3737.3512214483835
6572.540964,-4744.499054392953,-3737.3512214483835
6588.532381,-4744.499054392953,-3737.3512214483835
6602.509592,-4744.499054392953,-3737.3512214483835
6617.751222,-4744.499054392953,-3737.3512214483835
6633.030935,-4744.499054392953,-3737.3512214483835
6648.03679,-4744.499054392953,-3737.3512214483835
6662.510145,-4744.499054392953,-3737.3512214483835
6677.927447,-4744.499054392953,-3737.3512214483835
6692.741688,-4744.499054392953,-3737.3512214483835
6707.53111,-4744.499054392953,-3737.3512214483835
6722.537745,-4744.499054392953,-3737.3512214483835
6737.508241,-4744.499054392953,-3737.3512214483835
6753.598286,-4744.499054392953,-3737.3512214483835
6768.255469,-4744.499054392953,-3737.3512214483835
6782.50754,-4744.499054392953,-3737.3512214483835
6784.421695,-4744.499054392953,-3737.3512214483835
6797.997827,-4744.499054392953,-3737.3512214483835
7859.496054,-4995.667722947725,-3170.975601669935
7859.496805,-4995.667722947725,-3170.975601669935
7866.602593,-5066.672175748245,-3217.1979682312276
7866.603339,-5066.672175748245,-3217.1979682312276
7878.041777,-5074.78472361847,-3198.3267990825148
7886.421048,-5080.206992114523,-3194.649388161269
7893.026915,-5080.8326384835955,-3194.7983465775014
7908.232768,-5080.8326384835955,-3194.7983465775014
7923.209085,-5087.5896192251885,-3167.0920802956784
7938.583083,-5074.02699635025,-3165.202170280049
7954.765467,-4977.844295004368,-3125.8305954744915
7968.794372,-4931.317060161722,-3209.7547025152353
7969.496566,-4931.317060161722,-3209.7547025152353
7984.783025,-4879.972348236926,-3333.2738004618363
7998.86174,-4868.613390838963,-3366.0772290024634
8013.595879,-4919.5688117025775,-3424.2966771773044
8028.88882,-4919.5688117025775,-3424.2966771773044
8043.966413,-4919.5688117025775,-3424.2966771773044
8058.6055,-4887.417540013769,-3525.5092223893025
8073.851652,-4882.586159729132,-3538.501182476368
8088.686257,-4882.586159729132,-3538.501182476368
8103.58764,-4882.586159729132,-3538.501182476368
8119.978249,-4875.245242339819,-3552.978070704317
8133.214739,-4839.062027349844,-3659.585679181198
8142.835835,-4820.160555379955,-3704.3476493652
8148.236124,-4819.215134200958,-3706.852010744872
8163.572127,-4819.215134200958,-3706.852010744872
8200.302252,-4818.116777242497,-3709.1981039292114
8200.302969,-4818.116777242497,-3709.1981039292114
8203.523471,-4818.116777242497,-3709.1981039292114
8218.544357,-4818.116777242497,-3709.1981039292114
8233.521515,-4818.116777242497,-3709.1981039292114
8249.093734,-4818.116777242497,-3709.1981039292114
8264.068447,-4818.116777242497,-3709.1981039292114
8279.348456,-4818.116777242497,-3709.1981039292114
8295.524562,-4818.116777242497,-3709.1981039292114
8310.186193,-4808.120338586442,-3725.806953836533
8323.552277,-4808.120338586442,-3725.806953836533
8340.450265,-4808.120338586442,-3725.806953836533
8354.99034,-4808.120338586442,-3725.806953836533
8369.571568,-4808.120338586442,-3725.806953836533
8383.546263,-4808.120338586442,-3725.806953836533
8399.339164,-4808.120338586442,-3725.806953836533
8414.01415,-4808.120338586442,-3725.806953836533
8428.560196,-4808.120338586442,-3725.806953836533
8444.064386,-4790.463207709322,-3733.725018060228
8459.83908,-4790.463207709322,-3733.73432795005
8475.526978,-4790.463207709322,-3733.73432795005
8489.013047,-4790.463207709322,-3733.73432795005
8503.62256,-4790.463207709322,-3733.73432795005
8518.998121,-4788.864333652884,-3732.0538922260566
8534.392571,-4788.864333652884,-3732.0538922260566
8549.154009,-4788.530655590963,-3730.74119727566
8564.431305,-4788.41942957027,-3730.424660902889
8578.518225,-4791.0958057063435,-3730.238463042208
8594.016606,-4793.556681424719,-3732.686964970755
8610.532505,-4793.7791334660715,-3734.9911635333415
8623.566501,-4791.234838230134,-3747.0986795150525
8639.677922,-4791.234838230134,-3747.0986795150525
8654.255404,-4791.234838230134,-3747.0986795150525
8668.924367,-4791.234838230134,-3747.0986795150525
8684.342965,-4791.234838230134,-3747.0986795150525
8699.975366,-4791.234838230134,-3747.0986795150525
8713.89622,-4791.234838230134,-3747.0986795150525
8728.892571,-4791.234838230134,-3747.0986795150525
8743.539092,-4791.234838230134,-3747.0986795150525
8760.179113,-4791.234838230134,-3747.0986795150525
8774.23894,-4791.234838230134,-3747.0986795150525
8789.000677,-4791.234838230134,-3747.0986795150525
8805.017463,-4786.438216061175,-3746.633184864028
8818.902999,-4786.438216061175,-3746.633184864028
8833.911145,-4786.438216061175,-3746.633184864028
8849.800907,-4786.438216061175,-3746.633184864028
8864.024887,-4786.438216061175,-3746.633184864028
8878.891252,-4786.438216061175,-3746.633184864028
8894.239734,-4786.438216061175,-3746.633184864028
8911.646096,-4786.438216061175,-3746.633184864028
8923.897644,-4786.438216061175,-3746.633184864028
8941.930888,-4786.438216061175,-3746.633184864028
8953.893274,-4786.438216061175,-3746.633184864028
8968.545337,-4786.438216061175,-3746.633184864028
8984.295168,-4786.438216061175,-3746.633184864028
8998.894822,-4786.438216061175,-3746.633184864028
9014.30179,-4786.438216061175,-3746.633184864028
9029.295095,-4786.438216061175,-3746.633184864028
9043.917778,-4786.438216061175,-3746.633184864028
9059.062501,-4786.438216061175,-3746.633184864028
9073.977771,-4786.438216061175,-3746.633184864028
9088.536693,-4786.438216061175,-3746.633184864028
9104.339332,-4786.438216061175,-3746.633184864028
9119.347759,-4786.438216061175,-3746.633184864028
9135.209898,-4786.438216061175,-3746.633184864028
9149.293753,-4786.438216061175,-3746.633184864028
9163.899085,-4786.438216061175,-3746.633184864028
9178.571721,-4783.261322835913,-3750.059225476214
9194.312154,-4785.39547211633,-3746.2468242938153
9208.555385,-4787.564379531823,-3747.205743278309
9224.190052,-4799.472515431278,-3750.8226366990416
9238.917684,-4797.970964148495,-3754.8165807646083
9254.088003,-4794.217085924951,-3744.29174676275
9269.554418,-4790.317223553451,-3733.343312438958
9283.546879,-4786.84141039334,-3728.1809766298147
9298.535854,-4784.060759859975,-3726.458646366178
9314.096332,-4783.914775704232,-3734.6234227588475
9329.332072,-4785.416326995763,-3740.642268679188
9344.40389,-4785.416326995763,-3740.642268679188
9358.920457,-4787.286314475967,-3737.0998543398105
9374.070842,-4787.286314475967,-3737.0998543398105
9389.55149,-4787.369733993549,-3742.550796762989
9404.129423,-4789.0589791911525,-3741.498778842261
9419.115219,-4792.228920800694,-3738.3520349708947
9434.308297,-4794.001585515673,-3738.0587733372827
9449.022863,-4793.966827380492,-3742.9650870035275
9463.949714,-4793.167390348369,-3745.269285528665
9480.869718,-4795.162507112903,-3747.3965960893993
9494.028285,-4796.4694128574065,-3746.5400859239153
9509.525498,-4798.4506263661815,-3743.2490387343646
9524.581929,-4798.4506263661815,-3743.2490387343646
9539.073277,-4798.4506263661815,-3743.2490387343646
9553.962916,-4791.20008010335,-3748.295000757619
9574.387298,-4791.811823221078,-3746.232859459335
10728.204793,-4809.600509937311,-3859.6071158714403
10728.205438,-4809.600509937311,-3859.6071158714403
10740.661895,-4747.856689912053,-3732.291294503086
10746.248338,-4748.113900088719,-3737.085889493613
10755.064842,-4748.113900088719,-3737.085889493613
10756.865788,-4748.113900088719,-3737.085889493613
10770.079821,-4748.113900088719,-3737.085889493613
10771.065606,-4748.113900088719,-3737.085889493613
10807.1093,-4747.9123029265775,-3739.7345540998235
10807.830764,-4732.653483116305,-3733.1198749969494
10809.557422,-4728.628491462683,-3731.8863141451666
10809.558094,-4728.628491462683,-3731.8863141451666
10811.423185,-4726.376164526628,-3730.657408234638
10827.541502,-4723.901385548591,-3730.7132675966154
10841.892188,-4723.8944339249,-3731.783905325233
10856.452851,-4729.504396381779,-3731.5558129376286
10874.240214,-4732.729951002061,-3725.890742878081
10887.249339,-4732.729951002061,-3725.890742878081
10901.900695,-4732.729951002061,-3725.890742878081
10918.447232,-4733.696227062444,-3726.058320961528
10935.370142,-4733.696227062444,-3726.058320961528
10946.89188,-4733.696227062444,-3726.058320961528
10947.866555,-4733.696227062444,-3726.058320961528
10962.799582,-4733.696227062444,-3726.058320961528
12269.064201,-4809.401463219165,-3837.5594564104376
12269.064922,-4809.401463219165,-3837.5594564104376
12281.031344,-4801.266035025373,-3748.4020645307132
12288.235832,-4797.602527951464,-3755.1982863731496
12296.039166,-4797.602527951464,-3755.1982863731496
12311.3967,-4797.602527951464,-3755.1982863731496
12325.995059,-4797.602527951464,-3755.1982863731496
12341.703919,-4797.602527951464,-3755.1982863731496
12356.616885,-4797.602527951464,-3755.1982863731496
12371.624389,-4797.602527951464,-3755.1982863731496
12387.868866,-4797.602527951464,-3755.1982863731496
12401.200152,-4797.602527951464,-3755.1982863731496
12416.607773,-4797.602527951464,-3755.1982863731496
12431.890129,-4797.602527951464,-3755.1982863731496
12447.819712,-4797.602527951464,-3755.1982863731496
12461.58635,-4797.602527951464,-3755.1982863731496
12477.079542,-4797.602527951464,-3755.1982863731496
12491.657949,-4797.602527951464,-3755.1982863731496
12506.584766,-4797.602527951464,-3755.1982863731496
12521.187918,-4797.602527951464,-3755.1982863731496
12536.604819,-4797.602527951464,-3755.1982863731496
12553.171473,-4797.602527951464,-3755.1982863731496
12566.943495,-4797.602527951464,-3755.1982863731496
12581.710098,-4796.719671410098,-3753.2199341350033
12597.070571,-4796.719671410098,-3753.2199341350033
12611.879375,-4796.719671410098,-3753.2199341350033
12627.078516,-4796.719671410098,-3753.2199341350033
12641.386227,-4796.719671410098,-3753.2199341350033
12656.218332,-4796.719671410098,-3753.2199341350033
12671.603298,-4796.719671410098,-3753.2199341350033
12686.78858,-4796.719671410098,-3753.2199341350033
12701.559191,-4796.719671410098,-3753.2199341350033
12716.576489,-4796.719671410098,-3753.2199341350033
12731.86342,-4796.719671410098,-3753.2199341350033
12746.543889,-4796.719671410098,-3753.2199341350033
12761.900138,-4796.719671410098,-3753.2199341350033
12777.735591,-4796.719671410098,-3753.2199341350033
12791.581197,-4796.719671410098,-3753.2199341350033
12806.917595,-4796.719671410098,-3753.2199341350033
12821.618287,-4796.719671410098,-3753.2199341350033
12836.579239,-4796.719671410098,-3753.2199341350033
12851.884957,-4796.719671410098,-3753.2199341350033
12866.543261,-4796.719671410098,-3753.2199341350033
12882.536818,-4796.719671410098,-3753.2199341350033
12896.562115,-4796.719671410098,-3753.2199341350033
12911.565777,-4796.719671410098,-3753.2199341350033
12926.562023,-4796.719671410098,-3753.2199341350033
12942.019973,-4796.719671410098,-3753.2199341350033
12956.563339,-4796.719671410098,-3753.2199341350033
12971.864848,-4796.719671410098,-3753.2199341350033
12986.712532,-4796.719671410098,-3753.2199341350033
13001.573939,-4790.532723971143,-3754.569868606866
13016.551998,-4790.171239406127,-3753.592329854772
13031.539192,-4790.171239406127,-3753.592329854772
13046.540648,-4790.171239406127,-3753.592329854772
13061.918181,-4790.171239406127,-3753.592329854772
13076.534098,-4792.013420383011,-3749.0537570373863
13091.877049,-4792.013420383011,-3749.039792203628
13107.055261,-4792.013420383011,-3749.039792203628
13121.531969,-4792.013420383011,-3749.039792203628
13136.562734,-4792.979696442047,-3746.3911276363388
15458.331187,-4809.600509937311,-3859.6071158714403
15458.331961,-4809.600509937311,-3859.6071158714403
15471.675646,-4788.60017185279,-3710.515453867724
15481.292084,-4788.106606387779,-3716.2875878466166
15491.979056,-4788.68359137037,-3718.3404193513356
15491.979622,-4788.68359137037,-3718.3404193513356
15502.778737,-4789.28838286446,-3716.7344627292705
15502.779421,-4789.28838286446,-3716.7344627292705
15506.423498,-4788.711397873478,-3719.3039933222008
15522.005459,-4793.8903594866015,-3723.4143112533097
15537.940319,-4795.4127656572055,-3716.641363796791
15552.515873,-4790.991531309485,-3711.7490147616577
15567.477299,-4797.032494592675,-3711.0461177995903
15582.877333,-4798.23512594853,-3713.6296132511966
15597.636384,-4784.769825742751,-3723.9077355916697
15613.538487,-4786.910926655169,-3719.9929254298013
15627.837412,-4794.64113513647,-3717.8144103712125
15642.477563,-4798.019625531026,-3710.6132077576
15657.887991,-4797.324462895822,-3709.8404865859925
15673.951456,-4797.324462895822,-3709.8404865859925
15687.448351,-4790.92896667134,-3711.897973057475
15703.884239,-4790.92896667134,-3711.897973057475
15717.56272,-4790.92896667134,-3711.897973057475
15732.486392,-4789.170205211842,-3721.2078665247946
15747.860603,-4789.698528812023,-3721.012358760068
15762.457568,-4792.451372841907,-3721.394064388323
15777.479068,-4792.451372841907,-3721.394064388323
15792.779069,-4792.451372841907,-3721.394064388323
15807.408714,-4786.966539669642,-3737.272087363637
15821.999328,-4786.653716478739,-3740.3583169360145
15837.381932,-4786.653716478739,-3740.3583169360145
15852.419935,-4782.030884968122,-3740.7214027627588
15867.87657,-4788.641881611652,-3741.1962073083005
15882.594867,-4794.780167660099,-3738.68253617534
15897.580266,-4789.691577188345,-3732.2493999880808
15913.146658,-4786.021118481648,-3731.1694523705537
15927.597507,-4782.580063447826,-3723.2001836987934
15942.582765,-4776.886681488597,-3724.1032433565038
15956.99596,-4781.022899149964,-3724.014799369072
15972.477649,-4778.124070971967,-3725.439213055274
15988.081231,-4776.066389576714,-3722.753308819157
16003.081336,-4778.6384913249285,-3721.7804249626856
16018.292384,-4779.37536371091,-3722.6927945125835
16033.026952,-4773.661126871812,-3722.19937016195
16047.880482,-4773.661126871812,-3722.19937016195
16062.690698,-4774.335434619713,-3722.702104402097
16079.800255,-4774.808145213989,-3722.408842760847
16094.797599,-4774.808145213989,-3722.408842760847
16109.324526,-4769.747361242807,-3722.930196793049
16123.230865,-4769.747361242807,-3722.930196793049
16137.525192,-4769.747361242807,-3722.930196793049
16153.031917,-4769.747361242807,-3722.930196793049
16168.166447,-4769.747361242807,-3722.930196793049
16182.527774,-4769.747361242807,-3722.930196793049
16199.853064,-4769.747361242807,-3722.930196793049
16212.56921,-4769.747361242807,-3722.930196793049
16227.935165,-4765.63199845138,-3721.78973485185
16244.328404,-4765.082819971605,-3721.454578695282
16257.552371,-4765.082819971605,-3721.454578695282
16272.554839,-4765.082819971605,-3721.454578695282
16288.08007,-4765.082819971605,-3721.454578695282
16302.529576,-4765.082819971605,-3721.454578695282
16317.007498,-4761.481877532897,-3725.192500875669
16333.057897,-4761.481877532897,-3725.192500875669
16347.496197,-4761.481877532897,-3725.192500875669
16362.832862,-4740.995434717549,-3730.0196805552437
16377.707185,-4740.995434717549,-3730.0196805552437
16392.462168,-4740.995434717549,-3730.0196805552437
16407.473927,-4740.995434717549,-3730.0196805552437
16422.479124,-4740.995434717549,-3730.0196805552437
16437.008596,-4740.995434717549,-3730.0196805552437
16452.446908,-4740.995434717549,-3730.0196805552437
16469.295332,-4740.995434717549,-3730.0196805552437
16482.853211,-4740.995434717549,-3730.0196805552437
16497.892512,-4741.20398351166,-3725.4159383198567
16512.440657,-4738.701398031483,-3730.862225886968
16527.853272,-4738.701398031483,-3730.862225886968
16542.59383,-4737.033007703085,-3727.0265498657964
16557.023721,-4737.033007703085,-3727.0265498657964
16573.254939,-4739.264479759122,-3726.80776736616
16587.451118,-4739.320092773804,-3726.640189294784
16603.8296,-4735.8303763536,-3731.4999535774396
16617.995361,-4735.8303763536,-3731.4999535774396
16632.549083,-4733.9256307360465,-3725.3228393880804
16647.805714,-4733.9256307360465,-3725.3228393880804
16662.888157,-4733.9256307360465,-3725.3228393880804
16676.992342,-4725.750518160434,-3726.6588090748382
16692.987415,-4725.215242927521,-3734.018279695804
16710.29598,-4720.2239752207815,-3736.0897309237644
16722.451947,-4720.2239752207815,-3736.0897309237644
16737.478711,-4720.2239752207815,-3736.0897309237644
16752.479096,-4712.8274447886215,-3725.774369210911
16767.476489,-4707.74580593076,-3723.097774876709
16782.875266,-4699.640209612272,-3728.125117269542
16797.657266,-4693.21690686996,-3732.309914293697
16812.462827,-4704.728800103033,-3734.330161123348
16827.875325,-4704.951252144853,-3734.59549307879
16831.296348,-4704.951252144853,-3734.59549307879
16841.99787,-4706.9185624021065,-3739.971956373945
16856.996625,-4695.024329724172,-3778.356644521393
16872.397992,-4676.359212979595,-3975.9963227986677
16887.378558,-4648.086948611198,-4127.449589715304
16902.373487,-4643.5405849796625,-4166.150790617924
16917.349555,-4643.5405849796625,-4166.150790617924
16931.99316,-4716.282403083706,-4160.53227387062
16947.00919,-4763.087703213902,-4134.883534788594
16962.421803,-4945.150796507359,-4081.458744097377
16977.832617,-5105.288459724253,-4036.0823478118054
16992.70987,-5111.9898274559055,-4052.351378240279
17007.361753,-5111.9898274559055,-4052.351378240279
17022.700203,-5151.044063850999,-4087.412417517897
17038.915117,-5207.741527654484,-4121.184035431443
17052.672479,-5164.168734244615,-4199.633797878125
17060.969238,-4704.951252144853,-3734.59549307879
17067.338191,-5116.313738996461,-4291.14066453721
17082.341053,-5115.208430422388,-4290.419148440832
17095.796495,-4704.951252144853,-3734.59549307879
17096.994917,-5115.208430422388,-4290.419148440832
17112.343609,-5107.207108580237,-4347.498051139046
17127.023239,-5097.947542375277,-4334.6131712530305
17142.658262,-5145.510569336837,-4306.897644776658
17950.007018,-4809.401463219165,-3837.5594564104376
17950.00771,-4809.401463219165,-3837.5594564104376
17958.267919,-4809.401463219165,-3837.5594564104376
17967.695952,-4809.401463219165,-3837.5594564104376
17967.696653,-4809.401463219165,-3837.5594564104376
17977.286407,-4809.401463219165,-3837.5594564104376
17977.287155,-4809.401463219165,-3837.5594564104376
17982.047587,-4809.401463219165,-3837.5594564104376
17986.417371,-4786.354796551841,-3747.2010883336015
17997.123428,-4788.676639746693,-3739.2085451376424
18014.377558,-4788.648833235331,-3731.98406803202
18029.881636,-4788.586268597184,-3732.505422042979
18043.817424,-4783.935630583663,-3731.4161645367994
18058.820313,-4784.450050936553,-3731.4906436883152
18073.308643,-4785.437181875198,-3734.8328953544983
18089.779248,-4789.7819483296,-3734.1718929313834
18103.411828,-4789.7819483296,-3734.1718929313834
18118.914973,-4789.7819483296,-3734.1718929313834
18133.839021,-4789.7819483296,-3734.1718929313834
18148.817399,-4789.7819483296,-3734.1718929313834
18163.837449,-4789.7819483296,-3734.1718929313834
18179.303359,-4793.480213539223,-3741.9968581232465
18193.959812,-4793.480213539223,-3741.9968581232465
18208.821587,-4793.480213539223,-3741.9968581232465
18224.723863,-4793.480213539223,-3741.9968581232465
18240.111027,-4793.480213539223,-3741.9968581232465
18254.757575,-4793.480213539223,-3741.9968581232465
18269.22676,-4793.480213539223,-3741.9968581232465
18284.676682,-4782.739950859332,-3741.517398620428
18299.634338,-4782.732999227255,-3741.52205357787
18314.271118,-4782.732999227255,-3741.52205357787
18328.884377,-4782.732999227255,-3741.52205357787
18346.265371,-4782.732999227255,-3741.52205357787
18360.540094,-4782.732999227255,-3741.52205357787
18373.700408,-4782.732999227255,-3741.52205357787
18389.098973,-4782.732999227255,-3741.52205357787
18403.723015,-4782.732999227255,-3741.52205357787
18420.179871,-4782.732999227255,-3741.52205357787
18434.186609,-4782.732999227255,-3741.52205357787
18449.174907,-4782.732999227255,-3741.52205357787
18463.319631,-4782.732999227255,-3741.52205357787
18479.345776,-4782.732999227255,-3741.52205357787
18493.869439,-4782.732999227255,-3741.52205357787
18509.037266,-4782.732999227255,-3741.52205357787
18524.000885,-4782.732999227255,-3741.52205357787
18538.851925,-4782.732999227255,-3741.52205357787
18554.483801,-4782.732999227255,-3741.52205357787
18568.672274,-4770.3243462257915,-3735.9081880093277
18583.341989,-4770.414717367091,-3736.2200694352064
18599.075148,-4770.414717367091,-3736.2200694352064
18613.771942,-4770.414717367091,-3736.2200694352064
18629.075727,-4770.414717367091,-3736.2200694352064
18644.095691,-4770.414717367091,-3736.2200694352064
18658.717173,-4770.414717367091,-3736.2200694352064
18674.107866,-4770.414717367091,-3736.2200694352064
18688.722054,-4767.40466316762,-3736.9974455084466
18703.932586,-4767.40466316762,-3736.9974455084466
18718.842473,-4767.40466316762,-3736.9974455084466
18733.66833,-4767.40466316762,-3736.9974455084466
18750.567909,-4767.40466316762,-3736.9974455084466
18764.335402,-4767.40466316762,-3736.9974455084466
18778.889755,-4767.40466316762,-3736.9974455084466
18794.405549,-4767.40466316762,-3736.9974455084466
18809.242912,-4767.40466316762,-3736.9974455084466
18824.133809,-4767.40466316762,-3736.9974455084466
18839.251995,-4767.40466316762,-3736.9974455084466
18853.977279,-4767.40466316762,-3736.9974455084466
18868.922847,-4767.40466316762,-3736.9974455084466
18884.672874,-4764.026172770474,-3738.361344860345
18898.899053,-4764.026172770474,-3738.361344860345
18915.638679,-4764.026172770474,-3738.361344860345
18928.914347,-4764.026172770474,-3738.361344860345
18945.233178,-4764.026172770474,-3738.361344860345
18958.948963,-4764.026172770474,-3738.361344860345
18974.510733,-4764.026172770474,-3738.361344860345
18988.992338,-4764.026172770474,-3738.361344860345
19004.237624,-4764.026172770474,-3738.361344860345
19019.129992,-4764.026172770474,-3738.361344860345
19033.924329,-4764.026172770474,-3738.361344860345
19049.382191,-4764.026172770474,-3738.361344860345
19063.800233,-4764.026172770474,-3738.361344860345
19081.516322,-4764.026172770474,-3738.361344860345
19095.157593,-4764.026172770474,-3738.361344860345
19108.790587,-4744.770167817009,-3739.8928222779796
19124.197609,-4744.770167817009,-3739.8928222779796
19139.230802,-4744.770167817009,-3739.8928222779796
19153.791519,-4744.770167817009,-3739.8928222779796
19169.153722,-4744.770167817009,-3739.8928222779796
19183.893831,-4744.770167817009,-3739.8928222779796
19198.320669,-4744.770167817009,-3739.8928222779796
19215.405316,-4744.770167817009,-3739.8928222779796
19231.200503,-4744.770167817009,-3739.8928222779796
19243.814543,-4744.770167817009,-3739.8928222779796
19259.372205,-4744.770167817009,-3739.8928222779796
19273.798173,-4744.770167817009,-3739.8928222779796
19289.23377,-4744.770167817009,-3739.8928222779796
19303.79954,-4744.770167817009,-3739.8928222779796
19318.387302,-4744.770167817009,-3739.8928222779796
19336.717873,-4744.770167817009,-3739.8928222779796
19348.885537,-4740.828595690601,-3745.548582325113
19369.490334,-4742.57345389619,-3745.6044416849622
19369.491052,-4742.57345389619,-3745.6044416849622
19372.145528,-4742.57345389619,-3745.6044416849622
19388.117797,-4740.682611534563,-3753.2245890793456
19402.618088,-4740.682611534563,-3753.2245890793456
19417.751497,-4740.682611534563,-3753.2245890793456
19432.691074,-4740.682611534563,-3753.2245890793456
19447.695747,-4740.682611534563,-3753.2245890793456
19462.591894,-4740.321126960869,-3749.9940562281276
19478.936584,-4740.321126960869,-3749.9940562281276
19492.997761,-4740.321126960869,-3749.9940562281276
19507.615286,-4740.321126960869,-3749.9940562281276
19523.14194,-4740.321126960869,-3749.9940562281276
19537.939429,-4740.9189668319605,-3747.5315895321896
19552.611337,-4740.056965160472,-3752.3960086114116
19567.738686,-4738.4094297196825,-3755.2913853115006
19583.132346,-4738.4094297196825,-3755.2913853115006
19597.660424,-4738.4094297196825,-3755.2913853115006
19613.000008,-4738.4094297196825,-3755.2913853115006
19627.638986,-4738.4094297196825,-3755.2913853115006
19643.937862,-4738.4094297196825,-3755.2913853115006
19657.957741,-4738.4094297196825,-3755.2913853115006
19672.59457,-4738.4094297196825,-3755.2913853115006
19687.784404,-4738.4094297196825,-3755.2913853115006
19702.638189,-4738.4094297196825,-3755.2913853115006
19717.621812,-4741.746210359957,-3750.2686980658727
19733.021915,-4741.746210359957,-3750.2686980658727
19748.323456,-4741.746210359957,-3750.2686980658727
19764.789373,-4741.746210359957,-3750.2686980658727
19777.918023,-4739.723287098021,-3747.5036598529946
21942.491472,-4809.600509937311,-3859.6071158714403
21942.492186,-4809.600509937311,-3859.6071158714403
21949.548652,-4792.520889103729,-3758.526573079868
21949.549407,-4792.520889103729,-3758.526573079868
21961.857592,-4789.816706464637,-3756.259614171023
21961.86696,-4789.816706464637,-3756.259614171023
21968.14243,-4785.492794881273,-3751.4510544801255
21976.96259,-4785.381568860724,-3749.7985484714895
21991.987051,-4788.266493790865,-3748.178627095461
22007.496479,-4789.524738153189,-3736.7367685100257
22022.15209,-4787.911960849507,-3735.6428560543936
22037.167984,-4776.622519688426,-3733.8181169906075
22052.176029,-4776.622519688426,-3733.8181169906075
22067.448082,-4772.910351221718,-3736.122315560196
22081.997415,-4772.583624783351,-3737.4675951135587
22096.996438,-4772.583624783351,-3737.4675951135587
22112.361581,-4772.583624783351,-3737.4675951135587
22127.376155,-4772.583624783351,-3737.4675951135587
22141.972178,-4772.583624783351,-3737.4675951135587
22157.270908,-4772.583624783351,-3737.4675951135587
22171.981997,-4772.583624783351,-3737.4675951135587
22186.997355,-4772.583624783351,-3737.4675951135587
22203.052043,-4772.583624783351,-3737.4675951135587
22217.238932,-4772.583624783351,-3737.4675951135587
22232.226043,-4772.583624783351,-3737.4675951135587
22247.194992,-4772.583624783351,-3737.4675951135587
22262.193555,-4772.583624783351,-3737.4675951135587
22278.061876,-4772.583624783351,-3737.4675951135587
22292.653402,-4772.583624783351,-3737.4675951135587
22307.18839,-4772.583624783351,-3737.4675951135587
22321.705278,-4772.583624783351,-3737.4675951135587
22337.403102,-4772.583624783351,-3737.4675951135587
22352.215382,-4772.583624783351,-3737.4675951135587
22367.754921,-4772.583624783351,-3737.4675951135587
22382.428285,-4772.583624783351,-3737.4675951135587
22397.211886,-4772.583624783351,-3737.4675951135587
22412.189678,-4772.583624783351,-3737.4675951135587
22427.417323,-4772.583624783351,-3737.4675951135587
22441.694034,-4772.583624783351,-3737.4675951135587
22457.380705,-4772.583624783351,-3737.4675951135587
22472.168802,-4772.583624783351,-3737.4675951135587
22487.200104,-4772.583624783351,-3737.4675951135587
22502.380313,-4772.583624783351,-3737.4675951135587
22517.795843,-4772.583624783351,-3737.4675951135587
22532.686008,-4772.583624783351,-3737.4675951135587
22547.176156,-4772.583624783351,-3737.4675951135587
22561.610666,-4772.583624783351,-3737.4675951135587
22577.421331,-4772.583624783351,-3737.4675951135587
22592.085607,-4772.583624783351,-3737.4675951135587
22607.630659,-4772.583624783351,-3737.4675951135587
22622.73599,-4772.583624783351,-3737.4675951135587
22637.195021,-4772.583624783351,-3737.4675951135587
22652.635281,-4772.583624783351,-3737.4675951135587
22667.189798,-4772.583624783351,-3737.4675951135587
22682.180765,-4772.583624783351,-3737.4675951135587
22699.694219,-4772.583624783351,-3737.4675951135587
22713.387174,-4772.583624783351,-3737.4675951135587
22728.492871,-4772.583624783351,-3737.4675951135587
22742.180319,-4772.583624783351,-3737.4675951135587
22757.172569,-4772.583624783351,-3737.4675951135587
22772.612539,-4772.583624783351,-3737.4675951135587
22788.173959,-4772.583624783351,-3737.4675951135587
22802.349389,-4772.583624783351,-3737.4675951135587
22817.128177,-4772.583624783351,-3737.4675951135587
22832.207333,-4772.583624783351,-3737.4675951135587
22847.176734,-4772.583624783351,-3737.4675951135587
22862.655253,-4772.583624783351,-3737.4675951135587
22877.165633,-4772.583624783351,-3737.4675951135587
22893.893293,-4772.583624783351,-3737.4675951135587
22906.642267,-4772.583624783351,-3737.4675951135587
22922.176533,-4772.583624783351,-3737.4675951135587
22937.190883,-4772.583624783351,-3737.4675951135587
22953.014628,-4772.583624783351,-3737.4675951135587
22967.171196,-4772.583624783351,-3737.4675951135587
22982.608128,-4772.583624783351,-3737.4675951135587
22998.364027,-4759.52847053377,-3734.4511897330567
23012.27247,-4759.737019319539,-3734.507049093529
23027.296048,-4759.737019319539,-3734.507049093529
23042.231164,-4759.737019319539,-3734.507049093529
23057.943031,-4759.737019319539,-3734.507049093529
23073.192272,-4759.737019319539,-3734.507049093529
23087.100686,-4759.737019319539,-3734.507049093529
23102.472441,-4759.737019319539,-3734.507049093529
23117.246875,-4759.737019319539,-3734.507049093529
23132.097969,-4759.737019319539,-3734.507049093529
23147.590842,-4759.737019319539,-3734.507049093529
23162.063151,-4759.737019319539,-3734.507049093529
23176.642053,-4759.737019319539,-3734.507049093529
23193.281661,-4759.737019319539,-3734.507049093529
23207.077524,-4751.151760801087,-3734.316196276427
23222.939088,-4744.763216193323,-3734.339471012462
23237.603334,-4744.763216193323,-3734.339471012462
23252.1006,-4744.763216193323,-3734.339471012462
23267.561604,-4744.763216193323,-3734.339471012462
23282.751393,-4744.763216193323,-3734.339471012462
23296.616621,-4744.763216193323,-3734.339471012462
23312.427652,-4744.763216193323,-3734.339471012462
23327.133901,-4734.161986025089,-3735.5823417495703
23342.072194,-4734.161986025089,-3735.5823417495703
23357.382745,-4734.161986025089,-3735.5823417495703
23372.068563,-4734.161986025089,-3735.5823417495703
23388.412369,-4734.509567343207,-3737.192953268639
23402.709876,-4734.516518975145,-3737.19760821372
23416.667575,-4734.516518975145,-3737.19760821372
23432.451198,-4734.516518975145,-3737.19760821372
23445.736652,-4734.516518975145,-3737.19760821372
23446.595709,-4734.516518975145,-3737.19760821372
23462.4714,-4734.516518975145,-3737.19760821372
24057.013963,-4809.401463219165,-3837.5594564104376
24057.014713,-4809.401463219165,-3837.5594564104376
24070.93706,-4809.401463219165,-3837.5594564104376
24073.31677,-4809.401463219165,-3837.5594564104376
24083.480574,-4809.401463219165,-3837.5594564104376
24098.920605,-4769.962861660603,-3725.429903154111
24113.610723,-4771.860655644607,-3727.454804950422
24129.026896,-4771.860655644607,-3727.454804950422
24144.439366,-4771.860655644607,-3727.454804950422
24159.121179,-4771.860655644607,-3727.454804950422
24175.453,-4771.860655644607,-3727.454804950422
24190.695863,-4771.860655644607,-3727.454804950422
24204.067632,-4771.860655644607,-3727.454804950422
24219.794629,-4771.860655644607,-3727.454804950422
24234.394204,-4771.860655644607,-3727.454804950422
24249.048018,-4771.860655644607,-3727.454804950422
24264.590451,-4771.860655644607,-3727.454804950422
24279.188009,-4771.860655644607,-3727.454804950422
24294.099667,-4771.860655644607,-3727.454804950422
24308.609303,-4771.860655644607,-3727.454804950422
24324.008974,-4771.860655644607,-3727.454804950422
24340.67826,-4771.860655644607,-3727.454804950422
24354.525434,-4778.680201083654,-3730.285012513652
24368.96525,-4777.623553874613,-3732.3378439737826
24384.735469,-4775.545017608291,-3739.0828615732103
24401.535416,-4778.283958375092,-3741.1496578505044
24401.536066,-4778.283958375092,-3741.1496578505044
24407.331158,-4771.4505096968705,-3742.4204582536713
24422.281242,-4773.383061815862,-3744.692072168487
24437.708865,-4772.4723987626185,-3741.0937984908987
24452.824941,-4773.515142716032,-3741.5267085215282
24467.691478,-4775.009742375856,-3736.6297047353296
24483.249285,-4777.574892492205,-3728.004088658444
24497.679656,-4779.013879145653,-3745.236700905086
24512.736654,-4785.13826193989,-3745.6090966289657
24528.024781,-4783.907824080551,-3745.031883257209
24542.863261,-4782.719095979897,-3742.169091146709
24558.23566,-4778.8470401106,-3730.187258626375
24573.478185,-4778.4090876514165,-3729.577460626615
24587.759289,-4778.4090876514165,-3729.577460626615
24603.225031,-4778.4090876514165,-3729.577460626615
24618.013076,-4778.4090876514165,-3729.577460626615
24632.701,-4778.4090876514165,-3729.577460626615
24648.016784,-4778.4090876514165,-3729.577460626615
24662.78753,-4778.4090876514165,-3729.577460626615
24678.897223,-4778.4090876514165,-3729.577460626615
24692.979657,-4778.4090876514165,-3729.577460626615
24707.731496,-4778.4090876514165,-3729.577460626615
24723.099718,-4778.4090876514165,-3729.577460626615
24738.104778,-4778.4090876514165,-3729.577460626615
24752.69016,-4778.4090876514165,-3729.577460626615
24768.041077,-4778.4090876514165,-3729.577460626615
24783.129309,-4778.4090876514165,-3729.577460626615
24797.703708,-4778.4090876514165,-3729.577460626615
24813.26648,-4779.910638943148,-3730.1407091669444
24827.660705,-4779.910638943148,-3730.1407091669444
24843.818213,-4779.910638943148,-3730.1407091669444
24858.164976,-4779.910638943148,-3730.1407091669444
24872.658694,-4779.910638943148,-3730.1407091669444
24888.46338,-4779.910638943148,-3730.1407091669444
24903.664148,-4779.910638943148,-3730.1407091669444
24917.685093,-4779.910638943148,-3730.1407091669444
24932.842253,-4779.910638943148,-3730.1407091669444
24947.708767,-4779.910638943148,-3730.1407091669444
24962.744859,-4779.910638943148,-3730.1407091669444
24978.375389,-4779.910638943148,-3730.1407091669444
24992.765089,-4779.910638943148,-3730.1407091669444
25009.204728,-4779.910638943148,-3730.1407091669444
25022.274994,-4779.910638943148,-3730.1407091669444
25037.686283,-4779.910638943148,-3730.1407091669444
25052.689009,-4779.910638943148,-3730.1407091669444
25068.209095,-4779.910638943148,-3730.1407091669444
25082.750237,-4779.910638943148,-3730.1407091669444
25098.143413,-4779.910638943148,-3730.1407091669444
25113.167945,-4779.910638943148,-3730.1407091669444
25127.736892,-4779.910638943148,-3730.1407091669444
25142.306923,-4779.910638943148,-3730.1407091669444
25159.388847,-4779.910638943148,-3730.1407091669444
25174.223918,-4779.910638943148,-3730.1407091669444
25188.059683,-4779.966251949378,-3735.428728514791
25202.955479,-4775.795276152859,-3740.3024575756863
25218.446205,-4775.795276152859,-3740.3024575756863
25233.307851,-4775.795276152859,-3740.3024575756863
25247.886101,-4775.795276152859,-3740.3024575756863
25262.315812,-4775.795276152859,-3740.3024575756863
25277.987581,-4775.795276152859,-3740.3024575756863
25292.835615,-4767.050130225942,-3739.2690594416613
25308.18312,-4765.194045992208,-3738.3799646403045
25322.72646,-4764.297286194404,-3737.695687498106
25339.384279,-4761.892023488982,-3736.3224782535303
25353.143988,-4761.892023488982,-3736.3224782535303
25367.781416,-4761.892023488982,-3736.3224782535303
25383.438694,-4761.892023488982,-3736.3224782535303
25398.424075,-4761.892023488982,-3736.3224782535303
25412.778384,-4761.892023488982,-3736.3224782535303
25428.181443,-4761.892023488982,-3736.3224782535303
25442.983561,-4761.892023488982,-3736.3224782535303
25457.7711,-4761.892023488982,-3736.3224782535303
25472.77764,-4761.892023488982,-3736.3224782535303
25487.765317,-4761.892023488982,-3736.3224782535303
25504.047186,-4761.892023488982,-3736.3224782535303
25517.778263,-4761.892023488982,-3736.3224782535303
25532.779887,-4761.892023488982,-3736.3224782535303
25547.799945,-4761.892023488982,-3736.3224782535303
25563.220103,-4761.892023488982,-3736.3224782535303
25578.078702,-4761.892023488982,-3736.3224782535303
25593.1239,-4761.892023488982,-3736.3224782535303
25607.82355,-4761.892023488982,-3736.3224782535303
25622.780508,-4761.892023488982,-3736.3224782535303
25637.761334,-4761.892023488982,-3736.3224782535303
25654.834895,-4759.813487213493,-3736.303858474968
25669.28907,-4757.894838341251,-3736.9881356196965
25683.193667,-4757.894838341251,-3736.9881356196965
25697.779642,-4757.894838341251,-3736.9881356196965
25713.14412,-4757.894838341251,-3736.9881356196965
25727.84644,-4757.894838341251,-3736.9881356196965
25742.758701,-4757.894838341251,-3736.9881356196965
25760.046847,-4757.894838341251,-3736.9881356196965
25772.887269,-4757.894838341251,-3736.9881356196965
25787.805058,-4754.495493064044,-3732.6683451805006
25803.767527,-4754.905639020197,-3734.7211766335677
25817.895294,-4753.71691091873,-3732.975571651478
25834.360897,-4753.25810358013,-3733.855356560849
25847.764656,-4753.25810358013,-3733.855356560849
25862.782332,-4753.25810358013,-3733.855356560849
25877.297041,-4753.25810358013,-3733.855356560849
25892.26709,-4753.25810358013,-3733.855356560849
25907.750108,-4753.25810358013,-3733.855356560849
25922.27436,-4753.25810358013,-3733.855356560849
25937.963715,-4753.25810358013,-3733.855356560849
25952.783631,-4753.25810358013,-3733.855356560849
25968.799657,-4753.25810358013,-3733.855356560849
25982.825651,-4753.25810358013,-3733.855356560849
25997.297442,-4753.25810358013,-3733.855356560849
26013.178945,-4753.25810358013,-3733.855356560849
26028.695748,-4753.25810358013,-3733.855356560849
26043.201692,-4753.25810358013,-3733.855356560849
26058.228919,-4753.25810358013,-3733.855356560849
26072.755785,-4753.25810358013,-3733.855356560849
26088.176186,-4753.25810358013,-3733.855356560849
26102.857258,-4753.25810358013,-3733.855356560849
26117.360588,-4753.25810358013,-3733.855356560849
26136.959706,-4754.863929261447,-3736.289893629471
26147.848986,-4754.863929261447,-3736.289893629471
26164.146477,-4754.863929261447,-3736.289893629471
26179.465885,-4754.863929261447,-3736.289893629471
26192.743474,-4754.863929261447,-3736.289893629471
26208.296677,-4754.863929261447,-3736.289893629471
26222.80167,-4754.863929261447,-3736.289893629471
26238.114289,-4754.863929261447,-3736.289893629471
26252.985463,-4747.814980153299,-3740.6562335126428
26267.754588,-4747.814980153299,-3740.6562335126428
26282.755665,-4741.572419709177,-3740.9029456768153
26298.073445,-4741.572419709177,-3740.9029456768153
26312.756054,-4741.572419709177,-3740.9029456768153
26329.050674,-4741.572419709177,-3740.9029456768153
26342.810504,-4741.572419709177,-3740.9029456768153
26357.752239,-4741.572419709177,-3740.9029456768153
26372.662293,-4741.572419709177,-3740.9029456768153
26388.155678,-4741.572419709177,-3740.9029456768153
26402.29114,-4741.572419709177,-3740.9029456768153
26417.986085,-4741.572419709177,-3740.9029456768153
26432.798878,-4741.572419709177,-3740.9029456768153
26447.734483,-4741.572419709177,-3740.9029456768153
26462.878492,-4741.572419709177,-3740.9029456768153
26477.720147,-4741.572419709177,-3740.9029456768153
26492.707794,-4741.572419709177,-3740.9029456768153
26508.103619,-4741.572419709177,-3740.9029456768153
26522.668849,-4741.572419709177,-3740.9029456768153
26538.207632,-4741.572419709177,-3740.9029456768153
26552.97189,-4741.572419709177,-3740.9029456768153
26567.71324,-4741.572419709177,-3740.9029456768153
26583.167696,-4741.572419709177,-3740.9029456768153
26597.63759,-4734.377486442918,-3744.5477688247956
26612.286192,-4734.377486442918,-3744.5477688247956
26628.453382,-4734.377486442918,-3744.5477688247956
26642.686355,-4734.377486442918,-3744.5477688247956
26659.032915,-4734.377486442918,-3744.5477688247956
26673.275752,-4734.377486442918,-3744.5477688247956
26687.734629,-4734.377486442918,-3744.5477688247956
26703.171764,-4734.377486442918,-3744.5477688247956
26718.061035,-4734.377486442918,-3744.5477688247956
26732.289334,-4734.377486442918,-3744.5477688247956
26750.428952,-4734.377486442918,-3744.5477688247956
26762.770469,-4734.377486442918,-3744.5477688247956
26777.729535,-4734.377486442918,-3744.5477688247956
26792.690555,-4734.377486442918,-3744.5477688247956
26807.714281,-4734.377486442918,-3744.5477688247956
26823.909571,-4734.377486442918,-3744.5477688247956
26838.011576,-4734.377486442918,-3744.5477688247956
26852.287559,-4734.377486442918,-3744.5477688247956
26868.082525,-4734.377486442918,-3744.5477688247956
26883.153039,-4734.377486442918,-3744.5477688247956
26897.746385,-4734.377486442918,-3744.5477688247956
26913.114368,-4734.377486442918,-3744.5477688247956
26927.928119,-4734.377486442918,-3744.5477688247956
26942.734698,-4734.377486442918,-3744.5477688247956
26958.024819,-4734.377486442918,-3744.5477688247956
26972.286549,-4734.377486442918,-3744.5477688247956
26986.724584,-4734.377486442918,-3744.5477688247956
26987.716139,-4734.377486442918,-3744.5477688247956
27003.170492,-4734.377486442918,-3744.5477688247956
27930.129995,-3520.1260899161794,-1843.8925230713915
27930.130693,-3520.1260899161794,-1843.8925230713915
27937.021569,-2801.9921655251233,-2372.2820169425518
27937.022241,-2801.9921655251233,-2372.2820169425518
27947.944259,-2802.1798594467127,-2374.865517836539
27947.950313,-2802.1798594467127,-2374.865517836539
27966.350698,-2720.790215289928,-2367.2313890393075
27985.409929,-2713.080861399706,-2393.150186914006
27993.937248,-2696.9878458264593,-2491.011328237506
28008.176134,-2696.3761026850043,-2496.3784921457204
28024.167861,-2696.3761026850043,-2496.3784921457204
28038.651825,-2694.8675997115156,-2499.4693826956936
28055.095781,-2694.8675997115156,-2499.4693826956936
28070.295475,-2701.3187091926657,-2500.256070201356
28085.7077,-2677.912582430271,-2636.348338642061
28098.81988,-2803.743975426292,-2682.5580716879044
28132.249005,-3025.785879950902,-2859.018054873399
28132.249634,-3025.785879950902,-2859.018054873399
28133.990744,-3058.63231547409,-2865.0601838527914
28133.991422,-3058.63231547409,-2865.0601838527914
28137.167731,-3098.492942171005,-2875.1567767555202
28152.360679,-3288.9605579809427,-2947.1828587562177
28162.172998,-3323.5101418636327,-2963.8662078169623
28167.704388,-3326.659228686196,-2958.8993737461465
28182.132778,-3326.659228686196,-2958.8993737461465
28197.653225,-3326.659228686196,-2958.8993737461465
28213.022536,-3326.659228686196,-2958.8993737461465
28227.64395,-3326.659228686196,-2958.8993737461465
28243.97494,-3326.659228686196,-2958.8993737461465
28257.161806,-3326.659228686196,-2958.8993737461465
28272.179469,-3326.659228686196,-2958.8993737461465
28287.790657,-3326.659228686196,-2958.8993737461465
28302.181639,-3326.659228686196,-2958.8993737461465
28317.635932,-3326.659228686196,-2958.8993737461465
28333.027898,-3326.659228686196,-2958.8993737461465
28348.462697,-3326.659228686196,-2958.8993737461465
28362.649057,-3326.659228686196,-2958.8993737461465
28377.926501,-3326.659228686196,-2958.8993737461465
28392.14241,-3326.659228686196,-2958.8993737461465
28409.125421,-3326.659228686196,-2958.8993737461465
28424.931772,-3326.659228686196,-2958.8993737461465
28437.169816,-3326.659228686196,-2958.8993737461465
28453.049106,-3326.659228686196,-2958.8993737461465
28467.652355,-3326.659228686196,-2958.8993737461465
28482.625399,-3324.9004671751723,-2959.1972907019895
28498.009061,-3323.2946414479957,-2958.6526612808084
28512.746537,-3323.2946414479957,-2958.6526612808084
28527.612299,-3323.2946414479957,-2958.6526612808084
28543.157466,-3323.2946414479957,-2958.6526612808084
28557.649324,-3323.2946414479957,-2958.6526612808084
28572.630858,-3323.2946414479957,-2958.6526612808084
28588.065289,-3323.2946414479957,-2958.6526612808084
28602.629615,-3323.2946414479957,-2958.6526612808084
28618.056347,-3323.2946414479957,-2958.6526612808084
28633.291258,-3323.2946414479957,-2958.6526612808084
28647.609181,-3323.2946414479957,-2958.6526612808084
28663.104472,-3323.2946414479957,-2958.6526612808084
28677.834482,-3323.2946414479957,-2958.6526612808084
28692.64507,-3323.2946414479957,-2958.6526612808084
28708.088475,-3323.2946414479957,-2958.6526612808084
28722.654945,-3323.2946414479957,-2958.6526612808084
28738.968168,-3323.2946414479957,-2958.6526612808084
28752.650759,-3323.2946414479957,-2958.6526612808084
28767.605421,-3323.2946414479957,-2958.6526612808084
28783.105479,-3323.2946414479957,-2958.6526612808084
28800.38328,-3323.2946414479957,-2958.6526612808084
28812.647452,-3323.2946414479957,-2958.6526612808084
28828.065476,-3323.4128190958386,-2957.4097890242892
28842.653292,-3329.182669116897,-2958.2616452933444
28857.600083,-3329.182669116897,-2958.2616452933444
28872.600003,-3329.182669116897,-2958.2616452933444
28887.92827,-3333.5482905784843,-2959.7093354468016
28902.13453,-3333.5482905784843,-2959.7093354468016
28917.179123,-3333.5482905784843,-2959.7093354468016
28932.611932,-3333.5482905784843,-2959.7093354468016
28948.250574,-3333.5482905784843,-2959.7093354468016
28963.10942,-3333.5482905784843,-2959.7093354468016
28977.630445,-3333.5482905784843,-2959.7093354468016
28993.564112,-3333.5482905784843,-2959.7093354468016
29009.245486,-3333.5482905784843,-2959.7093354468016
29022.629138,-3333.5482905784843,-2959.7093354468016
29037.172966,-3333.5482905784843,-2959.7093354468016
29052.604416,-3333.5482905784843,-2959.7093354468016
29068.953031,-3333.5482905784843,-2959.7093354468016
29082.977323,-3333.5482905784843,-2959.7093354468016
29097.605459,-3333.5482905784843,-2959.7093354468016
29115.168164,-3333.5482905784843,-2959.7093354468016
29130.535667,-3333.5482905784843,-2959.7093354468016
29142.631806,-3333.5482905784843,-2959.7093354468016
29157.16046,-3333.5482905784843,-2959.7093354468016
29172.826447,-3333.5482905784843,-2959.7093354468016
29187.608036,-3333.5482905784843,-2959.7093354468016
29203.129197,-3333.5482905784843,-2959.7093354468016
29217.613004,-3333.5482905784843,-2959.7093354468016
29227.826106,-3333.5482905784843,-2959.7093354468016
29232.142943,-3333.5482905784843,-2959.7093354468016
29248.218833,-3346.7980907531587,-2967.278287798973
29262.565529,-3422.626432906896,-2893.0457604605326
29274.944681,-3333.5482905784843,-2959.7093354468016
29277.633314,-3460.478039311619,-2786.0470073020397
29293.025554,-3459.6368925061483,-2782.136846315906
29307.611479,-3460.9437982862755,-2769.7453597852614
29322.904095,-3466.393873479218,-2794.3048948321943
29330.11415,-3333.5482905784843,-2959.7093354468016
29337.21564,-3381.730014066477,-2965.4209618638106
29352.836341,-3296.8158959654306,-3131.9984055931563
29367.490301,-3082.1357648777584,-3243.731184880334
29382.130095,-2924.431164533483,-3386.3821174992718
29400.059793,-2846.440865923119,-3515.887444533576
29412.193004,-2742.7156455787695,-3596.660100549182
29427.217717,-2615.2575718557027,-3740.7400225536558
29442.231535,-2663.717360915284,-3854.1810598939637
29458.082248,-2678.663358109339,-3870.4175103718158
29472.642986,-2678.663358109339,-3870.4175103718158
29488.032987,-2678.663358109339,-3870.4175103718158
29503.726077,-2630.078439777987,-3915.0677470196592
29517.235346,-2534.194653949949,-3998.7590026111316
29532.673944,-2405.596513122109,-4099.021847776261
29547.618387,-2237.540939310473,-4249.86994280599
29565.311945,-2059.169151233796,-4387.85639793759
29577.590317,-2020.3512680059416,-4412.062094896068
29592.588747,-2016.7850835383301,-4437.585139374394
29608.452818,-1985.2455534030187,-4542.023397131528
29624.991352,-1827.5479025829493,-4657.731247161079
29637.165246,-1682.1059693747452,-4757.644867953343
29652.164945,-1576.580276391742,-4854.476903828357
29667.535532,-1576.580276391742,-4854.476903828357
29696.949558,-1530.3797654578614,-4876.811297858611
29697.254446,-1377.1867681425558,-4988.990644396284
29697.25511,-1377.1867681425558,-4988.990644396284
29699.134026,-1362.9498366822245,-4997.42539093474
29714.153849,-1321.5528997220615,-5033.096174832033
29730.080076,-1321.5389964657275,-5032.802913795385
29744.155954,-1321.5389964657275,-5032.802913795385
29759.168357,-1321.5389964657275,-5032.802913795385
29774.819852,-1342.90134529804,-4987.724501420192
29789.682219,-1288.6856087135193,-4890.887830909572
29804.233301,-1249.9511447547293,-4774.4398880179015
29819.616253,-1228.2342629577663,-4749.857154786942
29834.663016,-1228.2342629577663,-4749.857154786942
29850.047776,-1200.9977895491063,-4689.491900870241
29866.499259,-1250.7297269487894,-4627.236735573152
29879.104205,-1128.9372271665409,-4446.783303606635
29894.141238,-1022.6677097432108,-4283.962743134356
29909.412634,-932.2757076639825,-4122.873780020585
29924.209546,-977.8714272423051,-3986.181342003146
29939.201786,-1058.1974738349443,-3865.7439449616663
29954.133658,-1040.3874062126206,-3726.3469276547385
29969.134081,-893.297936704839,-3491.9842850859673
29984.167321,-723.553115634882,-3218.850475612832
29999.147126,-490.7361852341725,-2957.139801793906
30014.175924,-190.9959442387265,-2876.567227479046
30042.984989,299.8375638432126,-2885.6071459104824
30042.985683,299.8375638432126,-2885.6071459104824
30043.825195,299.8375638432126,-2885.6071459104824
30043.825926,299.8375638432126,-2885.6071459104824
30045.385122,299.8375638432126,-2885.6071459104824
30060.389465,300.79688832458186,-2885.4674973230476
30076.336532,300.79688832458186,-2885.4674973230476
30090.893812,300.79688832458186,-2885.4674973230476
30105.373872,354.8874958518995,-2886.6498553348556
30120.788472,523.1099108678683,-2861.173298107377
30135.407462,569.9221651943958,-2748.5885950289507
30347.05341,596.2479755755879,-2466.544880586691
30361.138734,598.4863993777205,-2510.883333832508
30376.323046,598.4863993777205,-2510.883333832508
30390.929124,598.4863993777205,-2510.883333832508
30406.220109,598.4863993777205,-2510.883333832508
30420.95595,598.4863993777205,-2510.883333832508
30435.773291,598.4863993777205,-2510.883333832508
30451.31859,598.4863993777205,-2510.883333832508
30465.892224,598.4863993777205,-2510.883333832508
30480.358098,598.4863993777205,-2510.883333832508
30495.774445,598.4863993777205,-2510.883333832508
30510.809274,598.4863993777205,-2510.883333832508
30526.15057,598.4863993777205,-2510.883333832508
30541.257723,598.4863993777205,-2510.883333832508
30555.859114,598.4863993777205,-2510.883333832508
30571.341779,600.1756446697185,-2505.3253168735737
30585.876297,600.1756446697185,-2505.3253168735737
30600.837676,600.1756446697185,-2505.3253168735737
30616.29745,600.1756446697185,-2505.3253168735737
30630.820459,600.1756446697185,-2505.3253168735737
30647.197616,600.1756446697185,-2505.3253168735737
30661.255861,600.1756446697185,-2505.3253168735737
30675.816364,600.1756446697185,-2505.3253168735737
30691.327124,600.1756446697185,-2505.3253168735737
30706.215349,600.1756446697185,-2505.3253168735737
30721.024661,600.1756446697185,-2505.3253168735737
30736.191874,600.1756446697185,-2505.3253168735737
30750.867162,600.1756446697185,-2505.3253168735737
86249.361082,597.0265577637218,-2716.5997515811605
86263.936113,586.2793428603202,-2752.843222805155
86279.350375,586.2793428603202,-2752.843222805155
86294.293485,586.2793428603202,-2752.843222805155
86309.648926,586.2793428603202,-2752.843222805155
86324.270343,586.2793428603202,-2752.843222805155
86340.213195,586.2793428603202,-2752.843222805155
86354.85334,586.2793428603202,-2752.843222805155
86369.322701,586.2793428603202,-2752.843222805155
86383.910597,586.2793428603202,-2752.843222805155
86400.600928,586.2793428603202,-2752.843222805155
86413.918852,586.2793428603202,-2752.843222805155
86429.344885,586.2793428603202,-2752.843222805155
86444.525095,586.2793428603202,-2752.843222805155
86459.414974,586.2793428603202,-2752.843222805155
86474.271976,586.2793428603202,-2752.843222805155
86489.909279,586.2793428603202,-2752.843222805155
86505.216179,586.2793428603202,-2752.843222805155
86519.295013,586.2793428603202,-2752.843222805155
86534.265167,586.2793428603202,-2752.843222805155
86549.269678,586.2793428603202,-2752.843222805155
86563.886714,586.2793428603202,-2752.843222805155
86579.821508,586.2793428603202,-2752.843222805155
86595.864686,586.2793428603202,-2752.843222805155
86609.408009,586.2793428603202,-2752.843222805155
86624.300792,586.2793428603202,-2752.843222805155
86639.569118,586.2793428603202,-2752.843222805155
86653.93806,586.2793428603202,-2752.843222805155
86671.028342,586.2793428603202,-2752.843222805155
86687.526722,586.2793428603202,-2752.843222805155
86699.312472,586.2793428603202,-2752.843222805155
86714.839795,586.2793428603202,-2752.843222805155
86729.627971,586.2793428603202,-2752.843222805155
86744.391778,586.2793428603202,-2752.843222805155
86759.365109,586.2793428603202,-2752.843222805155
86774.553838,586.2793428603202,-2752.843222805155
86788.88531,586.2793428603202,-2752.843222805155
86804.914596,586.2793428603202,-2752.843222805155
86819.412805,586.2793428603202,-2752.843222805155
86836.009959,586.2793428603202,-2752.843222805155
86849.675932,586.2793428603202,-2752.843222805155
86864.291094,586.2793428603202,-2752.843222805155
86879.825504,586.2793428603202,-2752.843222805155
86894.264285,586.2793428603202,-2752.843222805155
86909.310247,586.2793428603202,-2752.843222805155
86924.746748,586.2793428603202,-2752.843222805155
86939.49271,586.2793428603202,-2752.843222805155
86954.295356,586.2793428603202,-2752.843222805155
86968.884601,586.2793428603202,-2752.843222805155
86983.886631,586.2793428603202,-2752.843222805155
87000.473015,586.2793428603202,-2752.843222805155
87014.745418,586.2793428603202,-2752.843222805155
87029.291985,586.2793428603202,-2752.843222805155
87044.363896,586.2793428603202,-2752.843222805155
87059.291931,586.2793428603202,-2752.843222805155
87074.614369,586.2793428603202,-2752.843222805155
87089.32243,586.2793428603202,-2752.843222805155
87105.069127,586.2793428603202,-2752.843222805155
87119.365786,586.2793428603202,-2752.843222805155
87149.9545,586.2793428603202,-2752.843222805155
87149.956026,586.2793428603202,-2752.843222805155
87156.027564,586.2793428603202,-2752.843222805155
87171.343797,586.2793428603202,-2752.843222805155
87188.213618,586.2793428603202,-2752.843222805155
87201.606068,586.2793428603202,-2752.843222805155
87216.378607,586.2793428603202,-2752.843222805155
87231.70796,586.2793428603202,-2752.843222805155
87246.417453,586.2793428603202,-2752.843222805155
87262.347163,586.2793428603202,-2752.843222805155
87276.869292,586.2793428603202,-2752.843222805155
87291.327519,586.2793428603202,-2752.843222805155
87307.27234,586.2793428603202,-2752.843222805155
87322.137224,586.2793428603202,-2752.843222805155
87336.524088,586.2793428603202,-2752.843222805155
87351.377555,586.2793428603202,-2752.843222805155
87366.342386,586.2793428603202,-2752.843222805155
87381.373469,586.2793428603202,-2752.843222805155
87501.427532,595.2538929496196,-2707.2153641488167
87516.030304,549.9640448823609,-2779.753510083617
87530.957279,515.5395893735001,-2835.8503533244143
87545.984927,509.28312532133435,-2840.8870126382776
87561.211601,488.3517772676108,-2851.239628345284
87576.475209,414.82442144880906,-2870.027018644847
87591.301801,263.5292174665424,-2876.1994861961416
87613.372452,107.17322920709198,-2848.0835701541114
87620.982884,48.91164563447241,-2752.5778904399167
87636.931573,2.3426982070303577,-2706.5543606572655
87652.150739,-43.41986051868472,-2701.806307427802
87666.053785,-110.94796251621642,-2572.8082046290488
87682.377365,-200.66565700962025,-2553.1084343166685
87703.657557,-305.25983268349916,-2508.1182902267283
87745.932527,-518.1812075224813,-2414.2697238550118
87745.933272,-518.1812075224813,-2414.2697238550118
87749.561521,-532.7726720088438,-2407.9389832959782
87766.245127,-601.586824890049,-2380.2000980179737
87779.837767,-689.6152740045992,-2339.4366425027956
87794.440302,-773.2850531422074,-2310.2500625917746
87809.828641,-776.0865587093095,-2259.268971174487
87825.370217,-814.1119568318016,-2232.414521349988
87839.859801,-830.3301019524522,-2177.5092940911545
87860.816939,-839.6313784902305,-2029.6631558236497
87861.122537,-841.4666079445263,-1985.1570904643722
87861.123167,-841.4666079445263,-1985.1570904643722
87865.922172,-842.6553361101899,-1957.7719636632617
87880.483497,-865.7764465539371,-1786.6742451786397
87896.259777,-865.7764465539371,-1786.6928650260702
87910.44461,-865.7764465539371,-1786.6928650260702
87925.899662,-865.7764465539371,-1786.6928650260702
87941.435711,-865.7764465539371,-1786.6928650260702
87955.901124,-865.7764465539371,-1786.6928650260702
87972.814989,-892.3455638409561,-1767.598215271496
87985.553556,-1026.2686523745595,-1885.7364596061034
88000.765906,-1153.5946470777267,-1995.4631705136815
88015.504624,-1274.7615004356453,-2038.5913672823563
88030.47226,-1393.2102676651473,-2073.633897812988
88045.465385,-1494.3911941103222,-2073.0892676323338
88061.46093,-1547.1192825138498,-2019.3244916153237
88075.441399,-1547.1192825138498,-2019.3244916153237
88090.939612,-1547.1192825138498,-2019.3244916153237
88105.448623,-1583.6083709693046,-1999.2290326006118
88120.465157,-1676.6489424341328,-2071.9720775274627
88141.434491,-1771.4899851335886,-2159.26185847114
88153.224826,-1833.8252214595002,-2211.1879143454553
88165.513769,-1916.7581275590123,-2282.0177475923433
88181.551968,-1943.2646800111447,-2304.682733968803
88196.464942,-1943.2646800111447,-2304.682733968803
88210.907663,-1943.2646800111447,-2304.682733968803
88226.688397,-1995.9858165864337,-2360.2256792961393
88240.487091,-2085.9259622128125,-2434.0113930708944
88256.168647,-2146.460727057213,-2499.5066223508284
88270.854679,-2211.931146775893,-2564.424630423859
88285.551942,-2300.578289642017,-2634.416532472541
88300.483888,-2368.6903273706403,-2700.9544508166373
88319.898132,-2396.3369464614893,-2712.2613343861967
88331.716744,-2419.3120724534924,-2725.1322823057462
88348.034273,-2513.4788066394394,-2666.098153060191
88362.060924,-2572.8387462853025,-2624.3385555569307
88375.47004,-2654.659391446032,-2566.5286701582563
88392.403911,-2727.2621796573158,-2574.4188190950335
88406.297111,-2841.2201943592254,-2568.31151798262
88437.421759,-2990.937375962161,-2570.168845076955
88437.422437,-2990.937375962161,-2570.168845076955
88555.092614,-3470.07128390879,-2703.514675600952
88555.093331,-3470.07128390879,-2703.514675600952
88558.837655,-3470.022622524939,-2704.5713501916603
88574.202559,-3489.9459841198154,-2711.2605192575575
88589.666691,-3474.791438310756,-2806.528802568035
88606.566726,-3417.079034942251,-2889.3357631036783
88619.299965,-3381.0626579152677,-2951.451450066412
88634.557531,-3381.0626579152677,-2951.451450066412
88649.301022,-3366.3252096779543,-2978.0824318024493
88664.890149,-3291.518756549278,-2951.623683304829
88678.844789,-3184.1508845750163,-2909.9665135261394
88705.43628,-3127.0849822066048,-3025.153306067957
88708.85437,-3203.6015356633443,-3104.2781717250273
88724.35745,-3258.6862244017366,-3136.2530308016385
88739.282741,-3258.6862244017366,-3136.2530308016385
88754.180644,-3258.6862244017366,-3136.2530308016385
88768.817099,-3258.6862244017366,-3136.2530308016385
88783.936347,-3326.089195310566,-3182.7094398804206
88798.905213,-3399.581790982579,-3254.619113285964
88814.196368,-3457.9406956304933,-3321.3338547865505
88828.829892,-3541.9650053037326,-3417.183915268117
88844.293831,-3673.2047619991913,-3454.972789486711
88859.741064,-3692.752735692973,-3457.4771518490697
88876.146855,-3692.752735692973,-3457.4771518490697
88890.049645,-3701.07383260343,-3474.984413399134
88904.27695,-3763.8609230079496,-3443.6566092252897
88920.549772,-3816.4291224338917,-3373.436703789097
88934.405771,-3814.990135750865,-3366.2354972743033
88949.100823,-3842.7688351304955,-3343.9894942033825
88965.234578,-3928.6144703449013,-3253.548474753867
88982.957507,-3978.2351799850094,-3212.5057782218596
88994.53993,-3998.102928377519,-3168.2604729351933
89009.76092,-4036.774826305693,-3162.3393755575244
89024.621005,-4071.157570680469,-3183.5194012845186
89038.877115,-4129.405248584813,-3214.9403172874404
89054.324566,-4216.203256124691,-3254.172238068213
89073.715465,-4294.673215072159,-3285.8677926161677
89087.915355,-4403.7511848939575,-3349.8873151403104
89099.286733,-4480.935092650455,-3384.2873903842433
89114.212413,-4535.880747509681,-3418.668843966044
89129.328767,-4550.166339700717,-3425.488344080025
89144.320309,-4582.095159601076,-3438.019466291435
89160.990751,-4588.191735919858,-3440.3841802662705
89174.297285,-4628.3443297708545,-3463.253943072024
89189.16212,-4643.5475366033625,-3467.6807991610913
89206.716784,-4643.5475366033625,-3467.6807991610913
89219.583707,-4696.9707851024,-3493.0269935160372
89234.228898,-4775.99687331472,-3527.0081156845954
89248.863099,-4834.606034879969,-3556.841677464715
89264.623532,-4834.606034879969,-3556.841677464715
89279.362897,-4834.606034879969,-3556.841677464715
89295.468384,-4834.606034879969,-3556.841677464715
89309.233638,-4835.03703571475,-3557.3025173100946
89323.795991,-4870.309587656955,-3582.7511169455947
89340.170742,-4839.6320607082125,-3640.4817758044283
89354.242724,-4806.813432833905,-3722.930196793049
89369.843351,-4766.264596448926,-3746.4981914098753
89384.768203,-4700.842840970878,-3767.6968174594604
89399.07399,-4690.999338067019,-3845.746298195306
89416.944544,-4690.999338067019,-3864.5941733900577
89429.252556,-4677.471473197503,-3974.7441426459036
89445.414815,-4671.1732997285335,-4081.165482620623
89459.333669,-4657.749709241751,-4144.342380244643
89473.794989,-4659.61969673578,-4148.098919714662
89490.022007,-4659.61969673578,-4148.098919714662
89504.602832,-4659.61969673578,-4148.098919714662
89519.191939,-4659.61969673578,-4148.098919714662
89533.813963,-4636.032828521697,-4187.465776254249
89557.959367,-4483.382065130479,-4228.154634161985
89557.960117,-4483.382065130479,-4228.154634161985
89560.868731,-4483.382065130479,-4228.154634161985
89576.343159,-4477.083891633844,-4319.717356035759
89590.924571,-4477.083891633844,-4319.717356035759
89606.489737,-4477.083891633844,-4319.717356035759
89621.88509,-4471.828462088682,-4363.566911088419
89636.515398,-4458.064241853182,-4364.71668175795
89651.23118,-4396.716138985691,-4360.438790070306
89671.003281,-4247.76364005543,-4352.301951381107
90065.712453,-4235.4917156646825,-4692.8414758527215
90065.713222,-4235.4917156646825,-4692.8414758527215
90072.290361,-4082.683367316628,-4558.483267167631
90072.291092,-4082.683367316628,-4558.483267167631
90084.828484,-4028.8360688994126,-4492.918425963779
90084.848345,-4028.8360688994126,-4492.918425963779
90099.739655,-4014.4531537841076,-4417.019607719145
90114.799716,-4010.8522112867568,-4318.972565258043
90131.627665,-3960.1609512031077,-4236.491636987982
90144.518336,-3999.7226573409193,-4186.292730546207
90159.750503,-4021.265747703246,-4176.750096732874
90175.419495,-4069.8159067794554,-4183.322876722664
90189.547748,-4227.430132787677,-4224.2491369889885
90204.532697,-4341.972081122625,-4244.493483824855
90219.533007,-4450.167194284511,-4230.221428849744
90234.504567,-4564.396318872401,-4195.421074269875
90249.956379,-4657.680192979566,-4181.181602795775
90264.971284,-4669.504909405766,-4128.8553827180895
90280.581633,-4681.614642500432,-4077.813922891685
90295.25049,-4685.945505718155,-4020.6931014793863
90309.610562,-4695.809863502497,-3939.724991663864
90324.700798,-4695.191168759697,-3878.6940035887774
90339.640855,-4706.251206268581,-3810.038208096772
90354.610769,-4738.027090274766,-3746.0001121333917
90369.978697,-4768.141535562052,-3754.960884105184
90384.952333,-4813.4105262178,-3711.1438716897983
90400.449249,-4825.8678405890805,-3685.499769418236
90406.702019,-4825.8678405890805,-3685.499769418236
90414.543994,-4825.8678405890805,-3685.499769418236
90429.546942,-4825.8678405890805,-3685.499769418236
90447.514655,-4827.849054096323,-3688.6185838696883
90460.005725,-4827.849054096323,-3688.6185838696883
90475.01574,-4827.849054096323,-3688.6185838696883
90490.152978,-4827.849054096323,-3688.6185838696883
90505.007939,-4827.849054096323,-3688.6185838696883
90519.957748,-4827.737828075733,-3693.8321244178337
90535.538877,-4815.739321034833,-3701.3498636086433
90549.567206,-4815.739321034833,-3701.3498636086433
90564.525034,-4815.739321034833,-3701.3498636086433
90579.966433,-4815.739321034833,-3701.3498636086433
90594.964088,-4815.739321034833,-3701.3498636086433
90609.907964,-4815.739321034833,-3701.3498636086433
90628.669375,-4815.739321034833,-3701.3498636086433
90640.087744,-4815.739321034833,-3701.3498636086433
90655.062707,-4815.739321034833,-3701.3498636086433
90670.073723,-4815.739321034833,-3701.3498636086433
90684.503875,-4812.923912376608,-3703.9287041545717
90699.972032,-4806.180834836969,-3730.54568952623
90717.331988,-4807.209675533801,-3723.321212310497
90729.505492,-4806.987223492668,-3722.334363620699
90745.054946,-4806.987223492668,-3722.334363620699
90760.188022,-4806.987223492668,-3722.334363620699
90775.145621,-4806.987223492668,-3722.334363620699
90792.567601,-4803.42799081623,-3723.349141991398
90804.967998,-4803.775572125531,-3724.280131329585
90820.073139,-4803.288958284229,-3726.062975905217
90834.95543,-4803.191635519325,-3724.1032433565038
90851.829085,-4803.191635519325,-3724.1032433565038
90865.409456,-4804.199621336955,-3730.4619004841416
90879.995784,-4804.199621336955,-3730.4619004841416
90895.607026,-4804.199621336955,-3730.4619004841416
90910.554685,-4804.199621336955,-3730.4619004841416
90925.001483,-4804.199621336955,-3730.4619004841416
90939.993636,-4804.199621336955,-3730.4619004841416
90957.71452,-4804.199621336955,-3730.4619004841416
90969.526991,-4804.199621336955,-3730.4619004841416
90985.320237,-4804.199621336955,-3730.4619004841416
91000.424053,-4804.199621336955,-3730.4619004841416
91015.777173,-4804.199621336955,-3730.4619004841416
91029.527822,-4803.038699739972,-3736.2247243792294
91045.222644,-4801.947294404764,-3752.009648056297
91059.596884,-4788.565413726,-3754.714171948165
91074.998731,-4788.565413726,-3754.714171948165
91089.600271,-4788.565413726,-3754.714171948165
91105.02241,-4788.565413726,-3754.714171948165
91119.987848,-4788.565413726,-3754.714171948165
91134.969403,-4788.565413726,-3754.714171948165
91149.969526,-4788.565413726,-3754.714171948165
91164.603113,-4786.146247757951,-3751.4696742585666
91179.603323,-4786.146247757951,-3751.4696742585666
91194.980903,-4784.867148516097,-3746.125795685785
91209.536517,-4784.867148516097,-3746.125795685785
91225.720142,-4784.867148516097,-3746.125795685785
91240.271991,-4784.867148516097,-3746.125795685785
91255.460693,-4784.867148516097,-3746.125795685785
91271.706647,-4785.791714816576,-3740.116259717213
91284.555247,-4785.791714816576,-3740.116259717213
91300.35715,-4785.791714816576,-3740.116259717213
91314.971025,-4785.791714816576,-3740.116259717213
91329.540099,-4785.791714816576,-3740.116259717213
91345.953863,-4785.791714816576,-3740.116259717213
91360.784019,-4785.791714816576,-3740.116259717213
91374.984814,-4782.600918327263,-3735.358904319796
91390.370581,-4781.1132702996365,-3734.814275563908
91404.627576,-4781.1132702996365,-3734.814275563908
91419.527282,-4781.1132702996365,-3734.814275563908
91434.977294,-4781.1132702996365,-3734.814275563908
91449.552687,-4770.713637302498,-3731.728045965402
91465.033217,-4770.713637302498,-3731.728045965402
91480.387054,-4770.713637302498,-3731.728045965402
91495.839989,-4770.713637302498,-3731.728045965402
91509.903951,-4761.176005973739,-3731.85372951963
91524.944654,-4761.176005973739,-3731.85372951963
91539.648207,-4761.176005973739,-3731.85372951963
91556.0803,-4761.176005973739,-3731.85372951963
91569.833308,-4761.176005973739,-3731.85372951963
91585.069665,-4761.176005973739,-3731.85372951963
91600.381798,-4761.176005973739,-3731.85372951963
91614.922411,-4744.137569827396,-3730.098814641297
91629.557985,-4744.179279586305,-3730.187258626375
91644.968228,-4744.179279586305,-3730.187258626375
91659.597103,-4744.179279586305,-3730.187258626375
91676.555697,-4699.299579925812,-3763.214104112539
91685.179359,-4623.02633560519,-3771.02510410193
91689.503639,-4618.04201951037,-3769.838092780218
91705.098622,-4607.684096232911,-3670.9902995933357
91721.959598,-4600.892357278306,-3589.0865007473462
91736.638528,-4541.421193728498,-3548.9096461982112
91749.978504,-4517.104404684467,-3554.984353253339
91764.968106,-4487.420960054045,-3640.812277069189
91781.290346,-4448.700401116794,-3670.8553061234547
91794.522338,-4412.016668671073,-3593.3643976263106
91811.032148,-4375.826501674014,-3526.4169372748015
91825.261034,-4284.628114907006,-3529.8243592895838
91841.040877,-4245.851942785077,-3526.635719832735
91856.80187,-4231.128398043535,-3520.6494565205294
91869.495694,-4221.792363764862,-3513.6344495984517
91884.523584,-4206.790753948368,-3515.5243585780295
91900.155629,-4169.717730239933,-3609.0469160124426
91914.614113,-4092.346128065233,-3581.415146946338
91929.964297,-4042.148433545273,-3572.4636824187787
91947.197539,-3953.807164622261,-3532.6592226684857
91959.944456,-3846.404535775342,-3496.364591488633
92425.057044,-2458.4288754574927,-3690.708655047338
92425.057716,-2458.4288754574927,-3690.708655047338
92433.317927,-2488.61978985991,-3721.314930291722
92448.912967,-2508.939394460301,-3727.422220324472
92464.112926,-2508.939394460301,-3727.422220324472
92479.06776,-2508.939394460301,-3727.422220324472
92496.09108,-2542.75905793973,-3696.9276640915737
92509.075386,-2621.4097613966014,-3609.4146568592782
92523.752229,-2741.0542068209843,-3528.0554790148476
92538.68722,-2848.4151278725826,-3466.5961961476273
92553.317756,-2906.8365976623704,-3546.391319346782
92568.803154,-2912.008607837113,-3548.4534612934235
92583.800269,-2912.008607837113,-3548.4534612934235
92598.773633,-2924.7092295990697,-3562.9303492930435
92613.70759,-3043.276172390693,-3677.283787987129
92628.745889,-3151.1584649629553,-3779.417972280389
92679.191578,-3422.2997064595916,-3826.5586113853115
92679.192157,-3422.2997064595916,-3826.5586113853115
92685.31192,-3422.2997064595916,-3826.5586113853115
92685.312603,-3422.2997064595916,-3826.5586113853115
92687.955123,-3422.2997064595916,-3826.5586113853115
92703.290353,-3709.262848609799,-3499.776668611841
92718.306235,-3709.6938494464284,-3494.5119220471743
92733.336964,-3738.8628741821626,-3472.163514593215
92748.461067,-3811.0138054110303,-3498.180021341098
92763.409778,-3857.867767822739,-3533.0129987211326
92778.475241,-3921.099762141081,-3547.5038519124387
92792.938293,-3964.2763140660722,-3560.169965211537
92810.031301,-4025.2698845387044,-3578.0356548952636
92823.360246,-4081.6197684760873,-3565.0530055082972
92838.329982,-4102.189631097195,-3543.0257919468727
92853.308545,-4159.811662582532,-3569.321592657532
92873.043102,-4184.552501030718,-3563.71703547222
92883.481229,-4208.139369477638,-3517.60512042225
92898.509369,-4268.062389179057,-3523.8334410621255
92913.684477,-4364.453640889286,-3520.0955176866805
92931.4305,-4387.296685221619,-3510.9811291147357
92943.45192,-4451.077857336198,-3504.664364330504
92958.499653,-4515.936531447686,-3538.100856952769
92973.390835,-4508.908437188783,-3568.5442163781922
92988.37261,-4523.673691600923,-3605.769832948817
93003.348577,-4576.304454841623,-3602.818596194432
93018.354192,-4595.845476542549,-3607.0918380476833
93033.306918,-4654.204379808688,-3606.6216883460042
93047.907223,-4678.5142171532325,-3668.5650721650068
93063.809482,-4727.759538167261,-3679.871938521027
93078.415042,-4749.712774146545,-3741.815315209982
93091.00126,-4793.083970839048,-3728.641816351471
93093.393493,-4793.083970839048,-3728.641816351471
93110.226396,-4814.599254317592,-3691.4720663417183
93123.293719,-4816.441435293407,-3693.5155880272837
93138.296182,-4816.441435293407,-3693.5155880272837
93153.336424,-4816.441435293407,-3693.5155880272837
93167.941735,-4816.441435293407,-3693.5155880272837
93186.31467,-4816.441435293407,-3693.5155880272837
93198.321493,-4816.441435293407,-3693.5155880272837
93213.321915,-4816.441435293407,-3693.5155880272837
93228.644819,-4816.441435293407,-3693.5155880272837
93243.273905,-4816.441435293407,-3693.5155880272837
93258.258501,-4816.441435293407,-3693.5155880272837
93273.321847,-4816.441435293407,-3693.5155880272837
93287.913968,-4816.441435293407,-3693.5155880272837
93305.581829,-4816.441435293407,-3693.5155880272837
93318.347105,-4816.441435293407,-3693.5155880272837
93332.947015,-4816.441435293407,-3693.5155880272837
93348.297614,-4816.441435293407,-3693.5155880272837
93363.278163,-4816.441435293407,-3693.5155880272837
93378.557167,-4816.441435293407,-3693.5155880272837
93393.421803,-4816.441435293407,-3693.5155880272837
93407.939932,-4816.441435293407,-3693.5155880272837
93424.580027,-4816.441435293407,-3693.5155880272837
93438.366562,-4809.976422809891,-3703.9892184626956
93453.325685,-4809.976422809891,-3703.9892184626956
93468.305963,-4809.976422809891,-3703.9892184626956
93483.277631,-4809.976422809891,-3703.9892184626956
93498.347886,-4810.706343580053,-3706.8566657009715
93513.72689,-4810.706343580053,-3706.8566657009715
93528.347577,-4810.706343580053,-3706.8566657009715
93544.255883,-4810.706343580053,-3706.8566657009715
94906.451306,-4084.796760610037,-3814.956439494694
94906.451964,-4084.796760610037,-3814.956439494694
94912.91975,-4084.796760610037,-3814.956439494694
94912.920325,-4084.796760610037,-3814.956439494694
94917.67187,-4084.796760610037,-3814.956439494694
94917.67255,-4084.796760610037,-3814.956439494694
94921.40706,-4084.796760610037,-3814.956439494694
94921.40766,-4084.796760610037,-3814.956439494694
94927.540684,-3958.76367429192,-3559.3227646948285
94927.549618,-3958.76367429192,-3559.3227646948285
94942.575247,-3844.0479344063087,-3518.964365288142
94959.185846,-3767.0586711897977,-3490.2247145978135
94973.094636,-3767.0586711897977,-3490.2247145978135
94987.499661,-3741.643524776637,-3466.6567104782703
95002.129407,-3790.1033129718458,-3393.5228094485656
95017.531568,-3812.369372574855,-3370.983545539907
95032.466328,-3889.7062170413164,-3281.3571461588986
95047.917078,-3917.206851328455,-3256.322825025196
95062.167718,-3917.206851328455,-3256.322825025196
95077.669091,-3917.206851328455,-3256.322825025196
95092.60786,-3917.206851328455,-3256.322825025196
95107.643141,-3940.9675105640645,-3253.7067430540906
95122.112295,-3973.6193000171097,-3212.5430178225292
95137.097125,-3996.9976197756005,-3160.579804156506
95152.528448,-4037.3657145538677,-3172.384759275891
95167.492123,-4078.9781504257057,-3185.609474125389
95182.211905,-4111.984472743923,-3198.35938373512
95199.020263,-4153.207617479275,-3235.3988239805444
95212.53017,-4211.9488607572475,-3267.3550566557988
95227.625389,-4309.744341115367,-3299.2600832871485
95242.155742,-4396.319896281948,-3358.722409068506
95257.195594,-4422.833399335969,-3373.534457730128
95272.491523,-4524.347999360949,-3405.746705660751
95289.23714,-4631.166690073167,-3448.246388661081
95302.146809,-4768.1484871857365,-3516.9673925172965
95317.197243,-4808.648662186387,-3534.3070742830255
95332.206757,-4808.648662186387,-3534.3070742830255
95347.540941,-4841.196176635824,-3538.3289493977263
95362.511728,-4830.059671268303,-3614.5025144689716
95363.696609,-4830.059671268303,-3614.5025144689716
95377.116723,-4833.479871418828,-3648.0739947860643
95392.979587,-4833.479871418828,-3648.0739947860643
95409.797773,-4833.479871418828,-3648.0739947860643
95425.154924,-4833.479871418828,-3648.0739947860643
95437.584285,-4833.479871418828,-3648.0739947860643
95452.118131,-4833.479871418828,-3648.0739947860643
95467.628154,-4833.479871418828,-3648.0739947860643
95482.593008,-4832.610918125559,-3671.7909504845716
95497.132716,-4834.612986503639,-3674.434960406351
95512.509285,-4834.612986503639,-3674.434960406351
95528.85055,-4834.473953979992,-3671.2323568384677
95542.124719,-4834.473953979992,-3671.2323568384677
95557.47927,-4839.235818008474,-3653.1199575654887
95574.991024,-4838.902139946953,-3653.2549510381755
95587.480632,-4838.902139946953,-3653.2549510381755
95602.547195,-4838.902139946953,-3653.2549510381755
95617.378576,-4838.902139946953,-3653.2549510381755
95632.497747,-4838.902139946953,-3653.2549510381755
95647.570133,-4841.029337600873,-3679.5786768591397
95662.280584,-4841.029337600873,-3679.5786768591397
95677.477912,-4844.25489221249,-3660.7680357620343
95694.490336,-4838.929946449881,-3662.8860367055822
95707.507333,-4837.310217516178,-3656.3225612253414
95722.528383,-4837.664750465367,-3668.830404146736
95738.31213,-4848.44672288162,-3676.8555328673983
95753.065899,-4853.152973902373,-3671.274251356346
95768.957676,-4848.606610292873,-3675.561457583392
95783.501341,-4843.935117406599,-3682.604392402063
95797.683377,-4845.2628780291325,-3677.437401234965
95814.300125,-4843.754375116069,-3677.2046538833615
95827.092574,-4836.615054889876,-3667.876140001415
95844.890737,-4839.840609501834,-3663.2956720526445
95857.199226,-4836.128441040703,-3665.3578136200645
95872.503225,-4831.561222549936,-3659.0643250982816
95887.932601,-4826.11114750953,-3659.292417511074
95903.014391,-4826.187615403362,-3656.2061875451204
95917.108834,-4821.404896493979,-3648.3346718316075
95932.093406,-4822.781318507981,-3655.0284859114286
95948.248797,-4824.567886469013,-3659.1248394217196
95962.684423,-4830.852156667803,-3672.307649611267
95980.188812,-4817.449421110716,-3691.122945321908
95992.555008,-4816.135563734795,-3696.0618439778336
96007.571136,-4816.135563734795,-3696.0618439778336
96024.052125,-4816.135563734795,-3696.0618439778336
96039.620175,-4816.135563734795,-3696.0618439778336
96052.748595,-4816.135563734795,-3696.0618439778336
96067.575492,-4816.135563734795,-3696.0618439778336
96083.112501,-4816.135563734795,-3696.0618439778336
96097.572621,-4816.135563734795,-3696.0618439778336
96112.550016,-4816.135563734795,-3696.0618439778336
96130.823061,-4814.126543732155,-3698.640684545219
96142.552262,-4810.949650500586,-3703.807675539025
96158.057669,-4810.949650500586,-3703.807675539025
96172.560736,-4802.44085987801,-3724.6990765259225
96188.627395,-4800.605630525254,-3727.9528842422087
96205.855166,-4800.605630525254,-3727.9528842422087
96217.554269,-4791.69364556847,-3722.297124049566
96234.166021,-4790.915063423837,-3721.6919809758747
96250.580199,-4788.621026732221,-3720.328081598596
96262.834065,-4785.20777820187,-3735.019093214102
96279.407833,-4789.343995870678,-3740.5072752246874
96292.817614,-4790.164287774051,-3742.089957051878
96307.576683,-4784.860196884164,-3735.0004734238664
96323.058217,-4784.735067615962,-3734.3953303736434
96337.609088,-4786.403457934385,-3738.1565272125663
96352.118206,-4783.525484636043,-3739.329573746387
96368.165244,-4784.85324526034,-3716.6832583120777
96382.593905,-4785.972457099104,-3721.766460129118
96398.493403,-4782.795563865413,-3726.9055212535795
96413.061759,-4795.343249395391,-3726.4819211019394
96427.129908,-4785.068745678061,-3731.4720238973446
96442.889974,-4792.361001700659,-3729.763658487349
96457.508906,-4789.100688950016,-3742.732339675136
96473.153462,-4791.610226050897,-3750.319902481616
96487.509978,-4793.494116786577,-3729.2888539338073
96504.870216,-4790.650901623757,-3747.340736729946
96517.11732,-4790.282465426665,-3749.0909966073814
96532.580399,-4788.676639746693,-3741.7361811147866
96547.568992,-4789.969642244186,-3743.416616812664
96563.037652,-4790.497965844356,-3743.3933420781336
96577.918344,-4788.711397873478,-3746.1490704206403
96592.125888,-4787.592186034934,-3748.3601700071663
96607.601007,-4794.432586342476,-3746.16303526537
96622.713647,-4793.973779004168,-3744.9620590635623
96637.148903,-4794.766264404497,-3742.7742341895964
96652.977104,-4795.885476242849,-3733.320037703619
96668.242282,-4800.438791490142,-3736.364372779771
96682.579258,-4804.679283554425,-3734.553598552872
96697.117392,-4801.585809839844,-3736.0012869396205
96712.084969,-4802.315730601752,-3730.033645391236
96728.47524,-4798.610513769228,-3727.045169644434
96743.039374,-4789.267527985172,-3735.9687023137885
96757.138633,-4788.947753170466,-3737.695687498106
96772.597923,-4803.65044285753,-3731.0949732193812
96788.512609,-4796.031460398554,-3735.8430187597837
96802.573955,-4798.388061728048,-3733.427101479175
96817.899559,-4800.556969142725,-3739.404052886338
96833.173774,-4797.526060057728,-3741.657047020649
96847.555186,-4813.250638814665,-3736.378337615017
96863.066428,-4813.174170920954,-3736.1967946998984
96877.964415,-4803.0665062430735,-3739.6600749499858
96894.021682,-4806.604884048365,-3736.266618894161
96907.106683,-4794.13366641563,-3752.0561975142277
96922.603609,-4796.921268572008,-3753.606294688502
96937.981841,-4803.5183619574545,-3754.7281367818873
96952.455881,-4805.200655522485,-3760.579404449925
96967.483629,-4801.300793160402,-3755.9477327563277
96982.998224,-4796.893462060652,-3749.6170055613106
96998.146581,-4793.334229383363,-3743.453856382045
97012.558151,-4788.481994208422,-3738.9013186568895
97027.108886,-4788.481994208422,-3738.9013186568895
97042.58444,-4789.920980853393,-3744.0915840591506
97057.60462,-4790.4145463267805,-3749.83578805243
97072.989782,-4791.325209371386,-3752.5682416319783
97087.584898,-4796.976881578216,-3746.2980287085875
97103.059934,-4796.983833210142,-3746.288718818461
97117.48225,-4796.983833210142,-3746.288718818461
97132.551559,-4796.983833210142,-3746.288718818461
97147.109249,-4796.983833210142,-3746.288718818461
97162.785385,-4796.983833210142,-3746.288718818461
97177.62348,-4796.983833210142,-3746.288718818461
97192.793698,-4796.983833210142,-3746.288718818461
97207.608259,-4793.487165162899,-3744.887579914247
97222.96998,-4791.9717106243,-3744.612938073389
97237.813042,-4791.9717106243,-3744.612938073389
97252.111026,-4791.443387023999,-3733.8507016154094
97267.097619,-4791.394725641608,-3734.6327326479586
97282.551869,-4790.261610547381,-3741.6710118657597
97297.776547,-4790.261610547381,-3741.6710118657597
97312.924281,-4790.261610547381,-3741.6710118657597
97327.535632,-4790.261610547381,-3741.6710118657597
97343.748593,-4790.261610547381,-3741.6710118657597
97357.855536,-4790.261610547381,-3741.6710118657597
97372.475363,-4790.261610547381,-3741.6710118657597
97387.950059,-4790.261610547381,-3741.6710118657597
97403.069928,-4790.261610547381,-3741.6710118657597
97417.185431,-4790.261610547381,-3741.6710118657597
97432.928522,-4790.261610547381,-3741.6710118657597
97449.145885,-4790.261610547381,-3741.6710118657597
97462.549054,-4790.261610547381,-3741.6710118657597
97477.885003,-4787.334975858511,-3744.1195137398
97492.135009,-4777.498424606533,-3740.041780567741
97508.496312,-4780.744834102462,-3733.064015636444
97522.490221,-4776.4973904120925,-3726.6494991849877
97537.181675,-4772.117865821128,-3731.844419630507
97553.281736,-4772.521060153431,-3733.1710794127193
97567.951812,-4772.521060153431,-3733.1710794127193
97582.629125,-4774.258966734182,-3728.2321810463995
97597.932731,-4774.377144378591,-3727.9808139230527
97612.14585,-4770.89437958509,-3733.417791577689
97627.651101,-4768.934020962717,-3732.621795709458
97642.652431,-4768.934020962717,-3732.621795709458
97657.799489,-4768.934020962717,-3732.621795709458
97672.096437,-4768.934020962717,-3732.621795709458
97689.775153,-4768.934020962717,-3732.621795709458
97702.922513,-4768.934020962717,-3732.621795709458
97717.560543,-4768.934020962717,-3732.621795709458
97732.096749,-4768.934020962717,-3732.621795709458
97747.505877,-4768.934020962717,-3732.621795709458
97762.878752,-4768.934020962717,-3732.621795709458
97777.614055,-4768.934020962717,-3732.621795709458
97792.584756,-4768.934020962717,-3732.621795709458
97807.117668,-4768.934020962717,-3732.621795709458
97822.131767,-4768.934020962717,-3732.621795709458
97838.717863,-4768.934020962717,-3732.621795709458
97852.106652,-4768.934020962717,-3732.621795709458
97867.676617,-4768.934020962717,-3732.621795709458
97885.553927,-4759.340776619197,-3728.171666740677
97899.281081,-4758.833307897936,-3728.3206250322532
97912.581961,-4757.067594813567,-3722.511251593917
97927.300815,-4756.845142763773,-3722.190060272435
97943.55288,-4756.845142763773,-3722.190060272435
97957.59163,-4756.845142763773,-3722.190060272435
97972.220897,-4756.845142763773,-3722.190060272435
97987.57795,-4756.845142763773,-3722.190060272435
98002.098174,-4756.845142763773,-3722.190060272435
98017.530231,-4756.845142763773,-3722.190060272435
98032.674092,-4756.845142763773,-3722.190060272435
98048.02203,-4756.845142763773,-3722.190060272435
98062.081268,-4759.493712398707,-3729.7822782786884
98079.987215,-4760.279246175851,-3739.5902507551173
98092.699707,-4758.993195301279,-3743.649364139926
98107.655108,-4743.219955149841,-3732.3797384884324
98122.181656,-4743.219955149841,-3732.3797384884324
98138.416737,-4743.219955149841,-3732.3797384884324
98152.563336,-4743.219955149841,-3732.3797384884324
98167.580682,-4741.913049395303,-3730.8901555674242
98182.07578,-4741.82962987763,-3725.4252482100674
98197.098705,-4741.509855070962,-3729.6007353506816
98212.986337,-4739.931835892285,-3728.4323437534918
98808.972889,-4799.399365629578,-3817.566615936476
98808.973636,-4799.399365629578,-3817.566615936476
98819.39797,-4799.399365629578,-3817.566615936476
98819.398569,-4799.399365629578,-3817.566615936476
98823.986269,-4799.399365629578,-3817.566615936476
98838.721508,-4693.8425532447345,-3778.4823280783917
98854.550742,-4643.040067880883,-3773.1337947766347
98868.664407,-4623.846627519989,-3731.597707452999
98884.128377,-4611.34065169915,-3671.330110722234
98899.520891,-4616.213741773445,-3540.3398869506555
98918.140251,-4605.1954140006765,-3443.2795583876364
98928.701737,-4684.0963731045995,-3420.5028938396886
98946.907127,-4647.690705909679,-3372.9665539159264
98958.685607,-4612.925622506225,-3286.6684439932237
98974.637724,-4572.397640818485,-3243.7963541803374
98992.114698,-4546.322090322169,-3321.36178448544
98992.115365,-4546.322090322169,-3321.36178448544
98996.25142,-4528.838749998221,-3343.123673608528
99012.110591,-4465.641514611949,-3381.829577217603
99029.659562,-4435.700859777625,-3341.294278460562
99042.598213,-4432.287611219813,-3266.2285587560577
99056.20866,-4404.488057294612,-3251.5515011499506
99072.710354,-4296.292944025857,-3263.7241956397525
99086.205959,-4246.116104588376,-3264.981032152601
99104.669905,-4204.406346084516,-3240.72408704213
99117.632165,-4197.114089974883,-3237.8054332560278
99131.622212,-4197.114089974883,-3237.8054332560278
99146.776729,-4197.114089974883,-3237.8054332560278
99164.185771,-4122.4883802819695,-3201.9436956275003
99176.219525,-4028.203470899979,-3161.259426970878
99192.155934,-4044.8317613489,-3102.0670698979866
99206.193881,-4098.150736140603,-3042.730403796908
99221.569168,-4141.375949296314,-3001.231508364149
99236.804531,-4176.460807866631,-2950.706657685787
99251.547204,-4230.308106121682,-2891.4072170846107
99268.107474,-4274.979257452747,-2839.867577896521
99282.247378,-4324.328853315424,-2782.1601210851077
99296.598916,-4359.031372302664,-2746.9314314727053
99311.182944,-4387.75549256416,-2726.984953989807
99326.21615,-4410.716714538723,-2707.2991533135237
99341.572491,-4408.374016444306,-2687.8507547045383
99357.302621,-4439.440834767924,-2632.3730073717325
99371.79631,-4415.450772110003,-2565.7699124670926
99386.637221,-4512.6067024138965,-2557.4887471889433
99402.077718,-4567.858228802968,-2626.102783396571
99416.604409,-4496.8612686768265,-2696.355356089803
99434.018352,-4510.674150283338,-2814.9635780599783
99446.16394,-4510.681101915311,-2909.514983112658
99463.908086,-4525.92601854742,-3001.1616840783195
99491.330637,-4423.097561138264,-3080.314482429735
99491.331267,-4423.097561138264,-3080.314482429735
99493.117067,-4422.743028193958,-3096.1506268535827
99508.020737,-4422.103478559493,-3162.870039946302
99524.10892,-4437.5360891458195,-3239.3881163356177
99538.569999,-4499.774000129518,-3253.9069059113103
99553.360191,-4525.9190669237005,-3247.8880553819704
99568.273092,-4564.917690851613,-3254.591183585897
99583.406734,-4575.65795358563,-3342.4393960293423
99598.449182,-4589.178866862991,-3440.993978554955
99619.370768,-4705.562995263819,-3497.4166098149026
99619.371353,-4705.562995263819,-3497.4166098149026
99621.670356,-4724.652161199696,-3503.845093432273
99637.032157,-4802.211456204776,-3536.9790144774342
99651.751099,-4835.6835369585915,-3557.2932074181454
99666.703945,-4835.6835369585915,-3557.2932074181454
99682.04683,-4866.854629374476,-3576.569346352997
99696.677527,-4835.16911661458,-3661.3499041470914
99696.907527,-4835.16911661458,-3661.3499041470914
99712.10376,-4832.096497781505,-3662.443816729459
99728.326135,-4832.096497781505,-3662.443816729459
99742.520842,-4832.096497781505,-3662.443816729459
99757.422106,-4832.096497781505,-3662.443816729459
99772.34226,-4832.096497781505,-3662.443816729459
99786.690464,-4832.096497781505,-3662.443816729459
99802.090238,-4831.61683556435,-3657.5700870712726
99819.094692,-4831.61683556435,-3657.5700870712726
99831.715674,-4831.61683556435,-3657.5700870712726
99847.080755,-4831.61683556435,-3657.5700870712726
99862.466244,-4831.61683556435,-3657.5700870712726
99877.212016,-4831.61683556435,-3657.5700870712726
99892.067803,-4831.61683556435,-3657.5700870712726
99906.648014,-4831.61683556435,-3657.5700870712726
99924.060052,-4821.613445279442,-3650.4666376647674
99936.677583,-4821.613445279442,-3650.4666376647674
99952.567679,-4821.613445279442,-3650.4666376647674
99967.22783,-4821.613445279442,-3650.4666376647674
99982.502996,-4821.613445279442,-3650.4666376647674
99999.034276,-4816.128612110973,-3649.3541052773016
100012.127716,-4818.33922928372,-3648.278812464808
100034.526958,-4807.466885710103,-3670.385156469793
100544.497197,-4810.172769252118,-3860.951078966934
100544.497836,-4810.172769252118,-3860.951078966934
100551.996108,-4810.172769252118,-3860.951078966934
100551.996779,-4810.172769252118,-3860.951078966934
100559.496771,-4794.210134301271,-3739.134065987081
100560.468812,-4794.210134301271,-3739.134065987081
100560.469351,-4794.210134301271,-3739.134065987081
101045.123132,-4810.172769252118,-3860.951078966934
101045.123756,-4810.172769252118,-3860.951078966934
101057.898348,-4810.172769252118,-3860.951078966934
101072.868715,-4810.172769252118,-3860.951078966934
101087.935997,-4810.172769252118,-3860.951078966934
101104.284559,-4810.172769252118,-3860.951078966934
101108.109493,-4774.092127698965,-3763.986825209069
101119.896931,-4779.368412087232,-3763.269963458534
101135.251495,-4780.2999300115125,-3762.8975677565772
101148.063637,-4780.334688146558,-3763.0930754969136
101164.600196,-4780.334688146558,-3763.0930754969136
101178.771621,-4780.334688146558,-3763.0930754969136
101193.047503,-4780.334688146558,-3763.0930754969136
101208.425944,-4780.334688146558,-3763.0930754969136
101223.614426,-4780.334688146558,-3763.0930754969136
101238.003586,-4781.877949188695,-3754.216092677335
101253.330203,-4782.072594726992,-3752.6473757253907
101268.035494,-4783.608904145237,-3752.4285932352423
101283.284926,-4778.80533035173,-3751.2834764031136
101300.381572,-4779.361460463403,-3754.7793411961165
101313.308482,-4782.837273624282,-3757.5769640025114
101328.838871,-4783.963437095028,-3755.575337037291
101346.298314,-4783.963437095028,-3755.575337037291
101357.964744,-4776.935342871152,-3756.003592114513
101373.398117,-4776.67118107098,-3753.9321409404224
101388.400736,-4776.67118107098,-3753.9321409404224
101403.033004,-4776.67118107098,-3753.9321409404224
101420.76495,-4776.67118107098,-3753.9321409404224
101433.016621,-4776.67118107098,-3753.9321409404224
101447.990979,-4776.67118107098,-3753.9321409404224
101463.766501,-4776.67118107098,-3753.9321409404224
101478.061987,-4776.67118107098,-3753.9321409404224
101493.050142,-4776.67118107098,-3753.9321409404224
101508.32813,-4776.67118107098,-3753.9321409404224
101523.042456,-4776.67118107098,-3753.9321409404224
101537.612459,-4777.060472147482,-3749.058411982089
101553.329893,-4777.060472147482,-3749.058411982089
101568.142032,-4764.429367094603,-3737.732927068285
101583.539493,-4764.429367094603,-3735.9826671596406
101598.127064,-4764.429367094603,-3735.9826671596406
101613.150024,-4764.429367094603,-3735.9826671596406
101628.163326,-4764.429367094603,-3735.9826671596406
101643.221955,-4764.429367094603,-3735.9826671596406
101657.614875,-4764.429367094603,-3735.9826671596406
101672.609832,-4764.429367094603,-3735.9826671596406
101688.140903,-4761.607006809273,-3731.1182479547406
101703.161228,-4758.492678212096,-3735.8895682304096
101720.33183,-4758.492678212096,-3735.8895682304096
101733.123114,-4758.492678212096,-3735.8895682304096
101748.689176,-4758.492678212096,-3735.8895682304096
101763.162589,-4758.492678212096,-3735.8895682304096
101777.603881,-4758.492678212096,-3735.8895682304096
101793.582072,-4758.492678212096,-3735.8895682304096
101808.152018,-4758.492678212096,-3735.8895682304096
101823.168533,-4759.007098556895,-3730.6899928714993
101839.290084,-4759.007098556895,-3730.6899928714993
101853.38659,-4759.007098556895,-3730.6899928714993
101868.07015,-4749.775338784899,-3725.2576701258677
101883.533106,-4741.064950979455,-3725.094746998425
101897.647563,-4735.976360501258,-3725.3228393880804
101913.467478,-4735.976360501258,-3725.3228393880804
101928.20367,-4731.64549729698,-3734.1160335719637
101943.14757,-4728.260055265202,-3729.5309111551564
101958.049124,-4725.201339679994,-3739.4924968689397
101966.965681,-4725.201339679994,-3739.4924968689397
101973.502037,-4726.8002137386775,-3740.1534992869992
101987.594176,-4726.8002137386775,-3740.1534992869992
102003.055346,-4727.279875957169,-3740.781917067445
102017.601559,-4693.383745905493,-3777.7980509671224
102032.608782,-4623.248787647278,-3790.613117953737
102050.559419,-4612.021911081551,-3757.432660671994
102062.600799,-4609.345534934337,-3693.9345332436915
102078.418,-4606.425851865125,-3647.4036823829
102092.649596,-4648.712594986622,-3580.9775818592934
102107.611705,-4663.978366450496,-3687.3198536767886
102124.466498,-4693.793891862232,-3766.211889577939
102138.071313,-4604.382073717487,-3779.2457392667634
102151.633571,-4725.201339679994,-3739.4924968689397
102153.108426,-4591.8204848762325,-3757.9679795095103
102168.219077,-4599.223966952702,-3757.0416451659644
102182.969161,-4599.286531591123,-3757.4652452964624
102198.372118,-4599.286531591123,-3757.4652452964624
102213.510963,-4599.286531591123,-3757.4652452964624
102227.603353,-4601.879488221153,-3755.6125766156642
102243.644231,-4601.879488221153,-3755.6125766156642
102258.065224,-4601.879488221153,-3755.6125766156642
102272.965237,-4602.393908576069,-3755.1563918599736
102287.983986,-4604.04839564574,-3753.4526814580995
102302.965588,-4606.564884389512,-3733.6272641851124
102318.258354,-4663.206735927237,-3699.6508080083804
102333.488434,-4678.194442337837,-3832.177131097313
102341.989457,-4725.201339679994,-3739.4924968689397
102347.596415,-4670.366911070268,-3978.635676512158
102362.606896,-4648.552707583017,-4144.142217667128
102378.520834,-4650.068162126691,-4176.698892353307
102392.961644,-4650.068162126691,-4176.698892353307
102408.369184,-4639.174963630945,-4187.279578526717
102422.627478,-4516.471806683308,-4201.840240944044
102438.016761,-4449.117498699533,-4242.813049451102
102452.697249,-4305.642881537375,-4238.442058074819
102467.613143,-4191.003610348269,-4295.548895087083
102483.088961,-4109.878129935429,-4333.477365351996
102498.380483,-4051.1785962943627,-4448.217025551338
102512.955951,-4013.702378129883,-4358.758356005293
102527.608444,-3962.017035469078,-4254.133870415158
102545.345339,-3969.9696961336,-4188.820364745304
102558.047545,-3882.3027348547016,-4134.850950184575
102572.682854,-3759.7525117614623,-4105.832030707156
102589.503845,-3704.695630001966,-4209.460382869281
102602.683652,-3559.0382000064583,-4218.099957247401
102618.712104,-3431.59403111948,-4236.212340418871
102633.08687,-3347.6044794325794,-4204.735615597001
102651.258671,-3364.684625815842,-4117.348361763773
102664.246026,-3369.5021030023395,-4108.55982781366
102677.964031,-3369.5021030023395,-4108.55982781366
102692.832546,-3369.5021030023395,-4108.55982781366
102707.980729,-3347.632285936494,-4063.4161806736406
102723.094509,-3348.7306429274217,-4005.4155734347505
102737.605163,-3356.3982869925876,-3954.4253080939616
102753.152884,-3463.8704330543333,-4037.0598861289677
102768.03898,-3602.923818122505,-4159.470946758403
102785.936378,-3708.2409595128747,-4212.672293619589
102796.465441,-3745.494725850824,-4152.646799566112
102796.466024,-3745.494725850824,-4152.646799566112
102798.717812,-3752.6966108819506,-4126.295163663613
102813.752963,-3852.2160955025684,-4113.149602448941
102829.619094,-3949.3094623070588,-4150.742927655636
102844.40363,-4034.8422741474524,-4173.203029881313
102858.717618,-4203.634715553485,-4214.036191940017
102874.56792,-4408.109854641926,-4236.179755819422
102889.452271,-4498.209884197826,-4207.938216477417
102903.747233,-4646.091831848067,-4169.2602928263805
102918.733979,-4685.4102304845965,-4037.692958569681
102934.365028,-4691.777920221728,-3841.393923877403
102948.724611,-4745.145555646432,-3736.4574717100427
102954.191097,-4789.601206047089,-3740.409521349856
102967.093588,-4809.510663848082,-3711.381273973924
102979.657675,-4800.946260210758,-3723.409656308201
102994.546623,-4800.007790663255,-3723.7401575197305
103009.180905,-4800.007790663255,-3723.7401575197305
103024.144911,-4800.007790663255,-3723.7401575197305
103038.744912,-4800.007790663255,-3723.7401575197305
103054.09654,-4800.007790663255,-3723.7401575197305
103069.535653,-4800.007790663255,-3723.7401575197305
103084.400798,-4800.007790663255,-3723.7401575197305
103099.261147,-4800.007790663255,-3723.7401575197305
103114.177334,-4787.724266934913,-3733.9205258214047
103129.557158,-4787.724266934913,-3733.9205258214047
103144.165062,-4787.724266934913,-3733.9205258214047
103159.506698,-4787.724266934913,-3733.9205258214047
103174.271656,-4791.332161003466,-3743.779702637868
103189.308922,-4788.579316973504,-3746.642494752737
103204.645159,-4788.4055263146665,-3742.555451708058
103219.188935,-4788.4055263146665,-3742.555451708058
103235.585079,-4788.4055263146665,-3742.555451708058
103249.613033,-4788.4055263146665,-3742.555451708058
103264.188922,-4788.4055263146665,-3742.555451708058
103279.28914,-4785.972457099104,-3732.1981955726455
103294.086277,-4785.972457099104,-3732.1981955726455
103309.108821,-4785.972457099104,-3732.1981955726455
103324.651627,-4785.972457099104,-3732.1981955726455
103339.289105,-4785.972457099104,-3732.1981955726455
103354.206228,-4785.972457099104,-3732.1981955726455
103369.687819,-4785.972457099104,-3732.1981955726455
103383.759822,-4785.784763192898,-3735.1308119343093
103400.152918,-4790.296368682418,-3739.1247560976335
103416.495545,-4785.047890798627,-3737.2208829497263
103429.19818,-4784.922761522321,-3741.712906380593
103444.667612,-4782.204675626987,-3735.9780122149114
103459.55218,-4782.204675626987,-3735.9780122149114
103473.772019,-4782.204675626987,-3735.9780122149114
103489.467549,-4769.156473004197,-3728.9816274492646
103504.255551,-4765.972628145563,-3727.259297198241
103519.135958,-4765.972628145563,-3727.259297198241
103533.75013,-4765.972628145563,-3727.259297198241
103549.084788,-4768.468262000453,-3725.9140176120804
103564.159596,-4769.260747401258,-3726.477266156836
103579.442184,-4769.260747401258,-3726.477266156836
103594.139632,-4769.260747401258,-3726.477266156836
103609.499525,-4769.260747401258,-3726.477266156836
103624.120796,-4769.260747401258,-3726.477266156836
103638.738966,-4769.260747401258,-3726.477266156836
103653.737687,-4769.260747401258,-3726.477266156836
103669.906156,-4769.260747401258,-3726.477266156836
103684.14105,-4769.260747401258,-3726.477266156836
103699.480836,-4769.260747401258,-3726.477266156836
103714.176783,-4769.260747401258,-3726.477266156836
103730.582456,-4769.260747401258,-3726.477266156836
103744.580792,-4769.260747401258,-3726.477266156836
103759.12029,-4769.260747401258,-3726.477266156836
103774.496045,-4769.260747401258,-3726.477266156836
103789.159681,-4769.260747401258,-3726.477266156836
103804.121114,-4769.260747401258,-3726.477266156836
103819.543659,-4769.260747401258,-3726.477266156836
103834.175315,-4769.260747401258,-3726.477266156836
103849.14262,-4770.678879167296,-3731.369615077746
103864.131468,-4772.840834959866,-3740.535204904674
103880.195515,-4772.5766731596705,-3740.3164224119682
103894.511652,-4772.5766731596705,-3740.3164224119682
103909.12393,-4772.5766731596705,-3740.3164224119682
103924.193236,-4766.4870484904195,-3739.939371747815
103939.164749,-4766.4870484904195,-3739.939371747815
103954.547399,-4766.4870484904195,-3739.939371747815
103969.35249,-4766.4870484904195,-3739.939371747815
103984.666869,-4766.4870484904195,-3739.939371747815
103999.268973,-4766.4870484904195,-3739.939371747815
104014.192161,-4770.039329546141,-3736.122315560196
104029.222681,-4769.573570583888,-3735.6335461649314
104044.218068,-4769.573570583888,-3735.6335461649314
104059.214094,-4769.573570583888,-3735.6335461649314
104074.592709,-4769.573570583888,-3735.6335461649314
104089.21267,-4769.573570583888,-3735.6335461649314
104104.20742,-4769.573570583888,-3735.6335461649314
104120.094083,-4769.573570583888,-3735.6335461649314
104134.218122,-4769.573570583888,-3735.6335461649314
104149.241112,-4769.573570583888,-3735.6335461649314
104164.487568,-4769.573570583888,-3735.6335461649314
104179.310113,-4769.0243921040155,-3743.560920156425
104194.631764,-4769.0243921040155,-3743.560920156425
104210.918279,-4769.0243921040155,-3743.560920156425
104225.433117,-4769.0243921040155,-3743.560920156425
104239.927476,-4769.0243921040155,-3743.560920156425
104254.188787,-4769.0243921040155,-3743.560920156425
104271.482549,-4769.0243921040155,-3743.560920156425
104284.652801,-4769.0243921040155,-3743.560920156425
104299.210007,-4769.0243921040155,-3743.560920156425
104314.548695,-4769.0243921040155,-3743.560920156425
104329.20328,-4769.0243921040155,-3743.560920156425
104344.205349,-4769.0243921040155,-3743.560920156425
104359.525316,-4769.0243921040155,-3743.560920156425
104374.166067,-4769.0243921040155,-3743.560920156425
104388.729197,-4769.0243921040155,-3743.560920156425
104404.214284,-4769.0243921040155,-3743.560920156425
104419.202221,-4769.0243921040155,-3743.560920156425
104434.207362,-4769.0243921040155,-3743.560920156425
104449.572657,-4769.0243921040155,-3743.560920156425
104464.212773,-4769.0243921040155,-3743.560920156425
104479.435563,-4769.0243921040155,-3743.560920156425
104494.21285,-4769.0243921040155,-3743.560920156425
104508.730748,-4769.0243921040155,-3743.560920156425
104524.601093,-4761.502732412194,-3743.812287274544
104541.370154,-4761.502732412194,-3743.812287274544
104554.13931,-4761.502732412194,-3743.812287274544
104569.57361,-4761.502732412194,-3743.812287274544
104584.140077,-4761.502732412194,-3743.812287274544
104600.364236,-4761.502732412194,-3743.812287274544
104614.46368,-4761.502732412194,-3743.812287274544
104628.701286,-4761.502732412194,-3743.812287274544
104644.626341,-4761.502732412194,-3743.812287274544
104660.434635,-4761.502732412194,-3743.812287274544
104674.192052,-4761.502732412194,-3743.812287274544
104689.913393,-4757.693241179155,-3743.933315883048
104705.588665,-4757.693241179155,-3743.933315883048
104719.500913,-4757.693241179155,-3743.933315883048
104734.571801,-4757.693241179155,-3743.933315883048
104749.239866,-4757.693241179155,-3743.933315883048
104763.306758,-4757.693241179155,-3743.933315883048
104763.700574,-4757.693241179155,-3743.933315883048
104780.931578,-4731.715013559043,-3740.6701983588196
104808.565673,-4598.181223003329,-3732.4774923636014
104808.566328,-4598.181223003329,-3732.4774923636014
104810.84552,-4598.181223003329,-3732.4774923636014
104825.841784,-4599.7522905552105,-3602.7860115642443
104841.704293,-4596.693574961089,-3540.1676538725055
104842.353976,-4757.693241179155,-3743.933315883048
104856.340891,-4598.160368123951,-3532.9617943009093
104871.256972,-4598.160368123951,-3532.9617943009093
104886.287611,-4596.304283882961,-3504.096460632797
104901.237628,-4635.998070386538,-3476.9488016524806
104917.769206,-4756.0665606185,-3516.2132909068155
104924.361381,-4757.693241179155,-3743.933315883048
104930.82821,-4839.49302818458,-3554.737641006333
104946.266475,-4842.704679548981,-3561.505935243323
104961.770891,-4842.704679548981,-3561.505935243323
104976.651968,-4842.704679548981,-3561.505935243323
104991.291869,-4842.704679548981,-3561.505935243323
105005.904472,-4865.241852073771,-3577.5934348596984
105021.513952,-4823.62941691379,-3667.7411465313508
105038.247647,-4768.099825803318,-3739.0595868478263
105054.391737,-4686.578103716728,-3778.0773477497523
105066.514484,-4609.053566629915,-3751.0507290794467
105082.930834,-4585.424988629514,-3685.0854791412444
105097.759322,-4573.023287195136,-3567.3758244744895
105110.909539,-4505.668979296465,-3555.8036240862443
105127.644756,-4472.349834068973,-3677.954100358981
105147.676461,-4392.593824535754,-3553.5785589811912
105147.677072,-4392.593824535754,-3553.5785589811912
105150.245746,-4391.717919610004,-3537.4724389614653
105165.250915,-4273.623690301463,-3539.6044051637336
105181.132428,-4240.68688436434,-3538.3103296129652
105195.920045,-4187.145457683959,-3536.5693790491673
105210.950967,-4139.575478052277,-3617.0068762124347
105227.724023,-3975.9619981326373,-3566.2446721473843
105240.672564,-3943.080805003594,-3656.39238542803
105255.643338,-3945.7224230610977,-3683.321254241225
105272.432028,-3945.7224230610977,-3683.321254241225
105285.242815,-3945.7224230610977,-3683.321254241225
105300.689822,-3945.7224230610977,-3683.321254241225
105316.149826,-3945.7224230610977,-3683.321254241225
105330.689793,-3945.7224230610977,-3683.321254241225
105345.243111,-3945.7224230610977,-3683.321254241225
105360.808298,-3945.7224230610977,-3683.321254241225
105375.71233,-3945.7224230610977,-3683.321254241225
105391.152422,-3945.7224230610977,-3683.321254241225
105405.216143,-3945.7224230610977,-3683.321254241225
105421.629493,-3945.7224230610977,-3683.321254241225
105436.154866,-3945.7224230610977,-3683.321254241225
105450.710965,-3945.7224230610977,-3683.321254241225
105465.980948,-3945.7224230610977,-3683.321254241225
105481.264736,-3945.7224230610977,-3683.321254241225
105495.690854,-3945.7224230610977,-3683.321254241225
105511.053278,-3945.7224230610977,-3683.321254241225
105525.653896,-3945.7224230610977,-3683.321254241225
105540.243259,-3945.7224230610977,-3683.321254241225
105555.707684,-3945.048115292902,-3688.981669737782
105570.598753,-3945.048115292902,-3688.981669737782
105586.879434,-3945.048115292902,-3688.981669737782
105600.664456,-3942.990433860688,-3693.357319836763
105615.242304,-3945.0550669167055,-3687.69690437992
105630.689711,-3945.0550669167055,-3687.69690437992
105646.04552,-3949.538865984526,-3684.7829075914133
105660.704654,-3947.5367975597214,-3686.4493785934096
105676.010719,-3946.9667641904557,-3685.2902968071567
105690.677437,-3948.8923647199927,-3680.100030925398
105705.613403,-3950.3243997671175,-3673.769302976564
105720.664,-3947.196167867933,-3669.873112297072
105735.232918,-3947.557652439533,-3669.8963870358757
105751.706901,-3946.952860942699,-3671.749055964581
105766.59612,-3946.952860942699,-3671.749055964581
105780.244197,-3946.952860942699,-3671.749055964581
105795.685832,-3946.952860942699,-3671.749055964581
105810.92304,-3946.952860942699,-3671.749055964581
105825.635969,-3946.952860942699,-3671.749055964581
105840.899555,-3946.952860942699,-3671.749055964581
105855.845872,-3946.952860942699,-3671.749055964581
105870.614667,-3945.5694872789086,-3677.8191068902133
105886.058732,-3945.5694872789086,-3677.837726682325
105900.222962,-3952.5628234932155,-3682.3064757963916
105916.963571,-4002.732711590636,-3677.074315372123
105931.06471,-4051.6165487603503,-3704.1707613859994
105945.648778,-4126.39519433451,-3715.389183120729
105961.103316,-4142.745419698883,-3632.014426638238
105975.266117,-4022.767299019711,-3578.57097388295
105995.461149,-3789.714021887208,-3506.251701691834
105995.461891,-3789.714021887208,-3506.251701691834
105997.847946,-3761.344434228702,-3495.0705158487035
106012.841997,-3664.2093573208545,-3454.4654000870955
106027.912942,-3552.0726702450565,-3420.9683887198266
106043.376087,-3536.1256390314948,-3416.9418579158914
106058.434879,-3531.0857098199594,-3412.803608308826
106073.589054,-3434.576278905001,-3371.3047370400222
106088.225538,-3254.702942391099,-3290.4529182327874
106102.844712,-3101.3917704522464,-3254.1862029237286
106118.288196,-3101.648980628878,-3252.072855567902
106133.219702,-3212.4579078839893,-3177.710022878839
106147.838712,-3254.431828958908,-3154.868179493448
106163.265421,-3254.431828958908,-3154.868179493448
106178.408285,-3320.632168480911,-3175.1404900950756
106193.681147,-3352.8390542037496,-3209.7965970744776
106208.446647,-3352.8390542037496,-3209.7965970744776
106222.845384,-3352.8390542037496,-3209.7965970744776
106238.761995,-3384.2673577426235,-3289.2286664292474
106255.683674,-3440.040257348133,-3319.6254882745357
106269.933536,-3454.1381559287097,-3325.9841494492493
106285.240437,-3544.4884457252037,-3412.5522410724266
106298.268696,-3714.650359130775,-3476.06901639977
106314.581163,-3901.781192208785,-3539.1761499409336
106331.317185,-4059.888984222155,-3575.219411503666
106342.953181,-4114.813784701664,-3555.659320700675
106345.197574,-4114.813784701664,-3555.659320700675
106360.752179,-4101.278968030394,-3604.997111658983
106373.46453,-3872.5217964194458,-3531.244118453812
106388.316648,-3724.2644585643866,-3408.2464132694063
106402.833957,-3681.324261745993,-3283.4239439261296
106418.270867,-3636.298576946366,-3386.326258109107
106421.787104,-4114.813784701664,-3555.659320700675
106434.265988,-3628.3945776157157,-3403.628703861664
106448.691244,-3628.3945776157157,-3403.628703861664
106462.878192,-3628.3945776157157,-3403.628703861664
106478.681029,-3628.3945776157157,-3403.628703861664
106493.563607,-3628.3945776157157,-3403.628703861664
106508.220284,-3628.3945776157157,-3403.628703861664
106523.268316,-3628.3945776157157,-3403.628703861664
106538.374713,-3628.3945776157157,-3403.628703861664
106553.291054,-3628.3945776157157,-3403.628703861664
106568.58518,-3628.3945776157157,-3403.628703861664
106572.028396,-4114.813784701664,-3555.659320700675
106582.837561,-3621.470757622471,-3438.1358400106706
106598.26419,-3685.8080608280193,-3461.7922892123242
106614.240769,-3691.1816681118808,-3468.3464567959854
106647.003984,-3736.8886122613185,-3489.661465845982
106648.213991,-3939.4520559893194,-3548.2020941097926
106648.214652,-3939.4520559893194,-3548.2020941097926
106650.695021,-3939.4520559893194,-3548.2020941097926
106666.034294,-4074.501303001286,-3553.4575303358197
106681.085768,-4165.1922214324795,-3580.3305441257294
106696.423267,-4134.466032627188,-3732.7288594857528
106710.686451,-4065.10270405363,-3937.1135674594198
106733.845836,-4007.425059450938,-4138.989195090172
106740.685751,-4004.1091336290783,-4246.946638712092
106756.844135,-4021.224037943832,-4307.609850962134
106770.617627,-4021.224037943832,-4307.609850962134
106785.995152,-4095.029455866004,-4351.3988926157135
106800.606523,-4039.013250019572,-4473.069757046314
106815.629651,-4138.414556438237,-4623.065909266784
106830.60618,-4156.704285567806,-4800.898560644338
106845.683261,-4260.026309044205,-4799.027275246406
106860.683472,-4438.307719672847,-4692.43382270066
106876.00014,-4571.500881016688,-4696.61395842687
106891.073003,-4580.642269685104,-4699.648979002772
106906.049654,-4580.642269685104,-4699.648979002772
106920.98645,-4587.3714440043905,-4698.401455214336
106935.634305,-4638.570172134738,-4773.224948947001
106952.423303,-4593.940730918701,-4881.936384824797
106965.695297,-4481.838804077796,-4922.839325425734
106981.766326,-4476.736310313687,-4925.967443677658
106996.04315,-4476.736310313687,-4925.967443677658
107011.340892,-4476.736310313687,-4925.967443677658
107026.108076,-4476.736310313687,-4925.967443677658
107041.026406,-4358.308403157173,-4974.862909203572
107055.698508,-4193.429727972199,-5002.8949422928845
107071.028682,-4181.945641121398,-4924.170637659138
107085.63756,-4192.296612862923,-4818.1730382451415
107101.079425,-4170.55192541051,-4808.849196034315
107116.04909,-4170.55192541051,-4808.849196034315
107131.105543,-4170.55192541051,-4808.849196034315
107146.549134,-4162.70353917652,-4805.530224712698
107160.633215,-4153.44397277133,-4707.976665769546
107176.982087,-4037.928796290075,-4505.0305824341585
107191.057025,-4013.667619994111,-4354.6992465369985
107205.996472,-3959.159916999246,-4242.370829878493
107224.532946,-4041.7452392065566,-4171.620349128126
107236.058066,-4206.51268889717,-4210.689287853876
107253.099627,-4396.000121472782,-4242.166012392017
107267.181248,-4591.848291387717,-4184.360929075684
107281.001038,-4667.641873543963,-4109.9190714157385
107296.122222,-4673.752353098497,-4002.059358363642
107310.668445,-4690.005255502499,-3853.170936676589
107338.479944,-4790.74127276501,-3736.2340342693947
107338.48063,-4790.74127276501,-3736.2340342693947
107347.332752,-4795.99670227177,-3741.3544754980176
107347.333507,-4795.99670227177,-3741.3544754980176
107351.234715,-4795.99670227177,-3741.3544754980176
107352.102956,-4795.99670227177,-3741.3544754980176
107366.229793,-4795.822911612961,-3748.46257883414
107382.110307,-4795.822911612961,-3748.46257883414
107396.914036,-4795.822911612961,-3748.46257883414
107413.790074,-4795.822911612961,-3748.46257883414
107429.18992,-4795.822911612961,-3748.46257883414
107442.465964,-4795.822911612961,-3748.46257883414
107458.184815,-4795.822911612961,-3748.46257883414
107471.678087,-4795.822911612961,-3748.46257883414
107486.193678,-4795.822911612961,-3748.46257883414
107502.086581,-4784.776777374828,-3734.9446140630516
107517.395591,-4784.776777374828,-3734.9446140630516
107531.219816,-4784.776777374828,-3734.9446140630516
107547.198165,-4784.776777374828,-3734.9446140630516
107561.738032,-4784.776777374828,-3734.9446140630516
107576.796642,-4784.776777374828,-3734.9446140630516
107591.788463,-4784.776777374828,-3734.9446140630516
107606.764828,-4784.776777374828,-3734.9446140630516
107621.250526,-4784.91580989864,-3735.326319682647
107639.003927,-4784.91580989864,-3735.326319682647
107651.218834,-4785.39547211633,-3734.1532731524503
107667.129048,-4786.751039252079,-3729.689179337192
107681.185074,-4787.446201879204,-3723.162944127674
107696.683693,-4787.647799049406,-3722.1202360759785
107712.046204,-4789.281431232529,-3720.788921314042
107730.073934,-4789.225818226309,-3726.3702023788373
107741.693752,-4789.448270267686,-3726.4539914207216
107757.131823,-4789.448270267686,-3726.4539914207216
107771.221513,-4789.448270267686,-3726.4539914207216
107787.550629,-4789.448270267686,-3726.4539914207216
107801.28093,-4789.448270267686,-3726.4539914207216
107818.384918,-4789.448270267686,-3726.4539914207216
107831.218699,-4789.448270267686,-3726.4539914207216
107847.667791,-4789.448270267686,-3726.4539914207216
107861.220091,-4789.448270267686,-3726.4539914207216
107877.144961,-4789.448270267686,-3726.4539914207216
107891.976438,-4785.715246922671,-3724.187032397409
107906.644561,-4776.191518853045,-3731.98406803202
107921.178466,-4776.191518853045,-3731.98406803202
107936.636989,-4771.742478000195,-3733.8786312954744
107951.230168,-4768.857553068778,-3732.7381693755783
107966.977005,-4768.725472168742,-3735.535792290955
107981.2103,-4768.725472168742,-3735.535792290955
107997.875586,-4768.725472168742,-3735.535792290955
108012.080505,-4768.468262000453,-3735.3030449596977
108027.128197,-4768.468262000453,-3735.3030449596977
108042.08876,-4756.699158616183,-3732.3378439737826
108056.763184,-4756.108270377395,-3740.2186685364236
108071.243933,-4756.101318745314,-3740.190738855726
108087.027366,-4756.101318745314,-3740.190738855726
108101.300177,-4756.101318745314,-3740.190738855726
108117.624651,-4756.101318745314,-3740.190738855726
108131.980771,-4756.101318745314,-3740.190738855726
108146.688598,-4756.101318745314,-3735.1401218237734
108162.206033,-4756.720013495631,-3733.3526223284284
108176.640408,-4756.720013495631,-3733.3526223284284
108191.718007,-4756.720013495631,-3733.3526223284284
108206.671504,-4756.720013495631,-3733.3526223284284
108221.206426,-4756.720013495631,-3733.3526223284284
108236.665546,-4756.720013495631,-3733.3526223284284
108251.99415,-4756.720013495631,-3733.3526223284284
108267.032181,-4756.720013495631,-3733.3526223284284
108281.674098,-4757.477740761443,-3731.8630394094607
108297.078383,-4739.090689100083,-3732.710239694791
108311.936402,-4737.992332139687,-3732.6078308752485
108327.65622,-4737.992332139687,-3732.6078308752485
108341.220017,-4737.48486341817,-3732.6497253898924
108356.669828,-4733.1053388231885,-3734.8515151330726
108371.985072,-4733.1053388231885,-3734.8515151330726
108386.193489,-4733.1053388231885,-3734.8515151330726
108401.667723,-4733.1053388231885,-3734.8515151330726
108416.225093,-4733.1053388231885,-3734.8515151330726
108431.685745,-4733.1053388231885,-3734.8515151330726
108446.190081,-4733.1053388231885,-3734.8515151330726
108461.195306,-4733.1053388231885,-3734.8515151330726
108476.688025,-4733.1053388231885,-3734.8515151330726
108492.04721,-4733.1053388231885,-3734.8515151330726
108506.230509,-4733.1053388231885,-3734.8515151330726
108521.708879,-4733.1053388231885,-3734.8515151330726
108537.671325,-4733.1053388231885,-3734.8515151330726
108551.691589,-4733.1053388231885,-3734.8515151330726
108568.344696,-4733.1053388231885,-3734.8515151330726
108583.811496,-4733.1053388231885,-3734.8515151330726
108596.684732,-4733.1053388231885,-3734.8515151330726
108612.064202,-4733.1053388231885,-3734.8515151330726
108626.368625,-4733.1053388231885,-3734.8515151330726
108643.766206,-4733.1053388231885,-3734.8515151330726
108659.248799,-4733.1053388231885,-3734.8515151330726
108672.012946,-4733.1053388231885,-3734.8515151330726
108686.204123,-4733.1053388231885,-3734.8515151330726
108701.691542,-4733.1053388231885,-3734.8515151330726
108708.743588,-4733.1053388231885,-3734.8515151330726
108717.126232,-4733.1053388231885,-3734.8515151330726
108731.64443,-4718.569488147285,-3738.7570153138995
108747.182438,-4684.7220194795045,-3907.121755381102
108761.59446,-4675.81698613062,-4101.884638290343
108776.214357,-4662.803541602306,-4171.2526086063
108791.567042,-4662.803541602306,-4171.2526086063
108806.749626,-4662.803541602306,-4171.2526086063
108822.560978,-4662.803541602306,-4171.2526086063
108836.583776,-4662.803541602306,-4171.2526086063
108851.628994,-4512.975138613342,-4198.544541170706
108866.281852,-4452.565505383283,-4245.038112132768
108884.188783,-4262.480233167922,-4256.019122251739
108902.788996,-4144.615407214017,-4349.969825392464
109582.762877,-3371.3220767125813,-3884.709236038923
109582.763503,-3371.3220767125813,-3884.709236038923
109591.33286,-3371.3220767125813,-3884.709236038923
109606.284533,-3335.800617577068,-3915.072401962263
109621.30087,-3409.8215368522997,-3842.5530053788284
109636.941782,-3409.8215368522997,-3842.5530053788284
109651.765898,-3694.5254004488415,-3504.8272875142193
109666.340966,-3695.4013053868025,-3502.951343353974
109681.774809,-3761.288821213025,-3432.712824681908
109696.273221,-3805.438600972944,-3378.6409370279766
109710.367721,-3874.906204299101,-3307.080398885256
109725.783395,-3937.234487150858,-3248.730601363554
109741.259163,-4003.3722612306883,-3155.6781409440096
109756.328537,-4040.0490423576043,-3177.6727832648685
109770.820993,-4040.0490423576043,-3177.6727832648685
109786.182173,-4097.928284095849,-3208.209258973466
109801.046989,-4246.713944466032,-3288.9866090290607
109815.384077,-4361.944103764149,-3269.533573269684
109833.059337,-4478.613249439236,-3258.9295970672238
109845.836828,-4552.9400386253765,-3248.8376652208676
109860.453579,-4712.1183789046445,-3234.0488884049814
109875.356879,-4905.7211721010035,-3209.8757312248936
109898.694267,-4979.964541027466,-3119.4067629837646
109907.096886,-5046.345620486723,-3149.4730914532397
109920.376127,-5046.345620486723,-3149.4730914532397
109935.381688,-5078.733247344949,-3111.2373237497723
109963.489286,-5187.150810668158,-2871.553843203387
109963.489955,-5187.150810668158,-2871.553843203387
109965.717601,-5185.378145970226,-2874.356124849391
109980.730065,-5184.043433727027,-2867.7833313229125
109996.489274,-5268.762902898685,-2861.3269115656385
110011.073054,-5312.238373418454,-2830.953342558823
110037.503907,-5312.439970577765,-2830.6833552730386
110037.504568,-5312.439970577765,-2830.6833552730386
110039.789746,-5312.439970577765,-2830.6833552730386
110054.736382,-5312.439970577765,-2830.6833552730386
110070.446721,-5312.439970577765,-2830.6833552730386
110087.126761,-5312.439970577765,-2830.6833552730386
110100.17672,-5305.974958174497,-2823.370423717943
110115.606404,-5346.495987509612,-2727.9019799204757
110130.150189,-5382.366378857641,-2661.0475274909986
110145.135852,-5412.897921222682,-2599.3367932266838
110159.720498,-5383.8957366208815,-2541.3360523793626
110175.169972,-5352.029481986663,-2533.189880482533
110191.251482,-5393.919981642852,-2389.882407500565
110205.621444,-5399.675928150883,-2374.2883032186355
110220.154338,-5399.675928150883,-2374.2883032186355
110235.226611,-5460.683399839065,-2234.816479469675
110266.513579,-5597.122967233499,-1926.1880619194153
110266.514313,-5597.122967233499,-1926.1880619194153
110269.203718,-5612.041157028029,-1895.251198056473
110284.121643,-5618.6660567775225,-1877.8230273169092
110299.089417,-5618.6660567775225,-1877.8230273169092
110314.551491,-5618.6660567775225,-1877.8230273169092
110329.494105,-5666.541906255389,-1770.6146299967982
110344.185139,-5708.571438071797,-1600.8388703994221
110361.493482,-5663.9072399377965,-1429.7364008725153
110376.367729,-5626.743846403329,-1337.409848530198
110389.928137,-5626.743846403329,-1337.409848530198
110404.340934,-5684.296359494753,-1279.3624428787639
110419.098427,-5870.509569187197,-1120.3255581139776
110435.137493,-5937.752648695242,-1111.634737010032
110449.535173,-5937.752648695242,-1111.634737010032
110465.985168,-5958.01663881922,-1034.8277965390694
110479.087245,-5988.277067283329,-774.4382343422433
110494.110218,-5939.907652789138,-454.3299501470321
110509.92449,-5805.845542850491,-162.956652192756
110524.520623,-5646.284867585492,7.871560997930787
110543.976749,-5429.185581461257,191.8687452569176
110543.977415,-5429.185581461257,191.8687452569176
110545.991961,-5429.185581461257,191.8687452569176
110561.512517,-5325.328285622704,275.2765991667979
110576.780264,-5307.010750490456,310.9942307573068
110590.985527,-5347.100778995247,468.2160723283065
110605.965981,-5332.564928533044,610.476851976657
110627.051625,-5398.716603730191,895.287115586957
110828.097392,-6844.397617591399,924.7205580285873
110842.061549,-7017.625183352105,790.0752548424964
110857.217251,-7155.976441235263,677.461995005744
110871.298271,-7241.050438182585,512.8992017808739
110886.818447,-7292.429904591691,426.6657455959582
110905.05796,-7379.902212023599,499.3159769723476
110916.328166,-7398.859295542025,710.6985453099817
110932.972028,-7417.364523368475,716.5731290316355
110946.338389,-7586.6227072937245,653.1350756694404
110960.903164,-7843.186357039897,549.1707891068658
110976.599699,-8062.934195052504,440.3560333180166
110991.908565,-8130.4900926069795,449.43789386138684
111006.849429,-8036.837792507951,602.1304757131245
111021.716167,-8022.086442950773,787.6546653784818
111036.646745,-7874.503430651817,896.8698089624903
111050.971545,-7706.065540406546,885.6559609889346
112004.394651,-4176.930511667364,-625.1906383633539
112004.39622,-4176.930511667364,-625.1906383633539
112011.350449,-4062.899038468262,-963.8162805755039
112011.351051,-4062.899038468262,-963.8162805755039
112022.787801,-4092.3600313210536,-1097.553465280145
112022.793708,-4092.3600313210536,-1097.553465280145
112038.158395,-4116.36399739842,-1306.1890031866458
112050.867471,-4162.494990379607,-1478.9905675282455
112052.755412,-4162.494990379607,-1478.9905675282455
112069.299555,-4163.377846941773,-1520.2009546601003
112083.146447,-4145.720715812651,-1494.7010678527217
112098.442091,-4145.720715812651,-1494.7010678527217
112113.205959,-4145.720715812651,-1494.7010678527217
112130.290281,-4145.720715812651,-1494.7010678527217
112143.19714,-4145.720715812651,-1494.7010678527217
112158.18251,-4145.720715812651,-1494.7010678527217
112173.683945,-4145.720715812651,-1494.7010678527217
112188.524819,-4145.720715812651,-1494.7010678527217
112203.208694,-4145.720715812651,-1494.7010678527217
112219.660803,-4145.720715812651,-1494.7010678527217
112233.167637,-4145.720715812651,-1494.7010678527217
112248.157378,-4145.720715812651,-1494.7010678527217
112264.690225,-4145.720715812651,-1494.7010678527217
112278.216718,-4145.720715812651,-1494.7010678527217
112294.047594,-4145.720715812651,-1494.7010678527217
112308.50891,-4145.720715812651,-1494.7010678527217
112323.180951,-4145.720715812651,-1494.7010678527217
112338.677033,-4145.720715812651,-1494.7010678527217
112352.787708,-4145.720715812651,-1494.7010678527217
112368.187915,-4145.720715812651,-1494.7010678527217
112382.798193,-4149.766562397349,-1490.0042101662211
112398.343589,-4149.766562397349,-1490.0042101662211
112413.172981,-4149.766562397349,-1490.0042101662211
112428.527773,-4149.766562397349,-1490.0042101662211
112443.188178,-4149.766562397349,-1490.0042101662211
112459.448931,-4149.766562397349,-1490.0042101662211
112473.670361,-4149.766562397349,-1490.0042101662211
112488.231167,-4149.766562397349,-1490.0042101662211
112502.761696,-4149.766562397349,-1490.0042101662211
112517.761238,-4149.766562397349,-1490.0042101662211
112533.209688,-4149.766562397349,-1490.0042101662211
112548.575154,-4149.766562397349,-1490.0042101662211
112563.210268,-4149.766562397349,-1490.0042101662211
112578.21283,-4149.766562397349,-1490.0042101662211
112593.192018,-4149.766562397349,-1490.0042101662211
112608.147652,-4149.766562397349,-1490.0042101662211
112622.788237,-4149.766562397349,-1490.0042101662211
112638.19129,-4149.766562397349,-1490.0042101662211
112653.190362,-4149.766562397349,-1490.0042101662211
112668.572482,-4149.766562397349,-1490.0042101662211
112683.631344,-4149.766562397349,-1490.0042101662211
112698.235044,-4149.766562397349,-1490.0042101662211
112713.665648,-4149.766562397349,-1490.0042101662211
112728.289511,-4149.766562397349,-1490.0042101662211
112742.790273,-4149.766562397349,-1490.0042101662211
112758.184466,-4149.766562397349,-1490.0042101662211
112773.205744,-4149.766562397349,-1490.0042101662211
112788.209702,-4149.766562397349,-1490.0042101662211
112803.596871,-4149.766562397349,-1490.0042101662211
112818.231844,-4149.766562397349,-1490.0042101662211
112833.715911,-4149.766562397349,-1490.0042101662211
112848.702403,-4149.766562397349,-1490.0042101662211
112862.749454,-4149.766562397349,-1490.0042101662211
112878.202078,-4149.766562397349,-1490.0042101662211
112893.204837,-4149.766562397349,-1490.0042101662211
112908.20489,-4149.766562397349,-1490.0042101662211
112923.586287,-4149.766562397349,-1490.0042101662211
112938.313084,-4149.766562397349,-1490.0042101662211
112954.422904,-4149.766562397349,-1490.0042101662211
112968.686635,-4149.766562397349,-1490.0042101662211
112982.757425,-4149.766562397349,-1490.0042101662211
112999.528227,-4149.766562397349,-1490.0042101662211
113013.642493,-4149.766562397349,-1490.0042101662211
113028.185212,-4149.766562397349,-1490.0042101662211
113043.58273,-4149.766562397349,-1490.0042101662211
113058.293491,-4149.766562397349,-1490.0042101662211
113073.229189,-4149.766562397349,-1490.0042101662211
113088.588684,-4149.766562397349,-1490.0042101662211
113103.214816,-4149.766562397349,-1490.0042101662211
113118.195765,-4149.766562397349,-1490.0042101662211
113133.773817,-4149.766562397349,-1490.0042101662211
113148.209438,-4149.766562397349,-1490.0042101662211
113163.568703,-4149.766562397349,-1490.0042101662211
113178.629106,-4149.766562397349,-1490.0042101662211
113193.223548,-4149.766562397349,-1490.0042101662211
113208.585925,-4149.766562397349,-1490.0042101662211
113223.315401,-4149.766562397349,-1490.0042101662211
113238.213294,-4149.766562397349,-1490.0042101662211
113253.674662,-4149.766562397349,-1490.0042101662211
113268.234008,-4149.766562397349,-1490.0042101662211
113284.874116,-4149.766562397349,-1490.0042101662211
113298.683825,-4149.766562397349,-1490.0042101662211
113313.168928,-4149.766562397349,-1490.0042101662211
113328.590426,-4149.766562397349,-1490.0042101662211
113343.594075,-4149.766562397349,-1490.0042101662211
113357.786127,-4150.454773410483,-1489.2407962272673
113373.953318,-4150.36440226795,-1489.1802817086584
113388.814536,-4150.36440226795,-1489.1802817086584
113403.252783,-4150.36440226795,-1489.1802817086584
113418.763645,-4150.343547388224,-1484.9489202792645
113431.538314,-4088.237716836547,-1443.408028453073
113433.231139,-4088.237716836547,-1443.408028453073
113448.191898,-3967.4740622356717,-1362.2813215294002
113464.06595,-3859.188576857879,-1345.2488081175845
113477.810205,-3726.7114310902307,-1391.2631265560549
113493.693166,-3507.85337401909,-1401.7879995360056
113508.590725,-3300.472451525383,-1331.1349568275925
113523.224399,-3181.0157010012795,-1279.4322673425133
113538.684601,-3032.9460553168597,-1358.8180283233992
113552.777652,-2862.8119465292893,-1440.9222780116268
113568.170072,-2840.2678215124656,-1457.2146496895557
113583.69201,-2699.977045260886,-1584.0670412862564
113597.850142,-2662.5008262557844,-1626.2223789090785
113613.188018,-2662.5008262557844,-1626.2223789090785
113628.560908,-2577.8578206979037,-1705.7617102983058
113643.528395,-2466.1590842531527,-1823.737042500875
113659.72763,-2381.6968207866603,-1911.4085642445013
113673.737781,-2200.349736787851,-2110.2916970080364
113687.855907,-2030.9594502794987,-2295.586947787838
113702.780071,-1988.4224467853392,-2339.0223513460774
113717.749123,-1988.4224467853392,-2339.0223513460774
113733.286499,-1931.1966561350516,-2401.431354344401
113748.637615,-1911.3150038861925,-2422.2762485868743
113762.786731,-1878.663213450491,-2457.076700242877
113780.175688,-1765.4073117931118,-2583.6635598457533
113793.137978,-1764.7191007559745,-2583.64494002156
113807.746203,-1755.7723572239004,-2587.21994547379
113824.157323,-1630.879432385514,-2726.4403243701613
113837.827916,-1567.9672109330088,-2798.3034998702647
113852.847802,-1423.3038596062286,-2955.301095632054
113867.818372,-1251.668196554375,-3140.512310932073
113885.255657,-1240.8862235460642,-3151.9774550189068
113897.792476,-1133.9771565259555,-3261.7737715612
113912.773254,-974.8127114953583,-3430.3527656235974
113927.783122,-949.0916926710094,-3520.216546338412
113942.77254,-970.4957513095362,-3574.5025495516393
113958.254215,-888.4804593927691,-3491.3093175721197
113972.84584,-748.6554396998198,-3255.9597389100613
113993.309449,-714.2170809559923,-3212.85024455587
114002.789301,-679.743964071007,-3167.0036362318233
114017.87172,-498.68884620316334,-2971.830831049975
114032.836283,-177.55149815026385,-2878.78763999241
114048.433667,161.68788597347643,-2883.596206285331
114063.136205,293.7966002180928,-2879.7884548573793
114078.228169,338.2800596104289,-2883.2424298702726
114092.784245,498.53591041532775,-2871.8145205688725
114108.161596,522.956975079895,-2845.383697355014
114122.778864,604.1797816618235,-2713.792814287931
114348.231975,588.5733796800931,-2500.800700016198
114363.174462,588.5733796800931,-2500.800700016198
114378.258135,588.5733796800931,-2500.800700016198
172639.561164,454.0176928998606,-2543.016491251497
172639.561767,454.0176928998606,-2543.016491251497
172648.99488,448.0671004227865,-2573.3900740187187
172658.955962,443.0063161691243,-2599.5835058324496
172668.965158,424.32729517188983,-2679.5323513735616
172681.598101,412.5581911327167,-2745.4511561469226
172688.968223,353.302524961812,-2781.85289414373
172698.961477,349.77109858810553,-2787.6622761791623
172709.338671,350.07001853184545,-2847.417911868361
172718.962734,336.2640878608748,-2858.189473239403
172729.437543,336.2640878608748,-2858.189473239403
172741.605418,336.2640878608748,-2858.189473239403
172749.670639,336.2640878608748,-2858.189473239403
172759.845543,336.2640878608748,-2858.189473239403
172769.709966,336.2640878608748,-2858.189473239403
172779.543729,336.2640878608748,-2858.189473239403
172789.821624,336.2640878608748,-2858.189473239403
172799.335025,336.2640878608748,-2858.189473239403
172809.048525,336.2640878608748,-2858.189473239403
172819.039928,336.2640878608748,-2858.189473239403
172829.833622,336.2640878608748,-2858.189473239403
172841.63463,295.3190064666488,-2873.429789227514
172849.930205,188.80618182011324,-2880.7613400128976
172861.575026,43.67707070982991,-2871.9402042946685
172869.884696,-191.51036461228102,-2848.5444105125202
172879.339221,-337.61270344864454,-2882.036797086022
172889.075821,-375.943973194746,-2897.053674780313
172898.952266,-378.5160750789408,-2899.194953033153
172911.642001,-423.60432599261435,-2915.9155429612606
172920.711248,-496.9648427738524,-2952.531399009604
172928.983135,-557.9306090972062,-3004.666862908165
172938.990043,-650.9711810892253,-3101.18728411492
172949.513742,-679.8134803366944,-3140.3493876563607
172962.59792,-679.8134803366944,-3140.3493876563607
172969.539068,-679.8134803366944,-3140.3493876563607
172979.445797,-684.7352320554763,-3153.7137516864786
172996.193398,-744.5748348197618,-3227.4016193890548
172999.03511,-820.201581833327,-3329.433467080926
173015.996921,-875.4322560593561,-3411.74227994843
173018.935527,-938.6433977333986,-3464.18493279068
173029.667467,-1004.7464160910893,-3394.1512275824152
173039.19615,-1089.222583812041,-3303.1888608965965
173048.967344,-1190.361800700991,-3193.113254468266
173059.517235,-1208.540304516733,-3170.941724556376
173068.932148,-1208.540304516733,-3170.941724556376
173079.434845,-1208.540304516733,-3170.941724556376
173092.186649,-1208.540304516733,-3170.941724556376
173100.30962,-1208.540304516733,-3170.941724556376
173112.185707,-1208.540304516733,-3170.941724556376
173119.343182,-1243.6668742260997,-3135.191701979531
173129.777491,-1369.7346243289999,-3006.6033229136624
173138.966878,-1444.9025637329871,-2927.6739531061057
173148.970819,-1530.8455244518625,-2834.2862890450588
173159.406892,-1639.4299332070686,-2722.5068882434502
173168.991365,-1715.5085355459864,-2636.87900347002
173179.480236,-1803.6621133517697,-2540.507470320569
173189.210714,-1891.63494880519,-2445.9001508958154
173199.773844,-1958.273241969339,-2375.3356684476917
173210.579152,-1961.9854106100156,-2372.2354673716786
173219.90602,-1961.9854106100156,-2372.2354673716786
173229.487212,-1961.9854106100156,-2372.2354673716786
173239.822063,-1961.9854106100156,-2372.2354673716786
173250.273771,-1961.9854106100156,-2372.2354673716786
173259.069142,-1961.9854106100156,-2372.2354673716786
173268.974586,-1981.721078686445,-2351.390571487942
173279.389597,-2074.2819875765263,-2250.2197339117206
173289.164276,-2117.090104478009,-2204.0378991891976
173298.983175,-2174.1073462170643,-2149.7238491806793
173309.034556,-2273.9048982462946,-2043.9864647653887
173320.193663,-2346.535493303675,-1967.6125482021241
173329.468385,-2390.6713707572258,-1912.4652401517344
173338.99995,-2462.36349612014,-1839.2659908473534
173351.194761,-2548.403778753048,-1742.6010741970827
173362.697857,-2620.5060499397405,-1662.1866146035266
173369.054605,-2702.792454029496,-1580.166182825177
173379.397688,-2800.6922113556,-1471.924333472449
173389.019266,-2897.514466422059,-1418.8205114210268
173400.909391,-2973.7738099583776,-1385.6306203814775
173410.705275,-3005.5705498942807,-1369.7152989465403
173419.042123,-3012.9601289353113,-1368.086061567979
173431.888107,-3012.9601289353113,-1368.086061567979
173439.740241,-3012.9601289353113,-1368.086061567979
173451.068262,-3012.9601289353113,-1368.086061567979
173459.649255,-3012.9601289353113,-1368.086061567979
173469.4503,-3051.868382824309,-1352.664165885482
173483.251354,-3109.420899124576,-1325.1067781522843
173488.977439,-3117.8393188850223,-1320.312164965944
173499.535174,-3117.8393188850223,-1320.312164965944
173508.961848,-3117.8393188850223,-1320.312164965944
173519.325802,-3117.8393188850223,-1320.312164965944
173529.656099,-3117.8393188850223,-1320.312164965944
173540.60257,-3117.8393188850223,-1320.312164965944
173548.957305,-3117.8393188850223,-1320.312164965944
173558.977252,-3117.8393188850223,-1320.312164965944
173568.959517,-3117.8393188850223,-1320.312164965944
173578.957404,-3117.8393188850223,-1320.312164965944
173588.931439,-3121.9824883125493,-1320.1538961839417
173599.781224,-3170.678632325405,-1324.7157611595937
173625.078865,-3169.5107590588905,-1421.068858809211
173626.668287,-3223.8516237944323,-1503.4151585360817
173626.668842,-3223.8516237944323,-1503.4151585360817
173630.416858,-3238.304055377736,-1532.741424371267
173641.529568,-3312.387539411579,-1643.129200810355
173653.304568,-3385.212778949284,-1663.8344710681883
173669.719606,-3524.30787396607,-1611.6476926037933
173670.409982,-3598.648567824558,-1605.489177652627
173689.058567,-3688.0464845651522,-1679.898743919073
173690.798307,-3770.075677085044,-1721.9609759620803
173700.467334,-3817.756883085494,-1762.6872313973984
173710.397122,-3825.327204319795,-1773.966201893709
173720.914024,-3825.327204319795,-1773.966201893709
173730.925413,-3825.327204319795,-1773.966201893709
173748.499479,-3823.6657655912095,-1780.8276143094013
173750.362595,-3880.669102639822,-1781.8656705868482
173771.09466,-3935.87891999028,-1734.552646254888
173771.196093,-3978.4020190147025,-1681.8677926919643
173780.434843,-4013.9039752952294,-1621.818784805058
173793.595847,-4054.084376142308,-1531.9919753668662
173800.451281,-4117.476257621471,-1504.6813084519547
173808.640326,-4151.567033641011,-1491.410009003006
173810.450238,-4151.567033641011,-1491.410009003006
173820.451741,-4170.6909579362145,-1484.6603125783881
173830.452247,-4200.527338541576,-1503.4663631199157
173840.766088,-4203.057730563246,-1506.0871072564157
173850.744365,-4203.057730563246,-1506.0871072564157
173861.188237,-4203.057730563246,-1506.0871072564157
173871.610958,-4203.057730563246,-1506.0871072564157
173880.382743,-4203.057730563246,-1506.0871072564157
173891.527916,-4203.057730563246,-1506.0871072564157
173903.062492,-4203.057730563246,-1506.0871072564157
173910.387301,-4203.057730563246,-1506.0871072564157
173920.37586,-4203.057730563246,-1506.0871072564157
173930.389445,-4197.489477800602,-1524.9722915345776
173941.024288,-4194.493326810306,-1527.7047546800122
173950.401726,-4194.493326810306,-1527.7047546800122
173962.535935,-4192.032451059329,-1528.207490656445
173971.326052,-4185.7342775233665,-1526.8016919003492
173981.526332,-4185.7342775233665,-1526.8016919003492
173991.090747,-4185.7342775233665,-1526.8016919003492
174000.37532,-4185.7342775233665,-1526.8016919003492
174013.574666,-4185.7342775233665,-1526.8016919003492
174020.373476,-4185.7342775233665,-1526.8016919003492
174030.64356,-4185.7342775233665,-1526.8016919003492
174040.36933,-4185.7342775233665,-1526.8016919003492
174050.834132,-4185.7342775233665,-1526.8016919003492
174061.030487,-4185.7342775233665,-1526.8016919003492
174071.547403,-4185.7342775233665,-1526.8016919003492
174081.249183,-4185.7342775233665,-1526.8016919003492
174092.452537,-4185.7342775233665,-1526.8016919003492
174101.324466,-4185.7342775233665,-1526.8016919003492
174111.317891,-4179.060716152475,-1523.2546102603499
174120.373529,-4179.07461940827,-1523.2592652331373
174130.345535,-4179.07461940827,-1523.2592652331373
174140.41219,-4179.07461940827,-1523.2592652331373
174150.373623,-4179.07461940827,-1523.2592652331373
174160.380918,-4179.07461940827,-1523.2592652331373
174171.04121,-4179.07461940827,-1523.2592652331373
174180.891608,-4179.07461940827,-1523.2592652331373
174191.437322,-4179.07461940827,-1523.2592652331373
174202.827384,-4179.07461940827,-1523.2592652331373
174211.320012,-4179.07461940827,-1523.2592652331373
174220.848196,-4179.07461940827,-1523.2592652331373
174231.965475,-4179.07461940827,-1523.2592652331373
174240.365318,-4179.07461940827,-1523.2592652331373
174251.881185,-4179.07461940827,-1523.2592652331373
174260.404778,-4179.07461940827,-1523.2592652331373
174270.342622,-4179.07461940827,-1523.2592652331373
174280.619008,-4179.07461940827,-1523.2592652331373
174290.884502,-4179.07461940827,-1523.2592652331373
174302.563241,-4179.07461940827,-1523.2592652331373
174310.373733,-4179.07461940827,-1523.2592652331373
174322.374515,-4172.526187314613,-1519.0558338083506
174330.372708,-4172.526187314613,-1519.0558338083506
174343.441272,-4172.526187314613,-1519.0558338083506
174350.816174,-4172.526187314613,-1519.0558338083506
174361.261433,-4172.526187314613,-1519.0558338083506
174371.002663,-4172.526187314613,-1519.0558338083506
174380.37208,-4172.526187314613,-1519.0558338083506
174392.253005,-4172.526187314613,-1519.0558338083506
174401.077423,-4172.526187314613,-1519.0558338083506
174410.410712,-4172.526187314613,-1519.0558338083506
174422.941713,-4169.307584278486,-1515.6437460507427
174430.373783,-4169.307584278486,-1515.6437460507427
174440.365257,-4169.307584278486,-1515.6437460507427
174453.54253,-4169.307584278486,-1515.6437460507427
174460.793534,-4169.307584278486,-1515.6437460507427
174471.144169,-4169.307584278486,-1515.6437460507427
174481.669442,-4169.307584278486,-1515.6437460507427
174490.963034,-4169.307584278486,-1515.6437460507427
174500.405585,-4169.307584278486,-1515.6437460507427
174510.780137,-4169.307584278486,-1515.6437460507427
174522.272368,-4169.307584278486,-1515.6437460507427
174531.823219,-4169.307584278486,-1515.6437460507427
174540.43362,-4169.307584278486,-1515.6437460507427
174552.102312,-4169.307584278486,-1515.6437460507427
174560.445805,-4169.307584278486,-1515.6437460507427
174570.445722,-4169.307584278486,-1515.6437460507427
174581.362417,-4169.307584278486,-1515.6437460507427
174590.845956,-4169.307584278486,-1515.6437460507427
174600.821666,-4169.307584278486,-1515.6437460507427
174612.522762,-4169.307584278486,-1515.6437460507427
174627.618511,-4169.307584278486,-1515.6437460507427
174630.435434,-4169.307584278486,-1515.6437460507427
176128.317134,-2386.654513189669,-944.5444724367023
176128.317775,-2386.654513189669,-944.5444724367023
176137.163947,-2166.689960592291,-1183.2886216555944
176137.164606,-2166.689960592291,-1183.2886216555944
176150.585591,-2221.204616712376,-1249.2029266565319
176150.594642,-2221.204616712376,-1249.2029266565319
176162.999761,-2239.946202129395,-1273.9719938688202
176170.571532,-2282.8794482364133,-1263.1166162919233
176180.595917,-2283.6858369193783,-1260.640175060826
176191.655762,-2283.6858369193783,-1260.640175060826
176202.043577,-2283.6858369193783,-1260.640175060826
176210.918101,-2293.181758907946,-1246.209784281208
176222.438632,-2294.8084395384394,-1246.9545786479523
176230.613146,-2334.780292675059,-1239.0225185528154
176241.130261,-2386.2362329727894,-1212.0004468733027
176250.978525,-2445.5614145830095,-1177.5769792230883
176260.489931,-2507.3057622099795,-1142.0363179786991
176270.44941,-2617.0928012737545,-1081.1074705065296
176280.449406,-2696.7723454004145,-1025.517863719726
176290.479418,-2781.6795126267048,-986.4813139736667
176302.634579,-2878.3557835662446,-993.9897752476311
176311.93039,-2916.3186163184714,-1068.8695646891465
176320.939918,-2983.047279804123,-1164.3336027360453
176330.880678,-3075.5595261512317,-1242.006351024062
176340.95304,-3103.984727156241,-1265.8164958006257
176355.831312,-3153.813986304966,-1314.6470734118961
176363.194448,-3165.2007506021887,-1336.5905748369216
176372.886265,-3164.665475352833,-1403.6686048596785
176380.504386,-3191.526560348037,-1467.599872666468
176390.524213,-3192.152206733022,-1467.6883169677171
176437.386431,-3220.9319406388067,-1503.5967020874682
176437.390133,-3294.4036815574027,-1628.3636614442864
176437.896064,-3500.9851670188227,-1621.0693359175386
176437.896777,-3500.9851670188227,-1621.0693359175386
176441.062431,-3500.9851670188227,-1621.0693359175386
176465.012772,-3615.401987687799,-1619.300450316758
176465.022055,-3637.3552241721013,-1638.571993082252
176465.403944,-3670.187756106819,-1665.701110736699
176465.404569,-3670.187756106819,-1665.701110736699
176469.761759,-3694.9424980379135,-1685.4288383272208
176479.73367,-3804.910277361714,-1746.3296980963319
176489.725421,-3843.9436600071963,-1799.3776332530226
176501.796481,-3910.853064742299,-1753.7822908699682
176509.731944,-3997.9430409715424,-1661.3440665292137
176519.731843,-4021.432586741194,-1596.2490776331667
176529.732343,-4064.1225247232196,-1521.5695137316773
176540.111257,-4133.73611184626,-1500.3521929079816
176550.580668,-4144.024518967269,-1496.4652988280916
176552.547655,-4144.024518967269,-1496.4652988280916
176559.662913,-4175.251224870414,-1483.589671063284
176572.504412,-4207.35383569088,-1514.289151862189
176580.771767,-4198.525270135144,-1524.6929937622817
176590.703106,-4198.525270135144,-1524.6929937622817
176600.051189,-4198.525270135144,-1524.6929937622817
176609.897979,-4198.525270135144,-1524.6929937622817
176619.724335,-4198.525270135144,-1524.6929937622817
176629.730851,-4198.525270135144,-1524.6929937622817
176639.726733,-4198.525270135144,-1524.6929937622817
176649.684566,-4198.525270135144,-1524.6929937622817
176660.100768,-4198.525270135144,-1524.6929937622817
176670.082907,-4198.525270135144,-1524.6929937622817
176679.636529,-4198.525270135144,-1524.6929937622817
176692.354227,-4198.525270135144,-1524.6929937622817
176700.67536,-4198.525270135144,-1524.6929937622817
176710.080402,-4198.525270135144,-1524.6929937622817
176720.038224,-4198.525270135144,-1524.6929937622817
176729.708603,-4198.525270135144,-1524.6929937622817
176742.299234,-4198.525270135144,-1524.6929937622817
176749.655403,-4198.525270135144,-1524.6929937622817
176759.659442,-4198.525270135144,-1524.6929937622817
176769.65399,-4198.525270135144,-1524.6929937622817
176780.035709,-4198.525270135144,-1524.6929937622817
176790.107521,-4198.525270135144,-1524.6929937622817
176799.62837,-4198.525270135144,-1524.6929937622817
176815.535126,-4198.525270135144,-1524.6929937622817
176820.102345,-4198.525270135144,-1524.6929937622817
176830.498722,-4198.525270135144,-1524.6929937622817
176840.116781,-4198.525270135144,-1524.6929937622817
176849.635725,-4198.525270135144,-1524.6929937622817
176859.657139,-4198.525270135144,-1524.6929937622817
176869.653791,-4198.525270135144,-1524.6929937622817
176880.082319,-4198.525270135144,-1524.6929937622817
176889.654016,-4198.525270135144,-1524.6929937622817
176900.253405,-4198.525270135144,-1524.6929937622817
176910.40015,-4198.525270135144,-1524.6929937622817
176919.63629,-4198.525270135144,-1524.6929937622817
176932.914909,-4198.525270135144,-1524.6929937622817
176940.036252,-4198.525270135144,-1524.6929937622817
176950.438706,-4198.525270135144,-1524.6929937622817
176960.965367,-4198.525270135144,-1524.6929937622817
176970.349832,-4198.525270135144,-1524.6929937622817
176980.09502,-4198.525270135144,-1524.6929937622817
176989.661126,-4198.525270135144,-1524.6929937622817
176999.629604,-4198.525270135144,-1524.6929937622817
177009.670012,-4198.525270135144,-1524.6929937622817
177020.771727,-4198.525270135144,-1524.6929937622817
177030.636775,-4198.525270135144,-1524.6929937622817
177040.580281,-4198.525270135144,-1524.6929937622817
177049.663768,-4198.525270135144,-1524.6929937622817
177060.069643,-4198.525270135144,-1524.6929937622817
177070.003193,-4190.558706259753,-1527.9840524504846
177080.050079,-4178.984248265791,-1522.9753124980682
177090.056371,-4172.178605992191,-1514.154157934523
177099.65274,-4170.503264027302,-1513.3209195869774
177109.677816,-4170.503264027302,-1513.3209195869774
177121.216223,-4170.503264027302,-1513.3209195869774
177129.665224,-4170.503264027302,-1513.3209195869774
177141.61376,-4170.503264027302,-1513.3209195869774
177151.848638,-4170.148731081095,-1512.8554232985698
177160.634081,-4157.385544956918,-1507.744274048147
177169.652303,-4157.385544956918,-1507.744274048147
177182.425981,-4157.385544956918,-1507.744274048147
177190.097389,-4157.385544956918,-1507.744274048147
177200.029397,-4157.385544956918,-1507.744274048147
177210.106939,-4152.915649163716,-1505.71471021866
177219.624359,-4152.915649163716,-1505.71471021866
177232.232042,-4151.483614122255,-1496.4140942310062
177241.324071,-4154.653555776486,-1493.1928598316379
177251.312406,-4154.653555776486,-1493.1928598316379
177260.444537,-4154.653555776486,-1493.1928598316379
177269.999697,-4154.653555776486,-1493.1928598316379
177280.480418,-4154.653555776486,-1493.1928598316379
177289.652755,-4154.653555776486,-1493.1928598316379
177299.622536,-4154.653555776486,-1493.1928598316379
177310.020423,-4154.653555776486,-1493.1928598316379
177321.840841,-4154.653555776486,-1493.1928598316379
177330.005858,-4154.653555776486,-1493.1928598316379
177339.630049,-4154.653555776486,-1493.1928598316379
177349.654076,-4177.0099863619525,-1494.1843669551733
177349.779407,-4177.0099863619525,-1494.1843669551733
177363.072642,-4196.502346849068,-1512.026839909529
177369.664524,-4183.871241641984,-1535.4413027458152
177381.984287,-4139.978672381948,-1502.903112605436
177391.085984,-4126.409097590466,-1474.1959554911298
177400.920316,-4073.451607408147,-1432.5386888752087
177412.132736,-3989.781831522156,-1371.5679745829082
177421.763173,-3947.946943522994,-1357.2353405621177
177430.089436,-3882.879719848642,-1334.1886133361945
177440.244769,-3815.8034760474225,-1348.823820537015
177450.137492,-3709.638236438949,-1387.0690041939345
177460.147314,-3660.6014631674807,-1379.3277993594552
177470.103285,-3564.717678860971,-1392.1708444898102
177480.086341,-3461.214911725788,-1405.1442283378549
177497.076175,-3396.731624107384,-1395.4851786741635
177500.783297,-3361.9248300828435,-1377.7497666211493
177512.498157,-3342.3212432687496,-1368.2396753861883
177522.212301,-3341.3410639253652,-1366.964215262487
177529.622044,-3341.3410639253652,-1366.964215262487
177540.175091,-3341.3410639253652,-1366.964215262487
177550.221949,-3325.783323742631,-1352.2033244407266
177559.708855,-3335.800617577068,-1316.5835385675816
177569.736253,-3347.7157054564923,-1311.4072182403315
177581.40798,-3356.259254456529,-1320.037522077786
177590.87049,-3356.259254456529,-1320.037522077786
177599.856975,-3356.259254456529,-1320.037522077786
177609.693511,-3356.259254456529,-1320.037522077786
177619.725044,-3356.259254456529,-1320.037522077786
177629.631211,-3356.259254456529,-1320.037522077786
177640.036135,-3356.259254456529,-1320.037522077786
177649.657217,-3356.259254456529,-1320.037522077786
177659.65089,-3356.259254456529,-1320.037522077786
177669.635277,-3356.259254456529,-1320.037522077786
177679.730386,-3356.259254456529,-1320.037522077786
177690.099313,-3356.259254456529,-1320.037522077786
177700.459642,-3356.259254456529,-1320.037522077786
177709.661171,-3356.259254456529,-1320.037522077786
177719.648076,-3356.259254456529,-1320.037522077786
177733.224108,-3356.259254456529,-1320.037522077786
177739.725578,-3356.259254456529,-1320.037522077786
177749.678334,-3356.259254456529,-1320.037522077786
177760.123146,-3356.259254456529,-1320.037522077786
177773.378334,-3356.259254456529,-1320.037522077786
177782.984415,-3356.259254456529,-1320.037522077786
177790.578329,-3356.259254456529,-1320.037522077786
177804.541682,-3356.259254456529,-1320.037522077786
177809.721308,-3356.259254456529,-1320.037522077786
177819.721335,-3356.259254456529,-1320.037522077786
177832.670443,-3356.259254456529,-1320.037522077786
177839.650402,-3356.259254456529,-1320.037522077786
177849.647743,-3356.259254456529,-1320.037522077786
177859.661108,-3356.259254456529,-1320.037522077786
177869.640007,-3356.259254456529,-1320.037522077786
177880.601487,-3356.259254456529,-1320.037522077786
177890.250969,-3356.259254456529,-1320.037522077786
177900.341895,-3356.259254456529,-1320.037522077786
177911.080259,-3356.259254456529,-1320.037522077786
177920.696428,-3356.259254456529,-1320.037522077786
177930.821589,-3356.259254456529,-1320.037522077786
177940.113505,-3356.259254456529,-1320.037522077786
177949.65868,-3356.259254456529,-1320.037522077786
177959.622317,-3356.259254456529,-1320.037522077786
177970.661634,-3356.259254456529,-1320.037522077786
177979.723068,-3356.259254456529,-1320.037522077786
177990.302999,-3356.259254456529,-1320.037522077786
178006.120822,-3358.7479367580577,-1338.289636755065
178011.432272,-3353.3534745714483,-1363.5009220828224
178020.233092,-3327.5003754936906,-1327.3737457438715
178029.718392,-3351.9701008926927,-1301.4176646705303
178040.37224,-3351.9701008926927,-1301.4176646705303
178050.104505,-3351.9701008926927,-1301.4176646705303
178061.055211,-3351.9701008926927,-1301.4176646705303
178070.630521,-3351.9701008926927,-1301.4176646705303
178079.623931,-3351.9701008926927,-1301.4176646705303
178090.736,-3351.9701008926927,-1301.4176646705303
178099.67391,-3351.9701008926927,-1301.4176646705303
178110.586134,-3351.9701008926927,-1301.4176646705303
178120.58619,-3351.9701008926927,-1301.4176646705303
178132.003825,-3351.9701008926927,-1301.4176646705303
178141.133066,-3351.9701008926927,-1301.4176646705303
178152.234973,-3351.9701008926927,-1301.4176646705303
178160.064193,-3351.9701008926927,-1301.4176646705303
178170.220805,-3351.9701008926927,-1301.4176646705303
178180.117838,-3351.9701008926927,-1301.4176646705303
178189.741323,-3351.9701008926927,-1301.4176646705303
178199.761224,-3351.9701008926927,-1301.4176646705303
178210.8987,-3351.9701008926927,-1301.4176646705303
178219.67103,-3351.9701008926927,-1301.4176646705303
178230.101966,-3351.9701008926927,-1301.4176646705303
178242.104843,-3351.9701008926927,-1301.4176646705303
178250.130107,-3351.9701008926927,-1301.4176646705303
178259.648158,-3351.9701008926927,-1301.4176646705303
178269.710157,-3351.9701008926927,-1301.4176646705303
178281.893372,-3351.9701008926927,-1301.4176646705303
178290.113865,-3351.9701008926927,-1301.4176646705303
178300.199712,-3355.042719817813,-1313.6741858701673
178315.628151,-3354.6603803623134,-1361.2618844156489
178319.85922,-3341.9250005487606,-1363.621951143741
178330.739205,-3320.7155880009436,-1352.487277252518
178352.259035,-3320.7155880009436,-1352.487277252518
178352.25974,-3320.7155880009436,-1352.487277252518
178355.251409,-3320.7155880009436,-1352.487277252518
178365.608367,-3320.7155880009436,-1352.487277252518
178375.942833,-3312.561330075555,-1351.4119805525452
178385.246381,-3276.51714647408,-1392.6596156877051
178397.383065,-3268.5019210790797,-1400.470644810326
178409.98603,-3232.8122704042007,-1451.0282034620461
178415.498242,-3235.884889343538,-1539.4352607322257
178425.311914,-3294.501004333495,-1644.5629290807892
178435.256546,-3298.880529053586,-1709.504299292878
178445.258164,-3292.1096448054327,-1713.8659981409853
178455.640903,-3258.3942560896435,-1740.75305460152
178466.309621,-3205.3463939217722,-1781.3489699342938
178475.909514,-3172.221893416377,-1810.1864520678155
178485.319975,-3133.2580265827137,-1844.6797098563723
178501.956562,-3075.5803810312104,-1891.606364313937
178505.24518,-3029.282548117686,-1936.4382834067892
178515.254664,-3016.581926375237,-2013.0077119951734
178525.254662,-3012.9462256792294,-2036.4361212575898
178535.24477,-3012.9462256792294,-2036.4361212575898
178545.614247,-3012.9462256792294,-2036.4361212575898
178556.278458,-3023.213778123978,-2124.503285128013
178565.234206,-3053.8426447678557,-2237.493080069617
178578.043296,-3072.7510690213694,-2273.624859639312
178586.185482,-3100.6409947777115,-2327.59443224717
178596.72863,-3119.6119836580565,-2364.3592808009075
178605.353671,-3132.542009053111,-2383.8495839246357
178616.802154,-3187.9812308058945,-2488.5860963176074
178626.602963,-3242.238675997135,-2557.674945394588
178635.263786,-3302.0574223813555,-2599.4066175468456
178645.617022,-3378.9980248381644,-2656.173790155057
178655.70598,-3405.7826418438044,-2673.992955711527
178667.942177,-3422.2440934518295,-2683.116666204461
178675.730197,-3422.2440934518295,-2683.116666204461
178687.193792,-3422.2440934518295,-2683.116666204461
178695.918322,-3455.1669966541003,-2695.8852057155227
178706.152583,-3505.6358051546163,-2739.6976331723836
178715.379208,-3470.0365257728163,-2799.946698439554
178725.339259,-3430.6416582896895,-2866.3309860079125
178738.158053,-3390.2666114377976,-2938.2034555817654
178745.744168,-3382.7658064168554,-2959.974667726657
178755.247195,-3382.7658064168554,-2959.974667726657
178765.698101,-3378.4557979667825,-2976.6766362535936
178775.705134,-3335.2444874575344,-3043.130729644836
178786.069858,-3339.5892540386462,-3066.6847846101837
178795.809214,-3437.398639266246,-3128.3023744780307
178805.251521,-3514.2071606522486,-3177.733297622684
178816.198226,-3534.0957640959473,-3227.5971273060277
178826.150646,-3484.071859714586,-3317.5121411365817
178835.315089,-3484.3360215217303,-3371.244222699773
178845.285094,-3542.402957774056,-3417.5795859212885
178855.325196,-3670.9663382697054,-3458.94346066496
178865.325034,-3681.129616203357,-3463.5192751393743
178875.324985,-3681.129616203357,-3463.5192751393743
178885.773609,-3721.9148088138036,-3486.347142580571
178899.000748,-3769.547353473465,-3502.322925338162
178906.339372,-3769.547353473465,-3502.322925338162
178916.140775,-3791.0765406753962,-3515.501083834124
178926.151398,-3824.020298539846,-3531.4023866954376
178936.560578,-3833.7734304804667,-3523.4889748966107
178946.115214,-3833.7734304804667,-3523.4889748966107
178955.540249,-3833.7734304804667,-3523.4889748966107
178965.252069,-3868.8443860168713,-3534.623610754177
178975.796261,-3955.684103768272,-3561.124229517865
178985.595021,-4007.5432370973135,-3577.914626254718
178995.281409,-4057.136140156547,-3592.857008338345
179005.22021,-4067.6539509536697,-3582.5695739862085
179016.431027,-4072.4922829576585,-3571.3883894861815
179028.323151,-4100.104143167882,-3557.2001084505873
179035.832159,-4147.959139521596,-3572.095941549766
179045.243849,-4149.5649652243055,-3574.144118575188
179055.216807,-4149.5649652243055,-3574.144118575188
179065.735262,-4173.728818687125,-3590.566774097949
179075.98417,-4170.398989629012,-3599.155152461318
179086.777176,-4161.4661496680665,-3643.5400761721467
179095.668328,-4151.476662498479,-3700.111647749157
179107.474558,-4136.544568923015,-3748.797734978666
179115.270521,-4126.735824033478,-3770.475820431681
179125.594839,-4121.390023306591,-3786.8565763693623
179137.451799,-4114.417541995568,-3817.1090711011075
179146.038699,-4106.576107376345,-3835.309909669984
179158.22067,-4100.729789542471,-3852.2725321461344
179168.180401,-4080.653492393573,-3921.1284857332025
179175.667482,-4078.164810133325,-3949.849497153267
179185.600442,-4051.387145083347,-4012.1000738678276
179195.671378,-4041.9746428836,-4031.3296495727614
179205.318588,-4037.3170531622786,-4047.7383284538028
179219.600613,-4032.49262441086,-4061.05612397023
179225.623286,-4032.49262441086,-4061.05612397023
179235.318967,-4027.007791147711,-4100.58125398872
179245.676864,-4027.4596468698974,-4113.750090196718
179255.628436,-4016.260576664734,-4150.147094884474
179265.650226,-4031.519396711854,-4166.229924659201
179275.690126,-4057.914722313529,-4174.106088901124
179285.256952,-4191.087029866956,-4210.856865807603
179295.264726,-4254.951621759091,-4228.731847096159
179305.271497,-4303.5782484965375,-4243.525255708001
179315.709196,-4357.265659193989,-4245.806177713276
179325.21772,-4431.877465260657,-4240.788149297871
179338.350297,-4458.835872380011,-4229.97006192508
179345.229802,-4458.835872380011,-4229.97006192508
179355.278822,-4485.418891659946,-4218.09064735314
179365.66623,-4539.245334676975,-4202.464003326175
179375.690088,-4571.917978598432,-4197.692686565457
179385.642324,-4577.917232153353,-4198.549196112043
179396.551902,-4577.917232153353,-4198.549196112043
179405.262497,-4577.917232153353,-4198.549196112043
179416.008052,-4577.917232153353,-4198.549196112043
179427.11814,-4577.917232153353,-4198.549196112043
179435.959001,-4577.917232153353,-4198.549196112043
179445.22224,-4582.804225487172,-4201.12803464074
179455.240691,-4651.326406493073,-4164.665863655315
179465.240898,-4668.218858528324,-4145.110445936161
179475.83587,-4681.440851841158,-4081.654251751706
179486.695107,-4699.723629130025,-3979.7668281054707
179496.245048,-4705.514333872931,-3895.703174375503
179506.563579,-4706.988078664065,-3818.393836183963
179516.207009,-4735.010084440924,-3756.245649326356
179524.695315,-4788.113558011459,-3742.4111483642364
179526.496581,-4799.48641868688,-3736.699528929228
179535.677191,-4824.199450272223,-3705.0179617086937
179545.698063,-4839.465221681505,-3671.6885416541977
179555.789718,-4839.465221681505,-3671.6885416541977
179565.276991,-4839.465221681505,-3671.6885416541977
179575.308272,-4839.465221681505,-3671.6885416541977
179586.804242,-4837.3797337861715,-3685.0622044032984
179599.372177,-4837.3797337861715,-3685.0622044032984
179606.962204,-4834.480905603661,-3691.23000909447
179615.620771,-4834.480905603661,-3691.23000909447
179625.622527,-4834.480905603661,-3691.23000909447
179635.598583,-4834.480905603661,-3691.23000909447
179645.598056,-4834.480905603661,-3691.23000909447
179655.848942,-4834.480905603661,-3691.23000909447
179665.798004,-4834.480905603661,-3691.23000909447
179676.170895,-4834.480905603661,-3691.23000909447
179685.244785,-4834.480905603661,-3691.23000909447
179695.306472,-4834.480905603661,-3691.23000909447
179706.756555,-4834.480905603661,-3691.23000909447
179716.228603,-4834.480905603661,-3691.23000909447
179725.27249,-4834.480905603661,-3691.23000909447
179735.98806,-4834.480905603661,-3691.23000909447
179746.437117,-4834.480905603661,-3691.23000909447
179755.604825,-4834.480905603661,-3691.23000909447
179765.647592,-4834.480905603661,-3691.23000909447
179777.444867,-4834.480905603661,-3691.23000909447
179785.688031,-4834.480905603661,-3691.23000909447
179797.602068,-4834.480905603661,-3691.23000909447
179805.276196,-4834.480905603661,-3691.23000909447
179815.236913,-4834.480905603661,-3691.23000909447
179825.250135,-4834.480905603661,-3691.23000909447
179835.692968,-4834.480905603661,-3691.23000909447
179845.247559,-4829.46878303054,-3699.3109968942567
179855.667327,-4830.483720471209,-3696.4063100496146
179865.67282,-4830.483720471209,-3696.4063100496146
179875.690235,-4830.483720471209,-3696.4063100496146
179885.795679,-4830.483720471209,-3696.4063100496146
179897.754184,-4827.550134161467,-3701.2334899370544
179907.115564,-4825.694049930396,-3695.782547159152
179915.987927,-4810.37961714183,-3709.4680908503437
179925.220407,-4810.7550049624215,-3707.913338624657
179935.246297,-4810.7550049624215,-3707.913338624657
179945.214045,-4810.7550049624215,-3707.913338624657
179955.644638,-4810.7550049624215,-3707.913338624657
179965.288516,-4810.7550049624215,-3707.913338624657
179976.190227,-4810.7550049624215,-3707.913338624657
179985.674306,-4810.7550049624215,-3707.913338624657
179995.762168,-4810.7550049624215,-3707.913338624657
180006.452685,-4810.7550049624215,-3707.913338624657
180017.159041,-4810.7550049624215,-3707.913338624657
180025.800597,-4810.7550049624215,-3707.913338624657
180036.077891,-4807.6545796162145,-3709.263273192936
180047.258359,-4804.526347775077,-3713.946149632627
180055.320234,-4804.526347775077,-3713.946149632627
180065.448294,-4804.526347775077,-3713.946149632627
180075.718333,-4804.526347775077,-3713.946149632627
180085.275456,-4804.526347775077,-3713.946149632627
180096.255844,-4804.526347775077,-3713.946149632627
180105.679451,-4804.526347775077,-3713.946149632627
180115.696162,-4804.526347775077,-3713.946149632627
180126.158572,-4804.526347775077,-3713.946149632627
180137.680071,-4804.526347775077,-3713.946149632627
180145.972632,-4804.526347775077,-3713.946149632627
180156.177388,-4804.526347775077,-3713.946149632627
180165.699772,-4804.526347775077,-3713.946149632627
180175.319581,-4804.526347775077,-3713.946149632627
180185.917002,-4794.988716454096,-3711.111287062911
180195.236901,-4794.814925795279,-3712.79637778684
180205.22717,-4796.149638051297,-3722.916231957366
180215.714526,-4796.149638051297,-3722.916231957366
180225.698297,-4794.46039284558,-3728.688365811637
180236.18426,-4794.46039284558,-3728.688365811637
180246.081172,-4792.875422045195,-3726.0257363355563
180255.248947,-4792.875422045195,-3726.0257363355563
180266.157462,-4793.1395838452645,-3727.8225457412545
180276.383893,-4796.052315277981,-3743.4864410063574
180285.620898,-4787.230701469745,-3743.1745595959483
180295.213576,-4791.401677265285,-3740.591064263585
180305.618112,-4790.018303626577,-3740.3955565054453
180315.237559,-4787.30021773172,-3739.6461101154646
180325.676781,-4787.30021773172,-3739.6461101154646
180335.592575,-4787.30021773172,-3739.6461101154646
180348.198233,-4787.30021773172,-3739.6461101154646
180355.714037,-4787.30021773172,-3739.6461101154646
180365.93819,-4787.30021773172,-3739.6461101154646
180376.032847,-4787.30021773172,-3739.6461101154646
180386.631432,-4787.30021773172,-3739.6461101154646
180397.505196,-4777.811247789252,-3734.758416202382
180405.790104,-4777.811247789252,-3734.758416202382
180415.230958,-4777.811247789252,-3734.758416202382
180426.108037,-4775.913453797111,-3736.396957405595
180435.212549,-4774.432757393079,-3736.168865020214
180446.242938,-4774.432757393079,-3736.168865020214
180455.237858,-4774.80119359016,-3730.4898301649546
180466.513491,-4774.620451299335,-3730.4898301649546
180476.425797,-4774.620451299335,-3730.4898301649546
180487.003565,-4774.620451299335,-3730.4898301649546
180497.084264,-4774.620451299335,-3730.4898301649546
180505.247412,-4774.620451299335,-3730.4898301649546
180515.856086,-4774.620451299335,-3730.4898301649546
180525.936925,-4774.620451299335,-3730.4898301649546
180535.236249,-4774.620451299335,-3730.4898301649546
180545.790348,-4771.818945894125,-3729.9219266697223
180558.51491,-4765.958724889951,-3737.137093909293
180565.236683,-4765.958724889951,-3737.137093909293
180576.917204,-4765.958724889951,-3737.137093909293
180586.393833,-4765.958724889951,-3737.137093909293
180596.416689,-4765.958724889951,-3737.137093909293
180607.723894,-4765.958724889951,-3737.137093909293
180616.017217,-4765.958724889951,-3737.137093909293
180625.247034,-4765.958724889951,-3737.137093909293
180637.23239,-4765.958724889951,-3737.137093909293
180646.136606,-4765.958724889951,-3737.137093909293
180655.515045,-4765.958724889951,-3737.137093909293
180666.589934,-4765.958724889951,-3737.137093909293
180675.257018,-4765.958724889951,-3737.137093909293
180686.772498,-4765.958724889951,-3737.137093909293
180698.47873,-4765.958724889951,-3737.137093909293
180707.131874,-4765.958724889951,-3737.137093909293
180716.211957,-4765.958724889951,-3737.137093909293
180726.751921,-4765.958724889951,-3737.137093909293
180736.221483,-4765.958724889951,-3737.137093909293
180745.218814,-4765.958724889951,-3737.137093909293
180756.012544,-4765.958724889951,-3737.137093909293
180765.887384,-4765.958724889951,-3737.137093909293
180776.361679,-4765.958724889951,-3737.137093909293
180786.277915,-4765.958724889951,-3737.137093909293
180795.205236,-4765.958724889951,-3737.137093909293
180805.236762,-4765.958724889951,-3737.137093909293
180816.923602,-4765.958724889951,-3737.137093909293
180825.212981,-4765.958724889951,-3737.137093909293
180835.239184,-4765.958724889951,-3737.137093909293
180845.829979,-4765.958724889951,-3737.137093909293
180855.858,-4765.958724889951,-3737.137093909293
180866.141305,-4765.958724889951,-3737.137093909293
180876.825276,-4765.958724889951,-3737.137093909293
180886.29,-4765.958724889951,-3737.137093909293
180896.36179,-4765.958724889951,-3737.137093909293
180905.267764,-4765.958724889951,-3737.137093909293
180916.821801,-4765.958724889951,-3737.137093909293
180927.04039,-4761.023070194236,-3739.962646472132
180936.536631,-4749.455563969889,-3744.012449965093
180945.227155,-4749.455563969889,-3744.012449965093
180955.6474,-4746.452461392624,-3748.038978708356
180967.382939,-4744.5894255343055,-3745.2739404733766
180975.656229,-4744.5894255343055,-3745.2739404733766
180985.767301,-4738.680543152178,-3752.9732219770904
180995.658979,-4738.680543152178,-3752.9732219770904
181006.017057,-4738.680543152178,-3752.9732219770904
181015.628855,-4738.680543152178,-3752.9732219770904
181028.551284,-4738.680543152178,-3752.9732219770904
181036.405686,-4738.680543152178,-3752.9732219770904
181047.012446,-4738.680543152178,-3752.9732219770904
181055.634611,-4738.680543152178,-3752.9732219770904
181065.305581,-4738.680543152178,-3752.9732219770904
181075.69235,-4738.680543152178,-3752.9732219770904
181085.704816,-4738.680543152178,-3752.9732219770904
181096.984652,-4738.680543152178,-3752.9732219770904
181106.05271,-4738.680543152178,-3752.9732219770904
181115.234443,-4738.680543152178,-3752.9732219770904
181126.403643,-4738.680543152178,-3752.9732219770904
181135.672832,-4738.680543152178,-3752.9732219770904
181143.166526,-4738.680543152178,-3752.9732219770904
181145.264478,-4738.680543152178,-3752.9732219770904
181155.687494,-4738.680543152178,-3752.9732219770904
181168.787643,-4710.832328028478,-3766.458601730909
181177.814702,-4677.054375616766,-3790.668977309321
181185.278683,-4629.880639194741,-3789.011816457528
181195.832931,-4620.106652536886,-3746.6099101288223
181208.099488,-4617.1174532064315,-3696.578543074001
181215.20997,-4612.536331436491,-3646.817159030679
181225.874842,-4585.411085373843,-3584.96687204567
181242.288731,-4529.380976857262,-3544.343142231163
181242.289454,-4529.380976857262,-3544.343142231163
181244.623034,-4522.179091932317,-3557.5818141781124
181254.930723,-4492.7806639951095,-3587.7598406535008
181264.625198,-4471.932736486448,-3667.4851244385263
181275.600495,-4461.463587153347,-3673.2107093309405
181284.552493,-4438.86384978059,-3659.3203471945176
181294.597784,-4422.916818854242,-3621.1637442735414
181305.223784,-4421.088541109344,-3609.5124107537986
181315.058677,-4417.4597921391705,-3602.162248592928
181333.046173,-4417.4597921391705,-3602.162248592928
181335.549654,-4383.598419986312,-3537.658636890762
181346.966819,-4330.898140259578,-3530.1734803985814
181355.221889,-4226.957422187643,-3534.9308373321837
181364.640848,-4213.5894445850645,-3525.164756225807
181374.981504,-4189.314365128243,-3564.838877911834
181384.548989,-4148.292817588239,-3630.1384828538876
181394.587917,-4080.4518952284966,-3608.7210696753805
181407.094323,-4014.3836375209653,-3580.9263774429696
181414.987978,-3968.780968012007,-3562.399685227349
181425.060193,-3926.6888698144558,-3546.6101019081084
181435.785102,-3895.295324718081,-3528.8654399784064
181445.071953,-3807.8230088556393,-3510.082724100051
181455.124128,-3752.328174676781,-3491.5467199390546
181464.906268,-3736.1725947306595,-3474.0115291528036
181475.277645,-3749.42239481192,-3445.1648126176856
181487.924523,-3743.3605765152174,-3383.831205360968
181495.679817,-3726.44726928423,-3326.1796573251604
181505.802122,-3717.63260689298,-3289.2659060247634
181514.595586,-3674.4282482632693,-3313.569398771829
181524.547567,-3628.1304158092425,-3342.462670778553
181534.60591,-3569.827124341509,-3340.0839915975166
181544.950258,-3552.385493435521,-3312.28463265667
181554.53205,-3580.4214031313677,-3283.5077330266754
181564.935609,-3622.735953647566,-3223.8731670449242
181574.499236,-3641.776458626301,-3201.017360484476
181593.31848,-3610.9738016078077,-3179.4463194762848
181594.511505,-3531.6487915615,-3136.681286295799
181605.147445,-3512.830738601129,-3103.137708674883
181617.086755,-3523.1330490907826,-3059.5533988888
181628.223657,-3519.5668646881695,-3034.8262958255605
181634.524494,-3454.124252672725,-3008.6282269985654
181644.956363,-3374.3265318123254,-2977.9800228480553
181656.486546,-3364.3022863521537,-3005.8445657471543
181665.637542,-3364.3022863521537,-3005.8445657471543
181674.546052,-3364.3022863521537,-3005.8445657471543
181684.96709,-3364.3022863521537,-3005.8445657471543
181694.555699,-3350.8300341417553,-3011.4491278515716
181704.985562,-3346.3462350253662,-3022.248616154187
181715.028115,-3347.694850576457,-3082.6885076246986
181724.495822,-3395.1466532621457,-3109.272934354957
181737.262167,-3498.795404666327,-3160.3610214744735
181744.923594,-3506.7202588950263,-3286.4263866023016
181755.370232,-3492.114891592806,-3363.330808907132
181764.598518,-3558.2874243459764,-3414.493354782455
181774.94015,-3635.513043150899,-3447.6226255270867
181784.936225,-3681.831730478665,-3461.6340209637515
181794.599347,-3713.2808887168185,-3472.3078179985487
181805.034832,-3827.5656280428752,-3506.7358163062468
181816.473267,-3901.9271763590446,-3529.3914491141504
181826.036464,-3988.4957806261536,-3553.8299261730667
181835.004584,-4051.748629662601,-3583.7519307013754
181845.246285,-4070.1217783432294,-3573.296918079196
181864.634781,-4073.6045431900943,-3559.327419640976
181864.635477,-4073.6045431900943,-3559.327419640976
181866.422479,-4073.6045431900943,-3559.327419640976
181866.423102,-4073.6045431900943,-3559.327419640976
181868.674971,-4077.0525499009914,-3547.438682642715
181880.482493,-4083.607933631343,-3540.1071395498197
181900.019034,-4115.73139939185,-3569.8150171275247
181900.608354,-4138.838605647646,-3572.9245222532413
181909.403155,-4141.438513935356,-3575.6709414435804
181918.65991,-4141.438513935356,-3575.6709414435804
181928.649833,-4168.515098867324,-3585.4323668162933
181938.995711,-4172.164702736249,-3606.3749761321196
181950.126471,-4157.23260917538,-3637.4327853338086
181958.569966,-4144.914327145151,-3675.365949816214
181969.103803,-4122.31458962058,-3732.975571651478
181979.574499,-4102.704051449391,-3817.58853053352
181990.107944,-4100.986999722775,-3825.655551883774
182000.128963,-4100.986999722775,-3825.655551883774
182008.616119,-4100.986999722775,-3825.655551883774
182018.95343,-4096.781265728539,-3847.077612683737
182030.268534,-4085.755986200466,-3890.5827343909546
182038.651775,-4060.389501327213,-3976.838867815937
182048.970844,-4042.1275786656474,-4020.7908553099587
182058.970593,-4018.0262897776256,-4056.159122644454
182069.926029,-4004.192553148081,-4085.0477059517116
182078.658586,-4003.7059392984506,-4107.726592866503
182088.618715,-4006.215476442189,-4139.780535508362
182098.825184,-4033.5840297642685,-4161.188620895536
182108.648652,-4128.6892310596195,-4197.7438909322045
182120.912357,-4221.549056841125,-4226.497474464742
182128.574012,-4309.95288991149,-4235.490824260996
182140.663053,-4393.900730300606,-4239.279947792934
182149.026267,-4483.243032605853,-4217.983583670035
182181.910803,-4612.772686726194,-4183.108749333173
182185.320007,-4683.769646665404,-4046.811994543598
182185.320656,-4683.769646665404,-4046.811994543598
182189.246826,-4686.279183780878,-4021.0934267094085
182199.55471,-4690.158191282404,-3918.028292197365
182214.117113,-4695.344104531187,-3855.8056359564125
182221.328696,-4705.271026951796,-3787.0893236805978
182239.812761,-4790.789934147549,-3741.168277629028
182239.813375,-4790.789934147549,-3741.168277629028
182242.609658,-4804.289992478179,-3727.5246291559065
182248.339967,-4812.173136735466,-3708.5371014916996
182254.257793,-4823.907481969262,-3680.2024397663536
182254.258356,-4823.907481969262,-3680.2024397663536
182257.203715,-4823.650271793059,-3676.464517309567
182281.199878,-4816.9210975108845,-3687.38967787677
182281.200464,-4816.9210975108845,-3687.38967787677
182288.285767,-4813.5217522384255,-3690.9460573392184
182298.67662,-4813.5217522384255,-3690.9460573392184
182308.652416,-4813.730301032177,-3690.471252745185
182318.329046,-4811.846410297403,-3694.5629510819404
182328.379128,-4811.846410297403,-3694.5629510819404
182338.655919,-4811.846410297403,-3694.5629510819404
182351.980558,-4811.846410297403,-3694.5629510819404
182358.321908,-4811.846410297403,-3694.5629510819404
182368.871309,-4811.846410297403,-3694.5629510819404
182378.65797,-4811.846410297403,-3694.5629510819404
182390.629,-4811.846410297403,-3694.5629510819404
182399.185866,-4811.846410297403,-3694.5629510819404
182409.027115,-4811.846410297403,-3694.5629510819404
182419.568221,-4811.846410297403,-3694.5629510819404
182428.703405,-4811.846410297403,-3694.5629510819404
182439.255524,-4811.846410297403,-3694.5629510819404
182451.099349,-4811.846410297403,-3694.5629510819404
182459.976346,-4818.923165897964,-3693.045438389905
182468.656177,-4818.923165897964,-3693.045438389905
182478.634788,-4818.923165897964,-3693.045438389905
182488.315705,-4818.923165897964,-3693.045438389905
182500.02068,-4818.923165897964,-3693.045438389905
182509.088462,-4818.923165897964,-3693.045438389905
182518.66342,-4818.923165897964,-3693.045438389905
182530.456648,-4818.923165897964,-3693.045438389905
182538.7931,-4818.923165897964,-3693.045438389905
182549.006043,-4818.923165897964,-3693.045438389905
182558.782182,-4812.25655624475,-3701.6896747327155
182568.626861,-4811.4988289799185,-3703.118743401861
182578.252695,-4812.583282682807,-3701.9643165924563
182588.708737,-4814.870367749445,-3700.195436794467
182598.827535,-4814.654867332024,-3700.48404350151
182608.263723,-4815.085868158614,-3700.5864523274245
182618.873919,-4817.303436963339,-3698.2869085852208
182628.655619,-4813.181122552879,-3700.5864523274245
182639.203854,-4807.300046675019,-3710.7156165812985
182649.274288,-4805.200655522485,-3724.4756390929747
182658.736576,-4805.200655522485,-3724.4756390929747
182669.673394,-4805.200655522485,-3724.4756390929747
182678.732662,-4805.200655522485,-3724.4756390929747
182688.295922,-4805.200655522485,-3724.4756390929747
182698.73533,-4805.200655522485,-3724.4756390929747
182708.709749,-4805.200655522485,-3724.4756390929747
182718.810331,-4805.200655522485,-3724.4756390929747
182728.286055,-4805.200655522485,-3724.4756390929747
182738.322797,-4805.200655522485,-3724.4756390929747
182748.732426,-4805.200655522485,-3724.4756390929747
182761.951313,-4802.781489563642,-3723.9077355916697
182769.774046,-4792.931035059658,-3731.6628767143266
182779.876585,-4792.931035059658,-3731.6628767143266
182788.839616,-4790.226852412197,-3733.9950049604713
182798.805748,-4789.170205211842,-3739.6600749499858
182809.147093,-4789.121543829299,-3749.0211724135056
182818.757952,-4790.532723971143,-3750.585234429921
182828.755382,-4790.532723971143,-3750.585234429921
182841.569731,-4790.532723971143,-3750.585234429921
182848.373693,-4790.532723971143,-3750.585234429921
182858.352186,-4790.532723971143,-3750.585234429921
182868.740675,-4790.532723971143,-3750.585234429921
182878.734514,-4790.532723971143,-3750.585234429921
182889.736325,-4790.532723971143,-3750.585234429921
182899.457734,-4790.532723971143,-3750.585234429921
182909.530056,-4790.532723971143,-3750.585234429921
182918.81513,-4790.532723971143,-3750.585234429921
182930.273287,-4790.532723971143,-3750.585234429921
182939.220463,-4790.532723971143,-3750.585234429921
182949.13378,-4790.532723971143,-3750.585234429921
182961.684575,-4790.532723971143,-3750.585234429921
182968.250491,-4790.532723971143,-3750.585234429921
182978.284356,-4790.532723971143,-3750.585234429921
182988.837861,-4790.532723971143,-3750.585234429921
182999.760664,-4790.532723971143,-3750.585234429921
183009.106073,-4790.532723971143,-3750.585234429921
183018.284465,-4790.532723971143,-3750.585234429921
183028.772963,-4790.532723971143,-3750.585234429921
183038.735528,-4792.013420383011,-3752.1958459113375
183048.818129,-4793.014454577231,-3753.2804484386575
183059.31391,-4793.014454577231,-3753.2804484386575
183069.197775,-4793.014454577231,-3753.2804484386575
183081.371707,-4793.014454577231,-3753.2804484386575
183088.25837,-4793.014454577231,-3753.2804484386575
183098.285745,-4793.014454577231,-3753.2804484386575
183110.367136,-4792.51393748005,-3751.2974412492276
183118.735338,-4792.548695606835,-3750.887805958414
183128.732528,-4795.447523792239,-3755.161046804664
183139.078336,-4795.447523792239,-3755.1657017490024
183149.223406,-4792.520889103729,-3750.6736784128025
183158.830073,-4792.520889103729,-3750.6736784128025
183172.091172,-4792.520889103729,-3750.6736784128025
183178.306293,-4790.3241751855285,-3750.2128387192106
183188.733116,-4789.642915805804,-3752.340149253137
183198.71311,-4789.642915805804,-3752.340149253137
183209.068483,-4784.901906642885,-3749.6309704056653
183218.248413,-4785.131310316214,-3749.2539197387905
183230.928977,-4786.38260305495,-3744.566388604352
183238.752867,-4786.38260305495,-3744.566388604352
183249.969726,-4786.38260305495,-3744.566388604352
183260.101399,-4786.38260305495,-3744.566388604352
183268.945648,-4786.38260305495,-3744.566388604352
183278.85892,-4786.38260305495,-3744.566388604352
183289.321799,-4786.38260305495,-3744.566388604352
183298.47362,-4786.38260305495,-3744.566388604352
183308.733494,-4786.38260305495,-3744.566388604352
183319.149611,-4786.38260305495,-3744.566388604352
183329.611327,-4786.38260305495,-3744.566388604352
183338.271014,-4786.38260305495,-3744.566388604352
183348.737919,-4786.952636414032,-3744.943439273406
183358.659238,-4783.031919162579,-3742.4064934191665
183368.416083,-4783.031919162579,-3742.4064934191665
183378.250126,-4783.031919162579,-3742.4064934191665
183388.283884,-4783.031919162579,-3742.4064934191665
183401.408005,-4783.031919162579,-3742.4064934191665
183409.274645,-4783.031919162579,-3742.4064934191665
183418.288477,-4783.031919162579,-3742.4064934191665
183429.032198,-4783.031919162579,-3742.4064934191665
183439.556513,-4783.031919162579,-3742.4064934191665
183448.305276,-4783.031919162579,-3742.4064934191665
183458.645296,-4782.14906262076,-3741.894449293512
183468.794087,-4769.8307807604215,-3736.7134937750748
183480.501142,-4769.8307807604215,-3736.7134937750748
183489.235241,-4769.8307807604215,-3736.7134937750748
183499.487487,-4765.451256168769,-3732.7428243199615
183509.797274,-4760.9396506766,-3731.625637133094
183519.180579,-4754.669283723022,-3734.7816909384123
183529.412562,-4752.152794987872,-3735.8709484398273
183539.139353,-4749.942177811811,-3736.1316254493004
183549.424402,-4737.86025123941,-3733.96242033638
183558.735384,-4737.7907349775,-3734.27430176252
183568.749798,-4737.7907349775,-3734.27430176252
183578.27085,-4737.7907349775,-3734.27430176252
183588.810608,-4737.7907349775,-3734.27430176252
183598.779784,-4734.8988584200915,-3733.8227719353413
183603.662383,-4728.406039421139,-3736.93693120366
183608.788627,-4728.406039421139,-3736.9462411051313
183621.068555,-4728.406039421139,-3736.9462411051313
183628.849969,-4728.406039421139,-3736.9462411051313
183644.186266,-4693.919021130555,-3765.746394939237
183648.695389,-4650.846744273882,-3781.1216826122836
183659.652333,-4611.424071216926,-3764.992293624451
183668.346243,-4610.165826841145,-3698.710508744152
183678.707758,-4597.472157109233,-3639.392518138526
183689.864993,-4598.779062868132,-3587.9181088816763
183698.284206,-4588.720059522649,-3485.741999282129
183708.264317,-4582.414934408774,-3432.256639691687
183718.71236,-4605.132849362264,-3447.2362647874425
183729.055153,-4645.61912126077,-3462.471911704583
183739.228262,-4664.110447359252,-3430.8834297889084
183748.708435,-4670.401669205406,-3417.747164085236
183759.875148,-4651.138712586278,-3358.6665496751853
183769.724815,-4614.246431520475,-3283.4984231187627
183778.678223,-4612.070572464291,-3280.0537601858673
183789.326569,-4607.823128765544,-3270.0130331168707
183798.752489,-4589.025931082879,-3171.2815359632523
183811.732624,-4588.511510727658,-3082.632648218508
183818.309411,-4611.465780975961,-2963.1400352643113
183829.985725,-4618.994392317659,-2910.297015159881
183846.368899,-4647.217995322402,-2846.3658924669157
183848.357919,-4673.641127077511,-2814.7261754403576
183858.377746,-4684.0407600982435,-2779.3531840706382
183869.149854,-4709.94947148531,-2707.9834315755456
183879.58072,-4772.361172741887,-2558.4430130023798
183888.679703,-4772.361172741887,-2558.4430130023798
183898.653873,-4772.361172741887,-2558.4430130023798
183908.369093,-4845.867669522406,-2216.4526715400016
183918.718155,-4870.121893742876,-2135.9917223257094
183928.821163,-4879.8263640815185,-2023.1369031582237
183938.287942,-4871.1646376938625,-1889.2602644202937
183949.537013,-4856.705254950919,-1760.3271661504311
183961.00624,-4839.444366802098,-1707.0464796610304
183968.679873,-4815.746272666761,-1696.8846987312554
183978.356526,-4815.085868158614,-1696.9033185816143
183988.270014,-4815.085868158614,-1696.9033185816143
183998.270017,-4760.015084375576,-1692.7604028156504
184008.268409,-4664.013124585633,-1679.7544401075631
184018.667838,-4642.762002832486,-1676.7287150310497
184028.280108,-4642.762002832486,-1676.7287150310497
184038.690294,-4572.5783831103,-1641.0810175613656
184049.028208,-4472.947673935465,-1663.6343077212591
184058.770425,-4381.8535617581965,-1683.315485754229
184073.377025,-4254.485862791486,-1603.6225378063643
184078.272269,-4192.01854780339,-1530.4465277351978
184090.915612,-4144.420761672978,-1493.523362213508
184098.245635,-4082.544334790675,-1438.3806679875147
184108.293601,-3957.8738661023217,-1355.6759276188047
184118.720764,-3868.893047400224,-1339.8909444242506
184128.796131,-3810.7983049889986,-1344.0897220623617
184138.689234,-3810.7983049889986,-1344.0897220623617
184148.267675,-3764.653408433798,-1364.245716324219
184158.646429,-3665.9055541819507,-1382.623513762364
184169.203703,-3597.028838848956,-1382.0276783848185
184179.090813,-3497.071401296367,-1400.852351833157
184191.545195,-3363.0162354496306,-1366.3404500980375
184198.343854,-3333.569145458379,-1348.8424403965355
184211.001865,-3333.569145458379,-1348.8424403965355
184218.273403,-3333.569145458379,-1348.8424403965355
184228.274359,-3333.569145458379,-1348.8424403965355
184238.672766,-3333.569145458379,-1348.8424403965355
184248.92485,-3333.569145458379,-1348.8424403965355
184258.727822,-3333.569145458379,-1348.8424403965355
184268.289002,-3333.569145458379,-1348.8424403965355
184278.65178,-3333.569145458379,-1348.8424403965355
184288.94483,-3333.569145458379,-1348.8424403965355
184299.468746,-3308.605854572336,-1329.7291576369807
184309.16411,-3232.297850043743,-1265.2718649397912
184318.548228,-3220.716440222666,-1210.5760275657922
184328.267244,-3279.9512499871657,-1137.6559953505
184338.27564,-3321.911267760304,-1079.3292734856961
184348.26528,-3322.231042584272,-1078.0957074825762
184359.866915,-3322.231042584272,-1078.0957074825762
184368.669636,-3322.231042584272,-1078.0957074825762
184378.987571,-3322.231042584272,-1078.0957074825762
184388.850986,-3322.231042584272,-1078.0957074825762
184401.460454,-3322.231042584272,-1078.0957074825762
184409.453339,-3322.231042584272,-1078.0957074825762
184419.281786,-3322.231042584272,-1078.0957074825762
184430.222482,-3322.231042584272,-1078.0957074825762
184438.28592,-3322.231042584272,-1078.0957074825762
184448.277323,-3322.231042584272,-1078.0957074825762
184458.724321,-3362.14728213047,-1035.3957024327792
184468.30689,-3400.4437926690716,-987.361102683455
184478.67015,-3404.5035425661954,-987.7753947205074
184489.045951,-3404.5035425661954,-987.7753947205074
184498.627136,-3455.431158461375,-965.045191835027
184509.124581,-3551.0299262652848,-933.4891705603586
184519.619771,-3637.195336765181,-908.613025825004
184529.160418,-3654.6717257724213,-971.1757831906496
184539.661891,-3677.612093202702,-1025.2618405737298
184548.731485,-3680.14943686574,-1054.9139761084568
184558.331102,-3628.7143524380012,-1107.4126830051457
184568.272228,-3662.7703706337797,-1147.3429787268767
184578.905021,-3671.3695326112743,-1173.1361422896828
184588.267241,-3603.1810283052496,-1242.5137422016107
184598.244167,-3597.730953125326,-1246.9080289954002
184611.585152,-3596.006949749963,-1249.0818975608777
184618.715641,-3596.6743058986967,-1271.0393661502276
184629.526412,-3643.4239941043807,-1347.6321497390102
184641.026698,-3654.5048867333135,-1371.5586646581994
184649.658575,-3662.5687734670873,-1381.604076681757
184658.646125,-3714.831101425621,-1389.5314800351287
184668.743444,-3777.256707241397,-1365.7632345644968
184678.938498,-3780.5517781894614,-1363.9617635176005
184688.272942,-3808.518171505476,-1346.66857217287
184700.1121,-3900.411721791404,-1338.159297764597
184708.263168,-3953.953148780623,-1355.3686999868432
184718.262979,-4037.7132958688435,-1400.2472065487254
184729.399797,-4127.132066739474,-1464.6020763594252
184738.288333,-4169.849811141866,-1483.7525947761583
184741.352091,-4175.703080591096,-1487.9606813860864
184748.278311,-4175.668322455584,-1487.8722370878318
184758.269812,-4175.668322455584,-1487.8722370878318
184768.278366,-4175.668322455584,-1487.8722370878318
184778.279997,-4175.668322455584,-1487.8722370878318
184788.630917,-4175.668322455584,-1487.8722370878318
184798.643968,-4175.668322455584,-1487.8722370878318
184808.247294,-4175.668322455584,-1487.8722370878318
184818.654052,-4175.668322455584,-1487.8722370878318
184828.243172,-4175.668322455584,-1487.8722370878318
184838.752616,-4175.668322455584,-1487.8722370878318
184848.972107,-4188.049169116989,-1497.6848991240468
184858.240938,-4189.2170423536145,-1498.3459038717926
184868.305028,-4189.2170423536145,-1498.3459038717926
184878.272956,-4189.2170423536145,-1498.3459038717926
184888.701179,-4189.2170423536145,-1498.3459038717926
184899.431785,-4189.2170423536145,-1498.3459038717926
184908.648208,-4189.2170423536145,-1498.3459038717926
184918.81159,-4189.2170423536145,-1498.3459038717926
184928.274483,-4189.2170423536145,-1498.3459038717926
184938.682087,-4189.2170423536145,-1498.3459038717926
184948.317433,-4189.2170423536145,-1498.3459038717926
184958.721015,-4189.2170423536145,-1498.3459038717926
184969.048263,-4189.2170423536145,-1498.3459038717926
184978.641047,-4189.2170423536145,-1498.3459038717926
184988.273079,-4189.2170423536145,-1498.3459038717926
184998.273125,-4189.2170423536145,-1498.3459038717926
185008.740852,-4189.2170423536145,-1498.3459038717926
185018.746131,-4189.2170423536145,-1498.3459038717926
185028.762079,-4189.2170423536145,-1498.3459038717926
185040.385187,-4189.2170423536145,-1498.3459038717926
185048.27275,-4197.002863952731,-1504.0016838651045
185058.698647,-4197.002863952731,-1504.0016838651045
185069.350344,-4200.617709692266,-1506.6596676895217
185078.263314,-4202.265245152637,-1514.4055259339552
185091.526364,-4202.2721967764055,-1514.4241457891403
185098.640617,-4202.2721967764055,-1514.4241457891403
185108.282988,-4202.2721967764055,-1514.4241457891403
185118.273295,-4202.2721967764055,-1514.4241457891403
185128.638094,-4202.2721967764055,-1514.4241457891403
185138.663906,-4202.2721967764055,-1514.4241457891403
185150.256909,-4202.2721967764055,-1514.4241457891403
185159.004712,-4202.2721967764055,-1514.4241457891403
185168.274684,-4202.765762256238,-1519.400301059209
185178.754621,-4200.958339382461,-1511.021367929886
185188.740477,-4201.507517869255,-1511.6265130985162
185198.349523,-4201.507517869255,-1511.6265130985162
185208.349656,-4201.507517869255,-1511.6265130985162
185219.085846,-4201.507517869255,-1511.6265130985162
185228.338155,-4201.507517869255,-1511.6265130985162
185238.340026,-4201.507517869255,-1511.6265130985162
185248.289849,-4200.11024095662,-1520.0473408907649
185258.431239,-4199.366416937244,-1520.256814215958
185268.338073,-4199.366416937244,-1520.256814215958
185278.626923,-4199.366416937244,-1520.256814215958
185288.339666,-4199.366416937244,-1520.256814215958
185300.14476,-4199.366416937244,-1520.256814215958
185309.482296,-4199.366416937244,-1520.256814215958
185318.27283,-4199.366416937244,-1520.256814215958
185328.627975,-4199.366416937244,-1520.256814215958
185340.240232,-4199.366416937244,-1520.256814215958
185348.287981,-4189.154477723031,-1528.3564494644115
185358.28671,-4187.861475208294,-1529.687768817633
185368.238719,-4187.861475208294,-1529.687768817633
185378.618058,-4187.861475208294,-1529.687768817633
185389.127556,-4187.861475208294,-1529.687768817633
185399.109029,-4187.861475208294,-1529.687768817633
185408.247021,-4187.861475208294,-1529.687768817633
185418.245481,-4187.861475208294,-1529.687768817633
185428.583813,-4187.861475208294,-1529.687768817633
185438.281996,-4187.861475208294,-1529.687768817633
185448.719574,-4187.861475208294,-1529.687768817633
185458.710563,-4187.861475208294,-1529.687768817633
185468.239569,-4186.874344256565,-1529.198997724899
185479.009095,-4186.874344256565,-1529.198997724899
185488.627592,-4186.874344256565,-1529.198997724899
185501.072198,-4186.874344256565,-1529.198997724899
185509.054278,-4186.874344256565,-1529.198997724899
185519.055511,-4186.874344256565,-1529.198997724899
185528.681207,-4186.874344256565,-1529.198997724899
185539.519727,-4186.874344256565,-1529.198997724899
185548.274279,-4186.874344256565,-1529.198997724899
185558.698644,-4186.874344256565,-1529.198997724899
185830.463288,-4060.620877573878,-1448.1773161515941
185830.463962,-4060.620877573878,-1448.1773161515941
185839.289261,-4176.558130641284,-1509.0290438112809
185850.046874,-4176.287017213835,-1513.5676326133496
185861.12885,-4176.287017213835,-1513.5676326133496
185869.953334,-4176.287017213835,-1513.5676326133496
185880.154711,-4176.287017213835,-1513.5676326133496
185889.244138,-4176.287017213835,-1513.5676326133496
185899.221969,-4176.287017213835,-1513.5676326133496
185909.244074,-4176.287017213835,-1513.5676326133496
185919.704466,-4176.287017213835,-1513.5676326133496
185929.531801,-4176.287017213835,-1513.5676326133496
185939.346026,-4176.287017213835,-1513.5676326133496
185949.811303,-4176.287017213835,-1513.5676326133496
185959.39666,-4176.287017213835,-1513.5676326133496
185969.838436,-4176.287017213835,-1513.5676326133496
185979.826073,-4171.365265701358,-1510.9236137025432
185989.804824,-4171.094152273876,-1511.198256519094
186000.800799,-4171.094152273876,-1511.198256519094
186009.824993,-4171.094152273876,-1511.198256519094
186019.901903,-4171.094152273876,-1511.198256519094
186029.864858,-4171.094152273876,-1511.198256519094
186039.847438,-4171.094152273876,-1511.198256519094
186051.664527,-4171.094152273876,-1511.198256519094
186060.317657,-4171.094152273876,-1511.198256519094
186070.20492,-4171.094152273876,-1511.198256519094
186080.279206,-4171.094152273876,-1511.198256519094
186090.062792,-4171.094152273876,-1511.198256519094
186100.329292,-4171.094152273876,-1511.198256519094
186111.063504,-4171.094152273876,-1511.198256519094
186120.69414,-4171.094152273876,-1511.198256519094
186129.821125,-4171.094152273876,-1511.198256519094
186141.151626,-4171.094152273876,-1511.198256519094
186150.789253,-4171.094152273876,-1511.198256519094
186160.034383,-4171.094152273876,-1511.198256519094
186170.086253,-4171.094152273876,-1511.198256519094
186179.855905,-4171.094152273876,-1511.198256519094
186190.385154,-4171.094152273876,-1511.198256519094
186199.349596,-4166.005561723416,-1505.565751406932
186210.300625,-4165.491141371885,-1505.658850663114
186219.776341,-4165.491141371885,-1505.658850663114
186229.817887,-4165.491141371885,-1505.658850663114
186239.848086,-4165.491141371885,-1505.658850663114
186249.800477,-4165.491141371885,-1505.658850663114
186259.79545,-4165.491141371885,-1505.658850663114
186270.75568,-4162.376812733601,-1504.3135663754651
186280.427707,-4159.589210538056,-1504.1599526010525
186290.210795,-4159.589210538056,-1504.1599526010525
186300.138673,-4159.589210538056,-1504.1599526010525
186310.209057,-4159.589210538056,-1504.1599526010525
186319.368911,-4159.589210538056,-1504.1599526010525
186329.364682,-4159.589210538056,-1504.1599526010525
186339.364674,-4159.589210538056,-1504.1599526010525
186349.816623,-4159.589210538056,-1504.1599526010525
186359.881974,-4159.589210538056,-1504.1599526010525
186369.727362,-4159.589210538056,-1504.1599526010525
186379.745204,-4159.589210538056,-1504.1599526010525
186390.082162,-4159.589210538056,-1504.1599526010525
186400.142084,-4159.589210538056,-1504.1599526010525
186410.128767,-4159.589210538056,-1504.1599526010525
186420.141952,-4159.589210538056,-1504.1599526010525
186429.743483,-4159.589210538056,-1504.1599526010525
186440.748675,-4159.589210538056,-1504.1599526010525
186449.3618,-4159.589210538056,-1504.1599526010525
186459.338121,-4159.589210538056,-1504.1599526010525
186469.795542,-4159.589210538056,-1504.1599526010525
186481.422745,-4159.589210538056,-1504.1599526010525
186489.763557,-4159.589210538056,-1504.1599526010525
186500.144708,-4159.589210538056,-1504.1599526010525
186510.066982,-4159.589210538056,-1504.1599526010525
186520.650491,-4159.589210538056,-1504.1599526010525
186530.068568,-4159.589210538056,-1504.1599526010525
186540.144877,-4159.589210538056,-1504.1599526010525
186549.737944,-4159.589210538056,-1504.1599526010525
186561.990851,-4159.589210538056,-1504.1599526010525
186569.374104,-4159.589210538056,-1504.1599526010525
186580.193736,-4159.589210538056,-1504.1599526010525
186589.78069,-4159.589210538056,-1504.1599526010525
186599.949751,-4159.589210538056,-1504.1599526010525
186610.155315,-4159.589210538056,-1504.1599526010525
186620.24185,-4159.589210538056,-1504.1599526010525
186630.159276,-4159.589210538056,-1504.1599526010525
186640.78031,-4159.589210538056,-1504.1599526010525
186650.063482,-4159.589210538056,-1504.1599526010525
186662.174191,-4159.589210538056,-1504.1599526010525
186669.803361,-4159.589210538056,-1504.1599526010525
186679.372642,-4156.454027019967,-1501.0271625359228
186689.339796,-4156.419268884296,-1500.394087580492
186700.949121,-4156.419268884296,-1500.394087580492
186709.843366,-4156.419268884296,-1500.394087580492
186720.266751,-4156.419268884296,-1500.394087580492
186729.812718,-4156.419268884296,-1500.394087580492
186740.417558,-4156.419268884296,-1500.394087580492
186750.258613,-4156.259381478974,-1495.241043556086
186759.997028,-4155.126266368831,-1494.6638281416397
186769.367228,-4155.126266368831,-1494.6638281416397
186779.361834,-4155.126266368831,-1494.6638281416397
186789.799426,-4155.126266368831,-1494.6638281416397
186799.79699,-4152.296954413423,-1487.7186233093612
186809.96157,-4152.54721296143,-1487.0808933677617
186821.090254,-4153.4856825306315,-1488.1468799039344
186830.13667,-4157.9416750763785,-1493.2533743494246
186840.235221,-4157.9416750763785,-1493.2533743494246
186851.517832,-4157.9416750763785,-1493.2533743494246
186860.212342,-4153.1311495843,-1491.4984532996937
186870.184296,-4148.716866805814,-1488.4261776928665
186880.559369,-4146.58966911917,-1484.6928973188974
186889.784941,-4146.58966911917,-1484.6928973188974
186899.740728,-4146.58966911917,-1484.6928973188974
186910.124581,-4146.58966911917,-1484.6928973188974
186919.718638,-4146.58966911917,-1484.6928973188974
186929.830136,-4146.58966911917,-1484.6928973188974
186941.100522,-4146.58966911917,-1484.6928973188974
186950.116574,-4146.58966911917,-1484.6928973188974
186960.277863,-4146.58966911917,-1484.6928973188974
186969.726056,-4146.58966911917,-1484.6928973188974
186980.139036,-4146.58966911917,-1484.6928973188974
186990.539847,-4151.059564913102,-1484.6044530201489
186999.742335,-4151.059564913102,-1484.6044530201489
187009.742271,-4151.059564913102,-1484.6044530201489
187019.743888,-4151.059564913102,-1484.6044530201489
187029.726015,-4151.059564913102,-1484.6044530201489
187039.805067,-4151.059564913102,-1484.6044530201489
187050.313426,-4151.059564913102,-1484.6044530201489
187059.395537,-4151.059564913102,-1484.6044530201489
187069.7219,-4152.338664172871,-1488.1887745777537
187080.142267,-4152.338664172871,-1488.1887745777537
187090.050435,-4152.338664172871,-1488.1887745777537
187100.584663,-4152.338664172871,-1488.1887745777537
187110.887597,-4152.338664172871,-1488.1887745777537
187119.745069,-4152.338664172871,-1488.1887745777537
187129.719218,-4152.338664172871,-1488.1887745777537
187139.333186,-4152.338664172871,-1488.1887745777537
187149.727937,-4152.338664172871,-1488.1887745777537
187161.548985,-4152.338664172871,-1488.1887745777537
187170.351823,-4152.338664172871,-1488.1887745777537
187179.36401,-4152.338664172871,-1488.1887745777537
187189.772973,-4152.338664172871,-1488.1887745777537
187199.776375,-4152.338664172871,-1488.1887745777537
187210.792542,-4152.338664172871,-1488.1887745777537
187219.783136,-4152.338664172871,-1488.1887745777537
187229.775179,-4152.338664172871,-1488.1887745777537
187239.748408,-4152.338664172871,-1488.1887745777537
187249.820929,-4152.338664172871,-1488.1887745777537
187259.775316,-4152.338664172871,-1488.1887745777537
187270.1319,-4152.338664172871,-1488.1887745777537
187280.124487,-4152.338664172871,-1488.1887745777537
187290.057939,-4152.338664172871,-1488.1887745777537
187299.363667,-4152.338664172871,-1488.1887745777537
187311.056559,-4152.338664172871,-1488.1887745777537
187320.73548,-4152.338664172871,-1488.1887745777537
187329.790074,-4152.338664172871,-1488.1887745777537
187339.792395,-4152.338664172871,-1488.1887745777537
187349.781052,-4152.338664172871,-1488.1887745777537
187359.765644,-4152.338664172871,-1488.1887745777537
187369.763877,-4152.338664172871,-1488.1887745777537
187380.255561,-4152.338664172871,-1488.1887745777537
187389.729816,-4156.968447371594,-1483.5757061799898
187399.749891,-4156.968447371594,-1483.5757061799898
187410.087534,-4156.968447371594,-1483.5757061799898
187419.378909,-4156.968447371594,-1483.5757061799898
187431.344088,-4156.968447371594,-1483.5757061799898
187439.778194,-4156.968447371594,-1483.5757061799898
187440.588131,-4156.968447371594,-1483.5757061799898
187449.752977,-4156.968447371594,-1483.5757061799898
187459.849022,-4195.716813061975,-1529.799487913632
187469.723377,-4138.199056017592,-1513.4745333575254
187479.802125,-4089.238751046234,-1455.33404452364
187993.522467,-4071.792374813705,-1441.6574042866512
187993.52418,-4071.792374813705,-1441.6574042866512
188001.276262,-4071.792374813705,-1441.6574042866512
188013.286226,-4185.643906372501,-1530.353428481905
188013.286943,-4185.643906372501,-1530.353428481905
188015.230544,-4201.180791426746,-1537.7129245379745
188015.231202,-4201.180791426746,-1537.7129245379745
188017.025826,-4201.180791426746,-1537.7129245379745
188017.026505,-4201.180791426746,-1537.7129245379745
188023.525982,-4201.180791426746,-1537.7129245379745
188023.582117,-4201.180791426746,-1537.7129245379745
188024.244016,-4201.180791426746,-1537.7129245379745
188034.390482,-4201.180791426746,-1537.7129245379745
188043.605009,-4201.180791426746,-1537.7129245379745
188053.604592,-4201.180791426746,-1537.7129245379745
188063.754706,-4201.180791426746,-1537.7129245379745
188073.670451,-4201.180791426746,-1537.7129245379745
188083.575597,-4193.269840558603,-1533.1929557513606
188093.293476,-4189.084961451883,-1534.240322366524
188103.293465,-4188.229911402062,-1533.7515512780526
188113.293612,-4188.229911402062,-1533.7515512780526
188124.085293,-4188.229911402062,-1533.7515512780526
188134.247176,-4188.229911402062,-1533.7515512780526
188143.297033,-4188.229911402062,-1533.7515512780526
188153.412127,-4188.229911402062,-1533.7515512780526
188163.937037,-4188.229911402062,-1533.7515512780526
188173.902177,-4188.229911402062,-1533.7515512780526
188184.728532,-4188.229911402062,-1533.7515512780526
188193.764468,-4188.229911402062,-1533.7515512780526
188203.762041,-4188.229911402062,-1533.7515512780526
188213.742545,-4188.229911402062,-1533.7515512780526
188223.741282,-4188.229911402062,-1533.7515512780526
188233.866169,-4188.229911402062,-1533.7515512780526
188244.227478,-4185.720374267427,-1532.5738457093057
188254.220377,-4185.720374267427,-1532.5738457093057
188263.260538,-4185.720374267427,-1532.5738457093057
188273.643168,-4185.720374267427,-1532.5738457093057
188283.701937,-4185.720374267427,-1532.5738457093057
188294.572836,-4185.720374267427,-1532.5738457093057
188303.728435,-4185.720374267427,-1532.5738457093057
188313.689914,-4184.677630300441,-1530.8608194283408
188323.672392,-4184.677630300441,-1530.8608194283408
188333.663436,-4184.677630300441,-1530.8608194283408
188343.261167,-4184.677630300441,-1530.8608194283408
188353.668178,-4184.677630300441,-1530.8608194283408
188363.702303,-4184.677630300441,-1530.8608194283408
188374.55918,-4184.677630300441,-1530.8608194283408
188383.251434,-4184.677630300441,-1530.8608194283408
188393.284839,-4184.677630300441,-1530.8608194283408
188405.439209,-4184.677630300441,-1530.8608194283408
188413.648412,-4184.677630300441,-1530.8608194283408
188423.712656,-4184.677630300441,-1530.8608194283408
188433.669128,-4184.677630300441,-1530.8608194283408
188443.99001,-4184.677630300441,-1530.8608194283408
188453.796314,-4177.969310802146,-1526.0010383073327
188463.983852,-4176.085420040751,-1524.767473172754
188474.082196,-4176.085420040751,-1524.767473172754
188484.063365,-4176.085420040751,-1524.767473172754
188493.917643,-4176.085420040751,-1524.767473172754
188505.687137,-4176.085420040751,-1524.767473172754
188515.54168,-4176.085420040751,-1524.767473172754
188523.649418,-4177.566116472788,-1522.9334178267275
188533.672776,-4183.989419287939,-1515.131700142585
188543.644766,-4184.253581091579,-1514.759303111065
188553.640915,-4184.253581091579,-1514.759303111065
188563.900957,-4184.253581091579,-1514.759303111065
188574.082131,-4184.253581091579,-1514.759303111065
188583.741961,-4184.253581091579,-1514.759303111065
188594.046121,-4184.253581091579,-1514.759303111065
188603.991897,-4184.253581091579,-1514.759303111065
188614.091151,-4184.253581091579,-1514.759303111065
188623.68328,-4184.253581091579,-1514.759303111065
188633.294387,-4184.253581091579,-1514.759303111065
188643.351791,-4184.253581091579,-1514.759303111065
188654.142851,-4184.253581091579,-1514.759303111065
188663.645717,-4180.110411743356,-1519.488745352571
188673.668558,-4179.387442595134,-1520.7735150920983
188684.167789,-4179.387442595134,-1520.7735150920983
188694.073732,-4179.387442595134,-1520.7735150920983
188704.235672,-4179.387442595134,-1520.7735150920983
188714.128443,-4179.387442595134,-1520.7735150920983
188723.987768,-4179.227555189889,-1515.555301756863
188734.428301,-4179.227555189889,-1515.555301756863
188743.921059,-4179.227555189889,-1515.555301756863
188753.293206,-4179.227555189889,-1515.555301756863
188763.688847,-4179.227555189889,-1515.555301756863
188773.689617,-4179.227555189889,-1515.555301756863
188783.684127,-4179.227555189889,-1515.555301756863
188794.428713,-4179.227555189889,-1515.555301756863
188804.000544,-4179.227555189889,-1515.555301756863
188814.047794,-4179.227555189889,-1515.555301756863
188823.982402,-4179.227555189889,-1515.555301756863
188834.044586,-4179.227555189889,-1515.555301756863
188843.650287,-4179.227555189889,-1515.555301756863
188853.643801,-4179.227555189889,-1515.555301756863
188863.255208,-4179.227555189889,-1515.555301756863
188873.256469,-4179.227555189889,-1515.555301756863
188883.74362,-4179.227555189889,-1515.555301756863
188893.928742,-4179.484765361384,-1515.4575475414003
188904.221321,-4171.608572625349,-1512.827493520365
188913.876448,-4171.608572625349,-1512.827493520365
188924.317853,-4165.797012934916,-1516.3513004020008
188934.229962,-4165.797012934916,-1516.3513004020008
188944.356023,-4165.797012934916,-1516.3513004020008
188955.38813,-4165.797012934916,-1516.3513004020008
188963.865623,-4165.797012934916,-1516.3513004020008
188973.772726,-4165.797012934916,-1516.3513004020008
188983.768607,-4165.797012934916,-1516.3513004020008
188993.986641,-4165.797012934916,-1516.3513004020008
189003.875123,-4165.797012934916,-1516.3513004020008
189014.210066,-4165.797012934916,-1516.3513004020008
189024.125205,-4165.797012934916,-1516.3513004020008
189034.212506,-4165.797012934916,-1516.3513004020008
189045.624949,-4165.797012934916,-1516.3513004020008
189055.888321,-4164.364977893982,-1510.7001754911685
189063.766043,-4164.364977893982,-1510.7001754911685
189073.879242,-4164.364977893982,-1510.7001754911685
189083.854312,-4164.364977893982,-1510.7001754911685
189093.810592,-4164.364977893982,-1510.7001754911685
189103.964664,-4164.364977893982,-1510.7001754911685
189115.964524,-4164.364977893982,-1510.7001754911685
189124.99259,-4164.364977893982,-1510.7001754911685
189134.248427,-4164.364977893982,-1510.7001754911685
189144.137605,-4164.364977893982,-1510.7001754911685
189154.229916,-4164.364977893982,-1510.7001754911685
189164.169943,-4164.364977893982,-1510.7001754911685
189176.281669,-4164.364977893982,-1510.7001754911685
189183.779101,-4164.364977893982,-1510.7001754911685
189193.917982,-4164.364977893982,-1510.7001754911685
189203.796263,-4164.364977893982,-1510.7001754911685
189214.153885,-4164.364977893982,-1510.7001754911685
189223.789861,-4165.199173064651,-1514.1588129073314
189234.187046,-4165.199173064651,-1514.1588129073314
189243.283306,-4162.953797724326,-1511.1423969640512
189253.691466,-4162.953797724326,-1511.1423969640512
189264.038065,-4158.761966991213,-1506.8924158367404
189274.088663,-4158.761966991213,-1506.8924158367404
189285.137276,-4158.761966991213,-1506.8924158367404
189293.708635,-4158.761966991213,-1506.8924158367404
189303.689777,-4158.761966991213,-1506.8924158367404
189313.689969,-4158.761966991213,-1506.8924158367404
189323.676928,-4158.761966991213,-1506.8924158367404
189333.793267,-4158.761966991213,-1506.8924158367404
189344.088849,-4158.761966991213,-1506.8924158367404
189354.113037,-4158.761966991213,-1506.8924158367404
189363.281398,-4158.761966991213,-1506.8924158367404
189374.500543,-4158.761966991213,-1506.8924158367404
189384.220443,-4158.761966991213,-1506.8924158367404
189394.693583,-4158.761966991213,-1506.8924158367404
189403.69408,-4158.761966991213,-1506.8924158367404
189413.644334,-4152.19268001509,-1499.6167087601004
189423.617563,-4152.19268001509,-1499.6167087601004
189433.627068,-4152.19268001509,-1499.6167087601004
189443.622134,-4152.19268001509,-1499.6167087601004
189454.064443,-4152.19268001509,-1499.6167087601004
189464.136978,-4152.19268001509,-1499.6167087601004
189474.276046,-4152.19268001509,-1499.6167087601004
189483.37595,-4152.19268001509,-1499.6167087601004
189494.72066,-4147.117992726852,-1505.7798796979487
189504.461035,-4147.117992726852,-1505.7798796979487
189513.641045,-4147.117992726852,-1505.7798796979487
189523.66857,-4147.117992726852,-1505.7798796979487
189533.715596,-4147.117992726852,-1505.7798796979487
189544.029198,-4147.117992726852,-1505.7798796979487
189553.984011,-4147.117992726852,-1505.7798796979487
189564.19527,-4147.117992726852,-1505.7798796979487
189574.230883,-4147.117992726852,-1505.7798796979487
189584.029114,-4147.117992726852,-1505.7798796979487
189594.548343,-4145.3453279865325,-1504.9652611824854
189604.388138,-4145.3453279865325,-1504.9652611824854
189613.278449,-4148.932367226562,-1508.5914772976898
189623.284085,-4149.5649652243055,-1510.6722457122269
189633.619398,-4149.5649652243055,-1510.6722457122269
189643.629595,-4149.5649652243055,-1510.6722457122269
189653.622031,-4149.5649652243055,-1510.6722457122269
189663.625774,-4149.5649652243055,-1510.6722457122269
189674.04333,-4149.5649652243055,-1510.6722457122269
189683.629564,-4154.77173342251,-1506.7341471017098
189693.854011,-4154.77173342251,-1506.7341471017098
189703.717029,-4154.77173342251,-1506.7341471017098
189714.084301,-4154.77173342251,-1506.7341471017098
189724.495286,-4154.77173342251,-1506.7341471017098
189733.312212,-4154.77173342251,-1506.7341471017098
189743.769939,-4154.77173342251,-1506.7341471017098
189753.630047,-4154.77173342251,-1506.7341471017098
189763.630726,-4154.77173342251,-1506.7341471017098
189773.791033,-4154.77173342251,-1506.7341471017098
189784.084547,-4154.77173342251,-1506.7341471017098
189794.132219,-4154.77173342251,-1506.7341471017098
189804.388374,-4154.77173342251,-1506.7341471017098
189814.970882,-4154.77173342251,-1506.7341471017098
189823.272909,-4154.77173342251,-1506.7341471017098
189835.239091,-4154.77173342251,-1506.7341471017098
189843.648471,-4154.77173342251,-1506.7341471017098
189853.282476,-4154.77173342251,-1506.7341471017098
189863.708471,-4154.77173342251,-1506.7341471017098
189873.706103,-4154.77173342251,-1506.7341471017098
189883.250504,-4154.77173342251,-1506.7341471017098
189893.250932,-4154.77173342251,-1506.7341471017098
189903.670372,-4154.77173342251,-1506.7341471017098
189914.121612,-4154.77173342251,-1506.7341471017098
189924.120048,-4154.77173342251,-1506.7341471017098
189934.085841,-4154.77173342251,-1506.7341471017098
189943.649989,-4154.77173342251,-1506.7341471017098
189953.628384,-4154.77173342251,-1506.7341471017098
189963.674884,-4154.77173342251,-1506.7341471017098
189973.273431,-4154.77173342251,-1506.7341471017098
189984.438161,-4154.77173342251,-1506.7341471017098
189993.913611,-4155.75886437489,-1500.882858683971
190004.107183,-4155.75886437489,-1500.882858683971
190014.150218,-4155.75886437489,-1500.882858683971
190024.06062,-4151.149936055634,-1494.6731380746219
190034.065685,-4153.1589560878,-1489.4269947453522
190043.246356,-4145.185440581176,-1488.0677455411756
190053.273039,-4145.185440581176,-1488.0677455411756
190063.274537,-4145.185440581176,-1488.0677455411756
190073.624363,-4145.185440581176,-1488.0677455411756
190083.706003,-4145.185440581176,-1488.0677455411756
190093.247555,-4145.185440581176,-1488.0677455411756
190103.245834,-4161.82068262259,-1489.1244221519546
190113.273998,-4162.0709411705475,-1488.7101304419039
190123.666217,-4162.0709411705475,-1488.7101304419039
190134.144311,-4162.0709411705475,-1488.7101304419039
190144.016005,-4162.0709411705475,-1488.7101304419039
190153.692624,-4162.0709411705475,-1488.7101304419039
190164.524607,-4162.0709411705475,-1488.7101304419039
190173.679815,-4162.0709411705475,-1488.7101304419039
190183.693812,-4162.0709411705475,-1488.7101304419039
190193.682498,-4162.0709411705475,-1488.7101304419039
190203.654264,-4162.0709411705475,-1488.7101304419039
190213.243844,-4162.0709411705475,-1488.7101304419039
190223.238841,-4162.0709411705475,-1488.7101304419039
190233.621784,-4162.0709411705475,-1488.7101304419039
190243.979167,-4162.0709411705475,-1488.7101304419039
190254.064803,-4162.0709411705475,-1488.7101304419039
190263.987168,-4162.0709411705475,-1488.7101304419039
190274.515429,-4162.0709411705475,-1488.7101304419039
190283.65185,-4162.0709411705475,-1488.7101304419039
190293.625916,-4162.0709411705475,-1488.7101304419039
190303.624545,-4162.0709411705475,-1488.7101304419039
190313.651014,-4162.0709411705475,-1488.7101304419039
190323.687157,-4162.0709411705475,-1488.7101304419039
190333.252158,-4162.0709411705475,-1488.7101304419039
190343.756694,-4162.0709411705475,-1488.7101304419039
190353.641909,-4162.0709411705475,-1488.7101304419039
190363.992603,-4162.0709411705475,-1488.7101304419039
190373.712973,-4162.0709411705475,-1488.7101304419039
190384.424755,-4162.0709411705475,-1488.7101304419039
190393.663606,-4162.0709411705475,-1488.7101304419039
190403.648356,-4162.0709411705475,-1488.7101304419039
190413.627543,-4162.0709411705475,-1488.7101304419039
190423.648434,-4162.0709411705475,-1488.7101304419039
190433.630128,-4162.0709411705475,-1488.7101304419039
190444.011486,-4162.0709411705475,-1488.7101304419039
190453.235207,-4162.0709411705475,-1488.7101304419039
190463.648509,-4162.0709411705475,-1488.7101304419039
190473.884501,-4162.0709411705475,-1488.7101304419039
190483.623502,-4162.0709411705475,-1488.7101304419039
190494.46989,-4162.0709411705475,-1488.7101304419039
190503.628496,-4162.0709411705475,-1488.7101304419039
190513.619366,-4162.0709411705475,-1488.7101304419039
190523.626044,-4162.0709411705475,-1488.7101304419039
190533.704781,-4162.0709411705475,-1488.7101304419039
190543.620581,-4162.0709411705475,-1488.7101304419039
190554.041645,-4162.0709411705475,-1488.7101304419039
190563.657809,-4162.0709411705475,-1488.7101304419039
190573.914695,-4162.0709411705475,-1488.7101304419039
190583.987,-4162.0709411705475,-1488.7101304419039
190595.505908,-4162.0709411705475,-1488.7101304419039
190604.436481,-4162.0709411705475,-1488.7101304419039
190613.650015,-4162.0709411705475,-1488.7101304419039
190623.6487,-4162.0709411705475,-1488.7101304419039
190633.627498,-4162.0709411705475,-1488.7101304419039
190643.620316,-4162.0709411705475,-1488.7101304419039
190653.704334,-4162.0709411705475,-1488.7101304419039
190663.979245,-4162.0709411705475,-1488.7101304419039
190674.058139,-4162.0709411705475,-1488.7101304419039
190683.76723,-4162.0709411705475,-1488.7101304419039
190703.29718,-4162.0709411705475,-1488.7101304419039
190712.164988,-4162.0709411705475,-1488.7101304419039
190712.165599,-4162.0709411705475,-1488.7101304419039
190723.485985,-4162.0709411705475,-1488.7101304419039
190723.487373,-4162.0709411705475,-1488.7101304419039
190728.152918,-4162.0709411705475,-1488.7101304419039
190741.260018,-4162.0709411705475,-1488.7101304419039
190749.12469,-4120.58363463869,-1464.9186138610687
190758.909456,-4032.3883500121306,-1400.8663167180764
190769.004678,-4029.878812869697,-1398.6412440698105
190779.498523,-3905.416892849523,-1342.7490923941655
190788.599639,-3854.8716168207307,-1420.0866615065406
190798.538034,-3810.979047275272,-1523.4640835965256
190813.246268,-3733.6561059417218,-1594.1822743920104
190818.218882,-3675.366717841155,-1631.0356096394846
190828.542001,-3626.6358161136673,-1644.032263424527
190841.375376,-3501.617765032716,-1625.5753391854566
190848.956314,-3356.1549800647595,-1679.5403118643062
190858.848597,-3222.9409607132925,-1768.2033602059416
190873.823942,-3143.9704831057693,-1867.484360639654
190878.133999,-3210.52535570531,-1913.1402093433408
190891.594701,-3266.221787573923,-1851.2804437260322
190892.283324,-4162.0709411705475,-1488.7101304419039
190898.744255,-3224.4286087950445,-1816.5032336935553
190908.582733,-3221.65490979956,-1811.5131158629235
190918.567524,-3221.65490979956,-1811.5131158629235
190928.501714,-3221.65490979956,-1811.5131158629235
190931.004704,-4162.0709411705475,-1488.7101304419039
190938.211919,-3213.9664108460743,-1800.8486008535237
190955.014604,-3213.5910230135914,-1799.2845340390463
190958.334896,-3213.5910230135914,-1799.2845340390463
191665.178201,-4809.401463219165,-3837.5594564104376
191665.17892,-4809.401463219165,-3837.5594564104376
191674.338108,-4800.536114263448,-3720.0534397375036
191679.627703,-4800.445743122068,-3721.2171764153736
191684.337318,-4800.445743122068,-3721.2171764153736
191694.519074,-4800.445743122068,-3721.2171764153736
191704.327647,-4800.445743122068,-3721.2171764153736
191715.983229,-4800.445743122068,-3721.2171764153736
191724.232086,-4800.445743122068,-3721.2171764153736
191734.270074,-4800.445743122068,-3721.2171764153736
191744.728,-4800.445743122068,-3721.2171764153736
191754.831939,-4800.445743122068,-3721.2171764153736
191763.901722,-4800.445743122068,-3721.2171764153736
191773.904612,-4800.445743122068,-3721.2171764153736
191784.620322,-4800.445743122068,-3721.2171764153736
191793.904054,-4796.316477078028,-3731.8630394094607
191804.313618,-4796.177444554257,-3731.7373558541713
191814.681844,-4796.27476731932,-3735.9500825355763
191825.20571,-4790.254658923703,-3755.575337037291
191833.934536,-4783.845259442395,-3749.4959769541642
191844.285762,-4783.845259442395,-3749.4959769541642
191854.254654,-4783.845259442395,-3749.4959769541642
191865.55323,-4783.845259442395,-3749.4959769541642
191869.623735,-4783.845259442395,-3749.4959769541642
191873.908986,-4783.845259442395,-3749.4959769541642
191883.496125,-4783.845259442395,-3749.4959769541642
191884.081383,-4783.845259442395,-3749.4959769541642
191894.336683,-4782.885935006829,-3745.8558087908445
191906.370253,-4776.226276988094,-3713.6575429322133
191914.654891,-4776.226276988094,-3713.6575429322133
191924.244087,-4776.226276988094,-3713.6575429322133
191934.612131,-4776.226276988094,-3713.6575429322133
191944.256137,-4776.226276988094,-3713.6575429322133
191954.297376,-4776.226276988094,-3713.6575429322133
191964.249655,-4776.226276988094,-3713.6575429322133
191974.276315,-4776.226276988094,-3713.6575429322133
191984.325299,-4776.226276988094,-3713.6575429322133
191994.244158,-4776.226276988094,-3713.6575429322133
192004.324159,-4776.226276988094,-3713.6575429322133
192014.271015,-4776.226276988094,-3713.6575429322133
192024.118473,-4776.226276988094,-3713.6575429322133
192034.27513,-4776.226276988094,-3713.6575429322133
192043.976517,-4781.523416247279,-3716.6273989504684
192054.952677,-4781.523416247279,-3716.6273989504684
192064.452221,-4781.523416247279,-3716.6273989504684
192074.247958,-4781.523416247279,-3716.6273989504684
192084.294177,-4781.523416247279,-3716.6273989504684
192094.318604,-4781.523416247279,-3716.6273989504684
192105.93169,-4781.523416247279,-3716.6273989504684
192113.899317,-4781.523416247279,-3716.6273989504684
192123.928644,-4781.523416247279,-3716.6273989504684
192134.252134,-4781.523416247279,-3716.6273989504684
192144.793598,-4777.359392074447,-3722.61831537174
192154.727196,-4777.401101833321,-3723.2467331696726
192163.868514,-4777.401101833321,-3723.2467331696726
192176.6725,-4777.401101833321,-3723.2467331696726
192184.317415,-4773.320497177693,-3724.2196170234065
192195.932683,-4769.295505528062,-3724.875964499665
192204.472507,-4769.295505528062,-3724.875964499665
192214.608443,-4769.295505528062,-3724.875964499665
192225.209421,-4769.295505528062,-3724.875964499665
192234.846757,-4769.295505528062,-3724.875964499665
192244.940617,-4769.295505528062,-3724.875964499665
192254.844566,-4769.295505528062,-3724.875964499665
192265.068251,-4769.295505528062,-3724.875964499665
192275.52708,-4769.295505528062,-3724.875964499665
192284.225405,-4769.295505528062,-3724.875964499665
192293.898967,-4769.295505528062,-3724.875964499665
192304.445302,-4769.295505528062,-3724.875964499665
192306.324672,-4769.295505528062,-3724.875964499665
192313.865459,-4769.295505528062,-3724.875964499665
192324.51917,-4749.622403005204,-3731.797870159449
192336.545711,-4700.8289377234905,-3750.1849090396945
192345.224093,-4684.847148756254,-3782.7881533614586
192355.037818,-4609.171744274776,-3769.1538156709926
192364.791373,-4608.379258871178,-3734.553598552872
192374.688369,-4605.848866871697,-3681.3522116697254
192385.045041,-4599.550693392381,-3626.7264064305673
192394.260885,-4598.2368360097935,-3590.1152441807576
192404.254359,-4590.854208812686,-3546.1585719462087
192413.862986,-4591.194838508243,-3524.1313577413694
192424.275823,-4588.296010317353,-3521.3476987465797
192434.411764,-4576.700697543786,-3515.640732283413
192441.487103,-4769.295505528062,-3724.875964499665
192444.351507,-4578.292619975821,-3520.3049903531205
192454.665071,-4577.785151252587,-3520.19792655209
192464.241011,-4591.598032833985,-3530.513291603103
192474.363789,-4596.540639181004,-3528.2044373529643
192484.60884,-4605.695931091641,-3536.3599063778565
192495.010139,-4607.440789311075,-3537.0488386943553
192504.271742,-4607.440789311075,-3537.0488386943553
192514.247826,-4589.178866862991,-3516.7579198494905
192524.241919,-4587.517428160801,-3516.0364028749573
192533.898249,-4587.517428160801,-3516.0364028749573
192544.293388,-4596.387703400913,-3522.3345477601556
192556.671067,-4595.567411485454,-3521.7294044956366
192565.492056,-4596.707478208509,-3524.33617546016
192576.946709,-4605.967044524962,-3528.213747245031
192584.579694,-4596.3181871386305,-3526.170225017647
192594.663363,-4591.02799947232,-3524.326865555708
192604.259672,-4591.007144592792,-3525.2252705510086
192614.262359,-4581.817094543896,-3518.200953786211
192624.260773,-4581.316577444413,-3518.168369150579
192634.335402,-4579.3492671814865,-3526.2586690321255
192640.348592,-4769.295505528062,-3724.875964499665
192643.898453,-4581.61549738098,-3526.2959086251644
192658.505578,-4593.384600812882,-3517.6377050575393
194759.4809,-4809.401463219165,-3837.5594564104376
194759.481533,-4809.401463219165,-3837.5594564104376
194770.33826,-4770.094942560635,-3719.485536241827
194774.949179,-4770.282636467056,-3719.755523149034
194780.386126,-4770.282636467056,-3719.755523149034
194790.327524,-4770.282636467056,-3719.755523149034
194802.047683,-4759.180889215853,-3723.0651902510494
194810.396462,-4759.021001812657,-3724.0473839957804
194823.760229,-4759.021001812657,-3724.0473839957804
194829.873696,-4759.021001812657,-3724.0473839957804
194840.336513,-4759.021001812657,-3724.0473839957804
194850.336667,-4759.021001812657,-3724.0473839957804
194860.354033,-4759.021001812657,-3724.0473839957804
194870.448413,-4759.021001812657,-3724.0473839957804
194881.912519,-4759.021001812657,-3724.0473839957804
194889.872782,-4757.700192802838,-3737.19760821372
194900.428822,-4756.7756265018925,-3745.1389470322224
194913.063251,-4757.276143599346,-3743.1792145403115
194920.387204,-4757.276143599346,-3743.1792145403115
194931.395464,-4757.276143599346,-3743.1792145403115
194940.424948,-4757.276143599346,-3743.1792145403115
194950.656921,-4757.276143599346,-3743.1792145403115
194960.375359,-4757.276143599346,-3743.1792145403115
194970.336865,-4757.276143599346,-3743.1792145403115
194980.756726,-4757.276143599346,-3743.1792145403115
194990.316939,-4757.276143599346,-3743.1792145403115
195000.325841,-4757.276143599346,-3743.1792145403115
195009.894731,-4757.276143599346,-3743.1792145403115
195021.004417,-4757.276143599346,-3743.1792145403115
195031.71526,-4757.276143599346,-3743.1792145403115
195041.478562,-4757.276143599346,-3743.1792145403115
195049.850579,-4757.276143599346,-3743.1792145403115
195056.954344,-4757.276143599346,-3743.1792145403115
195059.869886,-4757.276143599346,-3743.1792145403115
195060.184298,-4757.276143599346,-3743.1792145403115
195069.869768,-4750.540017682771,-3734.441879831222
195080.305162,-4720.592411410078,-3734.4139501522227
196401.877943,-4800.046267463844,-3818.1552940265965
196401.878569,-4800.046267463844,-3818.1552940265965
196410.003089,-4785.527553016462,-3747.3965960893993
196412.766206,-4788.926898291178,-3743.6167795156157
196419.95234,-4793.716568836182,-3744.994643688206
196429.9557,-4792.159404530478,-3744.7898260406623
196440.682401,-4790.178191029806,-3740.158154231369
196449.986828,-4791.0958057063435,-3741.261376569709
196459.991388,-4791.0958057063435,-3741.261376569709
196470.085439,-4791.0958057063435,-3741.261376569709
196480.392171,-4791.0958057063435,-3741.261376569709
196490.091243,-4791.0958057063435,-3741.261376569709
196500.480911,-4791.0958057063435,-3741.261376569709
196512.039477,-4791.0958057063435,-3741.261376569709
196520.859293,-4791.0958057063435,-3741.261376569709
196530.200169,-4791.0958057063435,-3741.261376569709
196540.086909,-4791.0958057063435,-3741.261376569709
196551.559213,-4791.0958057063435,-3741.261376569709
196560.840488,-4791.0958057063435,-3741.261376569709
196571.236902,-4791.0958057063435,-3741.261376569709
196580.44702,-4791.0958057063435,-3741.261376569709
196590.431499,-4791.0958057063435,-3741.261376569709
196600.464101,-4791.0958057063435,-3741.261376569709
196610.443228,-4791.0958057063435,-3741.261376569709
196620.443144,-4791.0958057063435,-3741.261376569709
196630.758164,-4791.0958057063435,-3741.261376569709
196640.319825,-4784.602986715975,-3746.488881520812
196651.68461,-4782.0864979826,-3744.9294744385643
196660.654222,-4782.0864979826,-3744.9294744385643
196672.059293,-4782.0864979826,-3744.9294744385643
196681.679619,-4782.0864979826,-3744.9294744385643
196690.535306,-4782.0864979826,-3744.9294744385643
196700.552766,-4782.0864979826,-3744.9294744385643
196711.469273,-4780.2999300115125,-3738.7244306898747
196720.60573,-4780.292978387687,-3738.701155954238
196730.469431,-4780.292978387687,-3738.701155954238
196740.901993,-4780.292978387687,-3738.701155954238
196750.771907,-4780.292978387687,-3738.701155954238
196760.461863,-4780.292978387687,-3738.701155954238
196770.787265,-4780.292978387687,-3738.701155954238
196782.138075,-4780.292978387687,-3738.701155954238
196791.432492,-4780.292978387687,-3738.701155954238
196800.533023,-4780.292978387687,-3738.701155954238
196810.551188,-4780.292978387687,-3738.701155954238
196821.584674,-4780.292978387687,-3738.701155954238
196830.443345,-4780.292978387687,-3738.701155954238
196840.54463,-4780.292978387687,-3738.701155954238
196850.784879,-4780.292978387687,-3738.701155954238
196860.522982,-4780.292978387687,-3738.701155954238
196871.048704,-4780.292978387687,-3738.701155954238
196880.883576,-4780.292978387687,-3738.701155954238
196890.764781,-4780.292978387687,-3738.701155954238
196900.159734,-4780.292978387687,-3738.701155954238
196910.604463,-4771.255864158522,-3741.9875482228554
196921.00423,-4771.408799938138,-3741.7361811147866
196930.710749,-4771.408799938138,-3741.7361811147866
196940.604392,-4771.408799938138,-3741.7361811147866
196952.433828,-4771.408799938138,-3741.7361811147866
196960.500577,-4771.408799938138,-3741.7361811147866
196970.762418,-4771.408799938138,-3741.7361811147866
196983.210609,-4771.408799938138,-3741.7361811147866
196991.800161,-4771.408799938138,-3741.7361811147866
197000.65533,-4771.408799938138,-3741.7361811147866
197011.694082,-4771.408799938138,-3741.7361811147866
197020.056652,-4771.408799938138,-3741.7361811147866
197030.505093,-4771.408799938138,-3741.7361811147866
197042.139729,-4771.408799938138,-3741.7361811147866
197050.652579,-4771.408799938138,-3741.7361811147866
197060.780197,-4771.408799938138,-3741.7361811147866
197071.273193,-4771.408799938138,-3741.7361811147866
197081.113686,-4771.408799938138,-3741.7361811147866
197091.055368,-4771.408799938138,-3741.7361811147866
197101.075019,-4771.408799938138,-3741.7361811147866
197110.653525,-4771.408799938138,-3741.7361811147866
197121.65519,-4771.408799938138,-3741.7361811147866
197130.692462,-4771.408799938138,-3741.7361811147866
197140.667668,-4771.408799938138,-3741.7361811147866
197150.464823,-4771.408799938138,-3741.7361811147866
197162.629548,-4771.408799938138,-3741.7361811147866
197171.740632,-4771.408799938138,-3741.7361811147866
197181.072345,-4771.408799938138,-3741.7361811147866
197191.160525,-4771.408799938138,-3741.7361811147866
197201.080249,-4771.408799938138,-3741.7361811147866
197210.995332,-4771.408799938138,-3741.7361811147866
197221.234032,-4771.408799938138,-3741.7361811147866
197231.69706,-4771.408799938138,-3741.7361811147866
197240.69803,-4771.408799938138,-3741.7361811147866
197250.659261,-4770.379959240287,-3746.442332050754
197260.805736,-4770.379959240287,-3746.442332050754
197271.185014,-4770.379959240287,-3746.442332050754
197280.920426,-4770.379959240287,-3746.442332050754
197291.133649,-4769.351118542559,-3745.227391014955
197301.031441,-4743.393745808867,-3742.2808098545556
197310.753725,-4742.57345389619,-3742.31804943491
197321.159584,-4742.57345389619,-3742.31804943491
197331.093005,-4742.57345389619,-3742.31804943491
197341.533666,-4742.57345389619,-3742.31804943491
197351.490338,-4742.57345389619,-3742.31804943491
197360.58905,-4742.57345389619,-3742.31804943491
197370.58854,-4742.57345389619,-3742.31804943491
197380.672535,-4742.57345389619,-3742.31804943491
197391.81956,-4742.57345389619,-3742.31804943491
197400.585064,-4742.57345389619,-3742.31804943491
197413.315742,-4742.57345389619,-3742.31804943491
197420.839223,-4742.57345389619,-3742.31804943491
197433.160832,-4742.57345389619,-3742.31804943491
197441.047698,-4742.57345389619,-3742.31804943491
197451.91454,-4742.57345389619,-3742.31804943491
197460.609995,-4742.57345389619,-3742.31804943491
197470.604487,-4742.57345389619,-3742.31804943491
197480.603406,-4742.57345389619,-3742.31804943491
197490.648703,-4742.57345389619,-3742.31804943491
197500.876759,-4742.57345389619,-3742.31804943491
197510.076674,-4742.57345389619,-3742.31804943491
197520.081909,-4742.57345389619,-3742.31804943491
197530.485049,-4742.57345389619,-3742.31804943491
197540.888129,-4742.57345389619,-3742.31804943491
197552.288765,-4742.57345389619,-3742.31804943491
197561.695314,-4742.57345389619,-3742.31804943491
197570.660314,-4742.57345389619,-3742.31804943491
197580.650362,-4742.57345389619,-3742.31804943491
258110.98981,440.9972960522931,-2599.8721130386843
258110.990429,440.9972960522931,-2599.8721130386843
258117.887845,416.5275699895821,-2710.315563579413
258122.386145,411.84912521010745,-2735.6012737484434
258122.386804,411.84912521010745,-2735.6012737484434
258124.140135,406.57284052637726,-2758.4850267683196
258134.388823,374.2964376631923,-2777.7053304975175
258147.857466,356.3820955954822,-2818.0870517447356
258154.11215,338.5164149207475,-2859.7302626800347
258165.948344,333.4278241614907,-2860.4331605841808
258177.345679,333.4278241614907,-2860.4331605841808
258184.529197,333.4278241614907,-2860.4331605841808
258194.551911,333.4278241614907,-2860.4331605841808
258205.85537,333.4278241614907,-2860.4331605841808
258214.661767,327.53284470064864,-2861.8622311569748
258224.492989,255.2706849179871,-2877.153751541797
258238.36008,139.10205074363498,-2881.5759567522878
258245.02394,-62.877463721473696,-2852.212513533901
258254.173299,-224.91293101828768,-2854.302587452533
258264.92601,-419.18309139569897,-2912.885168817923
258276.661515,-537.1313419546801,-2981.6434701728995
258284.180814,-633.0498874180878,-3082.7071274344185
258294.132137,-673.5917744245502,-3136.4904332998935
258304.171969,-676.6643934314897,-3140.2655985370448
258314.16346,-676.6643934314897,-3140.2655985370448
258324.735757,-676.6643934314897,-3140.2655985370448
258334.495495,-713.7026605746422,-3191.8424529667464
258345.023247,-786.6738861938829,-3290.2341355952008
258356.432799,-855.8634268656889,-3393.62521833345
258364.161559,-913.6522997065739,-3467.564425447607
258374.172278,-1012.3932054693274,-3388.970269218686
258388.932782,-1110.237351338021,-3285.0811060835485
258394.183313,-1181.73483196308,-3209.8431465713957
258404.184867,-1204.139924814189,-3185.781707299414
258414.625271,-1204.139924814189,-3185.781707299414
258424.52106,-1204.139924814189,-3185.781707299414
258434.495403,-1207.594883286707,-3181.5829418184567
258444.639542,-1278.9046699463227,-3105.8375803787303
258455.663222,-1341.9628756930026,-3038.41991854086
258464.183696,-1389.4007762452377,-2985.488460605885
258474.133876,-1404.7499679754785,-2969.1030290628405
258485.122579,-1405.1601139443026,-2968.604949177501
258494.196648,-1449.9216382018906,-2920.9754764168356
258504.197463,-1539.6879935899167,-2824.2781396058845
258514.186358,-1611.0533931016334,-2747.2572782400075
258526.293725,-1638.4358505866824,-2719.0715321763328
258531.68918,-1638.4358505866824,-2719.0715321763328
258531.690862,-1638.4358505866824,-2719.0715321763328
258534.673675,-1638.4358505866824,-2719.0715321763328
258548.205748,-1638.4358505866824,-2719.0715321763328
258555.714934,-1638.4358505866824,-2719.0715321763328
258557.367617,-1638.4358505866824,-2719.0715321763328
258557.368262,-1638.4358505866824,-2719.0715321763328
258559.338995,-1638.4358505866824,-2719.0715321763328
258569.806272,-1638.4358505866824,-2719.0715321763328
258580.187352,-1638.4358505866824,-2719.0715321763328
258590.21414,-1662.279930090883,-2696.9279154512515
258600.172061,-1737.4965307108882,-2617.1094108257444
258609.320563,-1832.045605034549,-2512.419469172199
258619.309018,-1912.0727311875507,-2427.1080931059346
258629.714402,-1959.3576957322734,-2375.5125567972377
258641.464424,-1962.8196058085157,-2372.07254388687
258649.304221,-1962.8196058085157,-2372.07254388687
258659.818059,-1962.8196058085157,-2372.07254388687
258670.307735,-1962.8196058085157,-2372.07254388687
258679.78052,-1962.8196058085157,-2372.07254388687
258690.158857,-1978.1409909610632,-2353.1687649496876
258700.273394,-2071.480482034881,-2255.3262222349476
258710.60293,-2153.2246597775493,-2169.0838200528597
258724.030535,-2222.9703298741592,-2095.153771803512
258729.285125,-2285.729615156205,-2026.9912093038279
258739.283558,-2352.277536899665,-1955.8168806190984
258749.305012,-2375.996486953144,-1923.7069683140392
258759.305084,-2375.864406047525,-1923.8186873531322
258769.337085,-2400.556583818695,-1897.8579756910988
258779.723139,-2454.89049750304,-1843.0923683455358
258789.749997,-2512.783643983931,-1778.8958055282442
258799.732221,-2563.5166150028826,-1725.917693077912
258814.12924,-2606.9434264282986,-1678.716383652177
258819.274925,-2672.9838791689713,-1607.3884022269324
258829.317613,-2736.9318922506795,-1531.773192123838
258839.317226,-2786.1841666615437,-1485.6564746768026
258850.140529,-2907.6082282190987,-1415.8320248069044
258859.3332,-2944.1529291316783,-1399.2231145346016
258869.38045,-2985.570720256607,-1381.0547909463262
258879.342001,-2998.3686647650993,-1376.8839433379933
258893.825581,-3021.2117096754637,-1366.852496125084
258899.30815,-3027.5168349661326,-1365.59565587013
258909.689887,-3027.5168349661326,-1365.59565587013
258920.262427,-3027.5168349661326,-1365.59565587013
258930.030025,-3027.5168349661326,-1365.59565587013
258943.735359,-3027.5168349661326,-1365.59565587013
258954.204856,-3034.544929427448,-1362.8585370536803
258954.205547,-3034.544929427448,-1362.8585370536803
258956.729088,-3034.544929427448,-1362.8585370536803
258977.143823,-3078.736419490188,-1341.2920886318118
258977.24013,-3133.2441233349073,-1318.2779455761884
258981.126713,-3135.9483060617727,-1316.5649187059994
258981.127296,-3135.9483060617727,-1316.5649187059994
258983.678807,-3135.9483060617727,-1316.5649187059994
258993.698986,-3135.9483060617727,-1316.5649187059994
259004.078249,-3135.9483060617727,-1316.5649187059994
259014.118686,-3135.9483060617727,-1316.5649187059994
259025.522017,-3135.9483060617727,-1316.5649187059994
259034.10272,-3135.9483060617727,-1316.5649187059994
259044.069989,-3135.9483060617727,-1316.5649187059994
259054.102315,-3135.9483060617727,-1316.5649187059994
259064.102584,-3135.9483060617727,-1316.5649187059994
259074.060055,-3135.9483060617727,-1316.5649187059994
259083.590183,-3145.437276309417,-1313.8138348034345
259093.704985,-3169.4760009309944,-1377.0934167103567
259105.013711,-3184.157836207164,-1462.4654482452777
259119.586698,-3200.57757811475,-1476.1510400169764
259123.590836,-3241.752062140864,-1543.7504111172623
259144.824948,-3296.0651203014672,-1630.5142538926793
259144.832208,-3369.9470070976836,-1671.3056846604068
259153.711135,-3460.950749918539,-1637.6503106087944
259164.253956,-3553.6993508458036,-1604.032174481075
259174.028777,-3611.370044317565,-1620.077828991567
259187.734097,-3650.034990896576,-1650.9867764781802
259194.118696,-3692.259170216476,-1683.8927009981528
259203.996881,-3695.0954338208294,-1685.549867326761
259214.033825,-3717.87591381927,-1700.0081779115399
259285.781244,-3982.774592057106,-1679.6520309454738
259285.782917,-3982.774592057106,-1679.6520309454738
259287.019073,-3982.774592057106,-1679.6520309454738
259297.053607,-4026.4794675387484,-1572.6996231332564
259307.04483,-4083.5175624886865,-1512.7250843429135
259317.016427,-4138.219910897321,-1505.593681184883
259324.684082,-4149.787417277076,-1498.8346749881282
259327.056641,-4149.787417277076,-1498.8346749881282
259340.263567,-4150.343547388224,-1496.5956377861926
259347.0564,-4150.343547388224,-1496.5956377861926
259357.51589,-4150.343547388224,-1496.5956377861926
259367.573926,-4150.343547388224,-1496.5956377861926
259377.504185,-4150.343547388224,-1496.5956377861926
259387.421977,-4150.343547388224,-1496.5956377861926
259397.934462,-4150.343547388224,-1496.5956377861926
259407.045566,-4150.343547388224,-1496.5956377861926
259417.045205,-4150.343547388224,-1496.5956377861926
259427.621928,-4150.343547388224,-1496.5956377861926
259437.956966,-4150.343547388224,-1496.5956377861926
259447.222809,-4150.343547388224,-1496.5956377861926
259457.052625,-4150.343547388224,-1496.5956377861926
259467.060118,-4150.343547388224,-1496.5956377861926
259478.066877,-4150.343547388224,-1496.5956377861926
259489.269572,-4150.343547388224,-1496.5956377861926
259497.400473,-4150.343547388224,-1496.5956377861926
259507.831067,-4150.343547388224,-1496.5956377861926
259522.797281,-4150.343547388224,-1496.5956377861926
259527.098359,-4150.343547388224,-1496.5956377861926
259538.695635,-4150.343547388224,-1496.5956377861926
259549.13682,-4150.343547388224,-1496.5956377861926
259559.687461,-4150.343547388224,-1496.5956377861926
259567.409274,-4150.343547388224,-1496.5956377861926
259577.048576,-4150.343547388224,-1496.5956377861926
259578.886162,-4150.343547388224,-1496.5956377861926
259589.182415,-4150.343547388224,-1496.5956377861926
259597.061059,-4172.818155621802,-1487.8070676079753
259607.469556,-4203.933635492505,-1507.087924281908
259617.492085,-4239.991721720478,-1469.284969350451
259630.184311,-4294.986038258266,-1368.8168909063056
259637.036434,-4341.082272940023,-1281.37804254278
259656.566454,-4415.381255847587,-1208.6302521490738
259657.028229,-4421.992252537876,-1160.5118761151375
259671.730719,-4405.329204084628,-1097.2322726325654
259677.126554,-4391.530225701973,-1042.1081639007834
259693.029596,-4398.440142333628,-997.2994565443029
259697.041983,-4398.440142333628,-997.2994565443029
259707.055594,-4398.440142333628,-997.2994565443029
259718.066349,-4398.440142333628,-997.2994565443029
259728.050193,-4398.440142333628,-997.2994565443029
259737.697156,-4398.440142333628,-997.2994565443029
259748.285855,-4398.440142333628,-997.2994565443029
259758.212314,-4398.440142333628,-997.2994565443029
259767.534648,-4398.440142333628,-997.2994565443029
259777.831361,-4398.440142333628,-997.2994565443029
259795.636788,-4405.0789455381055,-985.9087530616638
259796.736879,-4448.477949073687,-911.7690936381823
259796.737563,-4448.477949073687,-911.7690936381823
259798.757296,-4467.824325290765,-883.913768882376
259808.713839,-4518.717181998198,-810.3652784969987
259819.095093,-4554.198282994539,-785.3168951193928
259829.590369,-4552.1962146034275,-843.5133048643219
259840.911418,-4545.049942696951,-912.4813036385989
259848.761521,-4498.877240326263,-1027.8081072044508
259858.762251,-4427.289391848006,-1067.4172152628553
259868.909863,-4402.618069789748,-1092.5959265750673
259879.133535,-4421.6585744731665,-1177.553704404673
259888.695991,-4421.422219174205,-1178.0285108660523
259899.090412,-4423.167077400816,-1187.1382779326395
259911.653856,-4433.810017402832,-1290.2178201877778
259918.71138,-4395.645588520016,-1377.3308198666407
259929.138715,-4351.25250236235,-1470.3137162136884
259940.349112,-4320.345571384321,-1539.2490622183227
259955.278825,-4305.350913230997,-1579.6215522333102
259959.443358,-4305.517752259572,-1579.8915400489395
259969.157536,-4270.578877932983,-1621.8886092426326
259983.727951,-4218.9213420542565,-1564.5161991238356
259988.772787,-4186.596279197002,-1535.6135363566257
260000.040183,-4145.4009409935425,-1502.311932313512
260000.054116,-4146.575765863221,-1498.14108550095
260004.410375,-4147.632413078725,-1495.948597930634
260004.411058,-4147.632413078725,-1495.948597930634
260006.718953,-4153.325795125302,-1487.3881209360977
260017.427994,-4182.369690330427,-1496.497883567705
260027.200855,-4202.57806833935,-1518.678781827715
260037.637789,-4202.230487017146,-1519.0837635850583
260051.057674,-4202.230487017146,-1519.0837635850583
260056.68879,-4202.230487017146,-1519.0837635850583
260066.713613,-4202.230487017146,-1519.0837635850583
260077.080336,-4202.230487017146,-1519.0837635850583
260087.066029,-4202.230487017146,-1519.0837635850583
260097.164014,-4202.230487017146,-1519.0837635850583
260106.691754,-4202.230487017146,-1519.0837635850583
260117.12133,-4199.978160054771,-1521.9884603810258
260127.753047,-4178.28908562104,-1528.5147182030757
260138.073113,-4178.28908562104,-1528.5147182030757
260147.326858,-4178.28908562104,-1528.5147182030757
260157.495006,-4178.28908562104,-1528.5147182030757
260166.716044,-4178.28908562104,-1528.5147182030757
260177.229414,-4178.28908562104,-1528.5147182030757
260186.712581,-4172.255073887138,-1524.381111263147
260197.347572,-4170.03750505063,-1522.402752069161
260207.284637,-4170.03750505063,-1522.402752069161
260217.473609,-4170.03750505063,-1522.402752069161
260228.666948,-4170.03750505063,-1522.402752069161
260238.046423,-4170.03750505063,-1522.402752069161
260248.25477,-4170.03750505063,-1522.402752069161
260257.750915,-4170.03750505063,-1522.402752069161
260267.725893,-4170.03750505063,-1522.402752069161
260277.23325,-4170.03750505063,-1522.402752069161
260286.684574,-4170.03750505063,-1522.402752069161
260297.332913,-4170.03750505063,-1522.402752069161
260307.601168,-4170.03750505063,-1522.402752069161
260317.150169,-4170.03750505063,-1522.402752069161
260327.260678,-4161.5912789461,-1516.5142241076787
260337.162347,-4161.5912789461,-1516.5142241076787
260346.774253,-4161.5912789461,-1516.5142241076787
260356.723306,-4161.5912789461,-1516.5142241076787
260368.034319,-4161.5912789461,-1516.5142241076787
260379.299174,-4161.5912789461,-1516.5142241076787
260388.499553,-4161.5912789461,-1516.5142241076787
260398.912453,-4153.728989454712,-1510.472082306245
260407.273946,-4153.784602470109,-1510.5558716398957
260417.133669,-4153.784602470109,-1510.5558716398957
260429.252541,-4153.784602470109,-1510.5558716398957
260436.684041,-4153.784602470109,-1510.5558716398957
260449.768047,-4153.784602470109,-1510.5558716398957
260456.780098,-4153.784602470109,-1510.5558716398957
260466.830723,-4153.784602470109,-1510.5558716398957
260476.781866,-4153.784602470109,-1510.5558716398957
260488.817796,-4153.784602470109,-1510.5558716398957
260497.356933,-4149.571916856478,-1509.8203875038016
260507.060404,-4149.07139975218,-1501.9116054956562
260517.084771,-4156.127300577006,-1495.6553352619887
260527.062494,-4156.1551070805035,-1495.7484345196817
260537.384856,-4156.1551070805035,-1495.7484345196817
260549.3693,-4156.1551070805035,-1495.7484345196817
260556.684949,-4156.1551070805035,-1495.7484345196817
260566.715934,-4156.1551070805035,-1495.7484345196817
260577.062165,-4156.1551070805035,-1495.7484345196817
260587.663927,-4156.1551070805035,-1495.7484345196817
260596.714114,-4158.497805187437,-1492.8390826426821
262003.548711,-5335.407293429207,-3727.3655761784553
262003.549354,-5335.407293429207,-3727.3655761784553
262010.185485,-5335.407293429207,-3727.3655761784553
262010.186137,-5335.407293429207,-3727.3655761784553
262021.334101,-5304.640245935473,-3660.7121763969512
262021.334725,-5304.640245935473,-3660.7121763969512
262027.785888,-5302.109853987555,-3656.9044296228303
262038.500063,-5276.402740138758,-3657.3326847674743
262051.366024,-5260.782435958841,-3653.9206084791904
262058.09344,-5188.666265191982,-3647.054561337682
262070.025285,-5155.743363204666,-3644.68519319838
262078.138609,-5155.743363204666,-3644.68519319838
262089.30815,-5155.743363204666,-3644.68519319838
262097.994635,-5146.198780342323,-3640.830896850643
262108.01444,-5102.340970186908,-3631.6653055860907
262118.908328,-5051.183952383963,-3620.25602952381
262128.469908,-4978.15016656193,-3602.9023852531764
262139.846892,-4950.023886551603,-3592.7825291827007
262147.59267,-4948.772593817789,-3593.2061294119394
262157.928361,-4948.772593817789,-3593.2061294119394
262168.277733,-4948.772593817789,-3593.2061294119394
262177.561062,-4948.772593817789,-3593.2061294119394
262187.529612,-4948.772593817789,-3593.2061294119394
262197.547909,-4935.599261971216,-3589.607854876525
262207.541063,-4893.229099618531,-3574.684092512018
262217.537621,-4847.577769596909,-3638.4103242640895
262227.529554,-4810.713295203726,-3716.4365461403736
262237.524824,-4805.339688054481,-3733.2362486626917
262247.525998,-4805.339688054481,-3733.2362486626917
262257.536407,-4805.339688054481,-3733.2362486626917
262267.546764,-4805.339688054481,-3733.2362486626917
262277.723543,-4805.339688054481,-3733.2362486626917
262288.592537,-4805.339688054481,-3733.2362486626917
262297.565743,-4805.339688054481,-3733.2362486626917
262305.555821,-4805.339688054481,-3733.2362486626917
262307.944623,-4805.339688054481,-3733.2362486626917
262317.924344,-4805.339688054481,-3733.2362486626917
262329.496538,-4805.339688054481,-3733.2362486626917
262337.728642,-4805.339688054481,-3733.2362486626917
262350.84784,-4805.339688054481,-3733.2362486626917
262358.244327,-4805.339688054481,-3733.2362486626917
262367.94667,-4805.339688054481,-3733.2362486626917
262377.920987,-4805.339688054481,-3733.2362486626917
262389.445186,-4805.339688054481,-3733.2362486626917
262399.900893,-4805.339688054481,-3733.2362486626917
262407.556503,-4805.339688054481,-3733.2362486626917
262417.558982,-4805.339688054481,-3733.2362486626917
262427.945185,-4805.339688054481,-3733.2362486626917
262437.929325,-4805.339688054481,-3733.2362486626917
262449.769885,-4805.339688054481,-3733.2362486626917
262457.934938,-4805.339688054481,-3733.2362486626917
262468.678746,-4805.339688054481,-3733.2362486626917
262478.297258,-4805.339688054481,-3733.2362486626917
262488.358599,-4805.339688054481,-3733.2362486626917
262497.555974,-4805.339688054481,-3733.2362486626917
262508.712937,-4805.339688054481,-3733.2362486626917
262517.917877,-4805.339688054481,-3733.2362486626917
262527.944587,-4805.339688054481,-3733.2362486626917
262537.951695,-4806.187786468893,-3746.991615741897
262547.916123,-4806.187786468893,-3746.991615741897
262559.863613,-4806.187786468893,-3746.991615741897
262569.678088,-4806.187786468893,-3746.991615741897
262578.273823,-4805.019913240041,-3748.74187561854
262588.962803,-4786.757990875753,-3745.0179184227204
262598.047715,-4786.77884575519,-3745.0877426167185
262608.038225,-4786.77884575519,-3745.0877426167185
262617.993759,-4786.77884575519,-3745.0877426167185
262629.30623,-4786.77884575519,-3745.0877426167185
262639.679402,-4786.77884575519,-3745.0877426167185
262648.083122,-4786.77884575519,-3745.0877426167185
262658.024517,-4786.77884575519,-3745.0877426167185
262669.644178,-4786.77884575519,-3745.0877426167185
262681.208475,-4786.77884575519,-3745.0877426167185
262689.012205,-4786.77884575519,-3745.0877426167185
262698.659982,-4786.77884575519,-3745.0877426167185
262711.260076,-4786.77884575519,-3745.0877426167185
262718.669226,-4786.77884575519,-3745.0877426167185
262728.631002,-4786.77884575519,-3745.0877426167185
262738.118208,-4786.77884575519,-3745.0877426167185
262748.108749,-4786.77884575519,-3745.0877426167185
262758.292797,-4786.77884575519,-3745.0877426167185
262768.069498,-4786.77884575519,-3745.0877426167185
262778.332135,-4786.77884575519,-3745.0877426167185
262789.592482,-4786.77884575519,-3745.0877426167185
262798.428209,-4786.77884575519,-3745.0877426167185
262808.633415,-4786.77884575519,-3745.0877426167185
262818.526316,-4773.841869154391,-3747.9365698792435
262828.163735,-4772.090059318009,-3747.768991801977
262834.952525,-4772.090059318009,-3747.768991801977
262838.113564,-4772.090059318009,-3747.768991801977
262847.516753,-4772.090059318009,-3747.768991801977
262859.477676,-4770.400814119726,-3741.9875482228554
262867.513255,-4748.989805007413,-3740.3350422011013
262878.023223,-4701.336406445441,-3763.2327238908856
262897.622801,-4675.420743429353,-3775.321619546652
264002.589059,-2729.9663624000964,-3530.3131288331933
264002.589759,-2729.9663624000964,-3530.3131288331933
264006.61202,-2794.38708603595,-3501.000920021541
264006.612702,-2794.38708603595,-3501.000920021541
264013.678318,-2832.8226294447218,-3470.9765027248736
264013.678963,-2832.8226294447218,-3470.9765027248736
264018.98812,-2853.2882181055643,-3471.1254610766096
264018.989635,-2853.2882181055643,-3471.1254610766096
264020.318345,-2868.053472971635,-3489.4938876996985
264020.318954,-2868.053472971635,-3489.4938876996985
264030.874833,-2887.865608730474,-3529.894183507076
264040.950016,-2901.7688618878497,-3558.3591904806112
264050.908114,-2920.600818287359,-3577.4863710585214
264053.455962,-4772.090059318009,-3747.768991801977
264053.489073,-4772.090059318009,-3747.768991801977
264053.498449,-4772.090059318009,-3747.768991801977
264053.506646,-4772.090059318009,-3747.768991801977
264053.523283,-4772.090059318009,-3747.768991801977
264053.534296,-4772.090059318009,-3747.768991801977
264053.60038,-4772.090059318009,-3747.768991801977
264060.923543,-2955.8316617782657,-3611.0764731245877
264061.894233,-4772.090059318009,-3747.768991801977
264070.890331,-3022.1015178711937,-3670.729622555304
264080.890487,-3055.2121152051755,-3700.8657491419917
264091.35994,-3081.454505475534,-3728.5859569897966
264100.867893,-3125.9588186993706,-3767.2778722910507
264110.876006,-3189.0656845518597,-3821.8384962097075
264121.24489,-3231.5053646189913,-3856.0244183993605
264130.874444,-3304.3027977491156,-3905.958019043011
264141.344557,-3345.4633784582065,-3906.96348724543
264153.960891,-3423.2590309216375,-3832.0514475612445
264162.666443,-3423.2590309216375,-3832.0514475612445
264171.78023,-3423.2590309216375,-3832.0514475612445
264183.682566,-3685.794157580195,-3498.5803468907734
264190.858288,-3651.6616715028795,-3449.0982442713994
264200.890385,-3557.3906645259035,-3403.3866465154138
264210.8824,-3534.6518942136013,-3393.099209085069
264220.881862,-3534.6518942136013,-3393.4064357319917
264232.054374,-3534.6518942136013,-3393.4064357319917
264241.507064,-3534.6518942136013,-3393.4064357319917
264251.028296,-3534.6518942136013,-3393.4064357319917
264262.006846,-3501.249328825888,-3387.550509736404
264271.301518,-3447.047496874791,-3371.165088558905
264281.874935,-3480.686417596913,-3301.2896413889484
264301.491163,-3420.5965579672393,-3112.2893427135064
264301.491796,-3420.5965579672393,-3112.2893427135064
264309.976078,-3352.053520412683,-3091.5794646835484
264309.97678,-3352.053520412683,-3091.5794646835484
264316.532287,-3352.053520412683,-3091.4677458606548
264328.119567,-3334.973374017596,-3037.6425416125744
264336.370527,-3352.505376132036,-2993.8953040198294
264345.842881,-3357.517498863386,-2981.3455532391563
264359.393433,-3290.4064963011497,-2944.1757595274657
264361.330937,-3239.6387676750164,-2922.7303935182217
264366.221979,-3219.492953949126,-2912.9549931033534
264377.581711,-3187.7170689974614,-2901.3734708968577
264385.907313,-3196.3857473082394,-2904.301436142005
264395.868397,-3196.3857473082394,-2904.301436142005
264406.225216,-3196.3857473082394,-2904.301436142005
264415.838602,-3196.3857473082394,-2904.301436142005
264425.930692,-3196.3857473082394,-2904.301436142005
264436.026637,-3196.3857473082394,-2904.301436142005
264445.835042,-3196.3857473082394,-2904.301436142005
264456.293149,-3196.3857473082394,-2904.301436142005
264466.897693,-3196.3857473082394,-2904.301436142005
264476.37351,-3196.3857473082394,-2904.301436142005
264493.894282,-3196.3857473082394,-2904.301436142005
264493.89485,-3196.3857473082394,-2904.301436142005
264507.001749,-3196.3857473082394,-2904.301436142005
264507.002461,-3196.3857473082394,-2904.301436142005
264513.158269,-3196.3857473082394,-2904.301436142005
264525.323003,-3196.3857473082394,-2904.301436142005
264533.650801,-3196.3857473082394,-2904.301436142005
264543.221545,-3196.3857473082394,-2904.301436142005
264553.188697,-3196.3857473082394,-2904.301436142005
264563.11683,-3205.575797602258,-2911.637641510809
264573.158706,-3210.3307101611126,-2913.359973982626
264583.568831,-3210.3307101611126,-2913.359973982626
264595.514629,-3210.3307101611126,-2913.359973982626
264603.689238,-3210.3307101611126,-2913.359973982626
264613.127807,-3210.3307101611126,-2913.359973982626
264623.665099,-3210.3307101611126,-2913.359973982626
264634.562505,-3210.3307101611126,-2913.359973982626
264644.065109,-3210.3307101611126,-2913.359973982626
264653.833899,-3210.3307101611126,-2913.359973982626
264663.889706,-3210.3307101611126,-2913.359973982626
264673.138835,-3210.3307101611126,-2913.359973982626
264683.148686,-3210.3307101611126,-2913.359973982626
264693.17679,-3210.3307101611126,-2913.359973982626
264703.995517,-3210.3307101611126,-2913.359973982626
264715.897632,-3210.3307101611126,-2913.359973982626
264723.709096,-3210.3307101611126,-2913.359973982626
264733.147937,-3210.3307101611126,-2913.359973982626
264743.578229,-3210.3307101611126,-2913.359973982626
264756.772997,-3210.3307101611126,-2913.359973982626
264765.326704,-3210.3307101611126,-2913.359973982626
264773.618878,-3210.3307101611126,-2913.359973982626
264784.667901,-3210.3307101611126,-2913.359973982626
264793.160454,-3210.3307101611126,-2913.359973982626
264803.156546,-3210.3307101611126,-2913.359973982626
264813.606639,-3210.3307101611126,-2913.359973982626
264825.909224,-3210.3307101611126,-2913.359973982626
264833.781877,-3210.3307101611126,-2913.359973982626
264843.984806,-3236.7746975361624,-2931.7796212057087
264855.224851,-3236.684326392123,-2932.4080397853895
264863.588718,-3236.684326392123,-2932.4080397853895
264876.902335,-3236.684326392123,-2932.4080397853895
264885.285716,-3236.684326392123,-2932.4080397853895
264893.621044,-3236.684326392123,-2932.4080397853895
264903.622583,-3236.684326392123,-2932.4080397853895
264913.175649,-3236.684326392123,-2932.4080397853895
264923.678178,-3236.684326392123,-2932.4080397853895
264933.597251,-3236.684326392123,-2932.4080397853895
264946.700011,-3236.684326392123,-2932.4080397853895
264955.176899,-3226.9450976060334,-2922.4790260868976
264964.067666,-3226.9450976060334,-2922.4790260868976
264973.998369,-3226.9450976060334,-2922.4790260868976
264985.008373,-3226.9450976060334,-2922.4790260868976
264993.927454,-3226.9450976060334,-2922.4790260868976
265003.594406,-3226.9450976060334,-2922.4790260868976
265013.633958,-3226.9450976060334,-2922.4790260868976
265023.588974,-3226.9450976060334,-2922.4790260868976
265033.138731,-3226.9450976060334,-2922.4790260868976
265043.591884,-3226.9450976060334,-2922.4790260868976
265055.098236,-3226.9450976060334,-2922.4790260868976
265068.034555,-3226.9450976060334,-2922.4790260868976
265073.33486,-3226.9450976060334,-2922.4790260868976
265083.222152,-3229.621473824945,-2919.011086432908
265094.420199,-3228.7247139999267,-2918.750409088543
265104.367743,-3228.7247139999267,-2918.750409088543
265114.68103,-3228.7247139999267,-2918.750409088543
265123.520489,-3228.7247139999267,-2918.750409088543
265152.86532,-3228.7247139999267,-2918.750409088543
265152.865971,-3228.7247139999267,-2918.750409088543
265165.492909,-3244.3102607111496,-2911.735395521845
265188.406993,-3227.605502126634,-2924.7320231170465
265188.407574,-3227.605502126634,-2924.7320231170465
265206.519096,-3222.648992401032,-2928.8144164707173
265206.519678,-3222.648992401032,-2928.8144164707173
265214.140024,-3222.197136672329,-2930.5181290831697
265214.140595,-3222.197136672329,-2930.5181290831697
265218.524413,-3225.1585295797995,-2928.6235634127993
265228.490399,-3226.5627581413396,-2925.4581957038586
265240.539959,-3226.5627581413396,-2925.4581957038586
265254.432392,-3234.112224573739,-2925.676978477546
265254.433049,-3234.112224573739,-2925.676978477546
265271.544917,-3240.3061238195214,-2931.8308256746095
265278.66403,-3240.834447435948,-2932.3614902558165
265288.688036,-3248.6341724186245,-2943.510101331829
265299.459804,-3249.843755435415,-2948.6770984648765
265309.423552,-3256.3435262561657,-2952.4336450031956
265320.267802,-3260.9733095309116,-2955.1567921094
265328.713032,-3260.9733095309116,-2955.1567921094
265340.68718,-3262.891958460254,-2954.4725141246463
265349.130307,-3262.488764115861,-2954.1932169803786
265359.150559,-3262.488764115861,-2954.1932169803786
265369.389799,-3259.5412744661926,-2952.126418154112
265379.131673,-3259.5412744661926,-2952.126418154112
265388.697061,-3259.5412744661926,-2952.126418154112
265398.700242,-3259.5412744661926,-2952.126418154112
265411.336296,-3259.5412744661926,-2952.126418154112
265419.572878,-3296.3570886216326,-2957.502888069302
265428.69407,-3303.378231421241,-2957.1444567444796
265442.053823,-3303.378231421241,-2957.1444567444796
265449.112999,-3303.378231421241,-2957.1444567444796
265459.148883,-3303.378231421241,-2957.1444567444796
265475.501715,-3303.378231421241,-2957.1444567444796
265478.666933,-3303.378231421241,-2957.1444567444796
265489.056249,-3303.378231421241,-2957.1444567444796
265499.504996,-3303.378231421241,-2957.1444567444796
265508.761125,-3303.378231421241,-2957.1444567444796
265519.498415,-3303.378231421241,-2957.1444567444796
265529.423617,-3304.11510382895,-2956.2786356112556
265539.927485,-3304.11510382895,-2956.2786356112556
265549.064456,-3307.090399988522,-2958.02424272731
265559.245003,-3307.090399988522,-2958.02424272731
265569.822268,-3309.4122432521153,-2958.2057858638814
265579.07502,-3311.080633619804,-2956.334495040059
265588.723402,-3310.9346494680053,-2953.7649613733533
265599.115664,-3309.1689363242467,-2952.6198431028247
265609.902856,-3310.4341323561107,-2956.357769804593
265619.531979,-3310.8581815718408,-2959.029712416497
265628.796919,-3312.1303292275556,-2959.8163993536673
265645.812529,-3316.113611234476,-2956.776715508202
265648.657998,-3316.113611234476,-2956.776715508202
265658.722931,-3316.113611234476,-2956.776715508202
265669.117187,-3314.2227688191247,-2954.444584409161
265702.779003,-3311.9843450675107,-2952.6244980541146
265702.779649,-3311.9843450675107,-2952.6244980541146
265707.981045,-3311.9912966996453,-2952.1031433913013
265707.981827,-3311.9912966996453,-2952.1031433913013
265724.906309,-3315.3072225546384,-2950.1480634051013
265735.8794,-3322.3978816243375,-2955.580392764519
265746.461317,-3322.3978816243375,-2955.580392764519
265754.53916,-3328.0773605015875,-2956.5812075070694
265766.73905,-3328.0773605015875,-2956.5812075070694
265775.007678,-3328.0773605015875,-2956.5812075070694
265785.159184,-3328.0773605015875,-2956.5812075070694
265794.997476,-3328.0773605015875,-2956.5812075070694
265804.996118,-3328.0773605015875,-2956.5812075070694
265817.330298,-3328.0773605015875,-2956.5812075070694
265827.11472,-3328.0773605015875,-2956.5812075070694
265835.934834,-3337.0658136083794,-2960.2260351544305
265845.796907,-3337.357781920099,-2961.510801970448
265855.069428,-3332.9643539550098,-2966.2355784963784
265895.186319,-3340.882256573652,-2959.439348217758
265895.186929,-3340.882256573652,-2959.439348217758
265899.734778,-3340.882256573652,-2959.439348217758
265899.735377,-3340.882256573652,-2959.439348217758
265907.16471,-3340.882256573652,-2959.439348217758
265917.668059,-3341.202031389272,-2956.990843310197
265927.951318,-3343.454358387716,-2966.202993831548
265937.709283,-3343.370938867713,-2967.0641599997393
265948.277438,-3343.370938867713,-2967.0641599997393
265958.745873,-3337.893057167823,-2972.4732144525933
265967.157528,-3332.8670311788323,-2973.3669652643434
265977.749074,-3333.145096242808,-2972.771131390001
265987.710674,-3333.145096242808,-2972.771131390001
265997.259848,-3333.145096242808,-2972.771131390001
266007.667956,-3340.277465061959,-2965.4209618638106
266017.849284,-3340.2496585580393,-2965.495441093897
266030.250202,-3340.2496585580393,-2965.495441093897
266051.70333,-3341.535709469298,-2966.514875633827
266051.703924,-3341.535709469298,-2966.514875633827
266066.84732,-3352.560989148112,-2968.4187510922916
266066.847908,-3352.560989148112,-2968.4187510922916
266426.627769,-3377.802345071539,-3097.1793710822153
266426.628465,-3377.802345071539,-3097.1793710822153
266429.482795,-3405.066624308959,-3109.598780936696
266429.483379,-3405.066624308959,-3109.598780936696
266433.757234,-3465.226000226619,-3135.4477242868247
266433.757946,-3465.226000226619,-3135.4477242868247
266437.094737,-3495.5489950852448,-3151.7260876675573
266437.095488,-3495.5489950852448,-3151.7260876675573
266438.39709,-3495.5489950852448,-3151.7260876675573
266451.27649,-3513.5606593823754,-3261.187247852712
266451.277123,-3513.5606593823754,-3261.187247852712
266459.120984,-3487.943915678093,-3314.910024271827
266469.896151,-3540.7415190367637,-3411.6864205603015
266479.076053,-3618.0992187690563,-3430.0455390067636
266489.134243,-3703.8197250641565,-3469.984998684802
266500.354599,-3745.258370548636,-3459.8511756458524
266509.088659,-3782.282733182849,-3416.2436155751498
266519.120794,-3804.9728420011684,-3387.829806690958
266529.126038,-3804.9728420011684,-3387.829806690958
266539.203205,-3828.4762911061666,-3362.5580873231124
266549.074988,-3881.899540522971,-3307.8950150785163
266559.604066,-3915.371621940689,-3259.5207757368453
266570.206031,-3956.1290078588936,-3247.4225603633668
266582.922107,-3974.2866561612764,-3210.4250153785697
266590.169644,-3991.4988832525923,-3166.2402243079196
266599.807224,-4006.6117191489993,-3153.8673650637193
266609.175982,-4037.1641173803673,-3175.4151321827194
266619.171953,-4058.665497967093,-3204.3689248358714
266629.325125,-4059.2911443506027,-3195.1847074709185
266639.605244,-4059.2911443506027,-3195.1847074709185
266649.882449,-4065.9994638651247,-3199.783798599624
266659.91212,-4066.089835007811,-3201.552679788366
266671.68842,-4056.865026720038,-3242.790884942063
266681.502344,-4079.7914907180707,-3252.543005530906
266690.449256,-4089.377783580417,-3255.5594132083384
266701.543012,-4117.19124093773,-3266.172699354442
266710.013958,-4130.218588876348,-3256.6952210253276
266719.855371,-4130.218588876348,-3256.6952210253276
266729.164515,-4130.218588876348,-3256.6952210253276
266740.528568,-4130.218588876348,-3256.6952210253276
266749.176025,-4132.762884149389,-3227.0804278161577
266759.527386,-4149.467642457994,-3227.382999594319
266769.553601,-4210.440357822794,-3261.098803802104
266779.979933,-4217.34332285717,-3265.41859744573
266791.157354,-4205.595074208699,-3308.77945553535
266799.556465,-4205.595074208699,-3308.77945553535
266810.129809,-4205.595074208699,-3308.77945553535
266819.561596,-4205.595074208699,-3308.77945553535
266830.236186,-4205.595074208699,-3308.77945553535
266846.693317,-4205.595074208699,-3308.77945553535
266849.191396,-4184.642872173187,-3286.188984159475
266859.285404,-4163.33613718248,-3278.1824703101033
266869.123922,-4179.164990550897,-3268.5560337618845
266879.121613,-4180.5275093284845,-3266.7824978091476
266889.948362,-4180.5275093284845,-3266.7824978091476
266902.558403,-4167.938113876663,-3287.0408399865714
266911.409837,-4161.208939496327,-3292.1519749279087
266919.968024,-4161.598230569874,-3292.1333551358316
266929.639845,-4154.285119574212,-3277.0699372729146
266941.920401,-4135.022162738513,-3267.8577912679166
266950.265424,-4140.743351290066,-3253.3436569487812
266959.164912,-4146.374168698412,-3250.555341820011
266969.105139,-4146.374168698412,-3250.555341820011
266979.164867,-4184.469081512019,-3245.0252610316884
266989.556393,-4204.267313558912,-3260.1678137964145
266999.562658,-4244.19050407868,-3267.476085367306
267009.62364,-4280.978511046512,-3274.7191875461176
267019.838233,-4293.804261768324,-3286.3705272018938
267032.03678,-4326.928761584935,-3311.828447582485
267039.916705,-4344.544182887617,-3328.0276723100014
267049.932907,-4414.060446827474,-3369.5917157033077
267060.431475,-4458.022532094152,-3382.7233274664613
267069.559667,-4537.145943511441,-3421.3594044340384
267079.504578,-4575.567582443926,-3441.9854826288556
267089.632587,-4611.681281394402,-3444.6015638246754
267100.010391,-4638.973366468292,-3459.59515346901
267109.487446,-4692.778954410044,-3491.4722407592603
267119.499955,-4757.13015944351,-3512.335719047513
267129.076705,-4800.1398715633395,-3523.4331155179357
267139.590079,-4821.105976559078,-3527.659808418669
267151.961624,-4821.105976559078,-3527.659808418669
267159.183701,-4848.620513540206,-3534.5118919987854
267171.561854,-4840.876401821655,-3563.0932724620056
267179.541317,-4825.631485300554,-3609.0189863262713
267189.090004,-4812.791831476711,-3651.644339306446
267199.097181,-4812.305217635512,-3658.2729840927504
267209.538456,-4812.305217635512,-3658.2729840927504
267212.294299,-4812.305217635512,-3658.2729840927504
267219.135866,-4812.305217635512,-3658.2729840927504
267229.515211,-4812.305217635512,-3658.2729840927504
267242.145313,-4812.305217635512,-3658.2729840927504
267249.108576,-4812.305217635512,-3658.2729840927504
267260.137268,-4812.305217635512,-3658.2729840927504
267269.130045,-4812.305217635512,-3658.2729840927504
267279.09302,-4812.305217635512,-3658.2729840927504
267289.090059,-4812.305217635512,-3658.2729840927504
267299.519886,-4812.305217635512,-3658.2729840927504
267310.44289,-4812.305217635512,-3658.2729840927504
267319.089077,-4812.305217635512,-3658.2729840927504
267329.54552,-4812.305217635512,-3658.2729840927504
267342.221483,-4812.305217635512,-3658.2729840927504
267350.306747,-4812.305217635512,-3658.2729840927504
267359.822471,-4812.305217635512,-3658.2729840927504
267381.790834,-4812.305217635512,-3658.2729840927504
267381.791505,-4812.305217635512,-3658.2729840927504
267399.92674,-4812.305217635512,-3658.2729840927504
267399.927442,-4812.305217635512,-3658.2729840927504
267405.538561,-4812.305217635512,-3658.2729840927504
267428.62975,-4812.305217635512,-3658.2729840927504
267428.63054,-4812.305217635512,-3658.2729840927504
267442.439669,-4812.305217635512,-3658.2729840927504
267442.441309,-4812.305217635512,-3658.2729840927504
267449.833226,-4812.305217635512,-3658.2729840927504
267459.840987,-4812.305217635512,-3658.2729840927504
267470.38431,-4812.305217635512,-3658.2729840927504
267481.574652,-4812.305217635512,-3658.2729840927504
267490.061879,-4813.236735559066,-3666.4005217649033
267502.132196,-4813.876285179567,-3671.9026692163206
267510.308098,-4813.876285179567,-3671.9026692163206
267521.033681,-4813.876285179567,-3671.9026692163206
267547.451609,-4813.876285179567,-3671.9026692163206
267547.45229,-4813.876285179567,-3671.9026692163206
267563.039183,-4813.876285179567,-3671.9026692163206
267563.039827,-4813.876285179567,-3671.9026692163206
267566.819933,-4813.876285179567,-3671.9026692163206
267577.088604,-4813.848478676477,-3679.3273097273172
267589.170927,-4813.848478676477,-3679.3273097273172
267597.845731,-4813.848478676477,-3679.3273097273172
267608.844106,-4813.848478676477,-3679.3273097273172
267618.646735,-4813.848478676477,-3679.3273097273172
267627.608148,-4813.848478676477,-3679.3273097273172
267637.27607,-4813.848478676477,-3679.3273097273172
267647.296302,-4813.848478676477,-3679.3273097273172
267659.705781,-4813.848478676477,-3679.3273097273172
267669.717087,-4813.848478676477,-3679.3273097273172
267676.841025,-4813.848478676477,-3679.3273097273172
267687.463234,-4813.848478676477,-3679.3273097273172
267697.663712,-4813.848478676477,-3679.3273097273172
267708.214726,-4813.848478676477,-3679.3273097273172
267718.374146,-4813.848478676477,-3679.3273097273172
267727.365518,-4813.848478676477,-3679.3273097273172
267736.819654,-4813.848478676477,-3679.3273097273172
267748.307836,-4813.848478676477,-3679.3273097273172
267757.352529,-4813.848478676477,-3679.3273097273172
267766.848132,-4813.848478676477,-3679.3273097273172
267777.655087,-4813.848478676477,-3679.3273097273172
267804.371921,-4811.3458932005915,-3694.730529172252
267804.373442,-4811.3458932005915,-3694.730529172252
267819.578964,-4809.093566268784,-3706.6983975035887
267819.579587,-4809.093566268784,-3706.6983975035887
267828.469128,-4809.093566268784,-3706.6983975035887
267839.885431,-4809.093566268784,-3706.6983975035887
267851.532098,-4809.093566268784,-3706.6983975035887
267858.488276,-4809.093566268784,-3706.6983975035887
267870.59103,-4809.093566268784,-3706.6983975035887
267878.828262,-4809.093566268784,-3706.6983975035887
267888.815324,-4809.093566268784,-3706.6983975035887
267898.815372,-4809.093566268784,-3706.6983975035887
267908.834938,-4809.093566268784,-3706.6983975035887
267920.796271,-4809.093566268784,-3706.6983975035887
267929.747386,-4809.093566268784,-3706.6983975035887
267939.374829,-4809.093566268784,-3706.6983975035887
267950.024256,-4809.093566268784,-3706.6983975035887
267958.834086,-4809.093566268784,-3706.6983975035887
267968.812475,-4809.093566268784,-3706.6983975035887
267978.46807,-4809.093566268784,-3706.6983975035887
267989.657514,-4809.093566268784,-3706.6983975035887
267998.832291,-4809.093566268784,-3706.6983975035887
268008.853472,-4809.093566268784,-3706.6983975035887
268020.361508,-4809.093566268784,-3706.6983975035887
268028.864728,-4808.231564607079,-3715.1936753657587
268038.435625,-4808.071677195672,-3720.6306531306905
268049.932732,-4808.071677195672,-3720.6306531306905
268059.506817,-4808.071677195672,-3720.6306531306905
268068.471318,-4808.071677195672,-3720.6306531306905
268079.04594,-4810.525601289231,-3721.822319478587
268089.552162,-4809.670551251234,-3731.9980328665856
268098.462986,-4806.417190133855,-3737.0486499241297
268108.909562,-4813.32710670027,-3727.7946160611145
268118.88969,-4811.860313544749,-3728.641816351471
268129.366623,-4809.781777271867,-3736.066456201176
268138.899078,-4809.781777271867,-3736.066456201176
268148.961664,-4806.326818992637,-3736.0012869396205
268159.315788,-4801.787407001729,-3739.501806770754
268170.221918,-4797.616431198966,-3740.3583169360145
268181.496398,-4798.958095086819,-3736.732113553988
268188.469097,-4792.493082600767,-3745.627716408161
268198.900078,-4798.249029196032,-3740.0697102466734
268209.844531,-4797.797173489694,-3741.3544754980176
268218.440912,-4795.426668912959,-3746.84731240047
268228.977328,-4800.376226852011,-3741.9875482228554
268240.630842,-4801.133954125294,-3741.5546382015023
268248.957513,-4805.158945772039,-3737.5839687783737
268261.223261,-4809.753970768771,-3735.9733572705345
268269.190697,-4807.19577228645,-3741.238101834098
268279.647095,-4800.682098410736,-3739.301644067446
268288.50672,-4799.743628863231,-3739.5623210751196
268298.854982,-4797.220188498832,-3726.858971782774
268308.642747,-4796.246960816215,-3725.429903154111
268319.918873,-4799.653257713745,-3725.113366789801
268328.907335,-4803.803378636881,-3729.754348597865
268338.966247,-4807.042836507112,-3742.5694165418563
268348.490486,-4807.042836507112,-3742.5694165418563
268358.89186,-4804.700138433848,-3745.0458481026517
268368.9489,-4799.639354466393,-3747.643308250733
268379.418802,-4793.160438724544,-3748.3182754924537
268389.006742,-4791.339112627141,-3751.3114060836765
268400.315168,-4792.785050903945,-3756.860102256707
268408.450167,-4791.59632280354,-3755.9198030768803
268418.910868,-4801.085292742767,-3758.2333114551734
268428.662859,-4804.352557116306,-3762.4553478501334
268440.346788,-4805.937527916257,-3767.0032304592087
268448.911995,-4805.979237675103,-3767.063744761796
268458.906981,-4805.979237675103,-3767.063744761796
268468.46478,-4805.979237675103,-3767.063744761796
268478.865121,-4798.603562145552,-3751.306751138625
268490.097618,-4795.433620536636,-3745.7208153476017
268499.280223,-4794.814925795279,-3745.4089339275997
268508.960074,-4794.814925795279,-3745.4089339275997
268519.148809,-4794.814925795279,-3745.4089339275997
268528.985478,-4794.814925795279,-3745.4089339275997
268540.761243,-4794.814925795279,-3745.4089339275997
268549.146937,-4794.814925795279,-3745.4089339275997
268558.5337,-4792.666873259586,-3740.4746905996253
268570.19875,-4775.273904176182,-3739.2830242761856
268581.411026,-4775.273904176182,-3739.2830242761856
268588.423838,-4775.273904176182,-3739.2830242761856
268600.320382,-4771.339283676136,-3737.3791511284076
268612.113321,-4771.596493844408,-3738.738395533943
268619.621299,-4771.596493844408,-3738.738395533943
268629.537551,-4771.596493844408,-3738.738395533943
268640.484519,-4771.596493844408,-3738.738395533943
268656.964304,-4771.596493844408,-3738.738395533943
268658.439981,-4771.596493844408,-3738.738395533943
268669.048149,-4771.596493844408,-3738.738395533943
268679.432192,-4771.596493844408,-3738.738395533943
268691.728431,-4771.596493844408,-3738.738395533943
268700.606487,-4771.596493844408,-3738.738395533943
268709.826962,-4771.596493844408,-3738.738395533943
268720.881863,-4771.596493844408,-3738.738395533943
268729.597328,-4771.596493844408,-3738.738395533943
268740.685757,-4771.596493844408,-3738.738395533943
268756.343402,-4771.596493844408,-3738.738395533943
268759.317287,-4768.628149403761,-3737.0579598132313
268768.951189,-4765.645901707145,-3735.824398969202
268778.631654,-4761.231618979996,-3735.428728514791
268788.902827,-4761.231618979996,-3735.428728514791
268800.553098,-4761.231618979996,-3735.428728514791
268809.393632,-4761.231618979996,-3735.428728514791
268820.706723,-4761.231618979996,-3735.428728514791
268829.398854,-4761.231618979996,-3735.428728514791
268839.759322,-4761.231618979996,-3735.428728514791
268849.309519,-4761.231618979996,-3735.428728514791
268859.817705,-4761.231618979996,-3735.428728514791
268870.002856,-4761.231618979996,-3735.428728514791
268878.890898,-4750.37317864746,-3736.2573090039978
268883.762376,-4739.194963497217,-3736.2573090039978
268889.267984,-4736.3030869400545,-3735.5311373342092
268899.770197,-4736.3030869400545,-3735.5311373342092
268909.243202,-4735.899892615657,-3736.6669443037595
271378.619151,-2510.941462931091,-2651.4303915014107
271378.619836,-2510.941462931091,-2651.4303915014107
271386.082804,-2526.2141865978037,-2622.485883574349
271392.851316,-2543.4333657230954,-2606.607832748456
271392.852001,-2543.4333657230954,-2606.607832748456
271400.043472,-2595.417629519574,-2564.63875835749
271400.044088,-2595.417629519574,-2564.63875835749
271402.388694,-2607.92360578227,-2560.5796374427764
271412.748043,-2618.8724176917294,-2561.1940915295495
271422.849683,-2618.8724176917294,-2561.1940915295495
271433.177616,-2618.8724176917294,-2561.1940915295495
271443.184098,-2618.8724176917294,-2561.1940915295495
271453.59673,-2618.8724176917294,-2561.1940915295495
271462.772428,-2618.8724176917294,-2561.1940915295495
271472.768203,-2618.8724176917294,-2561.1940915295495
271483.031554,-2650.6622061521953,-2575.587212814134
271492.820541,-2659.2266101291693,-2632.075090274708
271507.51598,-2740.213060006089,-2670.352781387865
271512.361781,-2762.1106837767475,-2715.5011824276785
271522.471732,-2786.0381825003415,-2758.2383142243452
271532.381735,-2885.4533943072215,-2795.4174287144383
271544.841782,-3026.182122664466,-2856.923326019414
271554.359225,-3048.6845378599987,-2865.209142346587
271564.184952,-3048.6845378599987,-2865.209142346587
271572.800302,-3114.210569818499,-2879.6813909473426
271582.776373,-3227.7653895348108,-2919.4486519758825
271592.315915,-3307.903740292353,-2948.644513798728
271592.393762,-3307.903740292353,-2948.644513798728
271602.972512,-3324.135788255537,-2954.337520501682
271613.699166,-3324.135788255537,-2954.337520501682
271623.195853,-3324.135788255537,-2954.337520501682
271632.810111,-3324.135788255537,-2954.337520501682
271643.056036,-3324.135788255537,-2954.337520501682
271654.709968,-3324.135788255537,-2954.337520501682
271662.830426,-3324.135788255537,-2954.337520501682
271672.929882,-3324.135788255537,-2954.337520501682
271682.928539,-3324.135788255537,-2954.337520501682
271692.811703,-3324.135788255537,-2954.337520501682
271702.377294,-3324.135788255537,-2954.337520501682
271712.472856,-3324.135788255537,-2954.337520501682
271722.888603,-3324.135788255537,-2954.337520501682
271733.251868,-3324.135788255537,-2954.337520501682
271743.308316,-3324.135788255537,-2954.337520501682
271753.207347,-3324.135788255537,-2954.337520501682
271763.351433,-3324.135788255537,-2954.337520501682
271772.357453,-3324.135788255537,-2954.337520501682
271783.767186,-3337.218749392245,-2962.1392205310854
271792.896419,-3337.218749392245,-2962.1392205310854
271802.903334,-3337.218749392245,-2962.1392205310854
271812.852419,-3337.218749392245,-2962.1392205310854
271822.876518,-3337.218749392245,-2962.1392205310854
271832.359916,-3337.218749392245,-2962.1392205310854
271842.861551,-3337.218749392245,-2962.1392205310854
271853.429617,-3337.218749392245,-2962.1392205310854
271862.840013,-3337.218749392245,-2962.1392205310854
271873.293807,-3337.218749392245,-2962.1392205310854
271882.837937,-3337.218749392245,-2962.1392205310854
271892.357428,-3337.218749392245,-2962.1392205310854
271902.376358,-3337.218749392245,-2962.1392205310854
271912.841803,-3337.218749392245,-2962.1392205310854
271922.83634,-3337.218749392245,-2962.1392205310854
271934.118204,-3337.218749392245,-2962.1392205310854
271943.052361,-3337.218749392245,-2962.1392205310854
271952.359745,-3337.218749392245,-2962.1392205310854
271962.873636,-3337.218749392245,-2962.1392205310854
271973.297467,-3337.218749392245,-2962.1392205310854
271983.339212,-3337.218749392245,-2962.1392205310854
271993.23209,-3337.218749392245,-2962.1392205310854
272003.877954,-3337.218749392245,-2962.1392205310854
272012.357406,-3337.218749392245,-2962.1392205310854
272022.893562,-3337.218749392245,-2962.1392205310854
272032.880358,-3337.218749392245,-2962.1392205310854
272043.501633,-3337.218749392245,-2962.1392205310854
272052.925809,-3337.218749392245,-2962.1392205310854
272063.570508,-3337.218749392245,-2962.1392205310854
272072.977281,-3337.218749392245,-2962.1392205310854
272082.884177,-3337.218749392245,-2962.1392205310854
272093.301887,-3337.218749392245,-2962.1392205310854
272102.854984,-3337.218749392245,-2962.1392205310854
272113.876831,-3337.218749392245,-2962.1392205310854
272122.859186,-3337.218749392245,-2962.1392205310854
272132.362047,-3337.218749392245,-2962.1392205310854
272142.751506,-3342.8982282682555,-2959.7186453482886
272152.734861,-3342.8982282682555,-2959.7186453482886
272162.768151,-3342.8982282682555,-2959.7186453482886
272173.119318,-3342.8982282682555,-2959.7186453482886
272183.172519,-3342.8982282682555,-2959.7186453482886
272192.33403,-3342.8982282682555,-2959.7186453482886
272194.9589,-3342.8982282682555,-2959.7186453482886
272202.320709,-3342.8982282682555,-2959.7186453482886
272214.01908,-3362.077765866647,-2973.036463662992
272223.737735,-3340.9865309736992,-3019.56270894591
272233.042558,-3288.1680725569167,-3126.370569803465
272242.803167,-3327.6046498937603,-3186.2053078007907
272252.771936,-3356.3357223524895,-3214.176905421903
272262.811221,-3357.600918383372,-3214.000017306383
272272.838847,-3357.600918383372,-3214.000017306383
272283.269101,-3357.600918383372,-3214.000017306383
272287.152359,-3342.8982282682555,-2959.7186453482886
272290.454211,-3342.8982282682555,-2959.7186453482886
272292.333657,-3357.600918383372,-3214.000017306383
272302.85987,-3365.636998646543,-3213.6369311667454
272313.33112,-3375.7099054904184,-3222.732704209396
272818.91125,-3675.950654469417,-3500.986955170725
272818.911984,-3675.950654469417,-3500.986955170725
272826.108263,-3661.845804311613,-3465.8467494233673
272826.108959,-3661.845804311613,-3465.8467494233673
272844.346739,-3628.4293357515944,-3429.747622284476
272844.368177,-3628.4293357515944,-3429.747622284476
272854.44323,-3564.933179283971,-3396.4787021201264
272864.368539,-3562.7086587980043,-3395.347549500092
272875.976306,-3541.54790771352,-3386.16333489429
272884.781506,-3529.1670608994045,-3381.4152867428243
272889.939142,-3507.345905276599,-3380.4982617545247
272895.852139,-3506.5464682316197,-3378.170787148112
272905.093402,-3506.330967808251,-3378.864374582675
272914.798772,-3506.330967808251,-3378.864374582675
272925.80975,-3506.330967808251,-3378.864374582675
272934.748929,-3506.330967808251,-3378.864374582675
272944.907213,-3506.330967808251,-3378.864374582675
272954.318874,-3506.330967808251,-3378.864374582675
272964.276609,-3506.330967808251,-3378.864374582675
272974.763758,-3506.330967808251,-3378.864374582675
272988.0595,-3506.330967808251,-3378.864374582675
272995.538278,-3506.330967808251,-3378.864374582675
273005.498193,-3506.330967808251,-3378.864374582675
273015.098244,-3504.1203505759804,-3382.290417189908
273024.746305,-3493.637297795622,-3384.1710166537664
273035.674358,-3493.637297795622,-3384.1710166537664
273044.336582,-3493.637297795622,-3384.1710166537664
273056.995964,-3493.637297795622,-3384.1710166537664
273064.281311,-3493.637297795622,-3384.1710166537664
273074.31912,-3493.637297795622,-3384.1710166537664
273086.013922,-3493.637297795622,-3384.1710166537664
273094.297145,-3493.637297795622,-3384.1710166537664
273106.368542,-3493.637297795622,-3384.1710166537664
273115.599837,-3492.5389408072406,-3384.5666873278883
273124.732846,-3478.70520404311,-3378.0916530191485
273134.746372,-3478.6982524109976,-3378.0916530191485
273144.732386,-3478.6982524109976,-3378.0916530191485
273154.748746,-3478.6982524109976,-3378.0916530191485
273164.335241,-3478.6982524109976,-3378.0916530191485
273174.713941,-3477.940525125454,-3378.1475124095177
273187.192938,-3471.8648035516435,-3375.9271016307757
273194.30852,-3471.8648035516435,-3375.9271016307757
273204.939615,-3471.8648035516435,-3375.9271016307757
273217.773246,-3471.8648035516435,-3375.9271016307757
273224.753847,-3471.8648035516435,-3375.9271016307757
273234.755426,-3471.8648035516435,-3375.9271016307757
273244.714427,-3471.8648035516435,-3375.9271016307757
273254.73411,-3471.8648035516435,-3375.9271016307757
273264.727747,-3471.8648035516435,-3375.9271016307757
273275.081052,-3471.8648035516435,-3375.9271016307757
273285.170255,-3471.8648035516435,-3375.9271016307757
273294.338146,-3471.8648035516435,-3375.9271016307757
273304.770479,-3471.8648035516435,-3375.9271016307757
273314.375187,-3471.8648035516435,-3375.9271016307757
273326.574108,-3471.8648035516435,-3375.9271016307757
273334.298855,-3471.8648035516435,-3375.9271016307757
273344.82738,-3464.016417214006,-3374.7912940154465
273354.825033,-3464.016417214006,-3374.7912940154465
273364.663937,-3464.016417214006,-3374.7912940154465
273374.694077,-3464.016417214006,-3374.7912940154465
273384.21513,-3464.016417214006,-3374.7912940154465
273384.277913,-3464.016417214006,-3374.7912940154465
273394.308962,-3464.016417214006,-3374.7912940154465
273404.689023,-3407.54140335261,-3358.5362110973597
273414.979732,-3312.9506211634553,-3318.578124602267
273425.631237,-3221.043166662801,-3280.807862076959
273430.300711,-3464.016417214006,-3374.7912940154465
273434.300227,-3200.6123362426274,-3266.4426864534676
273444.30321,-3200.6123362426274,-3266.4426864534676
273454.807905,-3200.6123362426274,-3266.4426864534676
273464.665714,-3200.6123362426274,-3266.4426864534676
273474.779002,-3200.6123362426274,-3266.4426864534676
273484.774901,-3200.6123362426274,-3266.4426864534676
273492.017907,-3464.016417214006,-3374.7912940154465
273494.268523,-3200.6123362426274,-3266.4426864534676
273504.811108,-3186.125146514535,-3257.654140748387
273514.299965,-3122.045052952883,-3246.19830847743
273524.28313,-3106.5151192197854,-3238.2895480744455
273776.35087,-3965.9078125306532,-3538.199925921128
273776.351509,-3965.9078125306532,-3538.199925921128
273785.255694,-3965.9078125306532,-3538.199925921128
273785.256298,-3965.9078125306532,-3538.199925921128
273793.540477,-4117.587483652054,-3602.148283755454
273793.547018,-4117.587483652054,-3602.148283755454
273801.952259,-4115.376866445244,-3610.117553933994
273804.227211,-4112.422425209374,-3609.707918552724
273810.599242,-4115.21002740761,-3620.121036054134
273813.50555,-4113.611153327555,-3623.3748443046507
273821.455297,-4124.24019014338,-3608.311434304817
273825.1951,-4122.655219319576,-3604.4105882683775
273835.715203,-4122.7733969656765,-3607.3385502614915
273847.178149,-4124.622529593439,-3614.1627033094182
273855.872845,-4122.884622987851,-3612.519506847461
273865.721581,-4122.523138417517,-3614.1347736240136
273875.773814,-4120.493263496102,-3613.189819286946
273885.697676,-4120.493263496102,-3613.189819286946
273895.795912,-4120.493263496102,-3613.189819286946
273905.187371,-4117.295515336284,-3613.767032768393
273915.544419,-4109.294193311897,-3608.4510827215895
273928.408824,-4105.3456694986535,-3611.6164470304616
273935.636945,-4105.0676044386255,-3612.1657308374783
273946.015193,-4106.138154910839,-3611.6909261957453
273956.52566,-4095.4187469484714,-3610.8483806942904
273965.565652,-4010.9495340533404,-3576.355218760085
273967.667845,-3981.1479114692156,-3566.74740652338
273975.595121,-3922.907185025017,-3546.0840927851596
273985.609716,-3817.652608694724,-3507.5271575100223
274004.150659,-3716.1032490724083,-3468.8305714513085
274005.168142,-3647.3238565691777,-3442.7395843278523
274015.669616,-3636.7087229037825,-3440.0164393091936
274841.294219,-4201.048339352559,-4030.6458344894186
274841.294939,-4201.048339352559,-4030.6458344894186
274853.135175,-4201.048339352559,-4030.6458344894186
274857.732859,-4201.048339352559,-4030.6458344894186
274857.733506,-4201.048339352559,-4030.6458344894186
274863.838457,-4201.048339352559,-4030.6458344894186
274863.839075,-4201.048339352559,-4030.6458344894186
274867.698865,-4201.048339352559,-4030.6458344894186
274876.257768,-4803.434942439906,-3744.4593248409765
274877.709606,-4803.434942439906,-3744.4593248409765
274887.052775,-4802.6911184224155,-3750.6504036889473
274897.484552,-4805.541285216347,-3746.5261210901426
274907.657804,-4801.676180981073,-3741.4382645382993
274917.889985,-4801.43982568416,-3741.41498980269
274927.037501,-4795.475330295345,-3735.6707857347924
274937.001081,-4793.077019207123,-3735.4985527090794
274947.015076,-4783.852211074325,-3732.105096641848
274957.015471,-4783.852211074325,-3732.105096641848
274967.09359,-4783.852211074325,-3732.105096641848
274979.971012,-4783.852211074325,-3732.105096641848
274986.741924,-4783.852211074325,-3732.105096641848
274997.024245,-4783.852211074325,-3732.105096641848
275007.421714,-4783.852211074325,-3732.105096641848
275017.223253,-4780.842156867416,-3728.5347525746333
275026.619506,-4780.995092646998,-3723.7075728940786
275036.659568,-4780.995092646998,-3723.7075728940786
275047.021426,-4780.995092646998,-3723.7075728940786
275057.003245,-4780.995092646998,-3723.7075728940786
275067.002923,-4780.995092646998,-3723.7075728940786
275077.125067,-4779.702090149227,-3728.7302603369562
275087.017681,-4774.404950881563,-3729.8055530020465
275097.673883,-4782.23248213835,-3724.7130413721957
275106.680468,-4782.23248213835,-3724.7130413721957
275118.299982,-4786.459070940607,-3727.021894919989
275127.705823,-4779.639525511065,-3729.3167836139296
275137.223082,-4779.639525511065,-3729.3167836139296
275147.217501,-4779.639525511065,-3729.3167836139296
275157.196149,-4770.428620622847,-3724.8201051499163
275167.207645,-4768.87840794822,-3727.9249545620687
275177.19448,-4768.468262000453,-3726.1002154755847
275188.570266,-4768.468262000453,-3726.1002154755847
275197.205483,-4768.468262000453,-3726.1002154755847
275209.032502,-4768.468262000453,-3726.1002154755847
275217.616072,-4765.854450492883,-3727.585143461645
275226.607344,-4765.854450492883,-3727.585143461645
275238.506949,-4767.7035831029025,-3733.115220052214
275248.024521,-4767.773099364764,-3732.840578206071
275257.068635,-4763.83847885592,-3734.8189305079327
275267.084588,-4763.83847885592,-3734.8189305079327
275277.109491,-4763.83847885592,-3734.8189305079327
275287.066952,-4763.83847885592,-3734.8189305079327
275297.130694,-4763.83847885592,-3734.8189305079327
275307.40422,-4763.83847885592,-3734.8189305079327
275317.344324,-4763.83847885592,-3734.8189305079327
275327.545658,-4763.83847885592,-3734.8189305079327
275337.465659,-4763.83847885592,-3734.8189305079327
275348.490974,-4763.83847885592,-3734.8189305079327
275356.718608,-4763.83847885592,-3734.8189305079327
275367.231175,-4764.644867512279,-3732.0119977121085
275377.189745,-4764.644867512279,-3732.0119977121085
275388.347273,-4764.019221146791,-3728.0320183385816
275397.220613,-4755.0516231760375,-3726.2724485041163
275407.339417,-4754.752703240668,-3726.021081378438
275417.779456,-4754.752703240668,-3726.021081378438
275427.556766,-4754.752703240668,-3726.021081378438
275437.435397,-4754.752703240668,-3726.021081378438
275447.662605,-4750.9710185101585,-3729.395917699301
275458.301467,-4750.9710185101585,-3729.395917699301
275468.303189,-4750.9710185101585,-3729.395917699301
275479.010334,-4750.9710185101585,-3729.395917699301
275487.026868,-4750.9710185101585,-3729.395917699301
275498.299378,-4750.9710185101585,-3729.395917699301
275507.217422,-4750.9710185101585,-3729.395917699301
275517.400437,-4735.448036900409,-3731.2858260367475
275527.498517,-4729.379267105311,-3729.698489237984
275537.576463,-4729.379267105311,-3729.698489237984
275547.448068,-4729.379267105311,-3729.698489237984
275547.811117,-4729.379267105311,-3729.698489237984
275557.067381,-4730.303833406995,-3727.1848180465886
275567.458329,-4732.3059017981695,-3726.4027870044506
276741.74995,-4043.2457575114126,-3201.7646070609285
276741.751702,-4043.2457575114126,-3201.7646070609285
276749.502261,-4028.9611981777816,-3147.722829913834
276749.502985,-4028.9611981777816,-3147.722829913834
276760.537268,-4060.542437109203,-3150.594934612632
276760.544453,-4060.542437109203,-3150.594934612632
276772.865941,-4133.66659558343,-3170.8346606858063
276781.06617,-4196.418927330392,-3200.1608495814494
276791.107649,-4256.063881987202,-3230.0083915600067
276801.419936,-4312.246926619561,-3275.664142385626
276812.501945,-4368.144954510633,-3314.937953970793
276821.460985,-4406.907223275395,-3324.5364601180117
276831.472739,-4410.223149061073,-3280.9056160223495
276841.602494,-4390.7864016775175,-3253.3762415984675
276850.43537,-4351.690454825612,-3239.928090556318
276851.609489,-4351.690454825612,-3239.928090556318
276861.537753,-4299.184820611592,-3241.0173489057725
276871.039074,-4288.02746021992,-3244.015136833741
276881.718612,-4287.568652884796,-3243.465852720078
276891.874972,-4287.568652884796,-3243.465852720078
276898.052072,-4287.568652884796,-3243.465852720078
276901.075192,-4287.568652884796,-3243.465852720078
276913.139387,-4259.803857000194,-3242.8979487883507
276922.285249,-4239.3035107086225,-3294.777366636451
276931.522068,-4200.492580414334,-3389.5009334180527
276942.128234,-4192.950065748059,-3487.2734773095744
276951.547944,-4287.568652884796,-3243.465852720078
276951.994519,-4290.453577838913,-3497.118693124751
276961.449254,-4314.756463755776,-3496.6671631279833
276972.18443,-4317.62748546057,-3504.566610409244
276981.443971,-4317.62748546057,-3504.566610409244
276993.106477,-4317.62748546057,-3504.566610409244
277002.947177,-4317.62748546057,-3504.566610409244
277011.911217,-4317.62748546057,-3504.566610409244
277021.448737,-4317.62748546057,-3504.566610409244
277031.470213,-4317.62748546057,-3504.566610409244
277041.448287,-4317.62748546057,-3504.566610409244
277051.429863,-4317.62748546057,-3504.566610409244
277061.444658,-4317.62748546057,-3504.566610409244
277071.403621,-4317.62748546057,-3504.566610409244
277081.503015,-4317.62748546057,-3504.566610409244
277091.113936,-4317.62748546057,-3504.566610409244
277101.427076,-4317.62748546057,-3504.566610409244
277111.882641,-4317.62748546057,-3504.566610409244
277121.09794,-4317.62748546057,-3504.566610409244
277131.447343,-4317.62748546057,-3504.566610409244
277141.44869,-4317.62748546057,-3504.566610409244
277151.448644,-4317.62748546057,-3504.566610409244
277161.447323,-4317.62748546057,-3504.566610409244
277171.431064,-4317.62748546057,-3504.566610409244
277181.443915,-4317.62748546057,-3504.566610409244
277192.413897,-4317.62748546057,-3504.566610409244
277201.402915,-4317.62748546057,-3504.566610409244
277211.913434,-4317.62748546057,-3504.566610409244
277224.324361,-4317.62748546057,-3504.566610409244
277231.091976,-4317.62748546057,-3504.566610409244
277232.582352,-4287.568652884796,-3243.465852720078
277241.980268,-4317.62748546057,-3504.566610409244
277253.890914,-4340.832014393152,-3504.920386478256
277261.018185,-4348.798578243271,-3504.906421638069
278270.525701,-4620.638825064183,-5758.435314953625
278270.526471,-4620.638825064183,-5758.435314953625
278277.421064,-4620.638825064183,-5758.435314953625
278277.421625,-4620.638825064183,-5758.435314953625
278282.324504,-5244.404404515905,-5012.139647720169
278292.231461,-5306.41986225976,-4961.884943285085
278302.317454,-5351.250899852971,-4902.939465614319
278313.646106,-5322.533731879592,-4851.488433369856
278323.156208,-5285.856951828763,-4795.438317423386
278333.556829,-5231.724638235481,-4713.520698653586
278342.701443,-5222.16615213614,-4700.291360659641
278352.706523,-5222.16615213614,-4700.291360659641
278362.701966,-5210.709872062974,-4675.42467323341
278372.314255,-5228.116744206289,-4622.674894291659
278383.254955,-5247.692523732507,-4582.307252526777
278393.564318,-5263.611747849498,-4541.934953258416
279161.291841,-3052.8224367089683,-3688.823815353482
279161.292463,-3052.8224367089683,-3688.823815353482
279167.906816,-3035.3582697347574,-3671.628027332151
279167.907443,-3035.3582697347574,-3671.628027332151
279179.382352,-3049.8176529924754,-3685.6068332023697
279179.391504,-3049.8176529924754,-3685.6068332023697
279191.596153,-3086.4110152120506,-3713.4480703304034
279199.491574,-3134.5440774982326,-3764.3685308115055
279209.47729,-3224.623254339347,-3839.2479938533834
279221.283984,-3332.436030339227,-3862.9090830693417
279229.81309,-3387.0341050984675,-3805.4856708501075
279239.666646,-3387.0341050984675,-3805.4856708501075
279240.295223,-3387.0341050984675,-3805.4856708501075
279249.463382,-3387.0341050984675,-3805.4856708501075
279259.991602,-3677.758077353427,-3487.883275552842
279270.025302,-3741.9354930862883,-3418.459371265525
279279.975688,-3803.3183549040205,-3353.788162738516
279290.371876,-3877.3948865694447,-3268.5467238648635
279300.382407,-3931.221330267466,-3231.260573191869
279310.414241,-3968.787919635809,-3181.932063118625
279320.468768,-3984.8253218639156,-3131.546875347766
279330.371717,-3984.8253218639156,-3131.546875347766
279343.877847,-4049.1417697462316,-3176.616109460921
279350.032752,-4020.688762710865,-3257.640175892893
279359.854455,-4004.3107307944624,-3302.6861263234528
279369.487098,-4024.720706049946,-3306.7592073534033
279379.990939,-4091.484126389787,-3335.2847386639633
279392.270877,-4125.790402839983,-3348.253427889838
279399.946694,-4153.019923562046,-3347.0384860927693
279408.249264,-3387.0341050984675,-3805.4856708501075
279409.8492,-4154.229506558964,-3346.6428153845263
279420.932818,-4154.229506558964,-3346.6428153845263
279430.357113,-4154.229506558964,-3346.6428153845263
279440.179525,-4154.229506558964,-3346.6428153845263
279449.854494,-4154.229506558964,-3346.6428153845263
279459.848707,-4154.229506558964,-3346.6428153845263
279469.87964,-4154.229506558964,-3346.6428153845263
279479.829065,-4154.229506558964,-3346.6428153845263
279489.525711,-4167.632242313499,-3376.6439638053425
279499.4294,-4165.637125529625,-3443.7683279967932
279509.735511,-4150.885774251816,-3495.568595323049
279514.12122,-3387.0341050984675,-3805.4856708501075
279519.675408,-4173.603689409122,-3507.2851002041484
281653.463374,-7133.288410596601,-3772.360579879546
281653.464087,-7133.288410596601,-3772.360579879546
281664.458702,-7072.2788659465705,-3672.0842121488627
281664.459501,-7072.2788659465705,-3672.0842121488627
281689.014854,-7027.350507955829,-3568.032172112452
281701.448527,-6903.521195969424,-3497.5748780542763
281708.964909,-6824.5229190804075,-3379.692955538743
281719.66851,-6766.685391337341,-3274.919350397582
281736.465398,-6693.832351425951,-3178.2965466635387
281740.114196,-6638.26105350173,-3072.056598605479
281750.016239,-6554.8832515430195,-3051.761009966061
281760.099379,-6404.19980631897,-3028.9982962375993
281770.980146,-6295.88652112606,-2989.9339398363472
281780.233396,-6227.12798786301,-2964.38756245969
281789.653956,-6226.293792736677,-2965.127699873143
281799.700734,-6206.933514162185,-2973.1621473685423
281809.723634,-6194.344119356307,-3061.5410631968557
281819.693445,-6129.332512335902,-3112.526745221021
281829.682519,-5982.79918590939,-3151.767982232125
281839.854881,-5927.255693254404,-3128.6887354235573
281850.153261,-5821.514508178363,-3134.083823641109
281859.68891,-5728.988364105536,-3138.864458295906
281870.953687,-5613.361966000518,-3148.7282993042563
281879.682409,-5462.1154348358195,-3161.259426970878
281891.860261,-5375.06717131122,-3168.698038307237
281900.232551,-5356.833055719573,-3172.547682557047
281909.784105,-5356.833055719573,-3172.547682557047
281923.68909,-5356.833055719573,-3172.547682557047
281929.738885,-5356.833055719573,-3172.547682557047
281939.678758,-5356.833055719573,-3172.547682557047
281952.356211,-5356.833055719573,-3172.547682557047
281968.089273,-5295.874245244692,-3180.8148749631932
281970.780341,-5188.0962318385455,-3188.5467479570766
281980.062378,-5083.036304009845,-3171.6725518200333
281990.018328,-5064.948172427259,-3163.838269708299
282000.196262,-5064.948172427259,-3163.838269708299
282010.577462,-5058.5596278679695,-3164.713400456503
282019.672092,-4989.814995486891,-3134.125718205655
282029.656808,-4938.185266957031,-3187.4481796088417
282047.411313,-4899.562031189502,-3269.3008257704078
282049.734014,-4865.207093938648,-3341.9552812898205
282061.737888,-4883.642806927128,-3413.9114861617923
282070.869337,-4923.851013513442,-3450.457489283433
282079.654325,-4899.478611672143,-3509.3658620756655
282090.051388,-4888.14746078243,-3528.828200396717
282101.327222,-4888.14746078243,-3528.828200396717
282110.001799,-4888.14746078243,-3528.828200396717
282120.244996,-4888.14746078243,-3528.828200396717
282130.344258,-4883.156193086755,-3539.446136935046
282139.657165,-4872.297752785895,-3573.8508568655343
282149.654704,-4856.566222427344,-3642.9535528171746
282158.672341,-4820.0632326150935,-3715.2402248265507
282162.331492,-4820.0632326150935,-3715.2402248265507
282171.734698,-4782.406272797213,-3754.993468729687
282181.170357,-4761.45407102977,-3753.0523560584725
282190.123696,-4761.45407102977,-3753.0523560584725
282199.651886,-4761.45407102977,-3753.0523560584725
282210.161481,-4761.45407102977,-3753.0523560584725
282220.333244,-4731.805384700422,-3745.1156722966493
282232.595643,-4731.527319644201,-3744.9806788434703
282241.447774,-4731.527319644201,-3744.9806788434703
282250.546741,-4731.527319644201,-3744.9806788434703
282256.041447,-4731.527319644201,-3744.9806788434703
282260.096961,-4731.527319644201,-3744.9806788434703
282269.92464,-4731.527319644201,-3744.9806788434703
282279.62527,-4731.527319644201,-3744.9806788434703
282290.350557,-4731.527319644201,-3744.9806788434703
282741.386963,-2988.754565223915,-3611.2906007061324
282741.387734,-2988.754565223915,-3611.2906007061324
282747.395016,-2963.4436928738814,-3592.86631823015
282747.395747,-2963.4436928738814,-3592.86631823015
282751.825966,-2959.7871372948584,-3591.0788183346262
282751.832832,-2959.7871372948584,-3591.0788183346262
282761.811558,-2958.66097379304,-3592.084287034621
282773.06429,-2923.4509851837547,-3563.596006829505
282781.825527,-2890.813098396653,-3536.7788517098566
282791.553927,-2855.2833349348825,-3520.5284278702343
282803.130712,-2813.9489632615137,-3510.161858223717
282811.862469,-2845.127008498139,-3468.7421274293047
282821.901796,-2879.926851176331,-3522.1111102442787
282833.221361,-2898.188774202207,-3545.581358404627
282841.997261,-2898.188774202207,-3545.581358404627
282851.865451,-2898.188774202207,-3545.581358404627
282862.324874,-2944.8758982956288,-3593.40163721614
282871.499062,-3011.2986901839145,-3659.6508484392557
282881.838959,-3074.2526203545676,-3705.157610115713
282892.441322,-3199.5904471452236,-3812.3749910011998
282902.271035,-3298.2896407976423,-3890.3080926114867
282913.125122,-3360.374617364325,-3897.3975745093917
282916.500219,-3360.374617364325,-3897.3975745093917
282931.82967,-3425.2610993655735,-3819.096733027945
282939.599407,-3425.2610993655735,-3819.096733027945
283533.171086,-6203.304765353977,-3000.263278354497
283533.171721,-6203.304765353977,-3000.263278354497
283536.721124,-6210.993263780327,-2964.26653370314
283540.378894,-3360.374617364325,-3897.3975745093917
283541.734558,-3360.374617364325,-3897.3975745093917
283546.821318,-6230.847107806269,-2869.198437024884
284093.882555,-6881.593851628578,-3034.324381171038
284093.883195,-6881.593851628578,-3034.324381171038
284103.412753,-6715.444956517214,-3014.037281098477
284103.413331,-6715.444956517214,-3014.037281098477
284124.766833,-6532.957823179132,-2924.1036045203437
284124.775287,-6532.957823179132,-2924.1036045203437
284134.811959,-6363.421568059537,-2875.445383825403
284144.824704,-6269.407777518394,-2846.877937302917
284154.799645,-6219.6758447284,-2890.532085961311
284165.808961,-6209.081566615251,-2948.314012184853
284177.265301,-6209.067663360032,-2948.1138492313207
284184.70119,-6210.583117840219,-2958.941268324237
284206.406338,-6200.225195012181,-3055.433766765012
284212.396064,-6022.625051863791,-3137.472627962056
284212.396819,-6022.625051863791,-3137.472627962056
284215.109533,-6022.625051863791,-3137.472627962056
284227.390329,-5929.667907517601,-3127.171221380871
284235.081794,-5825.859274514821,-3133.8324562926964
284245.119992,-5766.58970998899,-3140.270253486529
284256.580433,-5648.0297257589,-3152.1171035471875
284266.50551,-5531.0964216649245,-3163.149336998668
284275.549721,-5449.449571875501,-3170.21089729036
284285.229534,-5371.834665119265,-3177.1653936439434
284295.559597,-5356.895620348577,-3174.6470653193387
284305.592213,-5356.895620348577,-3174.6470653193387
284315.813652,-5356.895620348577,-3174.6470653193387
284325.99503,-5356.895620348577,-3174.6470653193387
284335.866877,-5356.895620348577,-3174.6470653193387
284345.12958,-5356.895620348577,-3174.6470653193387
284355.085431,-5325.376947004446,-3179.399769965306
284365.119054,-5228.1236958298905,-3189.2636103438813
284377.463101,-5128.611165873241,-3193.3413470490277
284385.135939,-5009.050145447399,-3142.8816809637374
284395.535209,-4949.940467034343,-3155.324364680758
284414.693774,-4907.452127044163,-3249.898993853514
284415.7979,-4866.701693595353,-3356.343729945906
284425.648469,-4853.354571064011,-3377.2025577231093
284438.036373,-4853.354571064011,-3377.2025577231093
284445.115408,-4854.035830442699,-3378.487323696452
284455.110744,-4902.884908561243,-3424.1244440681253
284465.111216,-4910.886230443881,-3484.554987440293
284475.08726,-4882.481885332355,-3545.6558375660475
284485.483129,-4882.481885332355,-3545.6558375660475
284495.494271,-4882.481885332355,-3545.6558375660475
284505.764563,-4882.481885332355,-3545.6558375660475
284515.76336,-4882.481885332355,-3545.6558375660475
284525.568751,-4880.570188097635,-3555.761729548589
284540.158393,-4836.191005678779,-3651.309183101167
284540.17898,-4836.191005678779,-3651.309183101167
284547.794493,-4788.440284449704,-3750.5107552920963
284555.531098,-4762.232653174798,-3759.871852596534
284568.192421,-4762.232653174798,-3759.871852596534
284575.891154,-4762.232653174798,-3759.871852596534
284585.133709,-4762.232653174798,-3759.871852596534
284595.087518,-4762.232653174798,-3759.871852596534
284605.592367,-4762.232653174798,-3759.871852596534
284615.527323,-4762.232653174798,-3759.871852596534
284625.523473,-4762.232653174798,-3759.871852596534
284635.484479,-4762.232653174798,-3759.871852596534
284645.596455,-4762.232653174798,-3759.871852596534
284655.604572,-4762.232653174798,-3759.871852596534
284665.11042,-4762.232653174798,-3759.871852596534
284675.59242,-4762.232653174798,-3759.871852596534
284685.962224,-4762.232653174798,-3759.871852596534
284695.918487,-4740.328078592804,-3754.4488399999764
284705.085103,-4740.328078592804,-3754.4488399999764
284715.123575,-4740.328078592804,-3754.4488399999764
284725.492194,-4740.328078592804,-3754.4488399999764
284735.512779,-4740.328078592804,-3754.4488399999764
284745.478145,-4740.328078592804,-3754.4488399999764
284756.45367,-4740.328078592804,-3754.4488399999764
284765.605629,-4740.328078592804,-3754.4488399999764
284775.573374,-4731.151931822909,-3750.585234429921
284785.13301,-4731.151931822909,-3750.585234429921
284795.568264,-4731.151931822909,-3750.585234429921
284805.932136,-4731.151931822909,-3750.585234429921
284816.564212,-4731.151931822909,-3750.585234429921
284825.111048,-4731.151931822909,-3750.585234429921
284835.109567,-4731.151931822909,-3750.585234429921
284845.593929,-4731.151931822909,-3750.585234429921
284855.589713,-4731.151931822909,-3750.585234429921
284865.581547,-4731.151931822909,-3750.585234429921
284876.90604,-4731.151931822909,-3750.585234429921
284885.924939,-4731.151931822909,-3750.585234429921
284895.57109,-4731.151931822909,-3750.585234429921
284905.29296,-4731.151931822909,-3750.585234429921
284915.566912,-4731.151931822909,-3750.585234429921
284926.495353,-4731.151931822909,-3750.585234429921
284935.575128,-4731.151931822909,-3750.585234429921
284945.085751,-4731.151931822909,-3750.585234429921
284955.797181,-4731.151931822909,-3750.585234429921
284965.566507,-4731.151931822909,-3750.585234429921
284975.667575,-4731.151931822909,-3750.585234429921
284986.223094,-4731.151931822909,-3750.585234429921
284995.111458,-4731.151931822909,-3750.585234429921
285005.569514,-4731.151931822909,-3750.585234429921
285010.427032,-4731.151931822909,-3750.585234429921
285016.089504,-4731.151931822909,-3750.585234429921
285025.903369,-4731.151931822909,-3750.585234429921
285036.456271,-4708.003016107666,-3760.1511493753146
285045.592524,-4692.2575824406085,-3889.3258991257762
285055.192818,-4681.030705884305,-3996.724791782735
285066.056108,-4671.069025331237,-4084.973226853875
285075.533722,-4659.995084557694,-4167.565893418695
285085.462028,-4661.288087059076,-4174.0874691239205
285095.829909,-4661.288087059076,-4174.0874691239205
285105.892272,-4661.288087059076,-4174.0874691239205
285115.854113,-4661.288087059076,-4174.0874691239205
285125.913565,-4661.288087059076,-4174.0874691239205
285135.861495,-4636.011973642192,-4192.055550318611
285146.745453,-4542.971406411097,-4208.259407553873
285155.502402,-4509.37419615382,-4219.719877426841
285165.511482,-4479.586477129089,-4286.117981537158
285175.506596,-4479.781122668586,-4356.025905019068
285185.638652,-4429.625138317571,-4366.587968434841
285195.522902,-4266.08812727889,-4358.953863561207
285205.922551,-4166.603401602068,-4361.69562441412
285215.817757,-4097.080185668215,-4415.171595900252
285225.869784,-4037.5812149667045,-4514.9502615323245
285235.475572,-4106.20767117371,-4599.358298942978
285245.853164,-4153.88192523641,-4677.109761412652
285255.14046,-4156.947592491867,-4767.113014025509
285265.181697,-4153.054681697572,-4776.883730987408
285275.458479,-4153.054681697572,-4776.883730987408
285285.47689,-4150.837112860337,-4784.750577787397
285295.503678,-4131.455978377343,-4856.18061127902
285308.738927,-4099.527158176414,-4960.050897858324
285317.966185,-4069.2389217876357,-5068.3061179784845
285325.841018,-4081.091444859304,-5097.362233004259
285337.414936,-4081.091444859304,-5097.362233004259
285345.929213,-4081.091444859304,-5097.362233004259
285356.507823,-4081.091444859304,-5097.362233004259
286427.111877,-4711.117344708526,-8657.997066937181
286437.146237,-4681.830142918673,-8507.177947510845
286446.535438,-4659.167841019728,-8393.723775842343
286457.463525,-4569.9993297261235,-8257.10207996047
286467.315871,-4476.541664774174,-8143.042724805489
286477.418609,-4398.773820398654,-8023.020402841876
286486.880822,-4333.998565639193,-7942.21106998439
286496.903109,-4333.428532274437,-7941.159059014703
286506.947938,-4333.428532274437,-7941.159059014703
286516.947274,-4295.542168367726,-7859.977322446625
286530.466416,-4281.930883860862,-7743.571817739259
286537.110189,-4272.379349180364,-7658.284418395741
286546.969601,-4272.4836235703315,-7656.240909445889
286557.505587,-4272.4836235703315,-7656.240909445889
286567.989371,-4268.92439085121,-7642.369254026895
286579.286359,-4254.430249784604,-7510.425590225725
286587.312886,-4243.52314793832,-7425.045061199864
286597.77174,-4240.909336408439,-7408.301315289558
286606.916979,-4240.909336408439,-7408.301315289558
286616.979128,-4240.909336408439,-7408.301315289558
286626.916901,-4240.909336408439,-7408.301315289558
286636.548642,-4236.89129634294,-7379.7061429634705
286646.948844,-4221.305749908988,-7262.341636638523
286668.770188,-4198.699060796261,-7080.674018111961
286668.770871,-4198.699060796261,-7080.674018111961
286670.330652,-4198.699060796261,-7080.674018111961
286682.089777,-4198.699060796261,-7080.674018111961
286691.978379,-4194.0414710980485,-7026.318490527643
286701.911073,-4183.315111522822,-6921.047409700794
286711.111513,-4170.7326676955,-6798.520507818215
286727.343467,-4152.755761758238,-6638.837969434548
286735.572141,-4130.121266101749,-6510.962502889811
286735.572847,-4130.121266101749,-6510.962502889811
286740.161195,-4126.944372822146,-6496.071393600561
286750.64895,-4126.478613853307,-6495.354534943299
286761.493072,-4091.6440137954646,-6442.758519615588
286770.942011,-4033.577078140476,-6377.971245619175
286781.184608,-4011.3457767601117,-6266.769679106629
286790.165582,-3961.43309884397,-6157.95141671389
286800.18664,-3931.3951209295187,-6094.770064296451
286810.165987,-3930.964120086296,-6094.1649234921215
286820.188247,-3918.6249831205987,-6068.9864103178925
286830.618418,-3857.4159121074586,-5991.137364580352
286842.037327,-3747.524600778795,-5873.376932735191
286850.871117,-3649.3954412604994,-5767.407421206424
286863.786829,-3557.7799556039345,-5670.710517454057
286871.10923,-3522.569967340906,-5637.092594648676
286880.997065,-3522.569967340906,-5637.092594648676
286890.589213,-3522.569967340906,-5637.092594648676
286901.464009,-3522.569967340906,-5637.092594648676
286910.599919,-3506.1432738971225,-5617.444123564097
286920.668418,-3442.5706493979146,-5548.188029484008
286930.20192,-3404.447929550166,-5440.212187146713
286940.199549,-3376.801310857104,-5303.161602434893
286951.531872,-3349.064320999155,-5156.084255712861
286962.325773,-3257.9702068651554,-5001.009692681127
286971.091285,-3125.2567044174957,-4991.076056352404
286980.919839,-3085.118012671819,-4986.719034940676
286991.003446,-3085.118012671819,-4986.719034940676
287000.935997,-3085.118012671819,-4986.719034940676
287011.404501,-3085.118012671819,-4986.719034940676
287021.221849,-3056.5120693700524,-4971.562558502099
287030.71936,-3021.121338522872,-4905.0295327893655
287040.568343,-3018.4171557912814,-4895.980333207254
287050.196704,-2974.816553947713,-4848.602371548692
287060.180623,-2871.3902537293197,-4872.3658318250555
287071.627436,-2792.9620025851677,-4900.472348448481
287080.999271,-2789.12470470799,-4903.311860649557
287090.926944,-2721.8607657871544,-4914.227690255822
287102.129128,-2648.8547832391505,-4926.540001040715
287111.018645,-2458.1647136463685,-4978.856845576684
287121.507548,-2313.292814752397,-5004.915185082714
287130.541738,-2268.6008071233546,-4986.123202953104
287140.562156,-2268.6008071233546,-4986.123202953104
287150.53107,-2268.6008071233546,-4986.123202953104
287160.549727,-2268.6008071233546,-4986.123202953104
287170.197142,-2268.6008071233546,-4986.123202953104
287180.158543,-2268.6008071233546,-4986.123202953104
287190.559029,-2268.6008071233546,-4986.123202953104
287201.099203,-2251.3885795742003,-4980.015925015138
287210.989728,-2167.503300908675,-4942.11542294736
287220.947216,-2064.6539846677447,-4896.408587504789
287231.504902,-1975.6801151184923,-4859.2901101117795
287240.632465,-1900.2063044793115,-4796.518263221798
287250.581784,-1841.2565103735599,-4717.5192916063725
287260.605854,-1817.9407545318982,-4669.624618340598
287270.552171,-1817.9407545318982,-4669.624618340598
287280.567437,-1782.2232967061198,-4626.529184683996
287290.213964,-1706.3740980946511,-4519.84260438358
287305.29313,-1643.3645539023912,-4431.836286658762
287310.262515,-1700.3470377678523,-4372.350786572613
287321.393231,-1734.5698958778971,-4310.826416156659
287330.611447,-1713.3952410323757,-4281.421144479895
287341.498015,-1555.5098959214565,-4120.001679717142
287350.591502,-1436.435482420668,-4036.794554300866
287360.614444,-1337.993496851937,-3964.503263917708
287372.558526,-1300.7883907884288,-3939.254842208817
287380.630467,-1298.730709285825,-3936.6061784347316
287390.712955,-1223.590576322187,-3873.7690711943815
287401.037313,-1123.2577481516953,-3808.469491271638
287411.103895,-1011.8023171989865,-3683.567966426717
287420.648164,-920.1729255644365,-3538.7292749322382
287430.263943,-824.7062359386948,-3372.640707469872
287445.482321,-720.5083031329433,-3207.334128285349
287450.186488,-719.1596875463778,-3204.81580008013
287460.185977,-719.1596875463778,-3204.81580008013
287470.596031,-717.9083947383857,-3204.8344198853006
287480.612005,-663.8734002781906,-3139.1344454498244
287490.645482,-552.8767764784416,-3014.633114933468
287500.625102,-332.83693588966685,-2891.5654854854683
287511.269576,-138.08016162040659,-2879.690700849875
287553.071112,298.419431989464,-2887.520331511802
287553.071758,298.419431989464,-2887.520331511802
287554.765853,298.419431989464,-2887.520331511802
287564.82444,298.419431989464,-2887.520331511802
287576.399151,298.419431989464,-2887.520331511802
287585.351493,298.419431989464,-2887.520331511802
287595.089956,307.5399662484568,-2887.92996735918
287606.118688,399.6420686869008,-2886.542791426212
287615.137713,565.8068021749866,-2873.1551469990145
288576.326844,566.2934160436628,-2848.1487395059885
288585.564528,511.99425974447723,-2834.090781018234
288595.181658,567.7741125383883,-2756.5904605968317
346356.713282,589.8455273692043,-2857.128143941537
346366.654263,572.8627032949623,-2860.3866110499107
346376.82752,560.2733073024264,-2870.627507567257
346386.234509,536.8602285157284,-2878.6247166480257
346396.229993,536.39446952761,-2879.5557072241104
346406.274189,529.2481972605771,-2875.1335019883645
346420.38093,488.88705252976206,-2875.8736394956695
346420.381789,488.88705252976206,-2875.8736394956695
346694.193865,-1668.849217302544,-2680.295763882902
346694.194508,-1668.849217302544,-2680.295763882902
346702.284786,-1668.849217302544,-2680.295763882902
346710.619125,-1668.849217302544,-2680.295763882902
348756.083333,-5434.35839176708,-3421.4527808106513
348756.083977,-5434.35839176708,-3421.4527808106513
348763.380408,-5434.35839176708,-3421.4527808106513
348767.509003,-5434.35839176708,-3421.4527808106513
348767.509685,-5434.35839176708,-3421.4527808106513
348770.230273,-5434.35839176708,-3421.4527808106513
348780.250299,-5434.35839176708,-3421.4527808106513
348790.541742,-5434.35839176708,-3421.4527808106513
348801.731866,-5434.35839176708,-3421.4527808106513
348810.194514,-5064.843898030949,-3156.357763764463
348811.53845,-5058.330224204562,-3153.8813299205653
348820.216554,-5057.836658734252,-3151.2093881280516
348830.24329,-5057.343093272479,-3151.6748832150247
348840.83309,-5076.175048871197,-3117.358584503876
348850.721067,-5101.576291295588,-3063.2587403128637
348858.54645,-5081.354010447989,-3043.9779308475595
348860.680887,-5075.187917939551,-3041.9064773527516
348870.647246,-5070.620699475527,-3039.0623018761526
348881.413323,-5006.756108767901,-3018.687577998004
348891.098823,-4983.996484280445,-3076.767409459838
348901.07106,-4982.543594378424,-3130.094530624462
348911.120373,-4947.917543782643,-3170.020044314982
348920.223174,-4916.482289620194,-3237.7495738522916
348930.211009,-4870.552894577145,-3328.409378174927
348940.271563,-4862.377782028175,-3338.6735419021634
348950.225604,-4862.377782028175,-3338.6735419021634
348960.575856,-4862.377782028175,-3338.6735419021634
348972.81283,-4862.377782028175,-3338.6735419021634
348980.185857,-4883.552435786074,-3359.620814295299
348990.668031,-4865.617239893868,-3379.869843607703
349000.755099,-4900.410129593748,-3424.8645809351938
349010.680052,-4913.11770249081,-3430.91135948256
349020.530444,-4920.062377174424,-3430.7344714281785
349030.721,-4912.3460719722525,-3479.145937334889
349040.623452,-4888.057089641383,-3531.025335898793
349050.621791,-4883.691468309558,-3540.512120028792
349060.616591,-4883.691468309558,-3540.512120028792
349072.520453,-4883.691468309558,-3540.512120028792
349080.224603,-4883.691468309558,-3540.512120028792
349090.600547,-4883.691468309558,-3540.512120028792
349101.753799,-4883.691468309558,-3540.512120028792
349111.092074,-4883.691468309558,-3540.512120028792
349120.947042,-4883.691468309558,-3540.512120028792
349131.002964,-4876.892777775249,-3573.24571365033
349140.296773,-4876.927535910213,-3573.799652437388
349153.369147,-4876.927535910213,-3573.799652437388
349160.718512,-4876.927535910213,-3573.799652437388
349170.770684,-4876.927535910213,-3573.799652437388
349180.712568,-4874.508369955518,-3582.7604268381474
349190.56019,-4892.13074265377,-3592.1215266128083
349200.228403,-4898.74173927988,-3581.722373502517
349213.185814,-4898.748690903538,-3581.722373502517
349220.627038,-4839.951835522389,-3541.1032984250496
349231.023099,-4771.082073499615,-3500.158374373692
349240.924356,-4763.094654837584,-3494.8936278120264
349600.776873,-4995.667722947725,-3170.975601669935
349600.777537,-4995.667722947725,-3170.975601669935
349607.523388,-4853.39628082281,-3407.366627911319
349607.523976,-4853.39628082281,-3407.366627911319
349618.183896,-4861.439312473801,-3401.324504085545
349618.187497,-4861.439312473801,-3401.324504085545
349626.323174,-4861.439312473801,-3401.324504085545
349636.351146,-4848.398061499295,-3402.0925706749
349647.040516,-4848.398061499295,-3402.0925706749
349656.884141,-4848.398061499295,-3402.0925706749
349666.372914,-4848.398061499295,-3402.0925706749
349676.288298,-4858.067773707878,-3416.215685890859
349685.981412,-4917.7335823632375,-3457.7378289735666
349696.395306,-4910.191067810561,-3474.295481016554
349705.959221,-4899.895709250536,-3500.87058146177
349716.407574,-4885.8812305991905,-3537.5841577152987
349727.158322,-4885.8812305991905,-3537.5841577152987
349735.988408,-4885.8812305991905,-3537.5841577152987
349747.143938,-4885.8812305991905,-3537.5841577152987
349755.981397,-4885.8812305991905,-3537.5841577152987
349765.959488,-4885.8812305991905,-3537.5841577152987
349778.980005,-4885.8812305991905,-3537.5841577152987
349785.991,-4885.8812305991905,-3537.5841577152987
349804.427622,-4882.787756890627,-3540.321267155665
349804.428277,-4882.787756890627,-3540.321267155665
349814.132656,-4882.787756890627,-3540.321267155665
349824.899936,-4882.787756890627,-3540.321267155665
349835.008525,-4882.787756890627,-3540.321267155665
349845.065204,-4882.787756890627,-3540.321267155665
349855.153669,-4882.787756890627,-3540.321267155665
349864.844759,-4882.787756890627,-3540.321267155665
349874.561611,-4882.787756890627,-3540.321267155665
349884.500437,-4878.728007124649,-3543.821788064119
349894.498082,-4866.138611869419,-3591.600172473953
349904.735755,-4849.127982268636,-3643.7495487976266
349911.649512,-4827.897715478816,-3690.7831341934525
349914.941979,-4827.897715478816,-3690.7831341934525
349926.31106,-4827.070471944107,-3692.263407306169
349934.084103,-4827.070471944107,-3692.263407306169
349944.081655,-4827.070471944107,-3692.263407306169
349954.48668,-4827.070471944107,-3692.263407306169
349964.523866,-4827.070471944107,-3692.263407306169
349975.489157,-4827.070471944107,-3692.263407306169
349984.568954,-4827.070471944107,-3692.263407306169
349994.608382,-4827.070471944107,-3692.263407306169
350004.561372,-4827.070471944107,-3692.263407306169
350017.062356,-4827.070471944107,-3692.263407306169
350024.725128,-4827.070471944107,-3692.263407306169
350034.113212,-4827.070471944107,-3692.263407306169
350044.487625,-4827.070471944107,-3692.263407306169
350054.115434,-4827.070471944107,-3692.263407306169
350064.116652,-4827.070471944107,-3692.263407306169
350076.185219,-4827.070471944107,-3692.263407306169
350085.477433,-4827.070471944107,-3692.263407306169
350096.565621,-4827.070471944107,-3692.263407306169
350104.453101,-4827.070471944107,-3692.263407306169
350115.639826,-4827.070471944107,-3692.263407306169
350124.480678,-4827.070471944107,-3692.263407306169
350134.458342,-4827.070471944107,-3692.263407306169
350144.870664,-4827.070471944107,-3692.263407306169
350154.106411,-4827.070471944107,-3692.263407306169
350164.513014,-4817.81785730757,-3709.226033610636
350174.268825,-4814.08483397332,-3725.313529487622
350186.333849,-4809.302115062557,-3745.990802243619
350196.307968,-4799.993887407653,-3748.0855281670742
350204.485383,-4799.632402834319,-3748.313620547393
350214.457814,-4799.632402834319,-3748.313620547393
350226.034802,-4799.632402834319,-3748.313620547393
350234.553041,-4799.632402834319,-3748.313620547393
350244.588204,-4799.632402834319,-3748.313620547393
350256.629799,-4792.958841562765,-3746.339923233585
350265.32157,-4781.829287806142,-3742.3692538377527
350274.42024,-4781.829287806142,-3742.3692538377527
350284.52835,-4781.829287806142,-3742.3692538377527
350294.625104,-4781.829287806142,-3742.3692538377527
350304.203006,-4781.829287806142,-3742.3692538377527
350314.526898,-4781.829287806142,-3742.3692538377527
350324.491306,-4781.829287806142,-3742.3692538377527
350334.459191,-4781.829287806142,-3742.3692538377527
350346.144593,-4781.829287806142,-3742.3692538377527
350355.789192,-4781.829287806142,-3742.3692538377527
350364.946565,-4781.829287806142,-3742.3692538377527
350374.550765,-4781.829287806142,-3742.3692538377527
350384.889973,-4781.829287806142,-3742.3692538377527
350395.060079,-4772.687899180255,-3739.8742024877834
350405.171825,-4769.907248646109,-3739.4273276209096
350414.579935,-4769.907248646109,-3739.4273276209096
350424.11645,-4769.907248646109,-3739.4273276209096
350434.179973,-4769.907248646109,-3739.4273276209096
350444.517116,-4769.907248646109,-3739.4273276209096
350454.553452,-4763.914946749718,-3738.1146326870653
350464.462913,-4755.927528086339,-3736.4155771951114
350474.994837,-4746.077073571463,-3737.0998543398105
350484.480201,-4746.077073571463,-3737.0998543398105
350494.543915,-4746.077073571463,-3737.0998543398105
350507.299031,-4746.077073571463,-3737.0998543398105
350515.819803,-4746.077073571463,-3737.0998543398105
350524.105872,-4746.077073571463,-3737.0998543398105
350534.591158,-4743.053116114503,-3735.577686804841
350544.10693,-4743.053116114503,-3735.577686804841
350554.553281,-4743.053116114503,-3735.577686804841
350564.535994,-4743.053116114503,-3735.577686804841
350575.772135,-4746.153541465443,-3731.299790870965
350584.95579,-4746.153541465443,-3731.299790870965
350594.551984,-4746.153541465443,-3731.299790870965
350605.041954,-4746.153541465443,-3731.299790870965
350615.030561,-4746.153541465443,-3731.299790870965
350625.305703,-4746.153541465443,-3731.299790870965
350635.769211,-4746.153541465443,-3731.299790870965
350644.188464,-4746.153541465443,-3731.299790870965
350654.492414,-4746.153541465443,-3731.299790870965
350664.107119,-4746.153541465443,-3731.299790870965
350674.557161,-4746.153541465443,-3731.299790870965
350684.571989,-4746.153541465443,-3731.299790870965
350695.832746,-4746.153541465443,-3731.299790870965
350703.614339,-4746.153541465443,-3731.299790870965
350704.131104,-4746.153541465443,-3731.299790870965
350714.809232,-4718.840601571507,-3732.486802265091
350724.881177,-4701.329454821603,-3789.7612628011493
350735.451865,-4696.282574089243,-3846.22575760662
350745.744432,-4692.612115382763,-3878.791757452489
350754.477976,-4690.672611628027,-3937.2345960310136
350764.197435,-4684.902761762609,-3985.916010153047
350774.511961,-4684.151986119207,-4037.585894845194
350784.811456,-4679.876735916063,-4085.1221850619154
350794.073751,-4674.55874175655,-4101.116572547683
351260.013631,-5198.349880574455,-4084.3448094020546
351260.01427,-5198.349880574455,-4084.3448094020546
351271.075322,-5187.998909074571,-4072.2698844630922
351274.752455,-5179.594392918837,-4064.235450850508
351274.753053,-5179.594392918837,-4064.235450850508
351277.756832,-5168.277145363896,-4057.1552807119733
351288.033379,-5145.260310794539,-4041.3051953953777
351297.794816,-5138.704927222862,-4043.916619171864
351307.794756,-5138.704927222862,-4043.916619171864
351320.244819,-5138.704927222862,-4043.916619171864
351329.067128,-5115.750657273994,-4039.5083868757115
351337.795804,-4994.6602790145635,-4081.3330606103727
351348.19887,-4874.501418323457,-4118.800704219661
351358.169545,-4776.128954214879,-4146.0181599353255
351369.410963,-4665.903966950634,-4179.2498013104905
351378.760078,-4652.730635015756,-4177.546092045912
351388.796875,-4657.9234999011205,-4145.990230273253
351397.819039,-4672.9737709517185,-4111.897422555349
351409.213636,-4673.105851852048,-4111.1200469279775
351420.88986,-4679.835026157092,-4097.97448539957
351429.325287,-4688.705301378429,-4055.884480938449
351438.383149,-4689.379609127671,-4017.374126041045
351448.38679,-4694.21794106635,-3968.6927143176727
351458.435116,-4699.389951067261,-3905.5716585816126
351468.176266,-4696.379896862788,-3878.4612563209876
351478.246729,-4696.379896862788,-3878.4612563209876
351487.776008,-4693.335084522843,-3867.8153957717227
351498.180173,-4703.818137048325,-3775.4240283597114
351507.807387,-4750.964066886327,-3745.1156722966493
351518.564426,-4768.683762409859,-3743.276968414318
351529.253217,-4809.0727113893645,-3716.483095612095
351530.349751,-4817.324291842757,-3697.0533476646588
351538.240169,-4821.029508673488,-3690.215230671847
351548.953607,-4822.496301828685,-3688.1623990756843
351557.79979,-4822.496301828685,-3688.1623990756843
351568.322239,-4822.496301828685,-3688.1623990756843
351580.494124,-4822.496301828685,-3688.1623990756843
351588.284217,-4822.496301828685,-3688.1623990756843
351599.574972,-4822.496301828685,-3688.1623990756843
351608.592407,-4822.496301828685,-3688.1623990756843
351618.789794,-4822.496301828685,-3688.1623990756843
351628.608352,-4822.496301828685,-3688.1623990756843
351638.234641,-4822.496301828685,-3688.1623990756843
351647.796498,-4822.496301828685,-3688.1623990756843
351658.213853,-4822.496301828685,-3688.1623990756843
351668.143298,-4822.496301828685,-3688.1623990756843
351678.224369,-4822.496301828685,-3688.1623990756843
351690.470916,-4822.496301828685,-3688.1623990756843
351698.213214,-4822.496301828685,-3688.1623990756843
351709.630688,-4822.496301828685,-3688.1623990756843
351720.973885,-4822.496301828685,-3688.1623990756843
351728.607996,-4822.496301828685,-3688.1623990756843
351737.816452,-4822.496301828685,-3688.1623990756843
351748.279379,-4822.496301828685,-3688.1623990756843
351758.645334,-4822.496301828685,-3688.1623990756843
351767.786356,-4822.496301828685,-3688.1623990756843
351778.223967,-4822.496301828685,-3688.1623990756843
351788.982116,-4816.3788706553005,-3700.49800833556
351798.169615,-4816.3788706553005,-3700.49800833556
351808.134744,-4816.3788706553005,-3700.49800833556
351818.44701,-4816.3788706553005,-3700.49800833556
351827.796596,-4816.3788706553005,-3700.49800833556
351838.692213,-4816.3788706553005,-3700.49800833556
351848.602212,-4816.3788706553005,-3700.49800833556
351858.686553,-4812.993428638394,-3704.5385021904312
351868.727271,-4812.673653824013,-3704.678150586172
351879.090992,-4812.673653824013,-3704.678150586172
351887.787415,-4812.673653824013,-3704.678150586172
351898.249429,-4812.673653824013,-3704.678150586172
351908.970815,-4812.673653824013,-3704.678150586172
351918.210885,-4812.673653824013,-3704.678150586172
351928.783473,-4812.673653824013,-3704.678150586172
351938.669315,-4812.673653824013,-3704.678150586172
351947.789276,-4812.673653824013,-3704.678150586172
351958.239991,-4812.673653824013,-3704.678150586172
351968.255114,-4812.673653824013,-3704.678150586172
351978.917241,-4812.673653824013,-3704.678150586172
351988.15715,-4812.673653824013,-3704.678150586172
351998.227192,-4812.673653824013,-3704.678150586172
352007.761113,-4812.673653824013,-3704.678150586172
352018.634511,-4812.673653824013,-3704.678150586172
352028.484686,-4812.673653824013,-3704.678150586172
352038.248076,-4812.673653824013,-3704.678150586172
352048.738661,-4812.673653824013,-3704.678150586172
352060.021529,-4812.673653824013,-3704.678150586172
352068.514103,-4812.673653824013,-3704.678150586172
352079.375715,-4812.673653824013,-3704.678150586172
352088.22932,-4812.673653824013,-3704.678150586172
352099.3648,-4812.673653824013,-3704.678150586172
352108.528008,-4812.673653824013,-3704.678150586172
352118.208513,-4812.673653824013,-3704.678150586172
352129.424502,-4812.673653824013,-3704.678150586172
352138.201275,-4812.513766421019,-3708.169360690377
352150.190196,-4810.164116724389,-3722.9022671117905
352159.011957,-4810.164116724389,-3722.9022671117905
352168.633377,-4810.164116724389,-3722.9022671117905
352178.759865,-4805.1172360131895,-3732.71954959628
352188.78203,-4805.569091719448,-3735.7313000396102
352199.88355,-4803.782523757459,-3741.9130690833395
352209.153736,-4803.782523757459,-3741.9130690833395
352219.327309,-4803.782523757459,-3741.9130690833395
352228.152384,-4803.782523757459,-3741.9130690833395
352238.153271,-4803.782523757459,-3741.9130690833395
352248.202207,-4803.782523757459,-3741.9130690833395
352260.286671,-4803.782523757459,-3741.9130690833395
352268.663327,-4803.782523757459,-3741.9130690833395
352278.644217,-4803.782523757459,-3741.9130690833395
352288.686286,-4802.572940778087,-3743.993830186945
352298.15346,-4794.00853713935,-3745.809259332435
352308.498765,-4794.00853713935,-3745.809259332435
352317.788356,-4794.00853713935,-3745.809259332435
352327.81086,-4790.338078432884,-3746.9497212172646
352337.786524,-4785.833424575292,-3741.824625099065
352347.78888,-4784.644696474696,-3739.725244198364
352358.322794,-4784.144179377564,-3739.0549318928524
352370.20525,-4779.201573052037,-3734.097413792676
352377.787229,-4779.11815354269,-3733.2641783427653
352388.314315,-4779.11815354269,-3733.2641783427653
352399.017311,-4779.11815354269,-3733.2641783427653
352408.987922,-4778.103216092531,-3737.5094896387163
352418.866036,-4778.193587233812,-3738.012223865641
352428.357198,-4778.193587233812,-3738.012223865641
352437.786887,-4776.1220025912,-3739.41801773111
352455.800205,-4776.128954214879,-3739.357503427094
353590.985714,-4863.309949357156,-3496.525940326208
353590.986293,-4863.309949357156,-3496.525940326208
353599.882818,-4186.304310889895,-3236.5625615352124
353599.883485,-4186.304310889895,-3236.5625615352124
353618.772097,-4231.1353496673,-3264.264169839774
353618.772658,-4231.1353496673,-3264.264169839774
353621.270914,-4244.273923588878,-3267.504015056259
353621.289639,-4244.273923588878,-3267.504015056259
353631.350703,-4272.824253268266,-3284.015122562465
353641.339643,-4280.623978101122,-3285.8165881645714
353676.663108,-4346.295992741033,-3323.316863328351
353676.6638,-4346.295992741033,-3323.316863328351
353683.355288,-4381.575496699781,-3342.1182045162977
353683.355979,-4381.575496699781,-3342.1182045162977
353689.04053,-4390.4110138533415,-3348.504795163404
353689.048869,-4390.4110138533415,-3348.504795163404
353698.940676,-4427.066939804794,-3362.911863471822
353708.960461,-4483.9242919902135,-3382.765222004471
353720.339697,-4534.247115317017,-3413.078250304638
353729.041006,-4586.42602282013,-3432.3962881595044
353742.093563,-4600.127678377644,-3439.853516108476
353749.376037,-4599.766193811028,-3443.610059743787
353759.421639,-4601.511052030697,-3442.5626962761585
353771.401212,-4620.787911919298,-3444.2477877123742
353779.444895,-4641.010192990611,-3453.2504584822263
353789.50522,-4681.6563522594015,-3476.650884951531
353799.852615,-4713.939705005589,-3490.047826560761
353810.025649,-4732.841177022746,-3497.8681397988
353821.502702,-4744.415634875287,-3515.5150486738944
353829.82301,-4768.044212788819,-3526.3378031538177
353839.643531,-4807.772757268924,-3535.6989037602334
353850.123715,-4817.115743048876,-3539.06443119672
353859.22125,-4833.111435222111,-3542.6673609524187
353870.452582,-4837.511814686141,-3544.808637032304
353879.538013,-4837.511814686141,-3544.808637032304
353889.340154,-4837.511814686141,-3544.808637032304
353899.317435,-4837.511814686141,-3544.808637032304
353909.327156,-4837.511814686141,-3544.808637032304
353919.640826,-4837.511814686141,-3544.808637032304
353928.965701,-4837.511814686141,-3544.808637032304
353939.820791,-4837.511814686141,-3544.808637032304
353948.931677,-4837.511814686141,-3544.808637032304
353961.880921,-4837.511814686141,-3544.808637032304
353969.345419,-4837.511814686141,-3544.808637032304
353979.317719,-4849.412998947753,-3549.4123805762465
353991.245807,-4847.049445997457,-3576.13178126397
353999.522451,-4822.635334352224,-3643.3492233287916
354002.576447,-4818.5616813247925,-3659.4646505566093
354008.931729,-4817.366001593193,-3667.233757301851
354019.373456,-4816.747306852162,-3675.9664379780497
354031.24244,-4815.315271831777,-3679.229555833642
354040.054273,-4814.015317711534,-3688.7442674446397
354048.961218,-4813.848478676477,-3688.8420213266027
354059.45501,-4813.848478676477,-3688.8420213266027
354070.219815,-4813.848478676477,-3688.8420213266027
354079.873255,-4813.848478676477,-3688.8420213266027
354089.385088,-4811.429312718126,-3692.403055716435
354100.381817,-4806.1947380925685,-3712.0050368375555
354110.932699,-4803.191635519325,-3725.490417459197
354119.34151,-4799.85485488389,-3727.748066589267
354128.957336,-4799.85485488389,-3727.748066589267
354139.371622,-4799.917419513769,-3734.809620618822
354151.655184,-4799.917419513769,-3734.809620618822
354160.550759,-4799.917419513769,-3734.809620618822
354168.958416,-4799.917419513769,-3734.809620618822
354179.451985,-4795.21812011897,-3735.5590670139013
354189.438386,-4795.482281919022,-3735.9314627442886
354201.797209,-4795.482281919022,-3735.9314627442886
354209.430292,-4795.482281919022,-3735.9314627442886
354221.165736,-4795.482281919022,-3735.9314627442886
354229.653859,-4795.482281919022,-3735.9314627442886
354239.043876,-4795.482281919022,-3735.9314627442886
354252.76742,-4795.482281919022,-3735.9314627442886
354261.652956,-4795.482281919022,-3735.9314627442886
355545.000767,-3096.8283501401247,-3385.3101439658944
355545.001389,-3096.8283501401247,-3385.3101439658944
355553.759698,-3092.917737673366,-3252.0309610097997
355553.760413,-3092.917737673366,-3252.0309610097997
355565.170789,-3097.4988595760015,-3241.3711251215923
355565.171331,-3097.4988595760015,-3241.3711251215923
355581.384841,-3096.9357778222047,-3217.1700385275144
355581.392137,-3096.9357778222047,-3217.1700385275144
355586.496522,-3096.9357778222047,-3217.1700385275144
355609.193468,-3355.2721234894934,-2990.832345574953
355609.194022,-3355.2721234894934,-2990.832345574953
355613.899023,-3356.947465487901,-2973.1714572805763
355623.336033,-3276.732646898131,-2931.3374007212624
355623.985615,-3255.6692184796907,-2924.0244703226717
355634.312242,-3235.2522913268444,-2917.391162927998
355644.74557,-3241.8215784048275,-2926.0773043875934
355654.970932,-3246.2080547607875,-2925.5280199977265
355665.531008,-3246.2080547607875,-2925.5280199977265
355674.38967,-3246.2080547607875,-2925.5280199977265
355683.858649,-3246.2080547607875,-2925.5280199977265
355693.862589,-3246.2080547607875,-2925.5280199977265
355704.349458,-3246.2080547607875,-2925.5280199977265
355714.355086,-3246.2080547607875,-2925.5280199977265
355724.530918,-3246.2080547607875,-2925.5280199977265
355733.849489,-3246.2080547607875,-2925.5280199977265
355744.353652,-3246.2080547607875,-2925.5280199977265
355754.334444,-3246.2080547607875,-2925.5280199977265
355764.801312,-3246.2080547607875,-2925.5280199977265
355774.394972,-3246.2080547607875,-2925.5280199977265
355784.3867,-3246.2080547607875,-2925.5280199977265
355794.393423,-3246.2080547607875,-2925.5280199977265
355803.870764,-3246.2080547607875,-2925.5280199977265
355813.867065,-3246.2080547607875,-2925.5280199977265
355824.307849,-3246.2080547607875,-2925.5280199977265
355836.319194,-3254.56390986306,-2927.906700732537
355847.31721,-3286.76384399677,-2940.959187415558
355853.872878,-3286.76384399677,-2940.959187415558
355863.847363,-3286.76384399677,-2940.959187415558
355875.28302,-3286.76384399677,-2940.959187415558
355885.541529,-3286.76384399677,-2940.959187415558
355894.520082,-3286.76384399677,-2940.959187415558
355904.573276,-3286.76384399677,-2940.959187415558
355913.825401,-3286.76384399677,-2940.959187415558
355923.849108,-3286.76384399677,-2940.959187415558
355933.825311,-3315.6965136426684,-2949.6406736026597
355944.330762,-3316.7948706343177,-2950.292366928082
355954.644529,-3316.7948706343177,-2950.292366928082
355964.786564,-3316.7948706343177,-2950.292366928082
355974.945647,-3316.7948706343177,-2950.292366928082
355985.146873,-3316.7948706343177,-2950.292366928082
355994.328306,-3316.7948706343177,-2950.292366928082
356004.325729,-3316.7948706343177,-2950.292366928082
356014.352342,-3316.7948706343177,-2950.292366928082
356025.082986,-3316.7948706343177,-2950.292366928082
356033.843314,-3316.7948706343177,-2950.292366928082
356043.823528,-3316.7948706343177,-2950.292366928082
356053.849856,-3316.7948706343177,-2950.292366928082
356064.546654,-3316.7948706343177,-2950.292366928082
356074.66554,-3316.7948706343177,-2950.292366928082
356084.912512,-3316.7948706343177,-2950.292366928082
356094.700082,-3316.7948706343177,-2950.292366928082
356103.82367,-3316.7948706343177,-2950.292366928082
356113.852841,-3316.7948706343177,-2950.292366928082
356123.849279,-3316.7948706343177,-2950.292366928082
356134.348141,-3325.9432111505544,-2952.4522648161287
356144.330756,-3330.976188763999,-2956.02261323246
356154.358706,-3330.976188763999,-2956.02261323246
356163.850399,-3330.976188763999,-2956.02261323246
356173.888392,-3330.976188763999,-2956.02261323246
356184.290666,-3330.976188763999,-2956.02261323246
356194.809486,-3330.976188763999,-2956.02261323246
356204.72141,-3330.976188763999,-2956.02261323246
356215.323968,-3330.976188763999,-2956.02261323246
356223.841129,-3330.976188763999,-2956.02261323246
356237.297089,-3330.976188763999,-2956.02261323246
356244.351565,-3330.976188763999,-2956.02261323246
356254.322709,-3330.976188763999,-2956.02261323246
356264.419229,-3330.976188763999,-2956.02261323246
356274.942891,-3330.976188763999,-2956.02261323246
356283.822436,-3330.976188763999,-2956.02261323246
356293.820575,-3330.976188763999,-2956.02261323246
356304.925481,-3330.976188763999,-2956.02261323246
356314.963258,-3330.976188763999,-2956.02261323246
356325.638537,-3330.976188763999,-2956.02261323246
356335.263954,-3330.976188763999,-2956.02261323246
356343.849222,-3330.976188763999,-2956.02261323246
356354.540123,-3330.976188763999,-2956.02261323246
356364.296016,-3330.976188763999,-2956.02261323246
356374.701788,-3330.976188763999,-2956.02261323246
356384.421229,-3330.976188763999,-2956.02261323246
356394.662531,-3330.976188763999,-2956.02261323246
356403.8427,-3330.976188763999,-2956.02261323246
356413.892673,-3330.976188763999,-2956.02261323246
356423.856754,-3330.976188763999,-2956.02261323246
356434.321242,-3330.976188763999,-2956.02261323246
356445.413475,-3330.976188763999,-2956.02261323246
356454.321333,-3330.976188763999,-2956.02261323246
356463.843842,-3330.976188763999,-2956.02261323246
356474.322689,-3330.976188763999,-2956.02261323246
356484.401164,-3330.976188763999,-2956.02261323246
356494.3171,-3330.976188763999,-2956.02261323246
356504.723045,-3330.976188763999,-2956.02261323246
356514.659826,-3330.976188763999,-2956.02261323246
356524.1907,-3330.976188763999,-2956.02261323246
356533.822457,-3330.976188763999,-2956.02261323246
356547.057153,-3330.976188763999,-2956.02261323246
356554.321338,-3336.4957802326994,-2956.5253480902875
356564.318448,-3336.4957802326994,-2956.5253480902875
356574.304307,-3336.4957802326994,-2956.5253480902875
356584.183642,-3336.4957802326994,-2956.5253480902875
356593.819835,-3336.4957802326994,-2956.5253480902875
356604.311872,-3336.4957802326994,-2956.5253480902875
356614.631909,-3336.4957802326994,-2956.5253480902875
356624.297434,-3336.4957802326994,-2956.5253480902875
356634.661145,-3336.4957802326994,-2956.5253480902875
356645.127175,-3336.4957802326994,-2956.5253480902875
356653.822412,-3336.4957802326994,-2956.5253480902875
356663.836643,-3336.4957802326994,-2956.5253480902875
356674.261272,-3336.4957802326994,-2956.5253480902875
356685.268146,-3336.4957802326994,-2956.5253480902875
356694.274364,-3336.4957802326994,-2956.5253480902875
356704.203206,-3341.0282407336285,-2960.5891214271996
356714.728108,-3341.0282407336285,-2960.5891214271996
356724.267886,-3341.0282407336285,-2960.5891214271996
356734.208049,-3341.0282407336285,-2960.5891214271996
356744.694753,-3341.0282407336285,-2960.5891214271996
356754.548402,-3343.669858811532,-2964.531865979269
356765.293755,-3348.4178197358674,-2964.680824450456
356768.782486,-3348.4178197358674,-2964.680824450456
356773.829107,-3348.4178197358674,-2964.680824450456
356784.249536,-3348.4178197358674,-2964.680824450456
358799.231074,-4215.885613668694,-5127.196302553747
358799.231756,-4215.885613668694,-5127.196302553747
358808.575541,-4215.885613668694,-5127.196302553747
358808.576284,-4215.885613668694,-5127.196302553747
358812.645467,-4146.047442255532,-4660.0540621452465
358812.664806,-4146.047442255532,-4660.0540621452465
358823.075719,-4086.7848269135943,-4560.363863151833
358833.477674,-4061.731165228628,-4539.030270265221
358843.798826,-4015.106606671602,-4484.888652608457
358853.969617,-4014.578283062511,-4408.850185162713
358863.046046,-4013.2713772873576,-4360.476029604135
358873.266074,-4008.7528200976344,-4317.776245078473
358885.816471,-3960.5850004222807,-4260.287704759318
358893.416272,-3969.19806559891,-4207.598405623975
358903.472616,-3997.470330369448,-4187.796277222905
358913.528646,-4054.0982793982857,-4176.056510179446
358923.752965,-4118.053242620977,-4188.652786795324
358933.026727,-4195.8558455876055,-4213.221576907546
358943.448785,-4252.789665949937,-4222.331300468956
358953.606482,-4343.564003563049,-4232.651309076072
358963.545623,-4411.870684522345,-4239.6663080515955
358968.082639,-4411.870684522345,-4239.6663080515955
358973.111817,-4476.8336330794655,-4220.44604854351
358983.0616,-4491.265209446047,-4199.405705659381
358993.552333,-4491.376435467495,-4163.455578359871
359003.463286,-4488.964221114934,-4150.598624405175
359013.402989,-4487.747686494545,-4112.670143226118
359027.014255,-4482.381030929302,-4086.77469018644
359033.573598,-4484.88361643235,-4073.5220644352994
359043.94013,-4429.708557827585,-4061.6379919976966
359053.045718,-4385.635246520236,-4032.7214779594265
359063.059658,-4331.127543935254,-4052.0767365317106
359073.046562,-4287.346200832665,-4068.7740214176415
359085.472089,-4270.495458422833,-4068.4947247633845
359093.471601,-4270.495458422833,-4068.4947247633845
359103.447832,-4270.495458422833,-4068.4947247633845
359113.493408,-4270.495458422833,-4068.4947247633845
359119.167731,-4411.870684522345,-4239.6663080515955
359123.596821,-4270.495458422833,-4068.4947247633845
359134.531196,-4263.19625069113,-4064.049253087833
359143.9515,-4263.801042184084,-4059.7201549770343
359153.020796,-4266.171546789047,-4074.532187302557
359163.045748,-4266.171546789047,-4074.532187302557
359173.045718,-4266.171546789047,-4074.532187302557
359184.132973,-4266.171546789047,-4074.532187302557
359194.326152,-4266.171546789047,-4074.532187302557
359203.693089,-4266.171546789047,-4074.532187302557
359213.508629,-4266.171546789047,-4074.532187302557
359223.473004,-4266.171546789047,-4074.532187302557
359233.491726,-4266.171546789047,-4074.532187302557
359243.526286,-4266.171546789047,-4074.532187302557
359257.45975,-4266.171546789047,-4074.532187302557
359264.282308,-4266.171546789047,-4074.532187302557
359268.19779,-4411.870684522345,-4239.6663080515955
359274.802156,-4252.977359858379,-4060.167029629593
359284.090335,-4221.806267012541,-4054.194736170252
359293.353269,-4219.741633968056,-4050.1216599306476
361466.50475,-4943.795229385174,797.7513164709845
361466.585115,-4937.629136847328,730.0539489335798
361473.171421,-4935.835617259116,718.6539047393408
361483.269823,-4938.637122661691,721.7820507721992
361493.659595,-4943.871697270394,721.5074070010464
361505.994843,-4926.916680716059,626.9461658477339
361513.264416,-4906.8751420630715,466.2097770840601
361531.450156,-4872.040542609992,207.95168531820434
361535.885289,-4852.791489337895,54.393372940069874
361536.72573,-4832.054788022837,-114.19115572214662
361536.733397,-4832.054788022837,-114.19115572214662
361539.541126,-4832.054788022837,-114.19115572214662
361549.931114,-4787.209846590461,-460.16728328336734
361559.944222,-4718.388745864472,-705.6098696537483
361569.562151,-4591.917807650008,-728.4145613091073
361579.603328,-4469.416247735074,-648.060487999094
361589.523618,-4397.543382528373,-622.7979696236778
361599.613238,-4397.543382528373,-622.7979696236778
361609.693497,-4363.814091262263,-622.8072795698951
361619.563708,-4234.194065285834,-715.310824526914
361629.533592,-4140.075995156674,-786.108239713116
361644.474659,-4076.7883880967747,-855.0529698653469
361649.53829,-4067.4871119242734,-1003.9234740499663
361659.552865,-4084.4560320592072,-1136.8413763645196
361669.522344,-4101.779485135182,-1261.789951343421
361680.492202,-4130.003088455665,-1410.939658062394
361689.696666,-4156.898931108794,-1487.0669284844917
361689.882427,-4156.898931108794,-1487.0669284844917
361699.552081,-4192.567726290287,-1527.2532232951776
361709.506975,-4166.43656256461,-1532.871763321765
361719.934086,-4166.43656256461,-1532.871763321765
361731.618269,-4166.43656256461,-1532.871763321765
361740.054204,-4166.43656256461,-1532.871763321765
361749.893529,-4166.43656256461,-1532.871763321765
361759.996379,-4166.43656256461,-1532.871763321765
361769.537468,-4166.43656256461,-1532.871763321765
361779.860281,-4166.43656256461,-1532.871763321765
361790.672987,-4166.43656256461,-1532.871763321765
361799.994537,-4166.43656256461,-1532.871763321765
361809.728964,-4166.43656256461,-1532.871763321765
361809.99117,-4166.43656256461,-1532.871763321765
361819.610068,-4166.43656256461,-1532.871763321765
361829.568653,-4107.639706224744,-1474.9733343437788
361839.970792,-4018.8257268232483,-1396.7001242021347
361849.990325,-4069.9271328018954,-1305.5093783884713
361863.385331,-4093.903292386626,-1195.5684199509667
361871.32121,-4072.617412236064,-1045.808862112055
361880.34468,-4060.4590175902954,-908.5199264823057
361890.502861,-4068.161419690835,-881.0090691693546
361899.542252,-4072.42276669474,-850.2164584272933
361909.544819,-4041.4949806581317,-769.8111958520171
361919.542566,-4012.2355849487735,-653.6883457441801
361929.542048,-4039.8543968161534,-630.6462479714294
361939.557508,-4178.914731994775,-636.2554859906802
361949.651302,-4324.843273665389,-605.1835652131522
361960.545779,-4324.843273665389,-605.1835652131522
361965.397964,-4332.663853369256,-608.4606637492683
361969.592158,-4450.535630484317,-629.3428565504606
361979.612658,-4647.294463208156,-679.1230967330379
361989.642375,-4758.645613991608,-552.6615419764803
362003.93516,-4788.53760721464,-353.2472550419874
362012.960288,-4827.765634578819,-57.06066812644067
362025.208201,-4859.166130673689,154.46601937459388
362029.60017,-4883.364741880308,353.2381414352659
362039.508694,-4873.2431739636895,478.6851165463221
362049.61514,-4835.968553637799,383.700308632886
362059.680933,-4905.019057835543,350.487050315383
362069.622112,-4943.975971667016,441.53374254373017
362080.01536,-4916.767306298844,464.8551786732829
362089.523321,-4894.174520795993,329.72120040144665
362106.724488,-4856.879045609472,77.00258375442513
362109.540162,-4827.133036582199,-153.0089753306804
362119.993954,-4794.488199356936,-400.90950503428104
362173.751297,-4403.473119835677,-624.9020157871997
362173.752731,-4403.473119835677,-624.9020157871997
362177.502119,-4403.473119835677,-624.9020157871997
362187.65228,-4320.157877467752,-655.7551520444501
362197.503964,-4207.388593826514,-737.2590016233597
362207.503745,-4083.1143681585545,-842.3402529838976
362220.436475,-4070.809989357329,-949.3067486145482
362227.642687,-4083.740014533358,-1106.9332215275845
362237.417786,-4107.32688302917,-1301.859886289461
362247.396229,-4135.821599774146,-1430.6580836367784
362252.658522,-4166.380949557626,-1479.2512454526716
362257.430992,-4184.399565249263,-1490.9631325445284
362267.92022,-4175.112192344725,-1529.9018971008334
362278.907201,-4171.886637684998,-1530.1718849374786
362287.874308,-4171.886637684998,-1530.1718849374786
362297.783755,-4171.886637684998,-1530.1718849374786
362307.427445,-4171.886637684998,-1530.1718849374786
362317.42634,-4171.886637684998,-1530.1718849374786
362329.464705,-4171.886637684998,-1530.1718849374786
362338.97858,-4171.886637684998,-1530.1718849374786
362347.427397,-4171.886637684998,-1530.1718849374786
362357.788553,-4171.886637684998,-1530.1718849374786
362368.942573,-4171.886637684998,-1530.1718849374786
362377.429704,-4171.886637684998,-1530.1718849374786
362387.884175,-4171.886637684998,-1530.1718849374786
362399.695454,-4171.886637684998,-1530.1718849374786
362408.188536,-4171.886637684998,-1530.1718849374786
362418.204694,-4171.886637684998,-1530.1718849374786
362427.396674,-4171.886637684998,-1530.1718849374786
362439.485803,-4171.886637684998,-1530.1718849374786
362448.862016,-4171.886637684998,-1530.1718849374786
362457.880898,-4171.886637684998,-1530.1718849374786
362467.432608,-4171.886637684998,-1530.1718849374786
362477.99872,-4171.886637684998,-1530.1718849374786
362487.957855,-4171.886637684998,-1530.1718849374786
362497.394679,-4171.886637684998,-1530.1718849374786
362507.896211,-4171.886637684998,-1530.1718849374786
362518.520929,-4171.886637684998,-1530.1718849374786
362528.23564,-4171.886637684998,-1530.1718849374786
362538.353712,-4171.886637684998,-1530.1718849374786
362547.842309,-4171.886637684998,-1530.1718849374786
362559.862323,-4171.886637684998,-1530.1718849374786
362567.922449,-4171.886637684998,-1530.1718849374786
362577.89936,-4171.886637684998,-1530.1718849374786
362587.876643,-4171.886637684998,-1530.1718849374786
362597.893682,-4171.886637684998,-1530.1718849374786
362607.899189,-4171.886637684998,-1530.1718849374786
362617.426246,-4171.886637684998,-1530.1718849374786
362628.648057,-4171.886637684998,-1530.1718849374786
362638.325155,-4172.248122254967,-1525.04211597155
362648.956663,-4172.248122254967,-1525.04211597155
362658.370347,-4172.248122254967,-1525.04211597155
362668.717005,-4172.248122254967,-1525.04211597155
362677.418018,-4172.248122254967,-1525.04211597155
362687.421399,-4172.248122254967,-1525.04211597155
362697.856825,-4172.248122254967,-1525.04211597155
362707.868618,-4172.248122254967,-1525.04211597155
362720.18387,-4172.248122254967,-1525.04211597155
362728.734245,-4172.248122254967,-1525.04211597155
362737.470316,-4170.809135590449,-1522.4167169642044
362747.915476,-4169.83590788592,-1520.8107547928118
362758.33377,-4169.370148917492,-1514.098298390162
362767.844878,-4169.370148917492,-1514.098298390162
362778.763458,-4169.370148917492,-1514.098298390162
362787.872596,-4169.370148917492,-1514.098298390162
362797.416405,-4169.370148917492,-1514.098298390162
362807.843442,-4169.370148917492,-1514.098298390162
362818.001891,-4169.370148917492,-1514.098298390162
362827.872021,-4161.29931063884,-1508.0747764121213
362840.180864,-4159.971549987986,-1510.8072396309344
362848.415204,-4159.971549987986,-1510.8072396309344
362858.613005,-4159.971549987986,-1510.8072396309344
362868.332391,-4159.971549987986,-1510.8072396309344
362878.583679,-4159.971549987986,-1510.8072396309344
362888.835125,-4159.971549987986,-1510.8072396309344
362897.893888,-4159.971549987986,-1510.8072396309344
362907.898117,-4159.971549987986,-1510.8072396309344
362917.41682,-4159.971549987986,-1510.8072396309344
362927.873865,-4159.971549987986,-1510.8072396309344
362937.995922,-4159.971549987986,-1510.8072396309344
362948.299979,-4159.971549987986,-1510.8072396309344
362957.416293,-4159.971549987986,-1510.8072396309344
362967.878528,-4159.971549987986,-1510.8072396309344
362978.355796,-4159.971549987986,-1510.8072396309344
362990.076653,-4159.971549987986,-1510.8072396309344
362998.99272,-4159.971549987986,-1510.8072396309344
363007.899758,-4159.971549987986,-1510.8072396309344
363017.434129,-4159.971549987986,-1510.8072396309344
363027.873761,-4159.971549987986,-1510.8072396309344
363037.425291,-4159.971549987986,-1510.8072396309344
363047.899192,-4159.971549987986,-1510.8072396309344
363057.976772,-4159.971549987986,-1510.8072396309344
363068.277796,-4159.971549987986,-1510.8072396309344
363077.416218,-4159.971549987986,-1510.8072396309344
363088.413331,-4159.971549987986,-1510.8072396309344
363097.990214,-4159.971549987986,-1510.8072396309344
363107.492943,-4159.971549987986,-1510.8072396309344
363117.421795,-4159.971549987986,-1510.8072396309344
363127.87671,-4159.971549987986,-1510.8072396309344
363137.849752,-4159.971549987986,-1510.8072396309344
363147.8759,-4159.971549987986,-1510.8072396309344
363158.275578,-4159.971549987986,-1510.8072396309344
363169.10853,-4159.971549987986,-1510.8072396309344
363178.329458,-4159.971549987986,-1510.8072396309344
363188.247841,-4159.971549987986,-1510.8072396309344
363197.416444,-4159.971549987986,-1510.8072396309344
363208.82901,-4159.971549987986,-1510.8072396309344
363217.856014,-4159.971549987986,-1510.8072396309344
363227.415727,-4159.971549987986,-1510.8072396309344
363237.875642,-4159.971549987986,-1510.8072396309344
363248.210404,-4159.971549987986,-1510.8072396309344
363257.868461,-4159.971549987986,-1510.8072396309344
363267.955503,-4159.971549987986,-1510.8072396309344
363278.363387,-4161.236745999827,-1513.87020520809
363287.418401,-4161.236745999827,-1513.87020520809
363298.741673,-4161.236745999827,-1513.87020520809
363308.288745,-4161.236745999827,-1513.87020520809
363317.3881,-4161.236745999827,-1513.87020520809
363330.378513,-4161.236745999827,-1513.87020520809
363337.901662,-4161.236745999827,-1513.87020520809
363347.405977,-4161.236745999827,-1513.87020520809
363357.411893,-4161.396633405276,-1516.7562821718186
363367.900867,-4161.076858594521,-1518.3668993135295
363377.870503,-4161.076858594521,-1518.3668993135295
363387.872373,-4161.076858594521,-1518.3668993135295
363398.337949,-4161.076858594521,-1518.3668993135295
363407.416239,-4161.076858594521,-1518.3668993135295
363418.739652,-4161.076858594521,-1518.3668993135295
363428.295737,-4161.076858594521,-1518.3668993135295
363437.433721,-4161.076858594521,-1518.3668993135295
363447.422943,-4161.076858594521,-1518.3668993135295
363457.860266,-4161.076858594521,-1518.3668993135295
363467.645116,-4161.076858594521,-1518.3668993135295
363477.873671,-4161.076858594521,-1518.3668993135295
363487.873985,-4161.076858594521,-1518.3668993135295
363497.852737,-4161.076858594521,-1518.3668993135295
363508.357866,-4161.076858594521,-1518.3668993135295
363518.256391,-4161.076858594521,-1518.3668993135295
363527.415968,-4161.076858594521,-1518.3668993135295
363537.416036,-4161.076858594521,-1518.3668993135295
363547.3839,-4161.076858594521,-1518.3668993135295
363557.39254,-4161.076858594521,-1518.3668993135295
363568.790266,-4161.076858594521,-1518.3668993135295
363577.815194,-4161.076858594521,-1518.3668993135295
363587.377022,-4161.076858594521,-1518.3668993135295
363597.387176,-4161.076858594521,-1518.3668993135295
363607.849767,-4161.076858594521,-1518.3668993135295
363618.340781,-4161.076858594521,-1518.3668993135295
363628.27659,-4161.076858594521,-1518.3668993135295
363638.331815,-4161.076858594521,-1518.3668993135295
363648.053222,-4161.076858594521,-1518.3668993135295
363660.692486,-4161.076858594521,-1518.3668993135295
363667.866986,-4161.076858594521,-1518.3668993135295
363678.050234,-4161.076858594521,-1518.3668993135295
363687.418179,-4161.076858594521,-1518.3668993135295
363697.829703,-4161.076858594521,-1518.3668993135295
363707.888195,-4161.076858594521,-1518.3668993135295
363718.191231,-4151.768630805795,-1516.1092423367525
363728.145958,-4151.796437309297,-1513.9865792791725
363738.284263,-4151.796437309297,-1513.9865792791725
363748.16045,-4151.796437309297,-1513.9865792791725
363758.249183,-4151.796437309297,-1513.9865792791725
363767.796607,-4151.796437309297,-1513.9865792791725
363777.406474,-4152.721003622712,-1508.7730208496791
363787.809911,-4149.5163038410765,-1502.4189964650238
363797.789469,-4147.667171214255,-1496.4420240104955
363807.40739,-4148.1468334386955,-1481.0806459616988
363817.788693,-4148.181591565976,-1481.099265807998
363827.906081,-4148.181591565976,-1481.099265807998
363839.775809,-4148.181591565976,-1481.099265807998
363848.151694,-4148.181591565976,-1481.099265807998
363858.220933,-4148.181591565976,-1481.099265807998
363868.163495,-4148.181591565976,-1481.099265807998
363878.622094,-4148.181591565976,-1481.099265807998
363887.762017,-4148.181591565976,-1481.099265807998
363897.379787,-4148.181591565976,-1481.099265807998
363907.759876,-4148.181591565976,-1481.099265807998
363917.759827,-4148.181591565976,-1481.099265807998
363927.381208,-4148.181591565976,-1481.099265807998
363937.829234,-4148.181591565976,-1481.099265807998
363948.22699,-4148.181591565976,-1481.099265807998
363957.404906,-4148.181591565976,-1481.099265807998
363968.967346,-4148.181591565976,-1481.099265807998
363978.263409,-4148.181591565976,-1481.099265807998
363988.64712,-4148.181591565976,-1481.099265807998
363997.786578,-4148.181591565976,-1481.099265807998
364007.824965,-4148.181591565976,-1481.099265807998
364017.405773,-4148.181591565976,-1481.099265807998
364027.849848,-4148.181591565976,-1481.099265807998
364037.863652,-4148.181591565976,-1481.099265807998
364047.404188,-4148.181591565976,-1481.099265807998
364060.004322,-4148.181591565976,-1481.099265807998
364068.187927,-4148.181591565976,-1481.099265807998
364077.407375,-4148.181591565976,-1481.099265807998
364089.35515,-4148.181591565976,-1481.099265807998
364097.907522,-4148.181591565976,-1481.099265807998
364107.805632,-4148.181591565976,-1481.099265807998
364117.788185,-4148.181591565976,-1481.099265807998
364127.931846,-4148.181591565976,-1481.099265807998
364137.691776,-4148.181591565976,-1481.099265807998
364147.775066,-4148.181591565976,-1481.099265807998
364157.77974,-4148.181591565976,-1481.099265807998
364168.226047,-4148.181591565976,-1481.099265807998
364177.406164,-4148.181591565976,-1481.099265807998
364187.836588,-4150.280982749195,-1486.452473359339
364197.407273,-4150.280982749195,-1486.452473359339
364209.658375,-4150.280982749195,-1486.452473359339
364217.779142,-4150.280982749195,-1486.452473359339
364227.759279,-4150.280982749195,-1486.452473359339
364237.756307,-4150.280982749195,-1486.452473359339
364247.779443,-4150.280982749195,-1486.452473359339
364257.401043,-4150.280982749195,-1486.452473359339
364267.77421,-4150.280982749195,-1486.452473359339
364278.093068,-4150.280982749195,-1486.452473359339
364288.211958,-4150.239272989741,-1482.5050646639656
364299.268585,-4150.239272989741,-1482.5050646639656
364308.228183,-4150.239272989741,-1482.5050646639656
364317.69929,-4150.239272989741,-1482.5050646639656
364327.406428,-4150.239272989741,-1482.5050646639656
364337.759669,-4150.239272989741,-1482.5050646639656
364347.877808,-4150.239272989741,-1482.5050646639656
364359.467843,-4150.239272989741,-1482.5050646639656
364368.690748,-4150.239272989741,-1482.5050646639656
364377.426007,-4150.239272989741,-1482.5050646639656
364387.807462,-4150.239272989741,-1482.5050646639656
364397.827019,-4150.239272989741,-1482.5050646639656
364408.264541,-4150.239272989741,-1482.5050646639656
364417.40655,-4150.239272989741,-1482.5050646639656
364429.876864,-4150.239272989741,-1482.5050646639656
364438.085403,-4150.239272989741,-1482.5050646639656
364447.396672,-4150.239272989741,-1482.5050646639656
364457.784442,-4150.239272989741,-1482.5050646639656
364467.775391,-4150.239272989741,-1482.5050646639656
364477.7766,-4150.239272989741,-1482.5050646639656
364488.39311,-4150.239272989741,-1482.5050646639656
364498.041683,-4150.239272989741,-1482.5050646639656
364507.774206,-4150.239272989741,-1482.5050646639656
364517.903374,-4150.239272989741,-1482.5050646639656
364528.203697,-4150.239272989741,-1482.5050646639656
364537.416785,-4150.239272989741,-1482.5050646639656
364547.407118,-4150.239272989741,-1482.5050646639656
364557.872676,-4150.239272989741,-1482.5050646639656
364567.404982,-4152.561116217232,-1486.955209369202
364577.853336,-4152.561116217232,-1486.955209369202
364587.804518,-4152.561116217232,-1486.955209369202
364598.474788,-4152.561116217232,-1486.955209369202
364608.270122,-4152.561116217232,-1486.955209369202
364618.322331,-4152.561116217232,-1486.955209369202
364628.270192,-4152.561116217232,-1486.955209369202
364638.327286,-4152.561116217232,-1486.955209369202
364648.682397,-4152.561116217232,-1486.955209369202
364657.82565,-4152.561116217232,-1486.955209369202
364667.395764,-4152.561116217232,-1486.955209369202
364677.800436,-4155.661541608445,-1487.2391621191512
364687.471061,-4155.661541608445,-1487.2391621191512
364697.871779,-4155.661541608445,-1487.2391621191512
364708.211073,-4155.661541608445,-1487.2391621191512
364718.172662,-4155.661541608445,-1487.2391621191512
364728.190074,-4155.661541608445,-1487.2391621191512
364738.361226,-4155.661541608445,-1487.2391621191512
364747.401602,-4155.661541608445,-1487.2391621191512
364757.401901,-4155.661541608445,-1487.2391621191512
364767.400983,-4155.661541608445,-1487.2391621191512
364777.778137,-4155.661541608445,-1487.2391621191512
364787.397751,-4155.661541608445,-1487.2391621191512
364797.854901,-4155.661541608445,-1487.2391621191512
364807.373719,-4155.661541608445,-1487.2391621191512
364817.827843,-4155.661541608445,-1487.2391621191512
364828.194982,-4155.661541608445,-1487.2391621191512
364838.783556,-4155.661541608445,-1487.2391621191512
364848.175147,-4155.661541608445,-1487.2391621191512
364858.170619,-4155.661541608445,-1487.2391621191512
364867.397275,-4155.661541608445,-1487.2391621191512
364877.395913,-4155.661541608445,-1487.2391621191512
364887.823871,-4155.661541608445,-1487.2391621191512
364897.757584,-4155.661541608445,-1487.2391621191512
364907.397098,-4155.661541608445,-1487.2391621191512
364917.764155,-4155.661541608445,-1487.2391621191512
364927.405245,-4155.661541608445,-1487.2391621191512
364937.803392,-4155.661541608445,-1487.2391621191512
364946.220361,-4155.661541608445,-1487.2391621191512
364950.591279,-4156.947592491867,-1486.3966138025617
364954.685125,-4175.063530961521,-1487.9653363472924
364957.848442,-4175.063530961521,-1487.9653363472924
364968.515912,-4203.287134231288,-1533.2767450819647
364969.790686,-4213.693718983263,-1550.3139084042868
364977.405843,-4240.68688436434,-1583.9925618938332
364987.471521,-4296.34855703269,-1639.5355702069544
364997.541473,-4363.438703437868,-1677.0731821870029
365921.901021,-5266.003107277811,-4993.803849660788
365921.901706,-5266.003107277811,-4993.803849660788
365928.649002,-5313.559182401639,-4957.863077177583
365928.64959,-5313.559182401639,-4957.863077177583
365939.376617,-5350.0204620110835,-4927.69442562688
365939.427954,-5350.0204620110835,-4927.69442562688
365950.88852,-5313.892860467583,-4827.012766698934
365960.857658,-5278.467373132015,-4781.305922979628
365971.748909,-5259.016722896276,-4741.203622824077
365981.526763,-5227.136564902066,-4699.1369356591695
365990.799746,-5210.821098082503,-4684.585594509603
366000.790499,-5208.895497607832,-4665.3187990542165
366010.789234,-5223.74417129622,-4634.275004895537
366021.204153,-5245.926810669488,-4577.4847342695975
366031.329586,-5261.053549387686,-4526.261767781602
366042.105414,-5305.981909806483,-4444.669960216619
366050.814709,-5337.243372993698,-4389.439078151988
366064.252892,-5336.200629054976,-4388.177588923783
366072.872311,-5292.203786592554,-4373.202640945225
366081.551806,-5188.026715577408,-4484.2183410870875
366092.37318,-5100.415369707062,-4577.703516464168
366100.789193,-5046.686250178581,-4629.061472071839
366110.788962,-5043.3008081724365,-4633.404531120031
366120.80648,-5004.3230395652035,-4675.550356603447
366130.790638,-4933.270467152661,-4744.611038327278
366141.178757,-4815.391739717383,-4818.79214508619
366151.240596,-4739.069834220773,-4840.851899002479
366162.453638,-4708.6286624823715,-4847.122101116823
366170.7704,-4708.6286624823715,-4847.122101116823
366183.227265,-4676.421777618055,-4854.742235316978
366191.244377,-4637.52047655435,-4819.434526621086
366202.630983,-4627.190359792817,-4685.605026293844
366211.230408,-4602.143650022394,-4601.1970003478355
366220.763256,-4601.073099569859,-4594.614914792011
366231.149516,-4599.81485519378,-4604.65096599668
366241.154753,-4599.81485519378,-4604.65096599668
366252.52474,-4581.9213689414055,-4563.161482422783
366261.49211,-4537.194604894116,-4476.458554218241
366274.033127,-4547.232753371907,-4457.680521284333
366281.233216,-4546.294283810652,-4440.15001210338
366291.935647,-4530.764350504277,-4409.306369450311
366303.128697,-4541.91475920471,-4407.076652393864
366311.798213,-4569.895055328585,-4440.554992010068
366322.158804,-4621.260622515111,-4432.017829374066
366331.250468,-4645.820718423388,-4408.002985779713
366340.853135,-4666.042999483083,-4381.8049735535105
366350.848945,-4678.14578095517,-4307.945006809308
366361.267573,-4666.487903567113,-4264.155962172522
366371.281499,-4665.591143767244,-4262.289330136204
366381.590204,-4656.8668526973515,-4231.403784359286
366391.567406,-4638.500655872669,-4215.474569351633
366400.793135,-4657.833128759438,-4163.530057460186
366411.200068,-4674.565693388646,-4069.6957003535913
366421.712997,-4683.42901697897,-3962.0128683829453
366432.107897,-4684.485664181944,-3866.6702791473717
366443.632373,-4703.498362241375,-3748.127422691334
366444.549518,-4719.299408910622,-3740.8610511626744
366450.802074,-4766.403628972799,-3736.206104589003
366461.758136,-4801.502390322289,-3747.3081521067475
366470.909003,-4798.464529613537,-3742.546141806965
366481.27222,-4798.464529613537,-3742.546141806965
366491.686695,-4798.464529613537,-3742.546141806965
366501.322869,-4787.3071693554,-3721.1287324281852
366511.857636,-4786.848362017017,-3721.8828337844757
366521.684219,-4786.848362017017,-3721.8828337844757
366531.797603,-4776.719842453389,-3729.3121286691867
366542.149673,-4770.1992169576915,-3733.003501331909
366551.245571,-4764.909029312668,-3733.054705747326
366561.270862,-4764.909029312668,-3733.054705747326
366571.277774,-4764.909029312668,-3733.054705747326
366581.273679,-4764.909029312668,-3733.054705747326
366592.257574,-4764.909029312668,-3733.054705747326
366601.283089,-4764.909029312668,-3733.054705747326
366611.789927,-4764.909029312668,-3733.054705747326
366622.749983,-4764.909029312668,-3733.054705747326
366631.782029,-4764.909029312668,-3733.054705747326
366642.852965,-4764.909029312668,-3733.054705747326
366652.173402,-4764.909029312668,-3733.054705747326
366660.7875,-4764.909029312668,-3733.054705747326
366671.552441,-4764.909029312668,-3733.054705747326
366681.2766,-4764.909029312668,-3733.054705747326
366691.293805,-4764.909029312668,-3733.054705747326
366701.232321,-4764.909029312668,-3733.054705747326
366714.095029,-4764.909029312668,-3733.054705747326
366722.635091,-4764.909029312668,-3733.054705747326
366731.719286,-4764.909029312668,-3733.054705747326
366742.259972,-4764.909029312668,-3733.054705747326
366751.692819,-4764.909029312668,-3733.054705747326
366762.187526,-4764.909029312668,-3733.054705747326
366771.245511,-4764.909029312668,-3733.054705747326
366780.821385,-4764.909029312668,-3733.054705747326
366791.260213,-4764.909029312668,-3733.054705747326
366801.269723,-4764.909029312668,-3733.054705747326
366811.514503,-4764.909029312668,-3733.054705747326
366821.34156,-4760.154116899472,-3737.0905444489417
366830.791522,-4760.174971778916,-3736.9834806746153
366843.061673,-4758.854162777383,-3744.249852238069
366851.875441,-4758.854162777383,-3744.249852238069
366861.230062,-4758.854162777383,-3744.249852238069
366871.224738,-4758.854162777383,-3744.249852238069
366881.242525,-4758.854162777383,-3744.249852238069
366891.243467,-4758.854162777383,-3744.249852238069
366901.39925,-4758.854162777383,-3744.249852238069
366911.325916,-4758.854162777383,-3744.249852238069
366921.400162,-4758.854162777383,-3744.249852238069
366931.708159,-4758.729033500998,-3742.38787362899
366941.604328,-4759.132227833428,-3739.185270402363
366951.294153,-4759.132227833428,-3739.185270402363
366963.169819,-4759.132227833428,-3739.185270402363
366971.666755,-4743.17129376725,-3736.5831552650734
366982.163267,-4742.441372996072,-3736.396957405595
366991.251259,-4742.441372996072,-3736.396957405595
367001.231012,-4742.441372996072,-3736.396957405595
367018.788181,-4742.441372996072,-3736.396957405595
367023.923706,-4742.441372996072,-3736.396957405595
367023.924333,-4742.441372996072,-3736.396957405595
367026.389482,-4742.441372996072,-3736.396957405595
367036.968524,-4742.441372996072,-3736.396957405595
367046.844374,-4742.441372996072,-3736.396957405595
367057.24427,-4742.441372996072,-3736.396957405595
367067.346188,-4742.441372996072,-3736.396957405595
367076.476972,-4742.441372996072,-3736.396957405595
367086.870073,-4742.441372996072,-3736.396957405595
367096.865729,-4742.441372996072,-3736.396957405595
367107.722212,-4742.441372996072,-3736.396957405595
367116.821973,-4742.441372996072,-3736.396957405595
367126.881538,-4742.441372996072,-3736.396957405595
367137.193771,-4742.441372996072,-3736.396957405595
367146.567603,-4742.441372996072,-3736.396957405595
367156.775295,-4742.441372996072,-3736.396957405595
367167.176226,-4742.441372996072,-3736.396957405595
367177.893837,-4742.441372996072,-3736.396957405595
367186.780137,-4742.441372996072,-3736.396957405595
367196.402059,-4742.441372996072,-3736.396957405595
367206.365975,-4742.441372996072,-3736.396957405595
367216.84798,-4742.441372996072,-3736.396957405595
367227.778401,-4742.441372996072,-3736.396957405595
367236.985779,-4742.441372996072,-3736.396957405595
367247.205803,-4742.441372996072,-3736.396957405595
367257.212367,-4742.441372996072,-3736.396957405595
367266.430226,-4742.441372996072,-3736.396957405595
367276.844257,-4742.441372996072,-3736.396957405595
367287.200392,-4742.441372996072,-3736.396957405595
367300.477438,-4742.441372996072,-3736.396957405595
367306.840433,-4742.441372996072,-3736.396957405595
367317.164135,-4742.441372996072,-3736.396957405595
367326.388874,-4742.441372996072,-3736.396957405595
367336.864216,-4742.441372996072,-3736.396957405595
367346.905909,-4742.441372996072,-3736.396957405595
367358.607019,-4742.441372996072,-3736.396957405595
367367.216053,-4742.441372996072,-3736.396957405595
367377.200336,-4742.441372996072,-3736.396957405595
367387.289978,-4742.441372996072,-3736.396957405595
367397.123076,-4742.441372996072,-3736.396957405595
367407.763143,-4742.441372996072,-3736.396957405595
367416.824348,-4742.441372996072,-3736.396957405595
367426.923513,-4742.441372996072,-3736.396957405595
367436.79872,-4742.441372996072,-3736.396957405595
367447.743383,-4742.441372996072,-3736.396957405595
367457.156265,-4742.441372996072,-3736.396957405595
367466.866838,-4742.441372996072,-3736.396957405595
367477.2977,-4742.441372996072,-3736.396957405595
367487.916423,-4742.441372996072,-3736.396957405595
367499.680203,-4742.441372996072,-3736.396957405595
367507.748292,-4742.441372996072,-3736.396957405595
367529.53249,-4742.441372996072,-3736.396957405595
367529.533173,-4742.441372996072,-3736.396957405595
367531.085962,-4742.441372996072,-3736.396957405595
367531.086491,-4742.441372996072,-3736.396957405595
367533.847934,-4742.441372996072,-3736.396957405595
367544.506064,-4742.441372996072,-3736.396957405595
367556.814113,-4742.441372996072,-3736.396957405595
367563.930419,-4734.2523571747115,-3738.5196130403615
367575.12439,-4732.8828867816665,-3746.684389266068
367585.320398,-4732.8828867816665,-3746.684389266068
367588.025449,-4732.8828867816665,-3746.684389266068
367593.917407,-4732.8828867816665,-3746.684389266068
367603.917112,-4732.8828867816665,-3746.684389266068
368426.507134,-5795.329607676743,-449.10833782880513
368426.507754,-5795.329607676743,-449.10833782880513
368435.48383,-5989.396279086219,-638.1174736987252
368435.484525,-5989.396279086219,-638.1174736987252
368441.029107,-5998.621086930816,-753.4862217742472
368442.088778,-5998.621086930816,-753.4862217742472
368450.961172,-6027.963900712211,-884.6585636740491
368458.811802,-6097.299419354904,-906.1226183161832
368468.803392,-6105.676128784927,-989.2277443292817
368480.413591,-6012.990098083358,-1121.8151471513982
368495.11255,-5859.331354365381,-1135.6264303284815
368498.804127,-5742.870761549557,-1234.5072026058072
368511.697261,-5605.610902811347,-1336.5673000259856
368518.793018,-5496.741484980106,-1375.5386587769233
368528.840538,-5342.644786573959,-1412.5176907283842
368541.465068,-5130.077959017194,-1505.7286751028635
368549.94061,-5044.433923259689,-1666.7345122427619
368560.13993,-5029.967588954434,-1835.2115202584034
368568.803626,-5052.74111667145,-1992.7958788080546
368579.735634,-5054.618055771524,-2026.0462526072947
368588.81845,-5054.722330159463,-2134.53472037099
368601.005734,-5050.113401934648,-2193.6526882349826
368608.816218,-5050.113401934648,-2193.6526882349826
368619.161238,-5050.113401934648,-2193.6526882349826
368629.179824,-5050.113401934648,-2193.6526882349826
368629.550688,-5050.113401934648,-2193.6526882349826
368638.815982,-5031.246688188684,-2262.9882821202395
368649.233511,-5003.905941987876,-2369.270260026377
368659.605908,-4909.196985251216,-2648.8375818263366
368669.707704,-4787.668653928693,-2912.4243285054717
368682.370556,-4716.233741701232,-3141.8529368080945
368688.80759,-4814.182156738195,-3368.618831307606
368701.432634,-4931.108511376813,-3422.011097275714
368710.564759,-5034.785065974342,-3451.3186547845985
368719.159336,-5080.686654328758,-3361.021954039258
368729.182571,-5164.634493202351,-3300.353996493817
368739.148264,-5304.202293482175,-3210.4482901344445
368749.155598,-5350.951979922053,-3201.5619896863705
368758.771498,-5427.259980997791,-3300.167798495598
368769.26084,-5516.039199316097,-3361.431589580402
368781.609979,-5482.657490282862,-3456.299449847058
368790.160785,-5495.942047962276,-3583.747275755278
368799.526524,-5526.570913013552,-3613.599454666535
368808.806268,-5609.239651674645,-3911.4927490354366
368819.06611,-5554.120207622915,-4026.2324854145922
368828.798196,-5480.544195919281,-4155.914569915813
368839.16796,-5322.811796923333,-4345.780377494153
368849.202008,-5186.476502918712,-4487.146299039004
368859.253043,-5101.214806733322,-4578.876561450259
368869.344872,-5031.093752410179,-4649.789919756662
368879.259216,-5024.086513115979,-4657.503155118593
368889.741711,-5024.086513115979,-4657.503155118593
368899.286309,-5024.086513115979,-4657.503155118593
368909.672406,-5024.086513115979,-4657.503155118593
368921.006041,-4975.272193276907,-4709.605894587025
368928.82328,-4861.6965226497705,-4808.206814500198
368938.88407,-4880.160042142712,-4840.325890951376
368949.467049,-4894.452585842741,-4832.882644243219
368952.894032,-5050.113401934648,-2193.6526882349826
368959.262424,-4894.452585842741,-4832.882644243219
368970.732852,-4894.452585842741,-4832.882644243219
368971.386913,-5050.113401934648,-2193.6526882349826
368978.78853,-4894.452585842741,-4832.882644243219
369631.394511,-4851.076869816513,-3452.408381170396
369631.395285,-4851.076869816513,-3452.408381170396
369638.215545,-4509.805196991838,-3401.031242296069
369638.216236,-4509.805196991838,-3401.031242296069
369651.294393,-4570.95170253445,-3436.0597328643184
369651.303384,-4570.95170253445,-3436.0597328643184
369661.33991,-4635.469746784315,-3461.1126667177427
369672.327586,-4758.054725752847,-3517.7308040203457
369682.357809,-4824.011756366187,-3548.872406617202
369692.35217,-4851.602761230942,-3565.937445595845
369702.52469,-4855.711172390136,-3567.6504663916157
369712.343763,-4860.452181536944,-3603.037378736941
369717.355826,-4848.0087704315565,-3627.266380322517
369722.327989,-4825.603678789216,-3681.43600071713
369732.394455,-4797.734608851558,-3750.9157356382752
369743.205152,-4793.160438724544,-3755.128462180517
369752.872343,-4793.160438724544,-3755.128462180517
369762.319789,-4793.160438724544,-3755.128462180517
369774.118523,-4793.160438724544,-3755.128462180517
369783.213314,-4793.160438724544,-3755.128462180517
369794.522162,-4793.160438724544,-3755.128462180517
369803.141149,-4793.160438724544,-3755.128462180517
369812.807233,-4793.160438724544,-3755.128462180517
369822.714842,-4793.160438724544,-3755.128462180517
369832.863077,-4793.160438724544,-3755.128462180517
369842.363954,-4793.160438724544,-3755.128462180517
369852.945368,-4793.160438724544,-3755.128462180517
369862.996069,-4793.160438724544,-3755.128462180517
369873.2032,-4793.160438724544,-3755.128462180517
369882.357631,-4793.160438724544,-3755.128462180517
369892.814511,-4793.160438724544,-3755.128462180517
369902.352862,-4793.160438724544,-3755.128462180517
369912.84163,-4793.160438724544,-3755.128462180517
369923.539011,-4793.160438724544,-3755.128462180517
369933.098645,-4793.160438724544,-3755.128462180517
369942.800098,-4770.671927543617,-3747.1917784445404
369954.500921,-4769.893345398599,-3746.698354111854
369962.360933,-4769.893345398599,-3746.698354111854
369972.351531,-4769.893345398599,-3746.698354111854
369982.319358,-4769.893345398599,-3746.698354111854
369995.501423,-4769.893345398599,-3746.698354111854
370002.319817,-4769.893345398599,-3746.698354111854
370012.775981,-4769.893345398599,-3746.698354111854
370023.576012,-4769.893345398599,-3746.698354111854
370032.376312,-4767.557598947103,-3756.9438912932455
370042.367788,-4757.582015158384,-3755.216906163577
370052.421253,-4757.651531420408,-3755.2634556323983
370062.370816,-4757.651531420408,-3755.2634556323983
370072.891794,-4757.651531420408,-3755.2634556323983
370083.406431,-4754.641477219889,-3746.293373763524
370092.367104,-4755.2462687062125,-3747.112644349882
370104.616256,-4755.197607323632,-3746.9497212172646
370112.41477,-4755.197607323632,-3746.9497212172646
370124.670507,-4755.197607323632,-3746.9497212172646
370132.421824,-4755.197607323632,-3746.9497212172646
370144.005206,-4755.197607323632,-3746.9497212172646
370152.349271,-4755.197607323632,-3746.9497212172646
370162.336981,-4755.197607323632,-3746.9497212172646
370173.300709,-4738.701398031483,-3750.790052075187
370184.861169,-4730.018816727075,-3752.8289186353304
370192.900362,-4730.018816727075,-3752.8289186353304
370202.729311,-4730.018816727075,-3752.8289186353304
370213.341745,-4730.018816727075,-3752.8289186353304
370225.914833,-4730.018816727075,-3752.8289186353304
370233.307536,-4730.018816727075,-3752.8289186353304
370242.805822,-4730.018816727075,-3752.8289186353304
370248.844619,-4713.891043622962,-3749.696139654115
370252.3414,-4700.49525966088,-3756.855447312726
370262.814494,-4673.098900228352,-3783.332782077441
370272.770908,-4610.15192359373,-3795.384437771512
370282.821185,-4607.996919416712,-3787.587402926339
370825.121911,-3536.389865943308,-2707.25212578146
370825.122531,-3536.389865943308,-2707.25212578146
370832.144331,-3482.5494535031235,-2699.464865478335
370832.145002,-3482.5494535031235,-2699.464865478335
370860.541446,-3587.6649979520503,-2853.3436671317017
370860.551835,-3565.3641801218673,-2825.888753434779
370870.564714,-3673.746988867639,-2975.0939525195604
370880.529011,-3702.881255486759,-3103.053919550991
370890.819211,-3701.289333026051,-3190.90215295163
370903.396892,-3694.2195288828634,-3277.5214674243684
370910.854738,-3658.738427266979,-3308.081213075037
370920.850561,-3650.6953954208207,-3327.78561493447
370930.819546,-3642.6384603090123,-3427.932192235054
370940.823909,-3645.8570633778927,-3436.115592240893
370953.15538,-3708.4286534234743,-3458.636234062941
370960.872601,-3828.7613077915244,-3505.106584416213
370971.174121,-3921.2387946757285,-3540.1769637662906
370981.332737,-4025.673078869306,-3575.5406028993734
370991.22864,-4076.913517375169,-3564.089431302497
371001.235374,-4136.9686181406905,-3567.813389570491
371012.441079,-4137.177166929314,-3591.8003352240185
371022.127343,-4139.061057692068,-3595.7384209165607
371031.262014,-4139.061057692068,-3595.7384209165607
371041.248902,-4139.061057692068,-3595.7384209165607
371051.282034,-4139.061057692068,-3595.7384209165607
371063.812753,-4139.061057692068,-3595.7384209165607
371070.883783,-4090.2189303761497,-3600.3561289401796
371080.933484,-3984.86007999131,-3569.52175541449
371091.513496,-3927.780275170283,-3547.126801125163
371423.29253,-2465.725825355867,-2893.507950083711
371423.293272,-2465.725825355867,-2893.507950083711
371430.189814,-2616.383735362853,-2970.9138054721648
371430.190565,-2616.383735362853,-2970.9138054721648
371442.401983,-2691.788029123725,-3030.366852060922
371442.413235,-2691.788029123725,-3030.366852060922
371452.500047,-2799.5869027230447,-3128.530467081296
371462.427941,-2864.0632393135143,-3183.8731775323645
371472.521299,-2864.0632393135143,-3183.8731775323645
371484.668522,-2864.0632393135143,-3183.8731775323645
371494.476185,-2877.4937818727667,-3203.414659981835
371502.952717,-2952.6686716813315,-3277.586636721272
371512.926112,-3049.7481367283053,-3257.3469140360085
371522.972912,-3071.6874701534334,-3239.2391579287023
371532.975473,-3071.6874701534334,-3239.2391579287023
371543.190769,-3112.4240017973602,-3232.2613875001393
371552.721786,-3222.6698472811095,-3174.9775668158763
371565.11438,-3263.2673462924386,-3166.3053936158235
371573.315261,-3329.1201044769164,-3178.88307043713
371584.379231,-3385.1919240692605,-3240.598403389451
371594.731779,-3435.313151311097,-3312.2148084148216
371603.966076,-3454.986254366524,-3326.687046838285
371612.867885,-3454.986254366524,-3326.687046838285
371622.993772,-3454.986254366524,-3326.687046838285
371632.973571,-3472.58082107728,-3352.3171987318
371642.996403,-3513.9638537168225,-3401.911027664738
371652.979051,-3523.7517438483173,-3413.8370069847592
371663.226823,-3639.2043568172335,-3458.910876026715
371673.787219,-3734.1844295620517,-3493.157332075902
371682.603457,-3832.146749887891,-3526.998805791464
371692.940056,-3961.384437460559,-3565.267133105801
371703.306509,-4030.1429746741633,-3597.19076457585
371712.961307,-4071.7206524246903,-3581.373252421167
371722.917811,-4092.353079689018,-3545.3439560471907
371732.588902,-4127.743809866161,-3564.936631812142
371743.094421,-4131.518543016398,-3612.3426188417698
371752.492712,-4116.092883962382,-3619.7067457335697
371762.929219,-4072.026523988305,-3570.117588730653
371773.949179,-4130.795573867455,-3572.2914493494054
371784.372867,-4172.908526764293,-3629.2586978010504
371792.528423,-4140.534802493208,-3733.981040126623
371804.418379,-4112.4849898484545,-3828.015609461656
371812.516211,-4099.554964679945,-3855.1167039845573
371824.981986,-4099.554964679945,-3855.1167039845573
371832.927218,-4089.53071935392,-3884.0192612721667
371842.938986,-4060.4312110867413,-3966.877285820152
371854.888601,-4043.7890173871738,-4022.5131847762655
371862.949391,-4018.8813398303996,-4074.2901302116748
372027.023635,-4788.975559673574,-3755.7429151118713
372027.024291,-4788.975559673574,-3755.7429151118713
372036.194577,-4789.218866594381,-3743.2909332594168
372043.42272,-4788.641881611652,-3741.7920404747297
372046.557793,-4788.641881611652,-3741.7920404747297
372056.89502,-4788.641881611652,-3741.7920404747297
372066.987477,-4788.641881611652,-3741.7920404747297
372077.067029,-4788.641881611652,-3741.7920404747297
372086.543381,-4788.641881611652,-3741.7920404747297
372096.535146,-4788.641881611652,-3741.7920404747297
372106.489884,-4788.641881611652,-3741.7920404747297
372116.550277,-4788.641881611652,-3741.7920404747297
372126.515471,-4788.641881611652,-3741.7920404747297
372136.114481,-4788.641881611652,-3741.7920404747297
372146.51095,-4788.641881611652,-3741.7920404747297
372156.142917,-4788.641881611652,-3741.7920404747297
372166.520435,-4788.641881611652,-3741.7920404747297
372176.833662,-4788.641881611652,-3741.7920404747297
372186.639158,-4788.641881611652,-3741.7920404747297
372197.614656,-4788.641881611652,-3741.7920404747297
372206.634658,-4788.641881611652,-3741.7920404747297
372216.663879,-4788.641881611652,-3741.7920404747297
372226.612482,-4788.641881611652,-3741.7920404747297
372236.657825,-4788.641881611652,-3741.7920404747297
372246.631342,-4788.641881611652,-3741.7920404747297
372256.776012,-4788.641881611652,-3741.7920404747297
372266.616083,-4788.641881611652,-3741.7920404747297
372276.114376,-4788.641881611652,-3741.7920404747297
372286.492838,-4788.641881611652,-3741.7920404747297
372296.853947,-4788.641881611652,-3741.7920404747297
372307.596422,-4788.641881611652,-3741.7920404747297
372316.510039,-4788.641881611652,-3741.7920404747297
372326.495586,-4788.641881611652,-3741.7920404747297
372336.494079,-4788.641881611652,-3741.7920404747297
372349.200243,-4788.641881611652,-3741.7920404747297
372357.176034,-4788.641881611652,-3741.7920404747297
372367.098863,-4788.641881611652,-3741.7920404747297
372377.040086,-4788.641881611652,-3741.7920404747297
372386.755664,-4788.641881611652,-3741.7920404747297
372396.143877,-4788.641881611652,-3741.7920404747297
372408.23356,-4788.641881611652,-3741.7920404747297
372417.617639,-4785.1104554367785,-3743.3235178833784
372426.537193,-4785.1104554367785,-3743.3235178833784
372436.510992,-4785.1104554367785,-3743.3235178833784
372448.004265,-4785.1104554367785,-3743.3235178833784
372456.662732,-4785.1104554367785,-3743.3235178833784
372466.916456,-4785.1104554367785,-3743.3235178833784
372476.995216,-4785.1104554367785,-3743.3235178833784
372487.135119,-4785.1104554367785,-3743.3235178833784
372496.998707,-4785.1104554367785,-3743.3235178833784
372506.657953,-4785.1104554367785,-3743.3235178833784
372517.037535,-4785.1104554367785,-3743.3235178833784
372527.272811,-4785.1104554367785,-3743.3235178833784
372536.512644,-4785.1104554367785,-3743.3235178833784
372546.492514,-4785.1104554367785,-3743.3235178833784
372558.778017,-4784.192840760111,-3745.050503047718
372566.580092,-4760.911844173471,-3745.362384456813
372576.733649,-4760.355714069804,-3745.2413558497974
372587.068632,-4760.355714069804,-3745.2413558497974
372596.979797,-4760.355714069804,-3745.2413558497974
372607.045533,-4760.355714069804,-3745.2413558497974
372616.967322,-4760.355714069804,-3745.2413558497974
372627.021513,-4760.355714069804,-3745.2413558497974
372637.882919,-4760.355714069804,-3745.2413558497974
372646.16708,-4760.355714069804,-3745.2413558497974
372656.206082,-4760.355714069804,-3745.2413558497974
372666.206049,-4760.355714069804,-3745.2413558497974
372676.976273,-4760.355714069804,-3745.2413558497974
372686.681709,-4760.355714069804,-3745.2413558497974
372697.065751,-4760.355714069804,-3745.2413558497974
372706.762216,-4760.355714069804,-3745.2413558497974
372717.132555,-4754.592815837456,-3745.557892214886
372727.641969,-4742.246727457591,-3745.0179184227204
372738.708781,-4742.246727457591,-3745.0179184227204
372746.604926,-4742.246727457591,-3745.0179184227204
372756.584656,-4742.246727457591,-3745.0179184227204
372766.105286,-4742.246727457591,-3745.0179184227204
372777.167588,-4742.246727457591,-3745.0179184227204
372786.923902,-4742.246727457591,-3745.0179184227204
372796.645963,-4742.246727457591,-3745.0179184227204
372807.031473,-4742.246727457591,-3745.0179184227204
372816.949646,-4742.246727457591,-3745.0179184227204
372827.027468,-4742.246727457591,-3745.0179184227204
372837.628505,-4742.246727457591,-3745.0179184227204
372847.044629,-4742.246727457591,-3745.0179184227204
372857.505689,-4742.246727457591,-3745.0179184227204
372866.610053,-4742.246727457591,-3745.0179184227204
372876.594025,-4742.246727457591,-3745.0179184227204
372886.170712,-4742.246727457591,-3745.0179184227204
372896.587621,-4742.246727457591,-3745.0179184227204
372906.717004,-4742.246727457591,-3745.0179184227204
372916.5929,-4742.246727457591,-3745.0179184227204
372927.046172,-4742.246727457591,-3745.0179184227204
372936.617179,-4742.246727457591,-3745.0179184227204
372946.614291,-4742.246727457591,-3745.0179184227204
372949.00719,-4742.246727457591,-3745.0179184227204
372956.14476,-4742.246727457591,-3745.0179184227204
372966.106054,-4740.397594854857,-3745.4135888719575
372976.511918,-4694.732361420323,-3777.947009247733
372986.149505,-4643.6448593770265,-3804.1124617517107
372996.591338,-4610.527311416068,-3787.2475918480973
373006.564274,-4601.0035832993335,-3699.00377039654
373016.621318,-4602.44256995882,-3610.9647543821093
373027.028308,-4599.105789307815,-3517.3258235256735
373036.988088,-4598.799917747658,-3458.7153681809714
373046.838318,-4653.689959454235,-3461.187145900649
373055.864417,-4742.246727457591,-3745.0179184227204
373056.562441,-4623.707594987404,-3452.4684271155893
373066.838998,-4621.955785144913,-3450.750751050277
373077.283853,-4621.955785144913,-3450.750751050277
373086.119659,-4621.955785144913,-3450.750751050277
373094.348937,-4742.246727457591,-3745.0179184227204
373096.154906,-4621.955785144913,-3450.750751050277
373106.504246,-4621.955785144913,-3450.750751050277
373116.485429,-4621.955785144913,-3450.750751050277
373126.486546,-4621.955785144913,-3450.750751050277
373136.942621,-4621.955785144913,-3450.750751050277
373146.83898,-4621.955785144913,-3450.750751050277
373156.901498,-4621.955785144913,-3450.750751050277
373166.825104,-4621.955785144913,-3450.750751050277
373176.512488,-4636.602861882775,-3454.577118846759
373187.699063,-4641.670597493192,-3456.5321972801203
373196.575945,-4668.7402305063015,-3429.161098729788
373206.146501,-4674.162499055422,-3421.4618133042404
373216.661649,-4645.834621679042,-3389.7429907802743
373226.297058,-4613.898850201389,-3301.215162199024
373236.476044,-4607.906548275077,-3274.225762847018
373248.060876,-4607.906548275077,-3274.225762847018
373259.162261,-4607.906548275077,-3274.225762847018
373267.258407,-4607.906548275077,-3274.225762847018
373279.429022,-4607.378224672665,-3272.4010224592107
373287.371837,-4592.18196945131,-3202.06472433864
373296.132609,-4588.970318068149,-3080.733428052018
373306.495493,-4653.870701737319,-2881.399068544958
373316.21393,-4723.7136916421105,-2762.967747213243
373326.55664,-4752.2848758881055,-2712.033241643851
373336.196313,-4736.233570677994,-2682.5766914988817
373346.540427,-4670.366911070268,-2659.278644786779
373356.124533,-4688.851285526249,-2596.0410851327483
373366.550015,-4624.027369803197,-2526.1469329290376
373379.335544,-4482.235046780797,-2489.4286432948215
373386.122018,-4366.1567893589445,-2440.7052199512996
373396.126361,-4184.858372593776,-2378.040198196715
373406.294715,-4097.170556810846,-2375.3263585270984
373416.528389,-4088.265523348335,-2481.9295095964403
373426.538913,-4086.7014073947275,-2609.261157020421
373436.198464,-3953.348357275615,-2725.341755233991
373446.54971,-3856.213280727395,-2801.1756061370775
373456.148561,-3722.345809650481,-2851.5934047774945
373466.832043,-3614.6025506443407,-2792.680316068369
373478.45124,-3532.962648972254,-2744.4363762153885
373487.082245,-3523.2442751143626,-2775.135796097388
373497.017446,-3523.2442751143626,-2775.135796097388
373507.038846,-3523.2442751143626,-2775.135796097388
373516.11775,-3523.2442751143626,-2775.135796097388
373526.165377,-3523.2442751143626,-2775.135796097388
373536.589188,-3523.2442751143626,-2775.135796097388
373546.55329,-3523.2442751143626,-2775.135796097388
373556.091468,-3523.2442751143626,-2775.135796097388
373566.569818,-3526.6783786049473,-2789.626666567911
373576.099946,-3598.613809688664,-2856.113364187418
373586.573231,-3659.287605767957,-2951.5119644462748
373597.831775,-3698.870167002664,-3052.3382239675407
373606.583019,-3633.9350239359346,-3080.7706676598286
373616.985728,-3582.85447240747,-3049.940923888337
373627.303873,-3520.4705761326973,-3028.947091777304
373636.146662,-3421.110978326103,-2995.431438181456
373646.542566,-3390.023304510106,-2983.5752752988583
373656.506394,-3390.023304510106,-2983.5752752988583
373666.507143,-3390.023304510106,-2983.5752752988583
373676.600438,-3390.023304510106,-2983.5752752988583
373686.124332,-3329.3425565248117,-2969.6057638993243
373697.953161,-3169.4203879147535,-2911.325759690899
373706.134287,-3079.9946638943516,-2870.4319995514325
373716.594568,-3079.0561943153884,-2870.3295905818036
373726.679969,-3079.0561943153884,-2870.3295905818036
373737.527751,-3079.0561943153884,-2870.3295905818036
373746.545667,-3037.568886983935,-2855.517530202297
373756.140588,-2909.6450548073744,-2812.8735040110305
373766.576704,-2802.1172948062313,-2774.11170629924
373776.12564,-2729.46584528386,-2696.1132984634423
373786.576259,-2688.499909742233,-2655.228834393333
373797.149614,-2688.499909742233,-2655.228834393333
373806.116614,-2688.499909742233,-2655.228834393333
373817.132219,-2688.499909742233,-2655.228834393333
373826.124175,-2688.499909742233,-2655.228834393333
373838.033509,-2688.499909742233,-2655.228834393333
373847.618721,-2688.499909742233,-2655.228834393333
373856.700985,-2688.499909742233,-2655.228834393333
373866.613424,-2628.2988233685196,-2623.509973618175
373876.596951,-2518.2823806293995,-2666.8569106322348
373886.149122,-2438.8948046541423,-2718.6525863150855
373896.594047,-2353.507974811799,-2811.7190755846605
373909.242351,-2196.018873395376,-2894.0093356829975
373918.170015,-2161.3372080785243,-2894.8611920362014
373926.102009,-2160.760223061345,-2894.7960227005497
373937.449154,-2043.6322656658992,-2852.19389371765
373946.119892,-1902.4377766394027,-2792.29860988122
373958.20795,-1828.152694106334,-2811.248925294866
373966.52288,-1767.6387839557847,-2971.6865275315786
373976.472634,-1717.740007701515,-3112.349857077684
373986.542328,-1663.9830786291286,-3254.484119729916
373996.123615,-1591.3177249605847,-3338.850429982456
374006.095663,-1477.7489998260598,-3286.7987825953364
374016.513233,-1341.6152943571703,-3227.662296607558
374028.362518,-1196.2915382712963,-3194.4538802336538
374037.066171,-1103.6194027161994,-3295.4290596085575
374046.188041,-999.6717285994198,-3407.3759378042337
374057.073703,-946.6725265793659,-3465.6745163254614
374066.125045,-946.6725265793659,-3465.6745163254614
374076.12508,-946.7142363405017,-3505.1764086369353
374086.56938,-945.0736524359326,-3573.1293399552987
374096.566054,-876.1204671004893,-3467.7180387466065
374106.259341,-791.3662342246465,-3317.521451032694
374122.05831,-722.6772106684913,-3217.3795112933462
374126.126726,-721.669224794659,-3218.2360221625945
374136.564269,-721.669224794659,-3218.2360221625945
374146.964151,-678.1867996868928,-3158.373357475944
374156.126761,-596.9014284802953,-3054.87982752642
374167.251331,-489.53355381059237,-2957.7123609203018
374176.140768,-294.60994054374805,-2881.71560533997
374186.124609,-127.44417272676154,-2877.9031989491973
374196.468264,22.50241570877909,-2883.1493308168315
374206.193921,225.7610294813132,-2882.38591855125
374216.205713,292.308952098432,-2883.451902747039
374226.472936,292.2324842086087,-2883.447247796312
374237.175678,292.2324842086087,-2883.447247796312
374247.220556,292.2324842086087,-2883.447247796312
374257.20079,292.2324842086087,-2883.447247796312
374267.237881,292.2324842086087,-2883.447247796312
374276.106981,292.2324842086087,-2883.447247796312
374286.124242,292.2324842086087,-2883.447247796312
374296.088586,292.2324842086087,-2883.447247796312
374306.124676,292.2324842086087,-2883.447247796312
374316.112371,336.3753138960893,-2886.2728041546616
374326.552936,456.8678598549687,-2875.8643295924153
374336.095413,518.2924335495504,-2867.955564583402
374346.554309,510.1451270317655,-2854.0232902754537
374356.950964,570.4643920722469,-2743.8079574385483
374536.528832,593.7801480873277,-2505.860636764283
374546.110827,590.1305440646446,-2528.6094043578837
374556.089125,591.9101605028394,-2520.7239098071236
374566.600349,591.3887884972204,-2521.212680136262
374576.941553,591.3887884972204,-2521.212680136262
374587.085911,591.3887884972204,-2521.212680136262
374597.197544,591.3887884972204,-2521.212680136262
374608.324182,591.3887884972204,-2521.212680136262
374617.522042,591.3887884972204,-2521.212680136262
374626.62092,591.3887884972204,-2521.212680136262
374636.572673,591.3887884972204,-2521.212680136262
374646.561749,591.3887884972204,-2521.212680136262
374656.611045,591.3887884972204,-2521.212680136262
374666.081573,591.3887884972204,-2521.212680136262
374676.540454,591.3887884972204,-2521.212680136262
374686.935311,591.3887884972204,-2521.212680136262
374698.985242,591.3887884972204,-2521.212680136262
374707.006977,591.3887884972204,-2521.212680136262
374716.123672,591.3887884972204,-2521.212680136262
374728.809708,591.3887884972204,-2521.212680136262
374736.136791,591.3887884972204,-2521.212680136262
374746.56841,591.3887884972204,-2521.212680136262
374758.744437,591.3887884972204,-2521.212680136262
374766.536252,591.3887884972204,-2521.212680136262
374776.596191,591.3887884972204,-2521.212680136262
374786.970718,591.3887884972204,-2521.212680136262
374796.615101,591.3887884972204,-2521.212680136262
374806.917893,591.3887884972204,-2521.212680136262
374816.859486,591.3887884972204,-2521.212680136262
374826.920264,591.3887884972204,-2521.212680136262
374836.577781,591.3887884972204,-2521.212680136262
374846.109995,591.3887884972204,-2521.212680136262
374856.511185,591.3887884972204,-2521.212680136262
374866.497679,591.3887884972204,-2521.212680136262
374878.459154,591.3887884972204,-2521.212680136262
374886.534989,591.3887884972204,-2521.212680136262
374896.91534,591.3887884972204,-2521.212680136262
374907.095302,591.3887884972204,-2521.212680136262
374916.837385,591.3887884972204,-2521.212680136262
374926.957588,591.3887884972204,-2521.212680136262
374936.861765,591.3887884972204,-2521.212680136262
374947.380202,591.3887884972204,-2521.212680136262
374956.512522,591.3887884972204,-2521.212680136262
374966.539219,591.3887884972204,-2521.212680136262
374976.504129,591.3887884972204,-2521.212680136262
374986.493893,591.3887884972204,-2521.212680136262
374996.59792,591.3887884972204,-2521.212680136262
375006.92434,591.3887884972204,-2521.212680136262
375016.855732,591.3887884972204,-2521.212680136262
375029.383323,591.3887884972204,-2521.212680136262
375037.101172,591.3887884972204,-2521.212680136262
375046.963446,591.3887884972204,-2521.212680136262
375057.421926,591.3887884972204,-2521.212680136262
375066.53834,591.3887884972204,-2521.212680136262
375076.541846,591.3887884972204,-2521.212680136262
375086.537238,591.3887884972204,-2521.212680136262
375096.501867,591.3887884972204,-2521.212680136262
375106.628418,591.3887884972204,-2521.212680136262
375116.901744,591.3887884972204,-2521.212680136262
375126.503348,591.3887884972204,-2521.212680136262
375136.866138,591.3887884972204,-2521.212680136262
375146.917775,591.3887884972204,-2521.212680136262
375156.888047,591.3887884972204,-2521.212680136262
375167.443584,591.3887884972204,-2521.212680136262
375176.49651,591.3887884972204,-2521.212680136262
375186.547754,591.3887884972204,-2521.212680136262
375196.504222,591.3887884972204,-2521.212680136262
375206.519199,591.3887884972204,-2521.212680136262
375216.601804,591.3887884972204,-2521.212680136262
375226.937954,591.3887884972204,-2521.212680136262
375236.879093,591.3887884972204,-2521.212680136262
375246.923003,591.3887884972204,-2521.212680136262
375256.880235,591.3887884972204,-2521.212680136262
375267.320646,591.3887884972204,-2521.212680136262
375277.44541,591.3887884972204,-2521.212680136262
375286.545942,591.3887884972204,-2521.212680136262
375296.524322,591.3887884972204,-2521.212680136262
375306.527527,591.3887884972204,-2521.212680136262
375316.500461,591.3887884972204,-2521.212680136262
375326.537749,591.3887884972204,-2521.212680136262
375336.841996,591.3887884972204,-2521.212680136262
375346.968513,591.3887884972204,-2521.212680136262
375356.879285,591.3887884972204,-2521.212680136262
375366.936712,591.3887884972204,-2521.212680136262
375376.881804,591.3887884972204,-2521.212680136262
375387.384251,591.3887884972204,-2521.212680136262
375396.495071,591.3887884972204,-2521.212680136262
375406.524618,591.3887884972204,-2521.212680136262
375416.495943,591.3887884972204,-2521.212680136262
375426.519029,591.3887884972204,-2521.212680136262
375436.56046,591.3887884972204,-2521.212680136262
375446.936557,591.3887884972204,-2521.212680136262
375456.884631,591.3887884972204,-2521.212680136262
375466.960483,591.3887884972204,-2521.212680136262
375476.841838,591.3887884972204,-2521.212680136262
375486.96218,591.3887884972204,-2521.212680136262
375497.461828,591.3887884972204,-2521.212680136262
375506.51793,591.3887884972204,-2521.212680136262
375516.479237,591.3887884972204,-2521.212680136262
375526.505958,591.3887884972204,-2521.212680136262
375536.523213,591.3887884972204,-2521.212680136262
375546.544614,591.3887884972204,-2521.212680136262
375556.859778,591.3887884972204,-2521.212680136262
375566.945799,591.3887884972204,-2521.212680136262
375576.557988,591.3887884972204,-2521.212680136262
375586.965329,591.3887884972204,-2521.212680136262
375596.875786,591.3887884972204,-2521.212680136262
375607.44074,591.3887884972204,-2521.212680136262
375616.547169,591.3887884972204,-2521.212680136262
375626.535502,591.3887884972204,-2521.212680136262
375636.520736,591.3887884972204,-2521.212680136262
375646.460659,591.3887884972204,-2521.212680136262
375656.618099,591.3887884972204,-2521.212680136262
375666.916645,591.3887884972204,-2521.212680136262
375676.884479,591.3887884972204,-2521.212680136262
375686.917751,591.3887884972204,-2521.212680136262
375696.839733,591.3887884972204,-2521.212680136262
375706.941922,591.3887884972204,-2521.212680136262
375717.342944,591.3887884972204,-2521.212680136262
375726.479406,591.3887884972204,-2521.212680136262
375736.517642,591.3887884972204,-2521.212680136262
375746.455887,591.3887884972204,-2521.212680136262
375756.515615,591.3887884972204,-2521.212680136262
375766.559221,591.3887884972204,-2521.212680136262
375776.844212,591.3887884972204,-2521.212680136262
375786.956738,591.3887884972204,-2521.212680136262
375796.859234,591.3887884972204,-2521.212680136262
375806.942166,591.3887884972204,-2521.212680136262
375816.849766,591.3887884972204,-2521.212680136262
375827.410055,591.3887884972204,-2521.212680136262
375836.49799,591.3887884972204,-2521.212680136262
375846.456444,591.3887884972204,-2521.212680136262
375856.497924,591.3887884972204,-2521.212680136262
375866.516633,591.3887884972204,-2521.212680136262
375876.542122,591.3887884972204,-2521.212680136262
375886.921913,591.3887884972204,-2521.212680136262
375896.837947,591.3887884972204,-2521.212680136262
375906.985591,591.3887884972204,-2521.212680136262
375917.663904,591.3887884972204,-2521.212680136262
375926.899568,591.3887884972204,-2521.212680136262
375937.551599,591.3887884972204,-2521.212680136262
375946.596786,591.3887884972204,-2521.212680136262
375956.553104,591.3887884972204,-2521.212680136262
375966.5775,591.3887884972204,-2521.212680136262
375976.558356,591.3887884972204,-2521.212680136262
375986.752634,591.3887884972204,-2521.212680136262
375996.975614,591.3887884972204,-2521.212680136262
376007.074477,591.3887884972204,-2521.212680136262
376016.953089,591.3887884972204,-2521.212680136262
376027.031674,591.3887884972204,-2521.212680136262
376036.97301,591.3887884972204,-2521.212680136262
376047.535423,591.3887884972204,-2521.212680136262
376056.576888,591.3887884972204,-2521.212680136262
376066.57694,591.3887884972204,-2521.212680136262
376076.551359,591.3887884972204,-2521.212680136262
376086.568771,591.3887884972204,-2521.212680136262
376096.739218,591.3887884972204,-2521.212680136262
376107.096147,591.3887884972204,-2521.212680136262
376116.953153,591.3887884972204,-2521.212680136262
376127.03429,591.3887884972204,-2521.212680136262
376136.952719,591.3887884972204,-2521.212680136262
376147.036658,591.3887884972204,-2521.212680136262
376157.570349,591.3887884972204,-2521.212680136262
376166.552774,591.3887884972204,-2521.212680136262
376176.557082,591.3887884972204,-2521.212680136262
376186.571864,591.3887884972204,-2521.212680136262
376196.593224,591.3887884972204,-2521.212680136262
376206.818275,591.3887884972204,-2521.212680136262
376217.11818,591.3887884972204,-2521.212680136262
376227.058164,591.3887884972204,-2521.212680136262
376236.980387,591.3887884972204,-2521.212680136262
376247.077835,591.3887884972204,-2521.212680136262
376257.024817,591.3887884972204,-2521.212680136262
376267.51686,591.3887884972204,-2521.212680136262
376276.577146,591.3887884972204,-2521.212680136262
376286.565045,591.3887884972204,-2521.212680136262
376296.550146,591.3887884972204,-2521.212680136262
376306.574551,591.3887884972204,-2521.212680136262
376316.696489,591.3887884972204,-2521.212680136262
376327.052916,591.3887884972204,-2521.212680136262
376336.103833,591.3887884972204,-2521.212680136262
376346.716249,591.3887884972204,-2521.212680136262
376357.603894,591.3887884972204,-2521.212680136262
376367.077158,591.3887884972204,-2521.212680136262
376377.621161,591.3887884972204,-2521.212680136262
376386.578448,591.3887884972204,-2521.212680136262
376396.551429,591.3887884972204,-2521.212680136262
376406.567925,591.3887884972204,-2521.212680136262
376416.557015,591.3887884972204,-2521.212680136262
376426.72529,591.3887884972204,-2521.212680136262
376437.016965,591.3887884972204,-2521.212680136262
376447.07465,591.3887884972204,-2521.212680136262
376456.980923,591.3887884972204,-2521.212680136262
376467.220616,591.3887884972204,-2521.212680136262
376476.954199,591.3887884972204,-2521.212680136262
376487.519785,591.3887884972204,-2521.212680136262
376496.698431,591.3887884972204,-2521.212680136262
376506.57314,591.3887884972204,-2521.212680136262
376516.5773,591.3887884972204,-2521.212680136262
376526.572802,591.3887884972204,-2521.212680136262
376536.744018,591.3887884972204,-2521.212680136262
376547.052899,591.3887884972204,-2521.212680136262
376556.981178,591.3887884972204,-2521.212680136262
376566.776182,591.3887884972204,-2521.212680136262
376576.993877,591.3887884972204,-2521.212680136262
376587.052658,591.3887884972204,-2521.212680136262
376597.625115,591.3887884972204,-2521.212680136262
376606.590208,591.3887884972204,-2521.212680136262
376616.598568,591.3887884972204,-2521.212680136262
376626.622084,591.3887884972204,-2521.212680136262
376636.58351,591.3887884972204,-2521.212680136262
376646.772911,591.3887884972204,-2521.212680136262
376656.99726,591.3887884972204,-2521.212680136262
376667.1984,591.3887884972204,-2521.212680136262
376676.884452,591.3887884972204,-2521.212680136262
376687.21103,591.3887884972204,-2521.212680136262
376697.022094,591.3887884972204,-2521.212680136262
376707.596973,591.3887884972204,-2521.212680136262
376716.621051,591.3887884972204,-2521.212680136262
376726.579785,591.3887884972204,-2521.212680136262
376736.597995,591.3887884972204,-2521.212680136262
376746.61943,591.3887884972204,-2521.212680136262
376756.77742,591.3887884972204,-2521.212680136262
376767.319694,591.3887884972204,-2521.212680136262
376776.981477,591.3887884972204,-2521.212680136262
376787.076942,591.3887884972204,-2521.212680136262
376796.986856,591.3887884972204,-2521.212680136262
376806.60116,591.3887884972204,-2521.212680136262
376816.638424,591.3887884972204,-2521.212680136262
376826.595779,591.3887884972204,-2521.212680136262
376836.598167,591.3887884972204,-2521.212680136262
376846.5729,591.3887884972204,-2521.212680136262
376856.623752,591.3887884972204,-2521.212680136262
376866.623783,591.3887884972204,-2521.212680136262
431219.720657,463.24250155892224,-2544.6969301180848
431219.721252,463.24250155892224,-2544.6969301180848
431226.599748,422.19314577164374,-2692.9293097852346
431226.600412,422.19314577164374,-2692.9293097852346
431232.894599,411.202623920769,-2736.839491484833
431232.898481,411.202623920769,-2736.839491484833
431243.137445,370.528655979312,-2781.0708619505126
431253.263655,355.62436828751254,-2799.1972509285633
431262.882104,343.9873451543865,-2854.2327631617127
431272.885176,329.81297826537974,-2858.980815253027
431286.671889,329.81297826537974,-2858.980815253027
431293.259214,329.81297826537974,-2858.980815253027
431303.344534,329.81297826537974,-2858.980815253027
431313.472182,329.81297826537974,-2858.980815253027
431323.340519,329.81297826537974,-2858.980815253027
431335.410842,329.81297826537974,-2858.980815253027
431343.673845,329.81297826537974,-2858.980815253027
431352.95248,329.81297826537974,-2858.980815253027
431365.61511,329.81297826537974,-2858.980815253027
431373.298659,293.5880514124383,-2874.076827680859
431383.313243,198.3438136834307,-2880.5518671249188
431394.197725,20.076297979589782,-2869.6220377367717
431403.243965,-142.43883156894603,-2850.8579221944533
431418.191117,-397.1116765556238,-2905.0741582826417
431418.191853,-397.1116765556238,-2905.0741582826417
431425.152118,-477.1944163820665,-2941.755184275556
431435.108011,-628.3853458892289,-3044.8949563213428
431444.805198,-686.3132513199982,-3111.46541635902
431455.408383,-689.7056451510217,-3128.446677961538
431465.4486,-689.7056451510217,-3128.446677961538
431476.223309,-714.0085321504089,-3174.000027172234
431500.148612,-780.7024388505413,-3269.9059692633914
431500.156628,-869.12017900566,-3409.303086688162
431504.721086,-935.626391738772,-3466.549646656699
431514.693303,-1004.5100607895445,-3397.9496660246778
431525.156202,-1109.305833363962,-3286.254153454716
431536.056615,-1181.0952823081489,-3211.1511876499917
431545.393415,-1208.394320353256,-3181.401398746021
431556.425156,-1208.867030972319,-3180.628676941299
431566.096687,-1208.867030972319,-3180.628676941299
431575.186399,-1208.867030972319,-3180.628676941299
431585.061767,-1208.867030972319,-3180.628676941299
431595.089491,-1218.807857155306,-3169.670923009778
431605.097519,-1280.2671887856422,-3103.1051240173583
431615.062947,-1393.933236841122,-2980.880058026482
431625.089552,-1478.1104844180295,-2890.690354361172
431635.178698,-1564.1090581247097,-2797.172346175946
431647.88376,-1664.0664981508667,-2689.526538237347
431656.480377,-1748.7859724253215,-2598.8806076405785
431665.119321,-1830.6483280807915,-2511.535027608104
431675.163232,-1936.5772151657275,-2398.331153395113
431686.63121,-1960.942666607793,-2371.634977978051
431696.346562,-1960.942666607793,-2371.634977978051
431705.16282,-1960.942666607793,-2371.634977978051
431715.163413,-1960.942666607793,-2371.634977978051
431726.750995,-1960.942666607793,-2371.634977978051
431735.197067,-1975.5619374685652,-2355.86863983841
431745.181786,-2031.0428698009573,-2295.5497081323515
431755.627505,-2103.284173954886,-2220.0556088047156
431765.549574,-2190.5479432252378,-2127.5848675753705
431780.159208,-2262.74058587231,-2053.0822545467718
431784.726624,-2332.7851758322736,-1978.1327566680932
431796.065556,-2377.845619632963,-1927.5286903561714
431806.182823,-2377.845619632963,-1927.5286903561714
431814.707164,-2409.3642947534304,-1886.2717800189218
431825.0951,-2453.673962848575,-1827.0932690752006
431834.721467,-2514.097501414696,-1773.2027882954444
431845.182528,-2549.2588288263696,-1725.009975620416
431855.651427,-2605.5878592468002,-1677.194211199047
431866.403529,-2659.212706873018,-1617.8294822962537
431876.750142,-2704.7250062307744,-1566.671446750056
431885.071209,-2737.9885394913877,-1543.8947149601952
431895.49805,-2786.6707805212654,-1489.5433688220626
431905.513586,-2807.553466798548,-1470.43474525485
431915.978475,-2807.553466798548,-1470.43474525485
431925.11241,-2807.553466798548,-1470.43474525485
431935.248106,-2821.8390594386965,-1460.7058721379378
431953.465691,-2986.8359162864485,-1379.1416008090805
431953.466387,-2986.8359162864485,-1379.1416008090805
431954.538345,-2986.8359162864485,-1379.1416008090805
431975.987403,-3023.5683110774185,-1362.555964400196
431976.133261,-3083.324493017724,-1334.9334075999766
431984.561914,-3107.4674920628154,-1323.6218445632808
432002.73201,-3107.4674920628154,-1323.6218445632808
432004.552721,-3107.4674920628154,-1323.6218445632808
432014.553292,-3107.4674920628154,-1323.6218445632808
432024.554262,-3107.4674920628154,-1323.6218445632808
432034.553329,-3107.4674920628154,-1323.6218445632808
432046.925145,-3109.678109309427,-1323.6311544882096
432054.82955,-3167.7798040472767,-1314.4888046298065
432064.523963,-3172.013344624117,-1437.7848326739465
432075.247566,-3218.2138546593656,-1497.912992312511
432084.478118,-3249.7047229073632,-1565.5635656877052
432094.46638,-3345.637169122087,-1673.7122998593147
432104.61406,-3447.7774176651137,-1638.427689260438
432121.26643,-3551.245426688484,-1602.4355224486414
432124.573908,-3612.1555781133743,-1622.875461193758
432134.544174,-3628.7838687015055,-1635.6766067392784
432162.0846,-3688.4357756422714,-1682.0586461134753
432162.085318,-3688.4357756422714,-1682.0586461134753
432164.972689,-3697.0001794797686,-1688.5988671729458
432174.356424,-3747.559358914595,-1711.9667738839257
432193.328981,-3802.046207259295,-1742.9408863570777
432193.632272,-3817.5622375433495,-1771.303564228352
432203.664937,-3817.5622375433495,-1771.303564228352
432216.68185,-3817.5622375433495,-1771.303564228352
432224.420691,-3827.412692260339,-1786.72544975192
432234.445332,-3869.1780640853626,-1784.8820852444628
432250.392745,-3954.6830695559247,-1710.9659571811872
432252.841504,-4014.4809602875407,-1629.4529225554847
432252.842195,-4014.4809602875407,-1629.4529225554847
432256.362164,-4020.4176492743063,-1610.8051444509094
432267.366844,-4040.1741716359447,-1546.222196273426
432276.575338,-4080.938509077525,-1510.7746548901341
432286.1549,-4121.744556253152,-1501.8650558726042
432296.630706,-4148.223301325427,-1492.485305454371
432299.28906,-4168.987809467783,-1483.6734604012136
432305.652596,-4181.806608587476,-1490.9631325445284
432315.675655,-4193.686938143616,-1523.0078972376168
432325.396006,-4193.7008413995545,-1522.9520376818346
432325.654689,-4193.7008413995545,-1522.9520376818346
432329.753638,-4193.7008413995545,-1522.9520376818346
432335.676821,-4193.7008413995545,-1522.9520376818346
432346.068169,-4193.7008413995545,-1522.9520376818346
432356.256062,-4193.7008413995545,-1522.9520376818346
432366.559385,-4193.7008413995545,-1522.9520376818346
432375.802647,-4193.7008413995545,-1522.9520376818346
432385.676551,-4193.7008413995545,-1522.9520376818346
432396.729841,-4193.7008413995545,-1522.9520376818346
432406.517261,-4193.7008413995545,-1522.9520376818346
432417.172842,-4193.7008413995545,-1522.9520376818346
432425.685128,-4193.7008413995545,-1522.9520376818346
432436.132719,-4193.7008413995545,-1522.9520376818346
432445.676019,-4193.7008413995545,-1522.9520376818346
432456.134769,-4193.7008413995545,-1522.9520376818346
432466.339707,-4193.7008413995545,-1522.9520376818346
432476.138733,-4193.7008413995545,-1522.9520376818346
432487.005172,-4193.7008413995545,-1522.9520376818346
432496.797323,-4193.7008413995545,-1522.9520376818346
432507.990111,-4193.7008413995545,-1522.9520376818346
432516.596682,-4193.7008413995545,-1522.9520376818346
432527.52298,-4193.7008413995545,-1522.9520376818346
432535.686957,-4193.7008413995545,-1522.9520376818346
432545.679188,-4193.7008413995545,-1522.9520376818346
432555.695952,-4193.7008413995545,-1522.9520376818346
432566.576761,-4193.7008413995545,-1522.9520376818346
432575.648232,-4193.7008413995545,-1522.9520376818346
432586.135024,-4193.7008413995545,-1522.9520376818346
432596.534115,-4176.669356663484,-1519.9123469754916
432606.184093,-4176.669356663484,-1519.9123469754916
432616.11406,-4176.669356663484,-1519.9123469754916
432625.695476,-4176.669356663484,-1519.9123469754916
432638.539341,-4176.669356663484,-1519.9123469754916
432646.228434,-4176.669356663484,-1519.9123469754916
432656.10802,-4176.669356663484,-1519.9123469754916
432665.686512,-4176.669356663484,-1519.9123469754916
432676.13461,-4176.669356663484,-1519.9123469754916
432686.253009,-4176.669356663484,-1519.9123469754916
432706.83901,-4176.23140419846,-1520.4988722902585
432706.850944,-4166.978789428021,-1513.8841700908242
433513.057947,-4071.477217504822,-1442.6015141866553
433513.058562,-4071.477217504822,-1442.6015141866553
433520.702256,-4152.338664172871,-1491.10278143704
433520.702951,-4152.338664172871,-1491.10278143704
433533.725098,-4157.81654579819,-1495.2782832579703
433533.72868,-4157.81654579819,-1495.2782832579703
433542.597139,-4157.81654579819,-1495.2782832579703
433543.470909,-4156.593059545561,-1495.7205047415973
433553.438047,-4153.77069921416,-1488.3610082123205
433563.416506,-4153.77069921416,-1488.3610082123205
433575.378264,-4153.77069921416,-1488.3610082123205
433584.177444,-4153.77069921416,-1488.3610082123205
433593.282595,-4153.77069921416,-1488.3610082123205
433603.278264,-4153.77069921416,-1488.3610082123205
433613.287364,-4153.77069921416,-1488.3610082123205
433623.289825,-4153.77069921416,-1488.3610082123205
433633.330311,-4153.77069921416,-1488.3610082123205
433643.073174,-4153.77069921416,-1488.3610082123205
433655.327935,-4153.77069921416,-1488.3610082123205
433663.799774,-4153.77069921416,-1488.3610082123205
433673.623283,-4153.77069921416,-1488.3610082123205
433683.778258,-4153.77069921416,-1488.3610082123205
433693.294483,-4153.77069921416,-1488.3610082123205
433703.534013,-4153.77069921416,-1488.3610082123205
433713.255459,-4153.77069921416,-1488.3610082123205
433723.271339,-4153.77069921416,-1488.3610082123205
433733.254399,-4153.77069921416,-1488.3610082123205
433743.338337,-4153.77069921416,-1488.3610082123205
433753.702276,-4153.77069921416,-1488.3610082123205
433763.781319,-4153.77069921416,-1488.3610082123205
433775.080973,-4153.77069921416,-1488.3610082123205
433783.769283,-4153.77069921416,-1488.3610082123205
433793.282565,-4153.77069921416,-1488.3610082123205
433807.205898,-4153.77069921416,-1488.3610082123205
433813.263679,-4153.77069921416,-1488.3610082123205
433817.33749,-4153.77069921416,-1488.3610082123205
433822.937155,-4153.77069921416,-1488.3610082123205
433833.311856,-4172.651316592616,-1488.873054143417
434609.189452,-5688.764973526122,-3167.4990652537854
434609.191028,-5688.764973526122,-3167.4990652537854
434616.287803,-5577.0119126772925,-3143.151668115402
434616.288459,-5577.0119126772925,-3143.151668115402
434626.064671,-5568.975832798252,-3144.81348559966
434626.076436,-5568.975832798252,-3144.81348559966
434637.322336,-5568.975832798252,-3144.81348559966
434646.91723,-5568.975832798252,-3144.81348559966
434656.567678,-5494.294512552998,-3161.357180935251
434666.653154,-5401.629335118451,-3169.8803957917044
434676.184028,-5367.767963771777,-3167.8787669752546
434686.163764,-5367.767963771777,-3167.8787669752546
434697.313513,-5367.767963771777,-3167.8787669752546
434706.590245,-5367.767963771777,-3167.8787669752546
434716.63834,-5367.767963771777,-3167.8787669752546
434726.613156,-5354.518164181381,-3168.3163323466665
434736.337449,-5278.488228011194,-3181.0988269563627
434746.177248,-5165.420026971684,-3194.8588609348544
434756.550507,-5097.4539769138555,-3180.819529912594
434766.101934,-5028.549457188907,-3147.1735457055697
434778.899543,-4955.710316863467,-3138.1196661465738
434788.085262,-4929.148152753721,-3200.561175328377
434796.560744,-4869.670038037314,-3225.558259071002
434806.471864,-4759.118324577666,-3230.7485286535493
434816.917818,-4705.743737546689,-3237.9124971053793
434826.65067,-4669.956765113309,-3240.8218410055165
434836.569016,-4624.938032851479,-3243.6427408265645
434849.532478,-4572.425447330129,-3245.7560882100975
434857.91462,-4518.710230374477,-3253.7067430540906
434866.122701,-4471.022073426934,-3251.4723669942878
434877.206295,-4436.854829752361,-3256.443853726341
434882.559833,-4400.991389216014,-3261.5130943554836
434886.071705,-4387.7972023234015,-3264.115211439452
434896.071994,-4363.786284758888,-3264.478297539135
434906.102806,-4355.22188103507,-3265.148610345874
434916.103867,-4355.22188103507,-3265.148610345874
434926.645414,-4355.22188103507,-3265.148610345874
434936.07263,-4355.22188103507,-3265.148610345874
434946.095263,-4355.22188103507,-3265.148610345874
434956.094949,-4355.22188103507,-3265.148610345874
434966.584773,-4355.22188103507,-3265.148610345874
434977.056654,-4355.22188103507,-3265.148610345874
434986.100501,-4355.22188103507,-3265.148610345874
434997.680554,-4355.22188103507,-3265.148610345874
435006.947307,-4355.22188103507,-3265.148610345874
435016.099264,-4355.22188103507,-3265.148610345874
435026.567187,-4355.22188103507,-3265.148610345874
435036.581832,-4355.22188103507,-3265.148610345874
435046.684597,-4355.22188103507,-3265.148610345874
435056.628822,-4327.505746581919,-3269.4451292208178
435066.472856,-4327.505746581919,-3269.4451292208178
435077.010213,-4327.505746581919,-3269.4451292208178
435086.867266,-4327.505746581919,-3269.4451292208178
435096.543945,-4327.505746581919,-3269.4451292208178
435106.136446,-4327.505746581919,-3269.4451292208178
435119.00726,-4327.505746581919,-3269.4451292208178
435126.61015,-4327.505746581919,-3269.4451292208178
435136.100898,-4327.505746581919,-3269.4451292208178
435146.507203,-4327.505746581919,-3269.4451292208178
435156.539329,-4327.505746581919,-3269.4451292208178
435166.617321,-4327.505746581919,-3269.4451292208178
435176.745105,-4327.505746581919,-3269.4451292208178
435186.88332,-4327.505746581919,-3269.4451292208178
435197.512139,-4327.505746581919,-3269.4451292208178
435206.959121,-4327.505746581919,-3269.4451292208178
435216.909987,-4327.505746581919,-3269.4451292208178
435227.420425,-4327.505746581919,-3269.4451292208178
435247.845984,-4327.505746581919,-3269.4451292208178
435247.846654,-4327.505746581919,-3269.4451292208178
435255.05009,-4317.968115149929,-3262.7885506784974
435267.979295,-4319.587844102826,-3258.30583375773
435276.193673,-4318.343502982942,-3270.7717899683075
435285.813051,-4323.99517524176,-3267.3504017094065
435295.783518,-4324.891935048435,-3269.826835120741
435305.476586,-4324.891935048435,-3269.826835120741
435315.422048,-4324.891935048435,-3269.826835120741
435357.728371,-4321.117201913454,-3262.2299566720158
435357.729802,-4321.117201913454,-3262.2299566720158
435364.589148,-4319.073423752805,-3257.9660224081927
435376.338681,-4314.575721471184,-3262.5558031749897
435385.399877,-4302.055842317339,-3275.952749285622
435395.302312,-4301.416292681211,-3274.50040490135
435404.990062,-4301.416292681211,-3274.50040490135
435415.766473,-4301.416292681211,-3274.50040490135
435425.068155,-4301.298115035549,-3273.634584202813
435435.039479,-4293.456680446784,-3271.8098438124093
435444.980682,-4280.978511046512,-3282.41381978993
435449.37465,-4284.83666370324,-3281.4130055604915
435454.560163,-4295.215441925864,-3282.4277846463283
435464.556183,-4334.172356299814,-3300.4424405397053
435475.091169,-4372.4966726299745,-3328.963317175295
436323.34948,-5329.832939427766,-516.7484481688922
436323.3501,-5329.832939427766,-516.7484481688922
436330.307507,-5271.279391593222,-497.6770351107637
436330.308105,-5271.279391593222,-497.6770351107637
436345.728687,-5166.1986091091385,-467.82936481058493
436345.729307,-5166.1986091091385,-467.82936481058493
436349.976783,-5166.1986091091385,-467.82936481058493
436359.9727,-5166.1986091091385,-467.82936481058493
436369.936324,-5166.1986091091385,-467.82936481058493
436380.401481,-5154.5893932495965,-465.1108620261227
436390.961688,-5132.135640394608,-482.7904399014148
436401.650915,-5110.655115210216,-565.8444166027782
436409.991502,-5103.4184722584405,-593.9837084603231
436420.040138,-5103.4184722584405,-593.9837084603231
436430.009175,-5103.4184722584405,-593.9837084603231
436440.569192,-5103.4184722584405,-593.9837084603231
436452.559755,-5103.4184722584405,-593.9837084603231
436460.034531,-5103.4184722584405,-593.9837084603231
436470.872266,-5102.028147006669,-601.6132035898164
436480.28899,-5060.547792987722,-611.7703470533363
436506.214906,-4876.433970437848,-550.4830160608232
436506.215498,-4876.433970437848,-550.4830160608232
436509.15031,-4876.433970437848,-550.4830160608232
436519.049624,-4858.109483466671,-479.0385337349954
436529.436267,-4779.069492151887,-455.5402425046052
436539.720189,-4717.839567383941,-451.18318999968614
436549.874762,-4663.436139601218,-445.47154098711627
436560.5731,-4573.245739237624,-435.1654358030143
436569.4359,-4514.518399673352,-427.28457025643974
436581.903795,-4487.9840417933065,-438.98251181643104
436589.03941,-4434.115888956015,-502.54147906445013
436604.524629,-4411.245038143452,-577.3933965924235
436608.99603,-4372.948528348769,-618.0917955576962
436619.017948,-4317.926405399021,-659.7537705275988
436629.447201,-4275.215612752454,-691.9568460691901
436641.61725,-4203.405311885444,-756.5166062246693
436649.908881,-4179.5264751208115,-764.5790114506214
436659.014906,-4151.678259663266,-790.4932197319163
436671.170855,-4140.819819176813,-802.7264759410725
436679.02528,-4120.847796442672,-816.5098362440489
436689.025941,-4113.15234598237,-815.4531585134677
436699.461179,-4113.15234598237,-815.4531585134677
436709.407412,-4113.15234598237,-815.4531585134677
436719.406369,-4113.15234598237,-815.4531585134677
436729.050417,-4085.783792712253,-825.7452926332129
436739.466128,-4077.7685674269346,-849.415803970199
436751.243484,-4070.7404730944086,-881.2883672140213
436759.392266,-4069.079034373783,-964.086268663955
436769.092589,-4081.883930280278,-1067.9990860313756
436779.092231,-4092.3808862008027,-1122.8718243728886
436789.102873,-4103.816311681148,-1172.2563538358438
436799.09263,-4099.144818717909,-1175.929121497222
436809.112684,-4095.8010864070056,-1162.2388682965384
436819.500831,-4095.8010864070056,-1162.2388682965384
436830.510089,-4095.8010864070056,-1162.2388682965384
436840.031487,-4091.5466910206437,-1141.0773950650475
436849.38615,-4090.8584800068297,-1137.1718789202544
436860.198519,-4077.0525499009914,-1022.8272931198852
436869.488971,-4071.0115865306966,-967.6705931576976
436879.3038,-4068.4811945021943,-941.7889768713285
436891.982765,-4067.139530601108,-917.9741649879151
436899.430913,-4072.24202440939,-893.7357501731348
436909.427205,-4072.24202440939,-893.7357501731348
436919.030943,-4072.24202440939,-893.7357501731348
436930.425282,-4072.24202440939,-893.7357501731348
436939.023922,-4082.7598352117125,-876.6147798331625
436949.446672,-4056.385364494562,-836.9498002776571
436959.489723,-4016.309238048093,-865.4800974076583
436970.184421,-3968.739258252551,-909.5766040563192
436980.334755,-3940.4947999614424,-892.1111665511083
436990.383929,-3909.3098036630345,-932.7909255004906
436999.175198,-3899.028348126216,-942.0729298639283
437009.059887,-3899.028348126216,-942.0729298639283
437019.429987,-3899.028348126216,-942.0729298639283
437029.471926,-3899.028348126216,-942.0729298639283
437039.025511,-3899.028348126216,-942.0729298639283
437050.833676,-3899.028348126216,-942.0729298639283
437060.087066,-3899.028348126216,-942.0729298639283
437069.964143,-3899.028348126216,-942.0729298639283
437079.993636,-3899.028348126216,-942.0729298639283
437090.161268,-3897.4989903024702,-934.2432752340707
437102.349651,-3900.2587860089307,-928.4897358634776
437109.434709,-3912.834278280456,-923.471681256327
437119.385792,-3938.332844130119,-899.9361667232262
437130.407974,-3943.4631444550355,-897.8135016078188
437139.404067,-3943.4631444550355,-897.8135016078188
437149.48978,-3963.5324900349046,-903.3622226931215
437159.021547,-3963.5324900349046,-903.3622226931215
437170.522016,-3972.500088158807,-915.7211608438816
437182.517827,-4005.9791211494307,-950.4984201696769
437190.553677,-4053.9940049995976,-952.1136937107408
437199.471117,-4075.3354981734847,-1042.8762333414081
437209.490242,-4093.931098890013,-1154.8654030026632
437219.098561,-4107.257366766154,-1252.2752034095995
437229.088701,-4115.376866445244,-1329.6872629524885
437242.107453,-4129.822346170377,-1395.098816685731
437249.037191,-4131.657575542064,-1404.334264656796
437261.169175,-4136.565423802598,-1420.2588951595606
437270.25786,-4140.500044365923,-1431.2399540719505
437278.988495,-4145.3592312424835,-1446.5082340592128
437292.943481,-4156.5583014100375,-1465.505139227259
437293.31784,-4159.179064576523,-1468.6984439871112
437298.991431,-4163.245766039825,-1478.6879949188165
437310.222655,-4163.280524167095,-1479.5258882826515
437319.478877,-4163.280524167095,-1479.5258882826515
437330.472317,-4163.280524167095,-1479.5258882826515
437339.015607,-4170.058359930349,-1485.6657845985173
437349.497758,-4170.058359930349,-1485.6657845985173
437359.477771,-4170.058359930349,-1485.6657845985173
437369.598895,-4170.058359930349,-1485.6657845985173
437379.545501,-4170.058359930349,-1485.6657845985173
437391.297336,-4170.058359930349,-1485.6657845985173
437399.947393,-4170.058359930349,-1485.6657845985173
437409.017928,-4170.058359930349,-1485.6657845985173
437422.038003,-4170.058359930349,-1485.6657845985173
437429.026713,-4170.058359930349,-1485.6657845985173
437441.053957,-4170.058359930349,-1485.6657845985173
437449.454891,-4170.058359930349,-1485.6657845985173
437459.682573,-4170.058359930349,-1485.6657845985173
437469.485717,-4170.058359930349,-1485.6657845985173
437479.500238,-4170.058359930349,-1485.6657845985173
437489.546892,-4170.058359930349,-1485.6657845985173
437499.992216,-4170.058359930349,-1485.6657845985173
437509.871745,-4170.058359930349,-1485.6657845985173
437523.570508,-4170.058359930349,-1485.6657845985173
437529.01609,-4170.058359930349,-1485.6657845985173
437539.014657,-4179.9296694584,-1495.3713825269886
437548.984727,-4197.649365205785,-1512.287517831877
437559.006346,-4197.649365205785,-1512.287517831877
437570.003768,-4197.649365205785,-1512.287517831877
437578.977201,-4197.649365205785,-1512.287517831877
437589.440645,-4197.649365205785,-1512.287517831877
437599.371762,-4197.649365205785,-1512.287517831877
437609.752155,-4197.649365205785,-1512.287517831877
437619.997656,-4197.649365205785,-1512.287517831877
437629.395274,-4197.649365205785,-1512.287517831877
437639.856242,-4197.649365205785,-1512.287517831877
437648.979846,-4197.649365205785,-1512.287517831877
437659.026426,-4197.649365205785,-1512.287517831877
437669.031743,-4197.649365205785,-1512.287517831877
437678.991123,-4197.649365205785,-1512.287517831877
437690.675917,-4197.649365205785,-1512.287517831877
437699.638921,-4197.649365205785,-1512.287517831877
437710.813957,-4197.649365205785,-1512.287517831877
437720.097961,-4197.649365205785,-1512.287517831877
437729.754869,-4197.649365205785,-1512.287517831877
437739.933381,-4197.649365205785,-1512.287517831877
437749.77068,-4197.649365205785,-1512.287517831877
437760.97472,-4197.649365205785,-1512.287517831877
437770.752941,-4197.649365205785,-1512.287517831877
437778.984125,-4197.649365205785,-1512.287517831877
437789.442723,-4197.649365205785,-1512.287517831877
437799.408612,-4197.649365205785,-1512.287517831877
437809.429863,-4197.649365205785,-1512.287517831877
437819.545867,-4197.649365205785,-1512.287517831877
437830.172232,-4197.649365205785,-1512.287517831877
437839.376763,-4197.649365205785,-1512.287517831877
437849.788193,-4198.580883150344,-1518.5158581239757
437859.858875,-4198.580883150344,-1518.5158581239757
437869.923049,-4198.580883150344,-1518.5158581239757
437880.488148,-4198.580883150344,-1518.5158581239757
437889.633286,-4198.580883150344,-1518.5158581239757
437902.51359,-4198.580883150344,-1518.5158581239757
437909.006307,-4198.580883150344,-1518.5158581239757
437919.408275,-4198.580883150344,-1518.5158581239757
437929.411258,-4198.580883150344,-1518.5158581239757
437939.926916,-4198.580883150344,-1518.5158581239757
437949.019948,-4198.580883150344,-1518.5158581239757
437959.433808,-4198.580883150344,-1518.5158581239757
437969.854765,-4198.580883150344,-1518.5158581239757
437979.799155,-4198.580883150344,-1518.5158581239757
437990.410749,-4198.580883150344,-1518.5158581239757
437999.38315,-4198.580883150344,-1518.5158581239757
438009.47356,-4198.580883150344,-1518.5158581239757
438019.006024,-4198.580883150344,-1518.5158581239757
438029.503704,-4198.580883150344,-1518.5158581239757
438040.84977,-4198.580883150344,-1518.5158581239757
438050.932599,-4198.580883150344,-1518.5158581239757
438059.961776,-4198.580883150344,-1518.5158581239757
438069.006888,-4195.779377701095,-1521.0481578942536
438079.832562,-4195.786329324865,-1521.029538050085
438090.214944,-4195.786329324865,-1521.029538050085
438100.730908,-4195.786329324865,-1521.029538050085
438111.429622,-4195.786329324865,-1521.029538050085
438119.445741,-4195.786329324865,-1521.029538050085
438129.007782,-4195.786329324865,-1521.029538050085
438138.984916,-4192.477355147831,-1525.028151089243
438149.416033,-4188.368943935816,-1526.8482415337912
438158.978952,-4188.368943935816,-1526.8482415337912
438169.432181,-4188.368943935816,-1526.8482415337912
438180.693197,-4188.368943935816,-1526.8482415337912
438189.005442,-4188.368943935816,-1526.8482415337912
438200.144061,-4188.368943935816,-1526.8482415337912
438210.180415,-4188.368943935816,-1526.8482415337912
438219.374946,-4188.368943935816,-1526.8482415337912
438229.381959,-4188.368943935816,-1526.8482415337912
438239.451013,-4188.368943935816,-1526.8482415337912
438251.419947,-4188.368943935816,-1526.8482415337912
438259.505483,-4188.368943935816,-1526.8482415337912
438269.355998,-4188.368943935816,-1526.8482415337912
438280.028381,-4188.368943935816,-1526.8482415337912
438289.609269,-4188.368943935816,-1526.8482415337912
438300.741241,-4188.368943935816,-1526.8482415337912
438309.381735,-4188.368943935816,-1526.8482415337912
438319.018657,-4188.368943935816,-1526.8482415337912
438329.006864,-4188.368943935816,-1526.8482415337912
438339.357604,-4188.368943935816,-1526.8482415337912
438349.359282,-4188.368943935816,-1526.8482415337912
438359.048011,-4188.368943935816,-1526.8482415337912
438370.563194,-4188.368943935816,-1526.8482415337912
438379.012359,-4188.368943935816,-1526.8482415337912
438389.562113,-4188.368943935816,-1526.8482415337912
438399.36875,-4184.1979680763625,-1522.8403185734483
438409.782276,-4182.480916352614,-1521.0528128550309
438420.516627,-4177.7121006306415,-1517.0262700147864
438428.977963,-4173.276962966425,-1514.3263915623145
438439.00793,-4173.276962966425,-1514.3263915623145
438449.008133,-4173.276962966425,-1514.3263915623145
438459.449337,-4173.276962966425,-1514.3263915623145
438470.615188,-4173.276962966425,-1514.3263915623145
438479.577185,-4167.701758576429,-1510.2765738621056
438490.037532,-4163.037217243062,-1509.3083415793474
438499.007681,-4163.037217243062,-1509.3083415793474
438512.634667,-4163.037217243062,-1509.3083415793474
438522.044345,-4163.037217243062,-1509.3083415793474
438530.041918,-4163.037217243062,-1509.3083415793474
438539.46012,-4163.037217243062,-1509.3083415793474
438549.709465,-4163.037217243062,-1509.3083415793474
438560.087403,-4163.037217243062,-1509.3083415793474
438569.777233,-4163.037217243062,-1509.3083415793474
438579.902836,-4163.037217243062,-1509.3083415793474
438589.461694,-4163.037217243062,-1509.3083415793474
438599.829604,-4157.927771820432,-1506.2779607302489
438609.976246,-4154.903814324334,-1504.8209573318688
438619.001573,-4154.903814324334,-1504.8209573318688
438630.292025,-4154.903814324334,-1504.8209573318688
438640.482849,-4154.903814324334,-1504.8209573318688
438652.130679,-4154.903814324334,-1504.8209573318688
438659.480768,-4154.903814324334,-1504.8209573318688
438669.500554,-4154.903814324334,-1504.8209573318688
438679.005987,-4154.903814324334,-1504.8209573318688
438689.476044,-4154.903814324334,-1504.8209573318688
438700.018884,-4154.903814324334,-1504.8209573318688
438709.476423,-4154.903814324334,-1504.8209573318688
438720.356763,-4154.903814324334,-1504.8209573318688
438729.903047,-4154.903814324334,-1504.8209573318688
438739.816916,-4154.903814324334,-1504.8209573318688
438751.960484,-4154.903814324334,-1504.8209573318688
438762.105757,-4154.903814324334,-1504.8209573318688
438770.547847,-4154.903814324334,-1504.8209573318688
438779.454284,-4154.903814324334,-1504.8209573318688
438789.452269,-4154.903814324334,-1504.8209573318688
438799.007011,-4154.903814324334,-1504.8209573318688
438809.558703,-4154.903814324334,-1504.8209573318688
438819.900243,-4154.903814324334,-1504.8209573318688
438829.480212,-4154.903814324334,-1504.8209573318688
438839.482352,-4154.903814324334,-1504.8209573318688
438849.959253,-4154.903814324334,-1504.8209573318688
438859.490935,-4154.903814324334,-1504.8209573318688
438872.218091,-4154.903814324334,-1504.8209573318688
438879.472995,-4154.903814324334,-1504.8209573318688
438889.453633,-4154.903814324334,-1504.8209573318688
438900.224809,-4154.903814324334,-1504.8209573318688
438909.429785,-4149.196529030389,-1497.2938822364918
438918.978863,-4149.203480654167,-1497.28922727566
438929.009686,-4149.203480654167,-1497.28922727566
438939.405268,-4149.203480654167,-1497.28922727566
438949.88183,-4149.203480654167,-1497.28922727566
438959.006005,-4147.375202906916,-1487.2764018201196
438969.013565,-4147.368251274888,-1487.2950216656575
438982.512258,-4147.368251274888,-1487.2950216656575
438989.061776,-4147.368251274888,-1487.2950216656575
438999.434972,-4147.368251274888,-1487.2950216656575
439009.456197,-4147.368251274888,-1487.2950216656575
439020.411273,-4147.368251274888,-1487.2950216656575
439029.410974,-4147.368251274888,-1487.2950216656575
439039.008421,-4147.368251274888,-1487.2950216656575
439049.471181,-4147.368251274888,-1487.2950216656575
439060.952033,-4147.368251274888,-1487.2950216656575
439069.849721,-4147.368251274888,-1487.2950216656575
439079.793307,-4147.368251274888,-1487.2950216656575
439089.454366,-4147.368251274888,-1487.2950216656575
439099.391184,-4147.368251274888,-1487.2950216656575
439109.012868,-4147.368251274888,-1487.2950216656575
439119.374125,-4151.567033641011,-1485.1583936278323
439129.403447,-4151.747775926069,-1485.0466745110252
439139.39433,-4151.747775926069,-1485.0466745110252
439149.823724,-4151.747775926069,-1485.0466745110252
439159.577843,-4151.747775926069,-1485.0466745110252
439169.430244,-4151.747775926069,-1485.0466745110252
439179.927507,-4151.747775926069,-1485.0466745110252
439190.753457,-4151.747775926069,-1485.0466745110252
439198.556191,-4151.747775926069,-1485.0466745110252
439199.455618,-4151.747775926069,-1485.0466745110252
439208.99649,-4152.317809293147,-1484.1994712301998
439219.356684,-4139.359977631635,-1477.4125350262673
439230.879757,-4116.732433600978,-1459.2162838938011
439239.620393,-4065.797866699987,-1420.8686953863423
439249.429996,-4038.41541013952,-1399.8189498848612
439260.044057,-4036.0588087793044,-1398.245572159156
439271.212236,-4036.0588087793044,-1398.245572159156
439280.429723,-4016.0242213637725,-1379.6862315842795
439289.293116,-3922.2606837601475,-1340.5566042998016
439301.167382,-3775.8246721811406,-1370.2273449716752
439309.020354,-3673.3298912784066,-1388.903059929582
439318.972262,-3571.3217240384456,-1387.2458928171818
439329.423668,-3433.8533097466347,-1403.6779147838881
439339.496649,-3338.768962102962,-1361.1129255690105
439351.034704,-3326.5340994062294,-1352.072985452917
439361.301851,-3326.5340994062294,-1352.072985452917
439369.465215,-3326.5340994062294,-1352.072985452917
439379.85857,-3326.5340994062294,-1352.072985452917
439389.406159,-3320.4792326970037,-1346.97579979731
439399.730815,-3282.9195945157717,-1371.097823227966
439409.683803,-3259.3605321781765,-1400.964070952794
439418.989191,-3228.2102936311835,-1445.237429065512
439428.997844,-3229.4476831607362,-1442.3979014038803
439439.438884,-3229.4476831607362,-1442.3979014038803
439449.409377,-3229.4476831607362,-1442.3979014038803
439459.427037,-3217.699434298786,-1465.509794188516
439470.005616,-3220.87632763086,-1482.0256034682961
439481.474873,-3220.87632763086,-1482.0256034682961
439489.428097,-3233.7646432453457,-1519.6423591237156
439499.454732,-3278.97107064278,-1608.2635351063334
439511.272456,-3277.9074717866856,-1621.99567336354
439520.841402,-3230.2193137054364,-1530.0974055402778
439529.059494,-3165.089524577949,-1454.1842685807237
439539.069172,-3159.7854335185066,-1398.0314438317962
439548.963096,-3170.3380026205614,-1426.1381140896176
439559.416194,-3176.4276274806807,-1440.7640092495885
439572.767117,-3178.040404843942,-1442.965806932706
439572.767701,-3178.040404843942,-1442.965806932706
439576.141165,-3212.5899887880823,-1476.644466112558
439586.149756,-3253.8061825664404,-1564.6092983731069
439596.396618,-3294.9041986694274,-1631.6686844762792
439606.13997,-3326.812164470235,-1662.270403917225
439616.832962,-3367.9379870280113,-1659.249333716589
439626.228432,-3524.537277645338,-1601.6674536851942
439636.134903,-3610.3203487151873,-1612.1923231684693
439646.22027,-3625.1342647859537,-1627.7352415751436
439661.532108,-3660.9698993731204,-1660.571342865382
439666.190585,-3748.497828491368,-1714.8388850707413
439677.031695,-3842.2961245350843,-1819.4265489766149
439686.239618,-3893.765966894373,-1929.9771992189205
439696.160741,-3954.9194248573176,-2001.598406886405
439713.289213,-4030.6295885236805,-1960.2856418412434
439717.69684,-4100.639418399846,-1945.8599219060047
439726.247835,-4145.498263768112,-1983.825772063759
439738.876079,-4102.092308330791,-2042.4317084636195
439746.371112,-4134.132354552201,-2133.1149580863184
439756.170129,-4149.342513179783,-2227.740943905435
439766.208621,-4187.180215819608,-2270.5060382339243
439775.969263,-4218.69193837804,-2288.744160761419
439775.969833,-4218.69193837804,-2288.744160761419
439781.299761,-4351.787777591654,-2379.6135734957725
439789.135043,-4151.747775926069,-1485.0466745110252
439789.142472,-4151.747775926069,-1485.0466745110252
439791.390969,-4497.577286196401,-2472.74062683661
439794.880967,-4151.747775926069,-1485.0466745110252
439801.390201,-4520.413378838362,-2475.0122452785927
441012.649301,-5431.165350713366,-3730.275645633332
441012.650089,-5431.165350713366,-3730.275645633332
441020.351962,-5550.178635577699,-3819.8741090112026
441020.352545,-5550.178635577699,-3819.8741090112026
441039.763292,-5547.140774927133,-3819.4598188222167
441039.772658,-5547.140774927133,-3819.4598188222167
441049.002498,-5460.9614648817815,-3813.957672649288
441059.042424,-5396.373905700143,-3808.9536056673805
441069.624134,-5344.042063448925,-3808.655689121793
441079.988782,-5335.672305462022,-3815.112099255863
441089.947785,-5335.672305462022,-3815.112099255863
441099.046468,-5335.672305462022,-3815.112099255863
441109.077551,-5307.024653737635,-3843.9960385759246
441118.708195,-5246.0658431915635,-3900.5210428624573
441134.093802,-5142.486611909258,-4017.0575898110837
441139.038415,-5028.271392143072,-4065.5202154464478
441149.109183,-4918.0464055449065,-4100.860550629638
441159.345925,-4810.692440324307,-4135.986756441514
441174.373243,-4688.079655003435,-4175.125521502889
441178.639051,-4637.019959463752,-4166.965405720964
441190.408696,-4643.6865691358835,-4085.8902508239144
441199.985761,-4661.079538264433,-3996.268607209916
441209.004382,-4681.871852677492,-3916.8552459922253
441219.5567,-4693.3906975291875,-3860.1347354465192
441230.000404,-4690.964579940152,-3855.6427128515643
441239.187455,-4694.155376428067,-3800.532808201677
441248.591275,-4725.590630748862,-3724.666491900639
441259.432363,-4785.305100975066,-3726.305033129025
441268.71724,-4815.155384428795,-3683.4143531792893
441279.095238,-4817.213065822143,-3684.5594701330456
441280.675351,-4817.213065822143,-3684.5594701330456
441289.087292,-4817.213065822143,-3684.5594701330456
441299.079442,-4817.213065822143,-3684.5594701330456
441310.198331,-4817.213065822143,-3684.5594701330456
441319.135515,-4817.213065822143,-3684.5594701330456
441329.078256,-4817.213065822143,-3684.5594701330456
441339.224944,-4817.213065822143,-3684.5594701330456
441351.802995,-4817.213065822143,-3684.5594701330456
441359.811329,-4817.213065822143,-3684.5594701330456
441370.935768,-4817.213065822143,-3684.5594701330456
441379.553665,-4817.213065822143,-3684.5594701330456
441388.691063,-4817.213065822143,-3684.5594701330456
441399.207674,-4817.213065822143,-3684.5594701330456
441409.520912,-4817.213065822143,-3684.5594701330456
441418.623157,-4817.213065822143,-3684.5594701330456
441429.918969,-4817.213065822143,-3684.5594701330456
441439.13666,-4817.213065822143,-3684.5594701330456
441450.245636,-4817.213065822143,-3684.5594701330456
441459.111451,-4817.213065822143,-3684.5594701330456
441469.075551,-4817.213065822143,-3684.5594701330456
441479.484588,-4817.213065822143,-3684.5594701330456
441489.035848,-4817.213065822143,-3684.5594701330456
441498.609201,-4817.213065822143,-3684.5594701330456
441508.619117,-4817.213065822143,-3684.5594701330456
441519.424419,-4817.213065822143,-3684.5594701330456
441530.121197,-4817.213065822143,-3684.5594701330456
441539.439337,-4817.213065822143,-3684.5594701330456
441549.211883,-4817.213065822143,-3684.5594701330456
441559.069985,-4817.213065822143,-3684.5594701330456
441570.827026,-4817.727486166227,-3689.284241284234
441579.163496,-4818.068115859989,-3692.42167550772
441589.424669,-4818.068115859989,-3692.42167550772
441599.439122,-4818.068115859989,-3692.42167550772
441609.033766,-4818.068115859989,-3692.42167550772
441619.261817,-4818.068115859989,-3692.42167550772
441628.613757,-4817.428566231299,-3692.021350070313
441639.092977,-4826.006873121008,-3685.2065077609523
441649.077615,-4826.841068279261,-3684.6944635996506
441659.061981,-4826.841068279261,-3684.6944635996506
441670.503384,-4826.841068279261,-3684.6944635996506
441680.736968,-4826.841068279261,-3684.6944635996506
441689.092587,-4821.293670473378,-3688.3625617961443
441699.711364,-4821.293670473378,-3688.3625617961443
441709.461786,-4815.23185231425,-3691.6024048503778
441719.423181,-4815.23185231425,-3691.6024048503778
441729.063365,-4815.23185231425,-3691.6024048503778
441739.016475,-4815.23185231425,-3691.6024048503778
441749.874984,-4815.23185231425,-3691.6024048503778
441761.236439,-4815.23185231425,-3691.6024048503778
441772.761924,-4815.23185231425,-3691.6024048503778
441779.044418,-4815.23185231425,-3691.6024048503778
441791.523673,-4815.23185231425,-3691.6024048503778
441799.417173,-4815.23185231425,-3691.6024048503778
441809.657965,-4815.23185231425,-3691.6024048503778
441819.497866,-4815.23185231425,-3691.6024048503778
441829.337804,-4815.23185231425,-3691.6024048503778
441839.443252,-4815.23185231425,-3691.6024048503778
441849.371288,-4815.23185231425,-3691.6024048503778
441859.941801,-4815.23185231425,-3691.6024048503778
441869.180734,-4815.23185231425,-3691.6024048503778
441879.548488,-4815.23185231425,-3691.6024048503778
441889.067756,-4815.23185231425,-3691.6024048503778
441899.06475,-4815.23185231425,-3691.6024048503778
441909.180753,-4815.23185231425,-3691.6024048503778
441918.607611,-4815.23185231425,-3691.6024048503778
441929.108082,-4815.23185231425,-3691.6024048503778
441939.536359,-4813.695542897159,-3698.063471129926
441950.715107,-4809.795680527466,-3704.0636976052024
441959.067202,-4808.127290210116,-3704.6129813339776
441970.005997,-4808.127290210116,-3704.6129813339776
441979.078491,-4808.127290210116,-3704.6129813339776
441989.040496,-4808.127290210116,-3704.6129813339776
441998.648638,-4808.231564607079,-3705.0226166538396
442009.060781,-4817.4911308694045,-3700.1488873227686
442020.980662,-4816.865484504701,-3700.5911072718727
442031.30183,-4810.734150083147,-3704.62694618002
442039.440563,-4813.7442042795265,-3703.6773370215137
442049.357938,-4813.7442042795265,-3703.6773370215137
442059.480067,-4809.149179283225,-3706.4935798445217
442069.375852,-4807.501643836876,-3707.652661602457
442082.718976,-4805.847156775037,-3708.802433457875
442089.015325,-4805.847156775037,-3708.802433457875
442099.067437,-4805.847156775037,-3708.802433457875
442108.981757,-4805.847156775037,-3708.802433457875
442118.619926,-4809.183937409999,-3704.5385021904312
442129.100883,-4824.268966534136,-3695.545144869536
442139.583443,-4823.295738851998,-3697.0580026098196
442149.404475,-4810.622924062515,-3703.5190688327493
442161.478398,-4807.911789792515,-3704.4919527177617
442169.398144,-4805.8263018957605,-3705.6231047984134
442179.045111,-4805.8263018957605,-3705.6231047984134
442189.964681,-4805.8263018957605,-3705.6231047984134
442199.039478,-4805.8263018957605,-3705.6231047984134
442209.04316,-4802.190601325349,-3728.767499907634
442219.002252,-4800.974066722256,-3732.980226607523
442228.994127,-4800.974066722256,-3732.980226607523
442238.59767,-4800.974066722256,-3732.980226607523
442248.999894,-4800.974066722256,-3732.980226607523
442259.139554,-4800.974066722256,-3732.980226607523
442269.34571,-4800.974066722256,-3732.980226607523
442279.035142,-4800.974066722256,-3732.980226607523
442289.803132,-4800.974066722256,-3732.980226607523
442299.94452,-4800.974066722256,-3732.980226607523
442309.061791,-4784.39443792208,-3739.7764486139863
442319.065993,-4784.039904980541,-3740.051090456831
442329.092004,-4784.039904980541,-3740.051090456831
442340.185516,-4784.039904980541,-3740.051090456831
442349.262682,-4784.039904980541,-3740.051090456831
442358.634719,-4784.039904980541,-3740.051090456831
442370.528776,-4784.039904980541,-3740.051090456831
442379.396148,-4784.039904980541,-3740.051090456831
442389.443275,-4784.039904980541,-3740.051090456831
442399.506261,-4784.039904980541,-3740.051090456831
442410.287117,-4784.039904980541,-3740.051090456831
442419.33652,-4784.039904980541,-3740.051090456831
442428.700857,-4784.039904980541,-3740.051090456831
442439.090031,-4784.039904980541,-3740.051090456831
442449.089955,-4784.039904980541,-3740.051090456831
442461.395244,-4784.039904980541,-3740.051090456831
442469.058492,-4784.039904980541,-3740.051090456831
442479.168187,-4784.039904980541,-3740.051090456831
442488.610401,-4784.039904980541,-3740.051090456831
442498.610461,-4784.039904980541,-3740.051090456831
442510.084665,-4784.039904980541,-3740.051090456831
442520.424794,-4781.773674799913,-3742.825438604798
442529.058382,-4781.773674799913,-3742.825438604798
442539.05904,-4781.773674799913,-3742.825438604798
442549.023158,-4781.773674799913,-3742.825438604798
442559.1206,-4781.773674799913,-3742.825438604798
442569.761143,-4781.773674799913,-3742.825438604798
442579.46203,-4781.773674799913,-3742.825438604798
442589.419397,-4781.773674799913,-3742.825438604798
442599.020415,-4781.050705661476,-3743.272313469601
442611.097823,-4781.050705661476,-3743.272313469601
442619.415417,-4781.050705661476,-3743.272313469601
442629.093387,-4781.050705661476,-3743.272313469601
442639.000413,-4781.050705661476,-3743.272313469601
442649.059578,-4781.050705661476,-3743.272313469601
442659.019498,-4781.050705661476,-3743.272313469601
442669.188188,-4781.050705661476,-3743.272313469601
442679.141897,-4781.050705661476,-3743.272313469601
442689.427784,-4780.86301174685,-3744.0357247003235
442700.563702,-4780.86301174685,-3744.0357247003235
442709.661741,-4780.86301174685,-3744.0357247003235
442719.520606,-4780.86301174685,-3744.0357247003235
442728.684571,-4780.86301174685,-3744.0357247003235
442740.560266,-4782.19077237963,-3750.2500782881307
442749.105541,-4782.774708986124,-3751.6651820143575
442759.087122,-4782.774708986124,-3751.6651820143575
442769.801622,-4782.774708986124,-3751.6651820143575
442779.067668,-4782.774708986124,-3751.6651820143575
442789.363206,-4781.259254447138,-3750.468860767172
442799.462101,-4781.259254447138,-3750.468860767172
442809.376346,-4777.595747371492,-3739.836962918344
442819.393937,-4777.51232785404,-3737.663102872652
442828.63773,-4777.51232785404,-3737.663102872652
442839.103414,-4779.069492151887,-3742.020132846128
442848.647226,-4779.069492151887,-3742.020132846128
442860.852676,-4777.560989236447,-3737.2255378944533
442869.074036,-4777.526231109651,-3736.057146300055
442879.093059,-4777.526231109651,-3736.057146300055
442890.383882,-4777.526231109651,-3736.057146300055
442900.871271,-4781.259254447138,-3745.5253075898977
442910.297724,-4781.273157702747,-3745.6742658778826
442918.973854,-4781.328770708978,-3745.7720197514304
442928.971665,-4781.154980050108,-3740.6655434031436
442938.98506,-4781.154980050108,-3740.6655434031436
442949.344045,-4781.154980050108,-3740.6655434031436
442958.609817,-4782.510547185991,-3743.8728015784436
442968.947941,-4781.94746545878,-3745.0830876713003
442978.608215,-4774.731677320063,-3748.6906712154837
442989.002335,-4773.946143551438,-3743.9472807161296
443001.601664,-4772.993770739328,-3737.8027512720455
443009.063489,-4772.993770739328,-3737.8027512720455
443021.951789,-4772.993770739328,-3737.8027512720455
443030.234944,-4772.993770739328,-3737.8027512720455
443040.015742,-4772.993770739328,-3737.8027512720455
443049.435027,-4773.327448801373,-3732.868507887211
443059.508981,-4773.16756139823,-3732.4728374188653
443069.092295,-4773.16756139823,-3732.4728374188653
443079.089231,-4773.16756139823,-3732.4728374188653
443089.077674,-4773.16756139823,-3732.4728374188653
443098.610568,-4774.182498840254,-3734.278956707605
443109.00429,-4768.0650676681125,-3736.2247243792294
443119.015371,-4767.550647323423,-3731.8118350060317
443129.160026,-4767.550647323423,-3731.8118350060317
443139.536881,-4767.550647323423,-3731.8118350060317
443149.452331,-4767.550647323423,-3731.8118350060317
443159.55249,-4767.550647323423,-3731.8118350060317
443169.10327,-4767.550647323423,-3731.8118350060317
443180.359613,-4767.550647323423,-3731.8118350060317
443189.068647,-4767.550647323423,-3731.8118350060317
443199.093785,-4767.550647323423,-3731.8118350060317
443209.26266,-4767.550647323423,-3731.8118350060317
443218.601499,-4767.550647323423,-3731.8118350060317
443231.129872,-4767.168307870366,-3732.03527243615
443239.501901,-4756.782578133825,-3726.8496618918643
443249.405772,-4757.234433840454,-3726.784492630755
443258.991469,-4758.311935921053,-3727.3663609645355
443269.364839,-4759.730067695856,-3731.4161645367994
443279.534042,-4758.756840012377,-3729.0049021839404
443289.992247,-4758.756840012377,-3729.0049021839404
443298.995592,-4758.756840012377,-3729.0049021839404
443310.463822,-4758.756840012377,-3729.0049021839404
443318.976502,-4758.756840012377,-3729.0049021839404
443328.972422,-4758.756840012377,-3729.0049021839404
443338.589163,-4753.146877559348,-3727.0312048098376
443349.037842,-4740.112578175005,-3720.923914772874
443359.543599,-4740.112578175005,-3720.923914772874
443369.056326,-4740.112578175005,-3720.923914772874
443379.527943,-4740.112578175005,-3720.923914772874
443389.917181,-4740.112578175005,-3720.923914772874
443400.312815,-4731.63854566504,-3724.8061403039987
443409.052482,-4730.213462265612,-3724.685111692371
443419.043747,-4730.213462265612,-3724.685111692371
443424.185489,-4730.213462265612,-3724.685111692371
443428.582272,-4730.213462265612,-3724.685111692371
443439.596585,-4731.784529820962,-3726.9148311437834
445316.055263,-3591.5341019130046,-5345.195530520629
445316.056717,-3591.5341019130046,-5345.195530520629
445322.919183,-3869.4978389062203,-5139.587161654057
445323.015226,-3869.4978389062203,-5139.587161654057
445340.134712,-3870.10263041221,-5139.791978852664
445340.138309,-3870.10263041221,-5139.791978852664
445346.049056,-3957.449816891522,-5070.563762337318
445357.478091,-4019.527841094041,-5025.192091612294
445370.750459,-4087.681586724693,-4954.758233763866
445383.728856,-4102.4885510368385,-4909.195702308596
445386.404806,-4117.79603244076,-4852.582343895057
445396.430865,-4132.971432938031,-4800.3539328017305
445406.021877,-4155.932655036163,-4712.999345434315
445416.102696,-4139.026299564783,-4638.576169453454
445426.399106,-4080.034797642517,-4555.722887408324
445436.385745,-4033.69525578679,-4493.169792773603
445446.049544,-4023.983833643607,-4421.502316465884
445462.556217,-4014.87720300268,-4336.004998965012
445466.033465,-3975.26683548504,-4272.27418221596
445476.947692,-3960.0844833162323,-4239.98749911246
445486.887785,-3975.350255004089,-4198.181455593681
445496.773075,-4004.547086095478,-4175.469987314728
445507.026114,-4024.9362064628353,-4171.871716077339
445516.022712,-4089.475106346847,-4186.581337031824
445528.225057,-4186.804827985415,-4211.322360119842
445536.68643,-4259.8108086239545,-4229.956097099837
445548.596587,-4276.320921348082,-4237.222463028075
445556.844236,-4278.53153854751,-4239.023925939983
445566.057789,-4328.0062636759485,-4245.121901105597
445576.443718,-4378.336038806652,-4247.928831647389
445586.591562,-4395.318862078854,-4250.27957777371
445596.029851,-4445.349717198598,-4233.475233977364
445608.161064,-4474.296289457032,-4225.692169318752
445616.45051,-4474.296289457032,-4225.692169318752
445626.464998,-4480.12870398872,-4224.165348012951
445637.493595,-4571.7024781880455,-4193.340314645132
445646.024302,-4617.03403368852,-4184.88228272836
445658.354466,-4640.940676720296,-4181.083848990217
445666.043608,-4656.289867712838,-4155.4537305157555
445676.373658,-4670.784008650922,-4066.860839371591
445687.957096,-4676.887536581172,-3983.960933358791
445696.706925,-4688.705301378429,-3899.757631819182
445706.032892,-4700.258904363261,-3810.1592366933373
445716.01914,-4717.269534023933,-3744.7851710959494
445726.028876,-4789.135447085054,-3740.004540997245
445736.395886,-4800.084258548886,-3725.378698750187
445744.196991,-4811.5961517447995,-3700.777305152259
445746.013767,-4818.777181742343,-3695.419461306617
445756.028061,-4826.368357685716,-3680.896026860855
445766.449166,-4826.368357685716,-3680.896026860855
445779.951642,-4826.368357685716,-3680.896026860855
445786.449785,-4815.273562073089,-3702.755657553662
445796.593085,-4815.273562073089,-3702.755657553662
445807.148838,-4815.273562073089,-3702.755657553662
445818.802722,-4815.273562073089,-3702.755657553662
445827.252027,-4817.6718731517985,-3714.7468004693787
445836.016406,-4808.2802259894515,-3732.6823100147103
445846.595107,-4813.264542062161,-3728.595266880698
445856.449232,-4813.097703035348,-3729.572805669857
445866.426379,-4813.097703035348,-3729.572805669857
445876.554337,-4813.097703035348,-3729.572805669857
445886.445308,-4796.907365316257,-3718.5173073269802
445896.027003,-4796.907365316257,-3718.5173073269802
445907.236129,-4796.907365316257,-3718.5173073269802
445916.548871,-4796.907365316257,-3718.5173073269802
445927.673528,-4796.907365316257,-3718.5173073269802
445937.931192,-4796.907365316257,-3718.5173073269802
445946.446307,-4796.907365316257,-3718.5173073269802
445956.022135,-4796.907365316257,-3718.5173073269802
445966.473326,-4796.907365316257,-3718.5173073269802
445976.473136,-4796.907365316257,-3718.5173073269802
445986.475011,-4796.907365316257,-3718.5173073269802
445996.554702,-4796.907365316257,-3718.5173073269802
446006.927812,-4796.907365316257,-3718.5173073269802
446016.027889,-4796.907365316257,-3718.5173073269802
446026.443846,-4793.355084262793,-3720.8354707860303
446037.706674,-4793.355084262793,-3720.8354707860303
446046.691817,-4793.355084262793,-3720.8354707860303
446056.026876,-4788.447236073383,-3717.2325420293732
446066.446331,-4790.497965844356,-3717.2977112812096
446076.158448,-4790.004400370972,-3716.799631980768
446086.476969,-4801.0018732253575,-3729.707799126764
446096.893144,-4804.199621336955,-3733.841391725588
446110.46947,-4801.314696407756,-3739.0502769470695
446116.430589,-4799.625451210643,-3741.657047020649
446120.508015,-4799.625451210643,-3741.657047020649
446126.003484,-4798.770401172421,-3740.5631345843058
446136.471784,-4798.47148123721,-3738.137907422003
446146.785412,-4783.713178542258,-3746.9404113271394
446157.285457,-4743.567536467888,-3743.3700673428984
446170.752156,-4696.581494025171,-3773.0779354312303
446176.018407,-4654.628429013194,-3783.5096700332774
446185.99332,-4612.2930245064335,-3778.8826534506547
446196.518492,-4605.612511581956,-3743.63539930649
446205.989058,-4569.262457328175,-3737.039340034319
446216.496931,-4539.9544005637545,-3744.4779446198268
446227.786846,-4529.283654083494,-3750.9297004716673
446243.800662,-4526.350067753312,-3714.5000882967606
446246.402438,-4523.854433892792,-3701.5779560070046
446256.846526,-4523.854433892792,-3701.5779560070046
446267.137601,-4523.854433892792,-3701.5779560070046
446276.442646,-4523.854433892792,-3701.5779560070046
446286.405315,-4523.854433892792,-3701.5779560070046
446296.025236,-4497.869254501555,-3701.32193392677
446306.424025,-4496.770897534965,-3699.553054128641
446318.045695,-4496.770897534965,-3699.553054128641
446328.279228,-4496.770897534965,-3699.553054128641
446336.882441,-4496.770897534965,-3699.553054128641
446346.397215,-4496.770897534965,-3699.553054128641
446356.405849,-4496.770897534965,-3699.553054128641
446366.812154,-4496.770897534965,-3699.553054128641
446372.579705,-4799.625451210643,-3741.657047020649
446376.093792,-4496.770897534965,-3699.553054128641
446386.558595,-4521.720284591136,-3683.633135681623
446388.901694,-4799.625451210643,-3741.657047020649
446396.091777,-4559.912519870828,-3674.951659531394
446406.041183,-4563.34662329024,-3680.421222269347
446416.194282,-4569.457102867432,-3685.5276991006544
446426.501236,-4608.921485729243,-3668.3183599740228
446437.341397,-4597.784980301507,-3663.6820326621796
447558.371495,-4378.017461105815,-4177.4265411236365
447558.372107,-4378.017461105815,-4177.4265411236365
447570.107503,-4444.779683835072,-4231.990307171682
447570.109035,-4444.779683835072,-4231.990307171682
447592.541685,-4534.177599054782,-4208.631802996091
447592.550657,-4534.177599054782,-4208.631802996091
447602.200151,-4633.884775978056,-4180.134240543068
447612.188199,-4653.954121255161,-4163.995551808207
447622.771506,-4663.345768459695,-4144.663571353738
447635.274458,-4674.864613316326,-4083.469679921391
447643.14807,-4685.1669235633435,-3990.063565914987
447653.210678,-4697.227995271122,-3901.2844539040707
447662.831217,-4696.567590769387,-3818.067989967247
447673.367823,-4734.544325478291,-3741.2846512940114
447683.221183,-4798.395013351726,-3744.324331386697
447683.800861,-4798.395013351726,-3744.324331386697
447692.788463,-4824.609596227697,-3699.4506452920787
447702.765956,-4827.355488623376,-3694.2557245811176
447713.357017,-4827.355488623376,-3694.2557245811176
447723.593119,-4827.355488623376,-3694.2557245811176
447733.498328,-4800.529162631375,-3695.2798128965364
447743.202974,-4800.529162631375,-3695.2798128965364
447753.660675,-4800.529162631375,-3695.2798128965364
447763.19901,-4800.529162631375,-3695.2798128965364
447773.203876,-4800.529162631375,-3695.2798128965364
447783.20186,-4800.529162631375,-3695.2798128965364
447792.815195,-4800.529162631375,-3695.2798128965364
447803.175751,-4785.534504640142,-3701.3871031808235
447813.127209,-4786.236618899215,-3702.085345207745
447822.769597,-4786.236618899215,-3702.085345207745
447833.190734,-4786.236618899215,-3702.085345207745
447843.581117,-4786.236618899215,-3702.085345207745
447853.184746,-4786.236618899215,-3702.085345207745
447864.28233,-4786.236618899215,-3702.085345207745
447873.194349,-4786.236618899215,-3702.085345207745
447883.171849,-4786.236618899215,-3702.085345207745
447893.179809,-4786.236618899215,-3702.085345207745
447903.1711,-4786.236618899215,-3702.085345207745
447913.218284,-4786.236618899215,-3702.085345207745
447922.789174,-4786.236618899215,-3702.085345207745
447933.229634,-4805.722027498793,-3700.4421489739134
447942.832295,-4806.118270198848,-3700.851784295574
447953.295828,-4806.118270198848,-3700.851784295574
447963.525101,-4806.118270198848,-3700.851784295574
447974.163791,-4806.118270198848,-3700.851784295574
447983.269235,-4806.118270198848,-3700.851784295574
447993.273088,-4806.118270198848,-3700.851784295574
448003.246346,-4786.187957516671,-3708.141431008585
448013.234431,-4786.187957516671,-3708.141431008585
448023.152106,-4778.124070971967,-3711.688500454798
448033.175787,-4780.619704826143,-3709.7520425983703
448043.390409,-4783.9981952218195,-3702.3692969690483
448055.089089,-4783.706226918582,-3703.3933852727396
448062.791187,-4782.600918327263,-3709.8730712125453
448073.354486,-4781.585980885439,-3717.2511618204594
448084.116425,-4782.329804903448,-3718.6336809945155
448093.201238,-4779.458783228511,-3732.882472721065
448103.177109,-4779.61171900795,-3732.5473165696403
448113.343641,-4779.61171900795,-3732.5473165696403
448124.724231,-4779.61171900795,-3732.5473165696403
448133.381217,-4779.729896652344,-3739.804378294335
448143.176657,-4779.729896652344,-3739.804378294335
448153.491831,-4775.788324529031,-3739.1433758768803
448163.195152,-4773.369158560252,-3734.7491063139782
448173.499052,-4779.257186066519,-3734.553598552872
448182.78913,-4780.974237767563,-3726.4027870044506
448194.450416,-4782.705192724143,-3724.3639203708376
448203.174708,-4782.927644765553,-3725.0063030124466
448213.193187,-4778.443845786614,-3730.6434434011235
448223.168966,-4778.443845786614,-3730.6434434011235
448233.158532,-4774.662161058066,-3735.8150890790344
448243.238309,-4774.662161058066,-3735.8150890790344
448253.478446,-4772.694850804081,-3733.2036640378806
448264.307704,-4769.399779924975,-3729.293508877843
448273.193283,-4769.399779924975,-3729.293508877843
448283.599931,-4769.399779924975,-3729.293508877843
448293.177295,-4775.447694835077,-3735.628891219848
448302.783813,-4775.927357052872,-3736.173519963882
448315.066755,-4785.875134334163,-3729.242304462695
448323.256936,-4785.159116819325,-3729.689179337192
448333.218379,-4785.159116819325,-3729.689179337192
448343.170457,-4785.159116819325,-3729.689179337192
448353.151841,-4779.86892918442,-3729.693834292889
448363.393009,-4779.86892918442,-3729.693834292889
448374.089504,-4776.956197750587,-3733.7017433245414
448383.577384,-4776.956197750587,-3733.7017433245414
448393.521412,-4776.921439615393,-3733.8460466703195
448403.173082,-4777.032665636115,-3734.2882665970733
448413.933031,-4777.032665636115,-3734.2882665970733
448422.808709,-4779.681235269794,-3736.5319508613966
448432.765959,-4790.407594703102,-3730.4479356386096
448443.156948,-4800.550017510798,-3725.0435425835385
448452.813814,-4800.070355293137,-3726.803112421057
448463.158674,-4800.070355293137,-3726.803112421057
448473.157222,-4800.070355293137,-3726.803112421057
448483.628908,-4800.070355293137,-3726.803112421057
448493.152095,-4797.6650925897475,-3729.9824409753983
448506.558491,-4797.6650925897475,-3729.9824409753983
448514.277066,-4797.6650925897475,-3729.9824409753983
448523.997267,-4797.6650925897475,-3729.9824409753983
448533.256261,-4797.359221030853,-3730.1593289466173
448542.800026,-4795.051281083833,-3736.615739888422
448553.405289,-4800.146823187017,-3735.317009794245
448562.811444,-4798.520142627991,-3735.940772634454
448573.223998,-4792.242824048049,-3738.3008305559474
448583.201568,-4792.86847042137,-3738.1285975318456
448595.129094,-4792.86847042137,-3738.1285975318456
448603.686467,-4781.148028426431,-3742.2528801749436
448615.088744,-4781.148028426431,-3742.2528801749436
448624.640988,-4781.148028426431,-3742.2528801749436
448634.575155,-4781.148028426431,-3742.2528801749436
448643.302712,-4781.148028426431,-3742.2528801749436
448653.427704,-4781.148028426431,-3742.2528801749436
448663.490166,-4781.148028426431,-3742.2528801749436
448673.641488,-4787.091668937691,-3741.289306249686
448683.225557,-4793.083970839048,-3742.8533682840507
448693.56121,-4793.083970839048,-3742.8533682840507
448703.656548,-4793.702665580429,-3747.2197081226795
448713.595801,-4786.9804429171445,-3746.8380025092897
448723.709847,-4782.872031759325,-3741.452229372455
448732.781787,-4782.691289476783,-3741.042594075659
448745.068927,-4795.343249395391,-3734.20447755618
448753.241873,-4796.212202681037,-3730.1593289466173
448763.189289,-4796.024508774874,-3739.3807781620176
448773.274439,-4796.865655557548,-3746.40974742613
448783.603961,-4796.858703933873,-3746.40974742613
448794.345527,-4796.858703933873,-3746.40974742613
448803.924994,-4796.858703933873,-3746.40974742613
448816.407162,-4796.858703933873,-3746.40974742613
448823.252936,-4796.858703933873,-3746.40974742613
448833.257595,-4796.858703933873,-3746.40974742613
448843.754572,-4796.858703933873,-3746.40974742613
448854.15448,-4796.858703933873,-3746.40974742613
448863.392052,-4796.858703933873,-3746.40974742613
448869.219787,-4796.858703933873,-3746.40974742613
448873.654827,-4796.858703933873,-3746.40974742613
448882.745775,-4796.858703933873,-3746.40974742613
448893.243662,-4790.782982523872,-3743.8634916769997
448903.150726,-4805.624704733895,-3722.0736866043703
448913.470622,-4812.910009121012,-3710.091853716613
448923.706234,-4812.910009121012,-3710.091853716613
448933.577175,-4812.910009121012,-3710.091853716613
448943.845067,-4819.778215935778,-3675.4450839193382
448953.686271,-4831.11631846778,-3661.596616351191
448963.984568,-4831.832335973433,-3627.056907691296
448973.137957,-4829.899783857124,-3600.2723398820467
448983.17051,-4829.976251750803,-3597.8936616638484
448993.426404,-4829.976251750803,-3597.8936616638484
449003.142235,-4829.976251750803,-3597.8936616638484
449013.639198,-4829.976251750803,-3597.8936616638484
449017.58441,-4796.858703933873,-3746.40974742613
449023.18413,-4831.519512791119,-3577.0767356548176
449033.324543,-4831.519512791119,-3577.0767356548176
449044.077979,-4831.519512791119,-3577.0767356548176
449053.582274,-4831.519512791119,-3577.0767356548176
449063.459198,-4831.519512791119,-3577.0767356548176
449074.044325,-4831.519512791119,-3577.0767356548176
449083.227078,-4831.519512791119,-3577.0767356548176
449093.152748,-4832.138207532079,-3563.3074000600477
449103.153361,-4798.6939332867905,-3533.3388450845114
449112.789705,-4779.618670631631,-3520.1932716069236
449125.09085,-4805.430059195703,-3528.483734233721
449132.802044,-4806.723061692685,-3528.176507663685
449143.146753,-4806.723061692685,-3528.176507663685
449153.640902,-4806.723061692685,-3528.176507663685
449166.123291,-4806.723061692685,-3528.176507663685
449173.562585,-4806.723061692685,-3528.176507663685
449184.029985,-4806.723061692685,-3528.176507663685
449193.140438,-4806.723061692685,-3528.176507663685
449203.187277,-4858.429258280707,-3555.1146917902342
449213.137623,-4866.576564327543,-3576.317979180581
449223.12179,-4845.735588622466,-3618.3195713869786
449233.284106,-4807.89093491324,-3679.876593465871
449245.209015,-4804.999058360616,-3665.5114268722286
449254.06476,-4815.0650132875935,-3620.4608472106866
449263.529793,-4839.201059881727,-3598.7641368577674
449272.366245,-4796.858703933873,-3746.40974742613
449273.267292,-4839.201059881727,-3598.7641368577674
449282.798697,-4830.3794460743,-3564.48975682155
449295.643438,-4800.292807342704,-3551.5769313735673
450188.330546,-3297.5180102536433,-2963.4565720193464
450188.331329,-3297.5180102536433,-2963.4565720193464
450195.624153,-3314.737189178902,-2965.239418718994
450195.624809,-3314.737189178902,-2965.239418718994
450199.662992,-3315.870304306635,-2963.9406870467487
450209.612974,-3318.4424061216105,-2963.4472621069194
450222.267505,-3318.4424061216105,-2963.4472621069194
450230.548105,-3318.4493577456415,-2962.1438754816477
450240.025739,-3319.5546663693726,-2960.6682556186156
450250.530043,-3319.5546663693726,-2960.6682556186156
450259.680145,-3320.117748121183,-2959.080916894663
450269.724422,-3325.0116931991265,-2962.3486933816457
450279.70051,-3323.8299166875936,-2962.9771119310913
450289.749926,-3326.5340994062294,-2962.7117796523007
450299.826033,-3328.7655715251776,-2969.694207990805
450310.513795,-3330.183703340519,-2972.03099399571
450320.10447,-3330.183703340519,-2972.03099399571
450330.26907,-3330.183703340519,-2972.03099399571
450339.771307,-3334.069662570228,-2969.29853705969
450351.383138,-3333.7707426262164,-2965.8073228980434
450361.948923,-3331.0318017800982,-2960.9149680837295
450369.721848,-3332.9156925627944,-2952.377785573588
450379.707262,-3330.0377191805173,-2954.793705834326
450389.747619,-3330.0377191805173,-2954.793705834326
450399.792311,-3330.0377191805173,-2954.793705834326
450409.987672,-3330.0377191805173,-2954.793705834326
450420.149036,-3330.0377191805173,-2954.793705834326
450430.407148,-3329.975154540391,-2959.6255463051357
450440.75375,-3329.975154540391,-2959.6255463051357
450450.084612,-3327.6185531497736,-2961.9344026324807
450460.794151,-3330.9205757479026,-2964.853057684662
450488.257921,-3335.6963431770123,-2967.808952349419
450488.258635,-3335.6963431770123,-2967.808952349419
450495.644887,-3339.8812223503546,-2968.237207957969
450505.646498,-3346.2002508736537,-2976.1599365596962
450507.94425,-3346.2002508736537,-2976.1599365596962
450515.6456,-3346.2141541215615,-2975.9271889634288
450526.122952,-3346.2141541215615,-2975.9271889634288
450536.586194,-3346.2141541215615,-2975.9271889634288
450546.125666,-3346.2141541215615,-2975.9271889634288
450556.879832,-3346.2141541215615,-2975.9271889634288
450566.145567,-3346.2141541215615,-2975.9271889634288
450576.220775,-3346.2141541215615,-2975.9271889634288
450586.076751,-3346.2141541215615,-2975.9271889634288
450596.139596,-3346.2141541215615,-2975.9271889634288
450606.508952,-3346.2141541215615,-2975.9271889634288
450615.686418,-3346.2141541215615,-2975.9271889634288
450626.079416,-3346.2141541215615,-2975.9271889634288
450636.573723,-3346.2141541215615,-2975.9271889634288
450646.139128,-3346.2141541215615,-2975.9271889634288
450657.056702,-3346.2141541215615,-2975.9271889634288
450666.21088,-3346.2141541215615,-2975.9271889634288
450676.08735,-3346.2141541215615,-2975.9271889634288
450686.043184,-3347.229091592662,-2972.538383779949
450690.112256,-3355.265171865467,-2972.012374183296
450696.068743,-3363.370768401319,-2982.164824812859
450707.458544,-3336.725183904449,-3058.962220044471
450716.516513,-3341.104708621505,-3073.51359841052
450726.79629,-3341.104708621505,-3073.51359841052
450735.618181,-3341.104708621505,-3073.51359841052
450746.0635,-3341.104708621505,-3073.51359841052
450757.330001,-3363.398574905079,-3101.9972456227433
450766.904678,-3458.051921662452,-3132.10546946947
450776.057112,-3512.191188963501,-3256.550917572334
450786.086352,-3477.996138133166,-3320.8776697300946
450804.86653,-3475.0416968702125,-3324.3502621383964
450810.167595,-3475.0416968702125,-3324.3502621383964
450810.16832,-3475.0416968702125,-3324.3502621383964
450904.080234,-3857.1656535497364,-3333.5251677420156
450904.080909,-3857.1656535497364,-3333.5251677420156
450908.431899,-3872.049085816198,-3316.162205736006
450917.78487,-3916.9009797639055,-3260.093334589936
450930.420781,-3961.9266643262044,-3238.429196584986
450937.807877,-3985.6525654054076,-3179.6697571019668
450959.064491,-3998.5478324760174,-3129.5964508645534
450959.324548,-4068.0780001719386,-3179.562693244185
450967.844353,-4151.059564913102,-3228.8912034896352
450977.844759,-4230.1621219723875,-3267.387641316591
450987.853832,-4310.3352293600665,-3298.2127195927133
450998.230271,-4364.648286429425,-3326.8034205784293
451008.235381,-4416.048611977241,-3354.253657678287
451018.765946,-4495.7976698456305,-3391.0649963297456
451039.30259,-4561.497490679754,-3418.6362593247463
451043.378835,-4599.5228868892955,-3433.7648431015377
451043.89147,-4629.428783478382,-3442.618555662114
451043.892103,-4629.428783478382,-3442.618555662114
451047.31697,-4644.993474885153,-3452.74772402859
451057.608066,-4729.782461438014,-3507.783179668408
451067.818979,-4806.013995810128,-3538.948057496416
451078.04258,-4830.782640406045,-3549.970974329722
451088.06024,-4830.782640406045,-3549.970974329722
451097.245917,-4830.782640406045,-3549.970974329722
451107.294413,-4861.668716146709,-3565.2019638387023
451117.684542,-4846.993832983064,-3611.6769613463125
451127.23981,-4812.583282682807,-3677.874966255944
451136.793032,-4803.191635519325,-3699.8835553524173
451137.247394,-4803.191635519325,-3699.8835553524173
451147.213919,-4803.191635519325,-3699.8835553524173
451157.694092,-4803.191635519325,-3699.8835553524173
451167.252058,-4803.191635519325,-3699.8835553524173
451177.711603,-4803.191635519325,-3699.8835553524173
451188.603878,-4803.191635519325,-3699.8835553524173
451198.084508,-4803.191635519325,-3699.8835553524173
451207.233131,-4803.191635519325,-3699.8835553524173
451217.241109,-4803.191635519325,-3699.8835553524173
451227.244364,-4803.191635519325,-3699.8835553524173
451237.663748,-4803.191635519325,-3699.8835553524173
451247.364656,-4803.191635519325,-3699.8835553524173
451257.665734,-4803.191635519325,-3699.8835553524173
451269.234039,-4803.191635519325,-3699.8835553524173
451278.036553,-4803.191635519325,-3699.8835553524173
451287.216259,-4803.191635519325,-3699.8835553524173
451297.660769,-4803.191635519325,-3699.8835553524173
451308.139884,-4803.191635519325,-3699.8835553524173
451318.56172,-4794.828829042638,-3720.002235320385
451327.706122,-4794.828829042638,-3720.002235320385
451337.240897,-4794.828829042638,-3720.002235320385
451347.793856,-4794.828829042638,-3720.002235320385
451357.696429,-4794.828829042638,-3720.002235320385
451367.445156,-4794.828829042638,-3720.002235320385
451377.888328,-4794.828829042638,-3720.002235320385
451387.655796,-4794.828829042638,-3720.002235320385
451397.587366,-4794.828829042638,-3720.002235320385
451408.016372,-4794.828829042638,-3720.002235320385
451417.240847,-4794.828829042638,-3720.002235320385
451428.429808,-4794.828829042638,-3720.002235320385
451437.58842,-4793.0005513214755,-3727.6782423947466
451447.611623,-4793.0005513214755,-3727.6782423947466
451457.316904,-4793.0005513214755,-3727.6782423947466
451467.688615,-4793.0005513214755,-3727.6782423947466
451479.247579,-4793.0005513214755,-3727.6782423947466
451488.370261,-4793.0005513214755,-3727.6782423947466
451497.790089,-4793.0005513214755,-3727.6782423947466
451508.18715,-4793.0005513214755,-3727.6782423947466
451518.090203,-4793.0005513214755,-3727.6782423947466
451528.19951,-4793.0005513214755,-3727.6782423947466
451539.416385,-4793.0005513214755,-3727.6782423947466
451551.527845,-4793.0005513214755,-3727.6782423947466
451557.782768,-4793.0005513214755,-3727.6782423947466
451569.270344,-4793.0005513214755,-3727.6782423947466
451577.294464,-4793.0005513214755,-3727.6782423947466
451587.759259,-4793.0005513214755,-3727.6782423947466
451598.144487,-4793.0005513214755,-3727.6782423947466
451610.475247,-4793.0005513214755,-3727.6782423947466
451618.66547,-4790.421497950458,-3725.0388876380784
451627.743255,-4791.943904121191,-3721.9061085206354
451638.608946,-4791.943904121191,-3721.9061085206354
451648.767544,-4787.480960014242,-3725.9000527665235
451659.601901,-4787.480960014242,-3725.9000527665235
451668.502827,-4787.480960014242,-3725.9000527665235
451690.537613,-4790.039158506012,-3740.414176295285
451699.379283,-4789.5386414089435,-3742.550796762989
451699.379824,-4789.5386414089435,-3742.550796762989
451706.114332,-4789.5386414089435,-3742.550796762989
451713.327713,-4789.427415388253,-3743.453856382045
451724.896026,-4784.700309480921,-3742.653205581385
451732.302402,-4784.700309480921,-3742.653205581385
451747.277012,-4784.700309480921,-3742.653205581385
451752.41292,-4784.700309480921,-3742.653205581385
451762.39993,-4784.700309480921,-3742.653205581385
451772.443828,-4784.964471281038,-3739.6181804354687
451782.396017,-4785.152165195647,-3736.4760915006186
451792.647905,-4785.103503813103,-3736.3597178350406
451804.285883,-4785.103503813103,-3736.3597178350406
451814.665687,-4774.474467151808,-3732.1935406286157
451822.028894,-4774.474467151808,-3732.1935406286157
451838.661923,-4774.474467151808,-3732.1935406286157
451842.545861,-4774.474467151808,-3732.1935406286157
451852.623297,-4774.474467151808,-3732.1935406286157
451864.655641,-4774.474467151808,-3732.1935406286157
451884.164499,-4774.474467151808,-3732.1935406286157
451884.165071,-4774.474467151808,-3732.1935406286157
451887.232682,-4774.474467151808,-3732.1935406286157
451897.197142,-4774.474467151808,-3732.1935406286157
451908.136857,-4774.474467151808,-3732.1935406286157
451917.881084,-4774.474467151808,-3732.1935406286157
451927.924736,-4774.474467151808,-3732.1935406286157
451944.170379,-4774.474467151808,-3732.1935406286157
451944.935607,-4774.474467151808,-3732.1935406286157
451947.169111,-4774.474467151808,-3732.1935406286157
451959.276272,-4771.019508861439,-3734.20447755618
451979.03047,-4695.677782602235,-3758.526573079868
451979.031074,-4695.677782602235,-3758.526573079868
452005.836544,-4607.684096232911,-3752.563586687988
452005.837236,-4607.684096232911,-3752.563586687988
452007.871728,-4607.684096232911,-3752.563586687988
452017.882233,-4579.036443997332,-3724.545463288299
452028.31894,-4555.748495676693,-3726.2352089337533
452042.639487,-4472.697415389165,-3721.3987193344956
452042.640133,-4472.697415389165,-3721.3987193344956
452045.563854,-4467.024888260925,-3727.7992710048
452057.921924,-4413.094170760105,-3762.450692893442
452071.170494,-4399.100546839788,-3764.6524825450206
452075.849886,-4396.62576784363,-3774.097368664966
452085.954348,-4407.588482660899,-3791.525487404779
452096.717332,-4439.955255124854,-3808.297258265823
452105.535368,-4451.001389449958,-3812.8730702256125
452115.867809,-4451.001389449958,-3812.8730702256125
452125.864501,-4451.001389449958,-3812.8730702256125
452135.525231,-4451.001389449958,-3812.8730702256125
452147.700323,-4451.001389449958,-3812.8730702256125
452160.749887,-4447.6715604115225,-3813.16167688045
452160.76511,-4774.474467151808,-3732.1935406286157
452165.489876,-4448.373674676014,-3819.5436078402395
452179.8495,-4452.829667185405,-3814.3859276864005
452189.735822,-4454.442444509833,-3815.6101784796915
452197.182564,-4454.442444509833,-3815.6101784796915
452207.101618,-4454.442444509833,-3815.6101784796915
452216.008262,-4454.442444509833,-3815.6101784796915
452229.253834,-4454.442444509833,-3815.6101784796915
452236.04349,-4454.442444509833,-3815.6101784796915
452248.312132,-4454.442444509833,-3815.6101784796915
452256.226351,-4454.442444509833,-3815.6101784796915
452269.064158,-4454.442444509833,-3815.6101784796915
452276.609893,-4462.0753302758385,-3817.58853053352
452286.8191,-4462.0753302758385,-3817.58853053352
452295.984412,-4456.340238507498,-3825.832439828966
452306.26784,-4457.028449524392,-3815.721897184707
452322.29757,-4457.028449524392,-3815.721897184707
452326.07025,-4457.028449524392,-3815.721897184707
452336.041101,-4457.028449524392,-3815.721897184707
452346.065786,-4457.028449524392,-3815.721897184707
452357.875915,-4457.028449524392,-3815.721897184707
452366.320541,-4457.028449524392,-3815.721897184707
452375.505045,-4447.177994934125,-3802.7439075974507
452385.502615,-4459.982890738682,-3797.260381068644
452395.502345,-4459.982890738682,-3797.260381068644
452407.621558,-4459.982890738682,-3797.260381068644
452416.655831,-4489.562060981056,-3790.329166232591
452427.040036,-4513.378332948041,-3807.9900318316886
452436.041813,-4562.540234638242,-3797.7724251499067
452450.068538,-4611.146006160076,-3781.11702765669
452450.078266,-4774.474467151808,-3732.1935406286157
452455.493451,-4607.114062871455,-3740.4188312396523
452466.01069,-4619.620038693649,-3709.8823811127113
452479.157506,-4642.928841859814,-3711.693155399576
452487.301143,-4677.826006139779,-3748.0250138629312
452498.001456,-4694.704554908901,-3805.5741148252396
453498.957831,-4201.980228469394,-4219.71522248413
453498.958635,-4201.980228469394,-4219.71522248413
453505.597793,-4284.273581961644,-4233.279726369483
453505.59853,-4284.273581961644,-4233.279726369483
453509.45696,-4316.5430317373175,-4234.150200703733
453519.451665,-4383.320354928054,-4235.844599922941
453529.456902,-4382.666902045409,-4234.657589480342
453541.861797,-4397.1401882010405,-4232.953880365382
453551.320902,-4485.592682319993,-4217.373786127541
453562.011093,-4602.108891895456,-4171.625004080472
453569.891443,-4631.618545781258,-4170.745219779045
453579.423557,-4643.797795156949,-4160.685887002594
453589.437023,-4664.631819328881,-4113.903703339855
453600.28067,-4675.32342065591,-4049.549101789608
453609.886201,-4689.727190446154,-3978.3982743273814
453620.268996,-4693.925972762499,-3843.5957132435083
453630.71109,-4696.018412288578,-3756.7251088063313
453639.855201,-4749.601548125897,-3739.920751958326
453642.393624,-4773.744546381168,-3740.1116047611836
453649.413578,-4800.216339448824,-3743.789012538958
453659.478437,-4797.268849889613,-3755.254145731708
453670.631406,-4793.250809865941,-3755.1191522911336
453680.027184,-4790.310271929772,-3731.825799839539
453690.212084,-4790.894208544556,-3730.55034446991
453700.968266,-4790.894208544556,-3730.55034446991
453709.829692,-4790.894208544556,-3730.55034446991
453720.054906,-4784.067711483655,-3719.196929544932
453729.845464,-4784.067711483655,-3719.196929544932
453739.887753,-4784.067711483655,-3719.196929544932
453750.394922,-4784.067711483655,-3719.196929544932
453760.292503,-4784.067711483655,-3719.196929544932
453769.797456,-4784.067711483655,-3719.196929544932
453780.716251,-4767.7035831029025,-3728.1437370591275
453789.951015,-4762.656702378385,-3728.9257680890137
453800.064038,-4762.656702378385,-3728.9257680890137
453809.457211,-4762.656702378385,-3728.9257680890137
453820.024089,-4762.656702378385,-3728.9257680890137
453830.094962,-4762.656702378385,-3728.9257680890137
453839.985619,-4762.656702378385,-3728.9257680890137
453850.205458,-4762.656702378385,-3728.9257680890137
453860.345649,-4762.656702378385,-3728.9257680890137
453861.80789,-4762.656702378385,-3728.9257680890137
453869.454161,-4762.656702378385,-3728.9257680890137
453880.118409,-4737.345830894352,-3730.527069734898
453891.449821,-4696.71357492543,-3774.204432433688
455336.795713,-4378.017461105815,-4177.4265411236365
455336.79644,-4378.017461105815,-4177.4265411236365
455345.171288,-4452.9756513422535,-4222.647836596525
455345.17192,-4452.9756513422535,-4222.647836596525
455360.677224,-4595.643879379697,-4182.457057270887
455360.67794,-4595.643879379697,-4182.457057270887
455363.46579,-4619.279408998311,-4178.0814105401205
455363.471172,-4619.279408998311,-4178.0814105401205
455373.556642,-4634.420051203852,-4174.562273356524
455383.52275,-4646.342090401636,-4156.00766879477
455393.505553,-4660.453891897437,-4110.161128503674
455403.505199,-4678.95216961329,-4021.749773879103
455413.046323,-4692.876277183451,-3948.8207543036
455424.029615,-4697.506060327567,-3872.1026006726147
455433.109596,-4709.156986083551,-3781.494078304954
455443.012461,-4735.239488114521,-3736.9043465789027
455453.549331,-4791.85353297994,-3738.217041516614
455463.020723,-4813.222832303319,-3695.116889762737
455473.046039,-4819.395876483345,-3698.4684515096797
455484.153386,-4815.190142555562,-3705.4881113365677
455493.896385,-4815.190142555562,-3705.4881113365677
455504.942966,-4815.190142555562,-3705.4881113365677
455513.119898,-4815.190142555562,-3705.4881113365677
455525.104104,-4815.190142555562,-3705.4881113365677
455533.52927,-4815.190142555562,-3705.4881113365677
455543.49358,-4815.190142555562,-3705.4881113365677
455553.446004,-4815.190142555562,-3705.4881113365677
455563.430627,-4815.190142555562,-3705.4881113365677
455573.658507,-4815.190142555562,-3705.4881113365677
455584.239189,-4815.190142555562,-3705.4881113365677
455593.129118,-4815.190142555562,-3705.4881113365677
455603.039266,-4815.190142555562,-3705.4881113365677
455613.916909,-4815.190142555562,-3705.4881113365677
455623.087162,-4815.190142555562,-3705.4881113365677
455633.045319,-4815.190142555562,-3705.4881113365677
455644.862083,-4815.190142555562,-3705.4881113365677
455653.593152,-4815.190142555562,-3705.4881113365677
455663.617885,-4815.190142555562,-3705.4881113365677
455674.981098,-4815.190142555562,-3705.4881113365677
455683.48795,-4815.190142555562,-3705.4881113365677
455694.164254,-4815.190142555562,-3705.4881113365677
455703.413001,-4805.589946598724,-3717.9494038196162
455713.046097,-4805.589946598724,-3717.9494038196162
455725.631645,-4805.589946598724,-3717.9494038196162
455733.639977,-4805.589946598724,-3717.9494038196162
455743.455937,-4805.589946598724,-3717.9494038196162
455745.027412,-4805.589946598724,-3717.9494038196162
455753.428203,-4805.589946598724,-3717.9494038196162
455763.461228,-4791.6519358096075,-3730.527069734898
455773.446307,-4791.832678100508,-3732.1423362124715
455783.582317,-4790.581385361935,-3740.260563061885
455793.549018,-4790.657853247434,-3748.8396295025577
455803.927741,-4790.657853247434,-3748.8396295025577
455813.023552,-4790.657853247434,-3748.8396295025577
455825.02774,-4790.657853247434,-3748.8396295025577
455833.035759,-4790.657853247434,-3748.8396295025577
455843.82504,-4790.657853247434,-3748.8396295025577
455855.327882,-4790.657853247434,-3748.8396295025577
455863.492944,-4790.657853247434,-3748.8396295025577
455873.441376,-4790.657853247434,-3748.8396295025577
455883.507848,-4790.657853247434,-3748.8396295025577
455893.442444,-4792.6390667480855,-3753.187349510475
455903.930487,-4784.533470454141,-3750.8784960577063
455914.047062,-4784.533470454141,-3750.8784960577063
455925.655195,-4784.533470454141,-3750.8784960577063
455933.940002,-4785.826472951618,-3744.845685400177
455944.022709,-4785.882085957838,-3744.282436873324
455953.119911,-4785.882085957838,-3744.282436873324
455965.504096,-4785.882085957838,-3744.282436873324
455973.114858,-4785.882085957838,-3744.282436873324
455983.524612,-4785.882085957838,-3744.282436873324
455993.606256,-4775.7535663939825,-3740.376936726914
456006.546678,-4774.502273654931,-3740.288492741522
456013.570293,-4774.502273654931,-3740.288492741522
456023.470488,-4763.400526396727,-3739.0595868478263
456033.914896,-4763.400526396727,-3739.0595868478263
456044.051649,-4763.400526396727,-3739.0595868478263
456053.982654,-4763.400526396727,-3739.0595868478263
456064.408337,-4763.400526396727,-3739.0595868478263
456073.101107,-4763.400526396727,-3739.0595868478263
456083.485141,-4763.400526396727,-3739.0595868478263
456093.048059,-4763.400526396727,-3739.0595868478263
456103.515652,-4763.400526396727,-3739.0595868478263
456113.491657,-4763.400526396727,-3739.0595868478263
456123.647832,-4761.023070194236,-3735.847673704514
456133.925156,-4757.860080214437,-3741.3265458180413
456143.909389,-4755.225413826764,-3747.8667456867447
456153.674252,-4755.141994317368,-3749.5099417995802
456163.904009,-4755.141994317368,-3749.5099417995802
456173.912876,-4755.141994317368,-3749.5099417995802
456184.55188,-4755.141994317368,-3749.5099417995802
456193.616958,-4755.141994317368,-3749.5099417995802
456203.10641,-4755.141994317368,-3749.5099417995802
456213.046646,-4755.141994317368,-3749.5099417995802
456223.837012,-4755.141994317368,-3749.5099417995802
456233.618337,-4755.141994317368,-3749.5099417995802
456243.83441,-4755.141994317368,-3749.5099417995802
456253.983875,-4755.141994317368,-3749.5099417995802
456263.878741,-4755.141994317368,-3749.5099417995802
456274.022894,-4755.141994317368,-3749.5099417995802
456283.866261,-4755.141994317368,-3749.5099417995802
456294.526411,-4755.141994317368,-3749.5099417995802
456303.492866,-4755.141994317368,-3749.5099417995802
456313.512071,-4755.141994317368,-3749.5099417995802
456323.148414,-4755.141994317368,-3749.5099417995802
456333.140138,-4755.141994317368,-3749.5099417995802
456343.674723,-4755.141994317368,-3749.5099417995802
456353.939655,-4743.929021033301,-3749.747344068811
456363.507935,-4730.950334660689,-3744.892234858959
456376.054758,-4730.950334660689,-3744.892234858959
456380.83403,-4730.950334660689,-3744.892234858959
456383.01241,-4730.950334660689,-3744.892234858959
456393.479933,-4729.6364772820825,-3747.256947691998
456404.382745,-4695.761202119997,-3754.3278113944966
456413.812152,-4683.2065649370425,-3777.4722047291602
456888.983672,-3125.3003253994566,-2656.192540584947
456888.984327,-3125.3003253994566,-2656.192540584947
456896.148852,-3140.028910848117,-2818.63633622675
456896.149523,-3140.028910848117,-2818.63633622675
456902.672665,-3133.7724469522245,-2837.8519831855006
456902.729758,-3133.7724469522245,-2837.8519831855006
456912.758755,-3137.5888899300635,-2900.4983397884644
456923.072379,-3254.5361033591016,-2944.2409288591894
456933.355243,-3316.5098539463847,-2964.1315400942012
456943.285944,-3320.2567806490756,-2966.2076487821014
456953.91668,-3320.2567806490756,-2966.2076487821014
456963.314419,-3320.2567806490756,-2966.2076487821014
456972.920839,-3320.2567806490756,-2966.2076487821014
456982.906126,-3320.2567806490756,-2966.2076487821014
456992.923766,-3320.2567806490756,-2966.2076487821014
457003.026313,-3320.2567806490756,-2966.2076487821014
457012.941857,-3320.2567806490756,-2966.2076487821014
457022.5025,-3320.2567806490756,-2966.2076487821014
457028.863857,-3320.2567806490756,-2966.2076487821014
457033.217648,-3320.2567806490756,-2966.2076487821014
457043.464407,-3320.2567806490756,-2966.2076487821014
457052.440386,-3324.511176087202,-2968.260482711069
457062.823558,-3324.511176087202,-2968.260482711069
457072.891423,-3324.511176087202,-2968.260482711069
457082.825818,-3324.511176087202,-2968.260482711069
457092.91552,-3324.511176087202,-2968.260482711069
457103.322982,-3324.511176087202,-2968.260482711069
457115.108311,-3324.511176087202,-2968.260482711069
457123.323558,-3324.511176087202,-2968.260482711069
457133.475261,-3324.511176087202,-2968.260482711069
457142.409571,-3328.3832320695096,-2972.2078821774144
457153.541975,-3328.3832320695096,-2972.2078821774144
457162.917891,-3328.3832320695096,-2972.2078821774144
457172.438908,-3328.3832320695096,-2972.2078821774144
457182.432919,-3328.3832320695096,-2972.2078821774144
457192.437546,-3328.3832320695096,-2972.2078821774144
457202.88794,-3328.3832320695096,-2972.2078821774144
457212.895751,-3337.705363247908,-2974.758795968285
457222.4112,-3337.705363247908,-2974.758795968285
457234.186404,-3337.705363247908,-2974.758795968285
457243.260527,-3337.705363247908,-2974.758795968285
457253.355512,-3337.705363247908,-2974.758795968285
457262.438866,-3337.705363247908,-2974.758795968285
457273.852285,-3337.705363247908,-2974.758795968285
457285.503312,-3337.705363247908,-2974.758795968285
457292.437188,-3337.705363247908,-2974.758795968285
457302.901792,-3337.705363247908,-2974.758795968285
457313.61807,-3337.705363247908,-2974.758795968285
457322.89678,-3337.705363247908,-2974.758795968285
457333.353823,-3337.705363247908,-2974.758795968285
457342.746308,-3337.705363247908,-2974.758795968285
457342.991153,-3337.705363247908,-2974.758795968285
457352.429705,-3337.705363247908,-2974.758795968285
457363.676646,-3337.705363247908,-2974.758795968285
457373.366253,-3340.4164975980557,-2976.4066490312134
457382.837614,-3352.317682220417,-3008.3954794028764
457395.416424,-3369.5021030023395,-3038.8202443902683
457402.87576,-3391.1425163804256,-3046.9431350458976
457412.838329,-3407.944597687639,-3071.57713860886
457422.783468,-3439.9637894521325,-3086.2402355114473
457432.83423,-3485.100700439302,-3116.4322492262077
457442.870372,-3512.1216726916014,-3096.8349046862336
457452.799975,-3529.0627864996927,-3050.16436157044
457463.271209,-3541.867682528048,-3002.236977986036
457473.296122,-3562.958917356931,-2946.321692571461
457482.435994,-3633.5109747225565,-2974.642422163543
457492.879142,-3685.4465762544864,-3027.1223506838437
457502.4302,-3678.9746119935635,-3089.8012732874763
457510.98854,-3337.705363247908,-2974.758795968285
457512.42662,-3651.2028641536263,-3075.9993424770387
457523.100187,-3651.140299513994,-3075.20800073634
457532.988325,-3651.140299513994,-3075.20800073634
457542.848572,-3651.140299513994,-3075.20800073634
457553.854037,-3651.140299513994,-3075.20800073634
457563.230011,-3651.140299513994,-3075.20800073634
457573.330053,-3651.140299513994,-3075.20800073634
457583.160619,-3642.0475720565555,-3079.1041950592207
457592.848806,-3589.2499687921677,-3061.685366693867
457597.336899,-3337.705363247908,-2974.758795968285
457602.405843,-3536.375897590685,-3041.3432282029344
457615.506181,-3536.688720781385,-2994.4445883496287
458581.63987,-5381.5363697297935,-4249.045295096794
458581.640565,-5381.5363697297935,-4249.045295096794
458589.409678,-5381.5363697297935,-4249.045295096794
458589.410205,-5381.5363697297935,-4249.045295096794
458612.090377,-5077.030098903773,-4607.932698848229
458612.095789,-5077.030098903773,-4607.932698848229
458622.638707,-5041.945241045139,-4648.379472968095
458624.381185,-5041.945241045139,-4648.379472968095
458632.127233,-5041.945241045139,-4648.379472968095
458642.087972,-5041.945241045139,-4648.379472968095
458652.078746,-5041.945241045139,-4648.379472968095
458664.513688,-5041.945241045139,-4648.379472968095
458672.088017,-5041.945241045139,-4648.379472968095
458682.082884,-5041.945241045139,-4648.379472968095
458693.658495,-5041.945241045139,-4648.379472968095
458702.4957,-5041.945241045139,-4648.379472968095
458712.240566,-5041.945241045139,-4648.379472968095
458722.018689,-5041.945241045139,-4648.379472968095
458732.499402,-5041.945241045139,-4648.379472968095
458741.98616,-5041.945241045139,-4648.379472968095
458752.630954,-5041.945241045139,-4648.379472968095
458762.808887,-5041.945241045139,-4648.379472968095
458773.411622,-5041.945241045139,-4648.379472968095
458782.44697,-5041.945241045139,-4648.379472968095
458792.470043,-5041.945241045139,-4648.379472968095
458802.383575,-5041.945241045139,-4648.379472968095
458812.447595,-5041.945241045139,-4648.379472968095
458822.445646,-5041.945241045139,-4648.379472968095
458832.445632,-5041.945241045139,-4648.379472968095
458842.01896,-5038.691879946164,-4652.382721270006
458852.394936,-5038.691879946164,-4652.382721270006
458864.474079,-5038.691879946164,-4652.382721270006
458874.15274,-5038.691879946164,-4652.382721270006
458882.460559,-5038.691879946164,-4652.382721270006
458892.525194,-5038.691879946164,-4652.382721270006
458902.452325,-5038.691879946164,-4652.382721270006
458912.500547,-5038.691879946164,-4652.382721270006
458922.475302,-5038.691879946164,-4652.382721270006
458932.439835,-5038.691879946164,-4652.382721270006
458943.070672,-5029.147297055835,-4662.037066498295
458952.041603,-5029.147297055835,-4662.037066498295
458962.111539,-5029.147297055835,-4662.037066498295
458975.30702,-5029.147297055835,-4662.037066498295
458982.084183,-5029.147297055835,-4662.037066498295
458994.559489,-5029.147297055835,-4662.037066498295
459002.479371,-5029.147297055835,-4662.037066498295
459012.454238,-5029.147297055835,-4662.037066498295
459024.951178,-5029.147297055835,-4662.037066498295
459033.007532,-5029.147297055835,-4662.037066498295
459043.354333,-5029.147297055835,-4662.037066498295
459052.42316,-5029.147297055835,-4662.037066498295
459062.861891,-5029.147297055835,-4662.037066498295
459072.889658,-5029.147297055835,-4662.037066498295
459082.028308,-5029.147297055835,-4662.037066498295
459093.024638,-5029.147297055835,-4662.037066498295
459102.007442,-5029.147297055835,-4662.037066498295
459112.018188,-5029.147297055835,-4662.037066498295
459122.388313,-5029.147297055835,-4662.037066498295
459132.40484,-5029.147297055835,-4662.037066498295
459142.370372,-5029.147297055835,-4662.037066498295
459154.178136,-5029.147297055835,-4662.037066498295
459162.885723,-5029.147297055835,-4662.037066498295
459172.757504,-5029.147297055835,-4662.037066498295
459182.624251,-5029.147297055835,-4662.037066498295
459192.438759,-5029.147297055835,-4662.037066498295
459202.016564,-5029.147297055835,-4662.037066498295
459214.584298,-5029.147297055835,-4662.037066498295
459222.008654,-5029.147297055835,-4662.037066498295
459232.008587,-5029.147297055835,-4662.037066498295
459242.411739,-5029.147297055835,-4662.037066498295
459245.938639,-5025.991258720195,-4663.121667473295
459252.368639,-5024.065658236666,-4663.242695905998
459262.459095,-5038.747492960292,-4692.680534493644
459273.660514,-5070.064569367793,-4689.328977989464
460708.160157,-7042.463342600687,-3685.4439100544596
460708.160912,-7042.463342600687,-3685.4439100544596
460716.046675,-7003.249221032465,-3737.551384152567
460716.04738,-7003.249221032465,-3737.551384152567
460728.443089,-6880.351426819593,-3848.613744794614
460728.44368,-6880.351426819593,-3848.613744794614
460739.785629,-6846.052104556081,-3849.1816481742144
460739.792635,-6846.052104556081,-3849.1816481742144
460746.408715,-6678.371935303311,-3826.1722508743514
460746.409454,-6678.371935303311,-3826.1722508743514
460753.623565,-6545.602830854079,-3818.0167855579493
460753.624148,-6545.602830854079,-3818.0167855579493
460756.835848,-6504.12247855327,-3816.4154841431864
460766.961944,-6424.394279895395,-3824.212518634664
460777.322632,-6422.614663637199,-3825.432114473985
460787.33133,-6422.614663637199,-3825.432114473985
460797.703267,-6422.614663637199,-3825.432114473985
460807.312424,-6371.130921325993,-3824.2869977750706
460817.200899,-6332.4729289670195,-3805.080690538196
460827.24723,-6331.2563944150215,-3804.466237655959
460837.848671,-6208.462871889291,-3760.3280373385733
460846.840781,-6074.352101639299,-3772.444862726907
460866.536754,-6074.352101639299,-3772.444862726907
460866.872407,-5743.4616497732095,-3841.1285919652746
460876.90148,-5564.561550169918,-3821.615058799903
460887.779155,-5518.5070266207995,-3816.4573786524293
460896.86264,-5501.301751769712,-3815.1074443123516
460908.310701,-5409.6723666575635,-3806.4166600563426
460918.230387,-5372.335182209011,-3802.23651847637
460927.239104,-5339.2523929782055,-3808.762752874431
460937.931824,-5328.275775151201,-3819.8554892234156
460947.197739,-5292.467948389335,-3863.942481001679
460958.210123,-5219.295130492574,-3934.8885036903025
460966.825054,-5148.750027179682,-3998.9917498450495
460980.262018,-5071.00999054099,-4045.299137634942
460986.847059,-4975.3903709207425,-4077.4322174764793
460997.231461,-4818.478261807275,-4125.78777479987
461007.724444,-4731.423045255444,-4164.014171574888
461016.854031,-4646.036218841662,-4177.997621558215
461029.730996,-4654.76050991373,-4174.953288596775
461037.227163,-4677.235117899752,-4111.245730420464
461047.479506,-4688.3090586772805,-4001.5938638985117
461064.70695,-4700.620388929186,-3797.362789889925
461065.037052,-4700.620388929186,-3797.362789889925
462557.522068,-2510.8510917778694,-1759.9733891104418
462557.522752,-2510.8510917778694,-1759.9733891104418
462563.829406,-2541.5772814147895,-1794.4340648879324
462563.830127,-2541.5772814147895,-1794.4340648879324
462575.733274,-2602.077287803082,-1858.2070247500833
462575.742174,-2602.077287803082,-1858.2070247500833
462586.11802,-2646.129745604952,-1904.9288599680629
462596.910569,-2720.3661660704665,-1967.4635894973949
462606.579918,-2772.7605757173505,-2011.7834577310934
462616.627702,-2781.9575776929973,-2101.1726332508306
462627.052489,-2761.346004850639,-2156.2268257531923
462636.101625,-2760.344970618442,-2152.814741417523
462646.106925,-2760.344970618442,-2152.814741417523
462656.144309,-2760.344970618442,-2152.814741417523
462666.222581,-2750.2720636890867,-2212.2166600076166
462675.741068,-2732.413334964924,-2329.0653986252073
462685.724909,-2733.164110635048,-2416.397038860094
462696.933181,-2793.886568920155,-2412.4123963039588
462708.244106,-2808.165209939076,-2385.381064605235
462716.697964,-2810.3480206829727,-2384.5152426936943
462726.508576,-2812.2388631210047,-2382.7882538450426
462736.991926,-2817.0285338357835,-2329.042123849727
462746.123085,-2832.315160705258,-2224.263690538666
462756.142173,-2872.481659104506,-2171.029592528911
462767.252829,-2915.5886955302944,-2147.5406737712233
462776.145698,-2998.1045029557517,-2083.227767750293
462786.171586,-3004.0203371670655,-2078.130587958223
462796.488345,-3001.0658958734325,-2049.8377481700063
462806.104024,-2914.038482801187,-1959.3499949721436
462816.15502,-2850.5006158467513,-1887.9242908603353
462828.667417,-2805.349801166108,-1800.392414692561
462836.72415,-2737.2308121973697,-1698.8258176815668
462847.021949,-2682.2156393016326,-1633.42360513789
462856.103124,-2669.528920753232,-1619.9102503522615
462865.778478,-2590.384651851934,-1548.8615600770167
462875.689785,-2558.0526364887314,-1498.6857161628236
462885.689737,-2532.7765221264954,-1465.8449515467069
462895.853462,-2490.135244461501,-1409.7479873816237
462906.3151,-2515.550391374944,-1385.3047729156929
462916.631113,-2588.5633256811666,-1325.0229887937105
462926.516757,-2695.771311167495,-1215.9944068932275
462935.716881,-2729.17387696948,-1182.2226346084012
462946.497402,-2757.6964008851032,-1209.6031398634982
462957.20154,-2788.54771970379,-1205.5579751855546
462966.150835,-2788.54771970379,-1205.5579751855546
462976.161452,-2788.54771970379,-1205.5579751855546
462985.733977,-2843.437763238574,-1163.9053459237873
462996.310526,-2808.6587754225866,-1134.765261689725
463006.230854,-2749.4656750024064,-1182.8045052719965
463016.655375,-2672.2331034980966,-1241.0474282713135
463026.553741,-2577.969046731323,-1341.6970705013389
463035.718251,-2498.379873628069,-1411.2934352959005
463046.102756,-2512.9713378978345,-1450.814075152231
463055.727548,-2585.3655774401345,-1543.9459195416068
463074.299398,-2637.544486754651,-1602.235359071025
463075.724275,-2640.255621124603,-1604.786278359756
463086.220392,-2640.255621124603,-1604.786278359756
463099.330843,-2644.7741784158925,-1640.4107030423343
463106.073476,-2592.9011406857217,-1696.6379857755835
463117.154116,-2592.9011406857217,-1696.6379857755835
463126.640793,-2592.9011406857217,-1696.6379857755835
463136.492479,-2570.934000601579,-1722.5847407776191
463151.869713,-2533.638523823948,-1777.6622408827761
463155.713484,-2534.8063970926846,-1779.6824939250416
463175.129369,-2538.1431778734836,-1791.3292060313431
463175.750667,-2551.6710432603745,-1814.794863136409
463185.740409,-2622.1883435804402,-1882.5291920657783
463196.194831,-2728.25626225762,-1979.743372641059
463207.427394,-2766.7543703335964,-2006.6164529823047
463216.193673,-2766.7543703335964,-2006.6164529823047
463226.225629,-2766.7543703335964,-2006.6164529823047
463236.911119,-2777.445972033809,-2032.349067203437
463246.525506,-2756.931721958948,-2137.4952738540123
463258.413729,-2731.7042690467056,-2300.772570021139
463266.167784,-2714.9299940715314,-2358.8990166465333
463276.100949,-2714.9299940715314,-2358.8990166465333
463286.925422,-2714.9299940715314,-2358.8990166465333
463295.799204,-2703.4737134355546,-2430.724994051291
463305.788242,-2688.8127329452636,-2516.4041111011097
463316.213151,-2682.688349905744,-2525.513858993846
463326.268977,-2682.688349905744,-2525.513858993846
463336.335647,-2682.688349905744,-2525.513858993846
463346.668294,-2697.9958316833113,-2551.283691857514
463356.609575,-2697.9958316833113,-2551.283691857514
463367.439203,-2697.9958316833113,-2551.283691857514
463376.192982,-2708.819514290436,-2549.2029268492593
464480.724957,-288.3536630535609,-2852.444815502702
464480.725694,-288.3536630535609,-2852.444815502702
464487.551299,-535.4768547995056,-2776.6998605220538
464487.551958,-535.4768547995056,-2776.6998605220538
464498.248307,-535.4768547995056,-2776.6998605220538
464498.257174,-535.4768547995056,-2776.6998605220538
464509.696431,-666.0145013012543,-2750.2969630757952
464518.230663,-776.6565920998307,-2735.4430053077276
464528.269895,-908.9669033105301,-2695.596598553463
464539.444089,-1003.3282842486673,-2665.814200836192
464549.809332,-1015.305937060327,-2665.562833303356
464558.750481,-1015.305937060327,-2665.562833303356
464569.141844,-1020.4084310643184,-2665.762996333877
464578.690535,-1100.783139024554,-2635.6780251834075
464588.658552,-1169.9726795913778,-2604.657406665247
464598.786504,-1255.9225920920649,-2580.5354300551844
464608.231943,-1333.871182223511,-2583.109620194959
464626.733204,-1337.3817537021919,-2583.202719294739
464628.303442,-1383.77691024869,-2592.70813739583
464639.74513,-1481.7531368000787,-2628.5000850736706
464649.041864,-1626.173181130094,-2683.1632157407275
464659.566881,-1699.9299401676856,-2712.37305328694
464668.288658,-1817.0857044518252,-2756.1901345693736
464678.708017,-1997.8627557781156,-2817.3981186478595
464688.294681,-2114.6153253909074,-2857.8915562476723
464698.265713,-2148.226440220422,-2865.5489539058804
464708.631802,-2148.226440220422,-2865.5489539058804
464718.621444,-2153.0369658628665,-2865.0182892697394
464731.086618,-2239.264942719624,-2861.722582563441
464738.335304,-2368.162003747825,-2789.398573843518
464748.717077,-2384.1715998664113,-2768.53972678541
464760.237662,-2384.1715998664113,-2768.53972678541
464768.781136,-2384.1715998664113,-2768.53972678541
464778.923185,-2438.7071107318184,-2711.7446344895793
464788.615006,-2550.1764435402247,-2636.315753959967
464798.273834,-2645.1982276441754,-2568.604780156074
464798.886942,-2645.1982276441754,-2568.604780156074
464808.321708,-2661.284291604514,-2584.3943877737056
464818.749214,-2660.1789829700238,-2584.864538230373
464828.285272,-2660.1789829700238,-2584.864538230373
464838.721274,-2660.1789829700238,-2584.864538230373
464849.176344,-2660.1789829700238,-2584.864538230373
464858.253499,-2660.1789829700238,-2584.864538230373
464870.673281,-2660.1789829700238,-2584.864538230373
464878.259466,-2660.1789829700238,-2584.864538230373
464888.736294,-2660.1789829700238,-2584.864538230373
464898.715873,-2660.1789829700238,-2584.864538230373
464908.716977,-2660.1789829700238,-2584.864538230373
464918.719896,-2660.1789829700238,-2584.864538230373
464928.877277,-2660.1789829700238,-2584.864538230373
464940.778416,-2660.1789829700238,-2584.864538230373
464949.172846,-2660.1789829700238,-2584.864538230373
464959.096721,-2660.1789829700238,-2584.864538230373
464969.214067,-2660.1789829700238,-2584.864538230373
464978.290939,-2660.1789829700238,-2584.864538230373
464990.775428,-2660.1789829700238,-2584.864538230373
464998.273063,-2660.1789829700238,-2584.864538230373
465008.713744,-2660.1789829700238,-2584.864538230373
465018.713937,-2660.1789829700238,-2584.864538230373
465028.81397,-2660.1789829700238,-2584.864538230373
465038.763044,-2662.2019063089415,-2584.222154448125
465049.136619,-2662.2019063089415,-2584.222154448125
465059.097916,-2662.2019063089415,-2584.222154448125
465069.318246,-2662.2019063089415,-2584.222154448125
465079.115374,-2662.2019063089415,-2584.222154448125
465089.176725,-2662.2019063089415,-2584.222154448125
465099.892948,-2662.2019063089415,-2584.222154448125
465108.262432,-2660.394483396023,-2583.305128299723
465118.27378,-2660.387531772073,-2583.305128299723
465128.705989,-2665.3718480425864,-2583.807863440569
465138.698232,-2665.2814768977933,-2583.8544129959223
465148.793013,-2665.2814768977933,-2583.8544129959223
465159.099851,-2665.2814768977933,-2583.8544129959223
465169.171378,-2665.6082033488206,-2584.3804229139587
465179.025971,-2665.6082033488206,-2584.3804229139587
465189.15022,-2666.247752994721,-2585.4277877965196
465199.107169,-2666.247752994721,-2585.4277877965196
465209.595737,-2666.247752994721,-2585.4277877965196
465218.715393,-2666.247752994721,-2585.4277877965196
465228.273778,-2669.3412268314532,-2585.753634645918
465238.265875,-2668.4583702552577,-2585.669845454623
465248.672419,-2668.4583702552577,-2585.669845454623
465258.694101,-2668.4583702552577,-2585.669845454623
465269.13255,-2667.811868977177,-2585.460372480082
465278.708718,-2667.811868977177,-2585.460372480082
465289.089162,-2667.811868977177,-2585.460372480082
465299.05589,-2667.811868977177,-2585.460372480082
465309.112797,-2667.811868977177,-2585.460372480082
465319.528424,-2667.811868977177,-2585.460372480082
465328.65562,-2667.811868977177,-2585.460372480082
465338.673809,-2667.811868977177,-2585.460372480082
465348.251729,-2667.811868977177,-2585.460372480082
465358.936741,-2668.7225320656794,-2585.074011215573
465368.676661,-2668.7225320656794,-2585.074011215573
465379.110048,-2668.7225320656794,-2585.074011215573
465389.155437,-2668.6947255614814,-2585.860698605322
465398.232577,-2668.6947255614814,-2585.860698605322
465409.35499,-2668.6947255614814,-2585.860698605322
465419.075565,-2668.6947255614814,-2585.860698605322
465429.629125,-2668.6947255614814,-2585.860698605322
465438.687682,-2668.6947255614814,-2585.860698605322
465448.672825,-2668.6947255614814,-2585.860698605322
465458.678324,-2668.6947255614814,-2585.860698605322
465468.261898,-2668.6947255614814,-2585.860698605322
465478.671834,-2668.6947255614814,-2585.860698605322
465488.669095,-2668.6947255614814,-2585.860698605322
465499.056939,-2668.6947255614814,-2585.860698605322
465509.148969,-2668.6947255614814,-2585.860698605322
465519.088694,-2668.6947255614814,-2585.860698605322
465529.01791,-2668.6947255614814,-2585.860698605322
465538.680216,-2668.6947255614814,-2585.860698605322
465548.659673,-2668.6947255614814,-2585.860698605322
465558.676489,-2668.6947255614814,-2585.860698605322
465568.633022,-2668.6947255614814,-2585.860698605322
465578.694174,-2668.6947255614814,-2585.860698605322
465588.262571,-2668.6947255614814,-2585.860698605322
465599.995431,-2664.9617020707133,-2586.2796445627873
465610.289376,-2664.9617020707133,-2586.2796445627873
465619.030695,-2664.9617020707133,-2586.2796445627873
465629.13302,-2664.9617020707133,-2586.2796445627873
465639.066289,-2664.9617020707133,-2586.2796445627873
465649.493733,-2664.9617020707133,-2586.2796445627873
465658.63012,-2664.9617020707133,-2586.2796445627873
465668.651184,-2664.9617020707133,-2586.2796445627873
465678.628633,-2664.9617020707133,-2586.2796445627873
465688.639263,-2664.9617020707133,-2586.2796445627873
465698.647387,-2664.9617020707133,-2586.2796445627873
465708.220154,-2664.9617020707133,-2586.2796445627873
465718.652555,-2664.9617020707133,-2586.2796445627873
465728.251909,-2664.9617020707133,-2586.2796445627873
465739.255031,-2664.9617020707133,-2586.2796445627873
465749.155667,-2664.9617020707133,-2586.2796445627873
465759.488479,-2664.9617020707133,-2586.2796445627873
465768.687832,-2664.9617020707133,-2586.2796445627873
465778.64799,-2664.9617020707133,-2586.2796445627873
465788.65537,-2664.9617020707133,-2586.2796445627873
465798.62858,-2664.9617020707133,-2586.2796445627873
465808.696711,-2664.9617020707133,-2586.2796445627873
465819.033054,-2664.9617020707133,-2586.2796445627873
465829.139176,-2664.9617020707133,-2586.2796445627873
465838.697872,-2665.9279781676455,-2585.9444877976707
465848.252703,-2666.9985286656547,-2585.7117400455
465859.874149,-2666.9985286656547,-2585.7117400455
465869.532599,-2666.9985286656547,-2585.7117400455
465878.67651,-2666.9985286656547,-2585.7117400455
465888.630038,-2666.9985286656547,-2585.7117400455
465898.647747,-2666.9985286656547,-2585.7117400455
465908.627173,-2666.9985286656547,-2585.7117400455
465918.65394,-2666.9985286656547,-2585.7117400455
465929.191998,-2666.9985286656547,-2585.7117400455
465938.670333,-2666.9985286656547,-2585.7117400455
465948.952093,-2666.9985286656547,-2585.7117400455
465959.714147,-2666.9985286656547,-2585.7117400455
465968.265227,-2666.9985286656547,-2585.7117400455
465980.195844,-2666.9985286656547,-2585.7117400455
465988.667373,-2666.9985286656547,-2585.7117400455
465998.627825,-2666.9985286656547,-2585.7117400455
466008.654396,-2666.9985286656547,-2585.7117400455
466018.636513,-2666.9985286656547,-2585.7117400455
466028.691304,-2666.9985286656547,-2585.7117400455
466039.074587,-2666.9985286656547,-2585.7117400455
466049.187683,-2666.9985286656547,-2585.7117400455
466059.038926,-2666.9985286656547,-2585.7117400455
466068.972671,-2666.9985286656547,-2585.7117400455
466081.321018,-2666.9985286656547,-2585.7117400455
466089.589091,-2666.9985286656547,-2585.7117400455
466098.251693,-2666.9985286656547,-2585.7117400455
466108.67537,-2666.9985286656547,-2585.7117400455
466118.692525,-2666.9985286656547,-2585.7117400455
466128.696011,-2666.9985286656547,-2585.7117400455
466138.223096,-2666.9985286656547,-2585.7117400455
466148.717126,-2666.9985286656547,-2585.7117400455
466159.052999,-2666.9985286656547,-2585.7117400455
466168.95818,-2666.9985286656547,-2585.7117400455
466179.02785,-2666.9985286656547,-2585.7117400455
466188.953926,-2666.9985286656547,-2585.7117400455
466198.261656,-2666.9985286656547,-2585.7117400455
466208.250327,-2666.9985286656547,-2585.7117400455
466218.25203,-2666.9985286656547,-2585.7117400455
466228.647987,-2666.9985286656547,-2585.7117400455
466238.627485,-2666.9985286656547,-2585.7117400455
466248.709977,-2666.9985286656547,-2585.7117400455
466259.07459,-2666.9985286656547,-2585.7117400455
466268.952719,-2666.9985286656547,-2585.7117400455
466279.053001,-2666.9985286656547,-2585.7117400455
466288.22755,-2666.9985286656547,-2585.7117400455
466300.208581,-2666.9985286656547,-2585.7117400455
466309.487308,-2666.9985286656547,-2585.7117400455
466318.240303,-2666.9985286656547,-2585.7117400455
466328.462389,-2666.9985286656547,-2585.7117400455
466338.250294,-2666.9985286656547,-2585.7117400455
466348.647254,-2666.9985286656547,-2585.7117400455
466358.713172,-2666.9985286656547,-2585.7117400455
466368.950244,-2666.9985286656547,-2585.7117400455
466379.00632,-2666.9985286656547,-2585.7117400455
466388.951749,-2666.9985286656547,-2585.7117400455
466399.054499,-2666.9985286656547,-2585.7117400455
466409.000529,-2666.9985286656547,-2585.7117400455
466419.568878,-2666.9985286656547,-2585.7117400455
466428.672842,-2666.9985286656547,-2585.7117400455
466438.259985,-2666.9985286656547,-2585.7117400455
466448.653982,-2666.9985286656547,-2585.7117400455
466458.259649,-2666.9985286656547,-2585.7117400455
466468.675514,-2666.9985286656547,-2585.7117400455
466479.052992,-2666.9985286656547,-2585.7117400455
466489.010686,-2666.9985286656547,-2585.7117400455
466499.007604,-2666.9985286656547,-2585.7117400455
466508.955463,-2666.9985286656547,-2585.7117400455
466519.053244,-2666.9985286656547,-2585.7117400455
466528.651574,-2666.9985286656547,-2585.7117400455
466538.628844,-2666.9985286656547,-2585.7117400455
466548.631277,-2666.9985286656547,-2585.7117400455
466558.695484,-2666.9985286656547,-2585.7117400455
466568.250329,-2666.9985286656547,-2585.7117400455
466578.892024,-2663.5922316340907,-2583.458741824506
466588.676697,-2663.5922316340907,-2583.458741824506
466599.047755,-2663.5922316340907,-2583.458741824506
466608.948631,-2663.5922316340907,-2583.458741824506
466619.068787,-2663.5922316340907,-2583.458741824506
466628.970211,-2663.5922316340907,-2583.458741824506
466639.475439,-2663.5922316340907,-2583.458741824506
466648.695406,-2663.5922316340907,-2583.458741824506
466658.692595,-2663.5922316340907,-2583.458741824506
466668.654703,-2663.5922316340907,-2583.458741824506
466678.675594,-2663.5922316340907,-2583.458741824506
466689.61531,-2663.5922316340907,-2583.458741824506
466699.093131,-2663.5922316340907,-2583.458741824506
466709.83197,-2663.5922316340907,-2583.458741824506
466719.090709,-2663.5922316340907,-2583.458741824506
466728.981131,-2663.5922316340907,-2583.458741824506
466739.098484,-2663.5922316340907,-2583.458741824506
466749.534013,-2663.5922316340907,-2583.458741824506
466758.619866,-2663.5922316340907,-2583.458741824506
466768.69682,-2663.5922316340907,-2583.458741824506
466772.840426,-2663.5922316340907,-2583.458741824506
466778.631452,-2663.5922316340907,-2583.458741824506
466789.669879,-2644.586484502304,-2588.0345625896316
467232.311578,-3669.742876853097,-3529.4252863232773
467232.312352,-3669.742876853097,-3529.4252863232773
467238.686364,-3669.742876853097,-3529.4252863232773
467238.68696,-3669.742876853097,-3529.4252863232773
467249.966443,-3696.902856712605,-3473.0014053315876
467259.911458,-3702.1860928438073,-3471.381483248269
467271.81147,-3663.2986942547946,-3464.3571658887004
467280.294152,-3559.059054886418,-3407.91591189433
467291.285203,-3530.571289453814,-3390.729839986592
467301.563219,-3530.571289453814,-3390.729839986592
467310.755276,-3530.571289453814,-3390.729839986592
467320.685612,-3470.801204690576,-3375.368507723651
467330.272645,-3452.5392818288797,-3321.5340176222194
467340.728825,-3500.7627149717177,-3197.3213297712414
467350.24712,-3427.0685222575403,-3113.8301315387257
467360.235729,-3361.8275073067134,-3081.594594054271
467370.723408,-3362.0847174905257,-3081.2966771678452
467381.068983,-3362.0847174905257,-3081.2966771678452
467390.630194,-3338.98446252694,-3053.9674570184297
467400.301062,-3337.1561847522735,-2958.5362874738066
467414.13556,-3290.858352029357,-2935.4896183138862
467420.254848,-3199.2845755766643,-2891.6632394899734
467430.772707,-3015.643456795376,-2820.2469500707325
467440.6804,-2871.2581728245495,-2773.622936173871
467454.658435,-2754.0467969277847,-2711.2744841263857
467461.203793,-2642.4523351297407,-2624.8412906656645
467469.429825,-2611.88603295001,-2590.0967076573324
467470.825218,-2624.864719822767,-2572.910613635583
467481.331455,-2660.533515925273,-2583.9847517429916
467490.271379,-2659.900917911672,-2584.8366085122984
467500.269485,-2659.900917911672,-2584.8366085122984
467512.191086,-2659.900917911672,-2584.8366085122984
467521.699367,-2659.900917911672,-2584.8366085122984
467530.287413,-2659.900917911672,-2584.8366085122984
467540.712572,-2659.900917911672,-2584.8366085122984
467550.892207,-2659.900917911672,-2584.8366085122984
467560.673826,-2659.900917911672,-2584.8366085122984
467570.69506,-2659.900917911672,-2584.8366085122984
467581.176926,-2659.900917911672,-2584.8366085122984
467592.856085,-2659.900917911672,-2584.8366085122984
467601.155334,-2659.900917911672,-2584.8366085122984
467610.812169,-2659.900917911672,-2584.8366085122984
467621.179425,-2659.900917911672,-2584.8366085122984
467631.634858,-2659.900917911672,-2584.8366085122984
467640.711248,-2659.900917911672,-2584.8366085122984
467650.260669,-2659.900917911672,-2584.8366085122984
467660.238343,-2659.900917911672,-2584.8366085122984
467672.566176,-2659.900917911672,-2584.8366085122984
467682.811214,-2659.900917911672,-2584.8366085122984
467691.049782,-2659.900917911672,-2584.8366085122984
467701.179456,-2659.900917911672,-2584.8366085122984
467711.055297,-2659.900917911672,-2584.8366085122984
467721.139473,-2659.900917911672,-2584.8366085122984
467730.258931,-2659.900917911672,-2584.8366085122984
467741.676414,-2659.900917911672,-2584.8366085122984
467750.702847,-2659.900917911672,-2584.8366085122984
467760.742839,-2659.900917911672,-2584.8366085122984
467770.269513,-2659.900917911672,-2584.8366085122984
467780.711275,-2663.3767312079513,-2580.633184107155
467790.238509,-2663.3767312079513,-2580.633184107155
467800.712408,-2663.3767312079513,-2580.633184107155
467811.077931,-2663.3767312079513,-2580.633184107155
467821.181999,-2663.3767312079513,-2580.633184107155
467831.440598,-2663.3767312079513,-2580.633184107155
467841.174019,-2663.3767312079513,-2580.633184107155
467850.269478,-2663.3767312079513,-2580.633184107155
467860.270579,-2663.3767312079513,-2580.633184107155
467870.694987,-2663.3767312079513,-2580.633184107155
467880.713436,-2663.3767312079513,-2580.633184107155
467890.267914,-2663.3767312079513,-2580.633184107155
467900.722969,-2663.3767312079513,-2580.633184107155
467910.268089,-2663.3767312079513,-2580.633184107155
467920.711453,-2663.3767312079513,-2580.633184107155
467931.103415,-2663.3767312079513,-2580.633184107155
467941.198808,-2663.3767312079513,-2580.633184107155
467951.096744,-2663.3767312079513,-2580.633184107155
467961.662085,-2663.3767312079513,-2580.633184107155
467970.270136,-2663.3767312079513,-2580.633184107155
467980.722807,-2663.3767312079513,-2580.633184107155
467990.717573,-2663.3767312079513,-2580.633184107155
468000.760878,-2663.3767312079513,-2580.633184107155
468010.284175,-2663.3767312079513,-2580.633184107155
468020.743077,-2663.3767312079513,-2580.633184107155
468030.276407,-2663.3767312079513,-2580.633184107155
468040.742322,-2663.3767312079513,-2580.633184107155
468051.099841,-2663.3767312079513,-2580.633184107155
468061.184014,-2663.272456807005,-2580.1583786946653
468071.659889,-2663.272456807005,-2580.1583786946653
468080.737468,-2663.272456807005,-2580.1583786946653
468090.28251,-2663.272456807005,-2580.1583786946653
468100.697483,-2663.272456807005,-2580.1583786946653
468110.712158,-2663.272456807005,-2580.1583786946653
468120.854096,-2663.272456807005,-2580.1583786946653
468130.255098,-2663.272456807005,-2580.1583786946653
468140.71533,-2663.272456807005,-2580.1583786946653
468150.268548,-2663.272456807005,-2580.1583786946653
468161.183142,-2663.272456807005,-2580.1583786946653
468171.095955,-2663.272456807005,-2580.1583786946653
468181.65758,-2663.272456807005,-2580.1583786946653
468190.742941,-2663.272456807005,-2580.1583786946653
468200.715603,-2663.272456807005,-2580.1583786946653
468210.279284,-2663.272456807005,-2580.1583786946653
468220.747192,-2663.272456807005,-2580.1583786946653
468230.72317,-2663.272456807005,-2580.1583786946653
468241.196533,-2663.272456807005,-2580.1583786946653
468251.099834,-2663.272456807005,-2580.1583786946653
468262.301501,-2663.272456807005,-2580.1583786946653
468270.244016,-2663.272456807005,-2580.1583786946653
468281.533876,-2660.714258223269,-2574.120901958612
468291.61652,-2657.0785575089662,-2568.7863234044185
468300.730934,-2657.0785575089662,-2568.7863234044185
468310.715999,-2657.0785575089662,-2568.7863234044185
468320.736531,-2657.0785575089662,-2568.7863234044185
468330.793461,-2657.0785575089662,-2568.7863234044185
468340.721532,-2657.0785575089662,-2568.7863234044185
468351.103425,-2657.0785575089662,-2568.7863234044185
468361.182064,-2657.0785575089662,-2568.7863234044185
468371.124466,-2657.0785575089662,-2568.7863234044185
468382.616766,-2657.0785575089662,-2568.7863234044185
468391.117432,-2657.0785575089662,-2568.7863234044185
468393.474012,-2657.0785575089662,-2568.7863234044185
468403.116877,-2657.0785575089662,-2568.7863234044185
468410.705595,-2657.0785575089662,-2568.7863234044185
468420.652107,-2657.0785575089662,-2568.7863234044185
468430.714687,-2657.0785575089662,-2568.7863234044185
468440.695035,-2657.0785575089662,-2568.7863234044185
468450.770955,-2657.0785575089662,-2568.7863234044185
468460.944799,-2657.0785575089662,-2568.7863234044185
468471.138999,-2657.0785575089662,-2568.7863234044185
468480.777135,-2657.0785575089662,-2568.7863234044185
468491.093441,-2639.8524267847974,-2569.3775027046736
468502.382667,-2662.5772941526807,-2564.997189914732
468513.501077,-2682.73005966623,-2592.7221022558765
468520.260023,-2662.5494876402304,-2626.2377770870794
468530.718692,-2600.0891225991563,-2621.4711034456836
468540.690827,-2490.079631452979,-2692.4312296829216
468550.709447,-2431.873661760224,-2729.419494915331
468560.887776,-2431.5121771799827,-2729.722066920078
468571.122015,-2431.5121771799827,-2729.722066920078
468582.342961,-2431.5121771799827,-2729.722066920078
468591.435528,-2427.619266268091,-2733.413445398861
468601.581605,-2357.9153060937815,-2808.2418254121453
468611.324525,-2268.9761949606436,-2878.9365984835113
468622.905534,-2172.869956678468,-2892.0356357150013
468630.252865,-2160.5933840270504,-2891.686514256248
468640.233016,-2107.4481983172454,-2877.1118569593295
468650.256252,-1982.902855218787,-2830.064246497498
468660.696111,-1843.293336978803,-2781.6387662823117
468670.768192,-1800.1376386376057,-2890.876552469535
468680.997928,-1744.9139163664463,-3040.0351867772456
468691.044047,-1664.0664981508667,-3255.303390949733
468700.267035,-1630.4206250324048,-3343.216772596857
468711.269406,-1599.9585969222526,-3433.6391594867982
468723.593407,-1532.9935770971254,-3609.987215409413
468730.254493,-1496.5948597734866,-3686.872978771478
468740.257548,-1426.0010907611777,-3718.1123269592244
468750.256449,-1368.6154124322072,-3784.840984652074
468760.257101,-1324.04158208233,-3878.2052343139862
468770.62803,-1295.393928474083,-3909.5283621142885
468782.343113,-1295.393928474083,-3909.5283621142885
468791.072777,-1295.393928474083,-3909.5283621142885
468801.185008,-1287.3926061480045,-3916.1895888277404
468811.080563,-1220.7334577438564,-3886.444487878974
468820.25943,-1208.6932403042567,-3876.217572558827
468832.216823,-1203.7367304688805,-3874.3462844394417
468840.28139,-1112.517484896246,-3809.605298112508
468850.282467,-1076.6470911107667,-3838.5683717635566
468860.690262,-1027.6311712075917,-3907.526735626856
468870.660638,-982.591581782015,-3966.1650792441587
468880.260224,-955.410721354735,-4007.42650950959
468890.734113,-963.6483989971867,-4017.150688700112
468900.71257,-971.1353009651841,-4024.356542793213
468911.094485,-971.1353009651841,-4024.356542793213
468921.151759,-996.7103356231605,-4028.5646125806156
468931.076977,-996.7103356231605,-4028.5646125806156
468940.248793,-996.7103356231605,-4028.5646125806156
468950.709844,-996.7103356231605,-4028.5646125806156
468960.250319,-996.7103356231605,-4028.5646125806156
468970.258759,-996.7103356231605,-4028.5646125806156
468980.700027,-996.7103356231605,-4028.5646125806156
468991.239611,-996.7103356231605,-4028.5646125806156
469000.228025,-996.7103356231605,-4028.5646125806156
469010.656594,-996.7103356231605,-4028.5646125806156
469020.73381,-996.7103356231605,-4028.5646125806156
469031.139619,-996.7103356231605,-4028.5646125806156
469040.696515,-996.7103356231605,-4028.5646125806156
469051.101021,-996.7103356231605,-4028.5646125806156
469060.373757,-996.7103356231605,-4028.5646125806156
469070.608844,-996.7103356231605,-4028.5646125806156
469080.253663,-996.7103356231605,-4028.5646125806156
469090.251495,-996.7103356231605,-4028.5646125806156
469100.713002,-996.7103356231605,-4028.5646125806156
469110.234653,-996.7103356231605,-4028.5646125806156
469120.241527,-996.7103356231605,-4028.5646125806156
469130.695642,-996.7103356231605,-4028.5646125806156
469141.153161,-990.8570659362576,-4030.184533243232
469151.090576,-986.915493591787,-4032.167539572332
469161.156686,-986.915493591787,-4032.167539572332
469171.592516,-986.915493591787,-4032.167539572332
469180.674164,-990.7180333966631,-4020.730341032326
469190.668821,-991.2533086579755,-4021.307554153518
469200.832796,-992.275197778768,-4024.756868010597
469210.261095,-992.5949726106832,-4027.3031226347216
469220.699381,-994.13128211221,-4028.424964244569
469233.189656,-994.0548142224102,-4026.0137030190035
469241.161133,-996.6338677252587,-4024.1470702935376
469250.62499,-1002.8277671244558,-4021.8847672632583
469261.202444,-1003.0988805629248,-4021.223765151209
469271.123804,-1000.9160697818585,-4023.0717781140315
469281.623692,-1000.9160697818585,-4023.0717781140315
469290.690043,-1011.7814623184252,-4033.6897063964293
469300.715284,-1011.8301237118524,-4034.9884358827762
469311.526322,-1005.3025462327798,-4036.873688357786
469320.814036,-1002.8208155004011,-4030.5383090185546
469331.109707,-999.8594225159376,-4028.2294565858238
469340.811965,-999.8594225159376,-4028.2294565858238
469350.247427,-1002.3967662658375,-4032.488730738742
469360.744699,-1002.3967662658375,-4032.488730738742
469370.771209,-1002.3967662658375,-4032.488730738742
469381.37128,-1002.3967662658375,-4032.488730738742
469391.803308,-1007.1864370707195,-4037.4648662932655
469400.657724,-1001.694651968748,-4039.0754770477233
469410.665806,-1013.1231262793927,-4050.6942180821543
469420.709815,-1046.5743539865432,-4078.177008526394
469431.916855,-1073.1990842597506,-4053.9480241296524
469440.680459,-1120.7551625403057,-3982.80650704667
469450.65531,-1146.9627952092596,-3941.7312729924274
469461.998352,-1189.6110250194868,-3892.379543342124
469470.31169,-1118.488932238535,-3814.776943146718
469481.196,-1055.8339207538284,-3747.1778135984027
469490.257196,-981.4584666261937,-3631.9958068457563
469502.920567,-1003.4812200365097,-3581.187054516627
469510.657799,-1098.0928594881825,-3620.7820385845116
469520.645222,-1223.1109140791189,-3680.3513980691537
469531.337391,-1368.5667510471312,-3745.418243815961
469540.256617,-1446.0704370142346,-3702.6392838832035
469550.260203,-1519.3753404174188,-3617.6818435948708
469560.685027,-1581.2309146399837,-3441.31051506026
469570.262541,-1620.7648155719742,-3341.9925208837567
469582.811425,-1659.7425863520023,-3248.651467206731
469593.305567,-1734.2570726798522,-3061.4153795079646
469600.705749,-1788.2781635329818,-2906.298410836178
469610.321325,-1833.0327360208717,-2792.0518973509465
469620.321436,-1837.3496961809938,-2780.153836084863
469630.727052,-1837.3496961809938,-2780.153836084863
469640.698009,-1837.3496961809938,-2780.153836084863
469650.593632,-1903.2302620775235,-2779.2554300498355
469661.416079,-2033.7401009418961,-2826.731299975886
469670.929188,-2159.960786001283,-2865.804976323079
469681.172643,-2323.1780278226333,-2822.0484169884703
469690.249112,-2421.3488990547257,-2727.115292696861
469700.904363,-2543.3499462021214,-2639.6812861615354
469711.198046,-2646.8040533875696,-2549.882550318765
469721.601696,-2648.7574604621354,-2535.0146229943934
469730.249592,-2643.3490949622437,-2498.794414126915
469740.721594,-2658.920738558363,-2492.0633482288204
469752.698003,-2658.920738558363,-2492.0633482288204
469761.855531,-2658.920738558363,-2492.0633482288204
469770.725637,-2658.920738558363,-2492.0633482288204
469781.092693,-2687.332036475813,-2499.2878394284603
469790.622116,-2692.253788112225,-2546.665976211527
469800.852557,-2692.392820641267,-2548.127632174112
469810.252613,-2692.392820641267,-2548.127632174112
469821.315273,-2692.392820641267,-2548.127632174112
469831.593445,-2692.392820641267,-2548.127632174112
469840.65744,-2692.392820641267,-2548.127632174112
469850.258212,-2692.392820641267,-2548.127632174112
469860.691024,-2687.2486169549925,-2582.0017408950644
469870.689547,-2659.9704341762235,-2629.7103732915166
469880.733524,-2585.080560749159,-2623.896334859242
469891.116877,-2575.4386546407413,-2629.6358940228283
469901.204734,-2575.4386546407413,-2629.6358940228283
469912.279636,-2575.4386546407413,-2629.6358940228283
469923.575446,-2484.0525711751143,-2696.10398855801
469930.263193,-2384.1855031226105,-2774.15825583993
469940.412577,-2286.5985684801763,-2872.7548210560476
469950.247443,-2099.947393165848,-2879.18331099026
469960.608699,-1952.6563276314812,-2825.0741366235475
469970.447577,-1837.4192124461806,-2784.8553391894025
469980.640389,-1776.064155476677,-2961.119785984548
469992.422203,-1717.8442821036774,-3114.4957895554435
470001.034053,-1654.8694960541975,-3269.78959551289
470011.061054,-1566.5143209588646,-3328.25110989302
470020.867912,-1425.083476037037,-3262.7559660293023
470030.248197,-1272.766383573998,-3198.350073837455
470040.238146,-1141.86725283277,-3249.4381537842282
470053.356741,-1031.8647118785004,-3374.107016481524
470060.220295,-951.635988045588,-3463.095674823554
470070.637919,-939.6444319738781,-3477.8192770224764
470080.73162,-967.1172607305272,-3539.6602645409507
470090.67282,-949.049982909874,-3573.6367292603522
470102.67052,-853.3191314900238,-3427.5365215780294
470110.310267,-753.6328044265478,-3262.9375090799676
470122.427027,-624.3255958798491,-3094.786726132986
470132.346054,-477.1944163820665,-2948.4164211314305
470140.241819,-228.74327734480872,-2872.2148465120117
470150.269188,-32.47104842439405,-2881.3618289246106
470160.310457,198.94860521175147,-2883.0283020441702
470170.32049,302.1176974080412,-2883.386733409991
470180.310871,389.8472266354524,-2883.507762181218
470190.309565,525.417850936186,-2867.8764303911394
470200.63962,526.0574005928902,-2844.680799434756
470210.712863,564.6180740080312,-2789.240305428244
470222.896479,602.1290517763952,-2716.1575309463574
470431.962085,589.9011403785289,-2514.016118919724
470441.535428,597.6591557962294,-2506.1213142798147
470451.144302,602.4696814893977,-2485.350902073296
470460.275155,602.4696814893977,-2485.350902073296
470470.244908,602.4696814893977,-2485.350902073296
470481.551242,602.4696814893977,-2485.350902073296
470491.618111,595.05229577642,-2485.0157452642825
470500.250177,593.842712728968,-2479.1830856807987
470510.700117,589.0738967968701,-2493.552934052159
470520.245887,585.0975663174999,-2503.6122932145695
470530.713765,585.0975663174999,-2503.6122932145695
470540.96478,585.0975663174999,-2503.6122932145695
470552.003206,585.0975663174999,-2503.6122932145695
470561.048246,585.0975663174999,-2503.6122932145695
470571.155465,585.0975663174999,-2503.6122932145695
470580.999664,585.0975663174999,-2503.6122932145695
470591.058219,585.0975663174999,-2503.6122932145695
470601.674923,585.0975663174999,-2503.6122932145695
470610.629639,585.0975663174999,-2503.6122932145695
470620.623401,585.0975663174999,-2503.6122932145695
470631.245156,585.0975663174999,-2503.6122932145695
470640.671088,585.0975663174999,-2503.6122932145695
470650.83397,585.0975663174999,-2503.6122932145695
470661.027307,585.0975663174999,-2503.6122932145695
470671.727957,585.0975663174999,-2503.6122932145695
470681.005879,585.0975663174999,-2503.6122932145695
470691.130324,585.0975663174999,-2503.6122932145695
470701.006259,585.0975663174999,-2503.6122932145695
470711.63032,585.0975663174999,-2503.6122932145695
470720.691255,585.0975663174999,-2503.6122932145695
470730.688621,585.0975663174999,-2503.6122932145695
470740.650035,585.0975663174999,-2503.6122932145695
470750.667755,585.0975663174999,-2503.6122932145695
470760.668529,585.0975663174999,-2503.6122932145695
470771.150392,585.0975663174999,-2503.6122932145695
470781.072845,585.0975663174999,-2503.6122932145695
470791.148883,585.0975663174999,-2503.6122932145695
470801.045936,585.0975663174999,-2503.6122932145695
470810.694681,585.0975663174999,-2503.6122932145695
470821.592944,585.0975663174999,-2503.6122932145695
470830.770389,585.0975663174999,-2503.6122932145695
470840.211249,585.0975663174999,-2503.6122932145695
470850.946201,585.0975663174999,-2503.6122932145695
470860.621066,585.0975663174999,-2503.6122932145695
470870.69154,585.0975663174999,-2503.6122932145695
470881.001646,585.0975663174999,-2503.6122932145695
470891.131359,585.0975663174999,-2503.6122932145695
523799.031388,-2509.724928269214,-3010.4669329953467
523799.031991,-2509.724928269214,-3010.4669329953467
523808.575972,-2545.2685951510775,-2963.5729458253836
523822.55075,-2582.4389426336465,-2921.562000438105
523828.942275,-2582.3277166084845,-2919.9560418025662
523839.318362,-2582.3277166084845,-2919.9560418025662
523849.004962,-2582.3277166084845,-2919.9560418025662
523860.071886,-2587.4441137975714,-2919.295038532623
523868.907466,-2601.736658103872,-2939.329954075688
523878.992226,-2601.736658103872,-2939.329954075688
523889.008984,-2631.4131520870487,-2921.7388886340896
523898.953225,-2647.9649750305157,-2841.4269872080176
523909.263964,-2704.905748520268,-2852.771107900855
523919.332,-2746.4208625533843,-2827.285239413656
523928.641113,-2768.805100182031,-2786.0423523493387
523940.768716,-2781.4431573290894,-2762.0041717927124
523949.485723,-2816.7713236498303,-2768.1952602117303
523959.599516,-2885.8218305176315,-2795.3755341381884
523969.893714,-2962.060319186704,-2825.688590442575
523979.037666,-3017.749799644485,-2845.5140360486744
523988.954704,-3116.553267969172,-2877.0420326713506
523998.978952,-3235.2314364467684,-2920.812553071324
523999.923014,-3235.2314364467684,-2920.812553071324
524008.913202,-3265.672609077647,-2925.113729224353
524022.061654,-3265.415398893427,-2927.273627185746
524029.61093,-3265.415398893427,-2927.273627185746
524039.224546,-3266.777917694081,-2944.8879672387825
524048.52196,-3276.6561790103215,-2949.175178366714
524059.081796,-3300.40293526134,-2953.6578974658414
524069.421622,-3300.40293526134,-2953.6578974658414
524078.598398,-3300.40293526134,-2953.6578974658414
524088.555676,-3300.40293526134,-2953.6578974658414
524098.9791,-3300.40293526134,-2953.6578974658414
524108.977712,-3300.40293526134,-2953.6578974658414
524119.156453,-3300.40293526134,-2953.6578974658414
524129.04171,-3300.40293526134,-2953.6578974658414
524139.516394,-3300.40293526134,-2953.6578974658414
524149.33937,-3300.40293526134,-2953.6578974658414
524159.419533,-3300.40293526134,-2953.6578974658414
524168.580769,-3300.40293526134,-2953.6578974658414
524180.857416,-3300.40293526134,-2953.6578974658414
524189.941936,-3300.40293526134,-2953.6578974658414
524198.973854,-3300.40293526134,-2953.6578974658414
524208.978993,-3300.40293526134,-2953.6578974658414
524218.985613,-3300.40293526134,-2953.6578974658414
524228.985629,-3300.40293526134,-2953.6578974658414
524239.00945,-3300.40293526134,-2953.6578974658414
524252.916167,-3300.40293526134,-2953.6578974658414
524258.549185,-3300.40293526134,-2953.6578974658414
524268.540344,-3300.40293526134,-2953.6578974658414
524279.369695,-3300.40293526134,-2953.6578974658414
524289.903403,-3300.40293526134,-2953.6578974658414
524300.99905,-3300.40293526134,-2953.6578974658414
524308.976516,-3304.6295241970597,-2957.6797762549922
524319.62287,-3304.6295241970597,-2957.6797762549922
524328.977627,-3304.6295241970597,-2957.6797762549922
524339.584613,-3304.6295241970597,-2957.6797762549922
524349.536365,-3304.6295241970597,-2957.6797762549922
524359.384623,-3304.6295241970597,-2957.6797762549922
524368.543871,-3304.6295241970597,-2957.6797762549922
524378.996172,-3304.6295241970597,-2957.6797762549922
524389.32037,-3304.6295241970597,-2957.6797762549922
524401.235952,-3304.6295241970597,-2957.6797762549922
524409.030295,-3304.6295241970597,-2957.6797762549922
524418.556426,-3304.6295241970597,-2957.6797762549922
524430.060383,-3304.6295241970597,-2957.6797762549922
524439.014924,-3304.6295241970597,-2957.6797762549922
524449.009415,-3304.6295241970597,-2957.6797762549922
524459.142003,-3304.6295241970597,-2957.6797762549922
524469.02447,-3304.6295241970597,-2957.6797762549922
524479.473845,-3304.6295241970597,-2957.6797762549922
524489.511036,-3304.6295241970597,-2957.6797762549922
524499.195197,-3304.6295241970597,-2957.6797762549922
524509.360792,-3304.6295241970597,-2957.6797762549922
524519.990992,-3304.6295241970597,-2957.6797762549922
524529.026069,-3304.6295241970597,-2957.6797762549922
524538.517224,-3304.6295241970597,-2957.6797762549922
524549.009319,-3304.6295241970597,-2957.6797762549922
524559.004459,-3304.6295241970597,-2957.6797762549922
524569.348177,-3304.6295241970597,-2957.6797762549922
524579.452536,-3304.6295241970597,-2957.6797762549922
524589.367042,-3304.6295241970597,-2957.6797762549922
524599.808143,-3304.6295241970597,-2957.6797762549922
524609.362861,-3304.6295241970597,-2957.6797762549922
524619.461306,-3304.6295241970597,-2957.6797762549922
524629.980603,-3304.6295241970597,-2957.6797762549922
524639.009516,-3304.6295241970597,-2957.6797762549922
524649.031157,-3304.6295241970597,-2957.6797762549922
524658.600534,-3304.6295241970597,-2957.6797762549922
524669.019428,-3304.6295241970597,-2957.6797762549922
524679.100478,-3304.6295241970597,-2957.6797762549922
524688.980049,-3304.6295241970597,-2957.6797762549922
524699.422203,-3304.6295241970597,-2957.6797762549922
524709.079803,-3304.6295241970597,-2957.6797762549922
524718.953767,-3304.6295241970597,-2957.6797762549922
524729.437678,-3304.6295241970597,-2957.6797762549922
524739.883021,-3304.6295241970597,-2957.6797762549922
524749.029176,-3304.6295241970597,-2957.6797762549922
524758.971988,-3304.6295241970597,-2957.6797762549922
524768.916097,-3304.6295241970597,-2957.6797762549922
524778.827122,-3304.6295241970597,-2957.6797762549922
524789.107845,-3305.693123052693,-2957.4703034036356
524799.334054,-3308.536338308302,-2957.982348149909
524809.249466,-3308.536338308302,-2957.982348149909
524819.37276,-3308.536338308302,-2957.982348149909
524829.634928,-3308.536338308302,-2957.982348149909
524839.001472,-3308.536338308302,-2957.982348149909
524849.810825,-3313.729203331143,-2962.9631470794093
524858.983,-3316.03714333832,-2964.3223931317416
524869.001761,-3317.5108881700676,-2966.3659171652366
524879.549416,-3317.5108881700676,-2966.3659171652366
524889.030763,-3317.5108881700676,-2966.3659171652366
524899.146998,-3317.5108881700676,-2966.3659171652366
524909.180751,-3317.5108881700676,-2966.3659171652366
524919.459253,-3317.5108881700676,-2966.3659171652366
524929.024496,-3317.5108881700676,-2966.3659171652366
524939.449609,-3317.5108881700676,-2966.3659171652366
524949.397564,-3317.5108881700676,-2966.3659171652366
524959.013918,-3317.5108881700676,-2966.3659171652366
524969.4657,-3317.5108881700676,-2966.3659171652366
524979.007099,-3317.5108881700676,-2966.3659171652366
524989.027932,-3317.5108881700676,-2966.3659171652366
524999.002844,-3318.0948247936926,-2965.653709476377
525008.977381,-3322.40483324822,-2970.5320993925484
525019.448464,-3322.2101877042282,-2970.978974799213
525030.715101,-3324.3999500633927,-2969.9409204648086
525039.449775,-3325.5191619347834,-2969.8943709384994
525049.371203,-3324.9908383190827,-2969.6848980904188
525059.453614,-3326.659228686196,-2967.8880865409315
525070.279485,-3326.659228686196,-2967.8880865409315
525079.030928,-3326.659228686196,-2967.8880865409315
525089.056259,-3326.659228686196,-2967.8880865409315
525099.661301,-3326.659228686196,-2967.8880865409315
525109.035527,-3326.659228686196,-2967.8880865409315
525119.154716,-3326.659228686196,-2967.8880865409315
525129.369641,-3326.659228686196,-2967.8880865409315
525139.034876,-3326.659228686196,-2967.8880865409315
525148.536181,-3326.659228686196,-2967.8880865409315
525158.935168,-3326.659228686196,-2967.8880865409315
525168.938836,-3326.659228686196,-2967.8880865409315
525179.809487,-3326.659228686196,-2967.8880865409315
525188.931495,-3326.659228686196,-2967.8880865409315
525198.931118,-3326.659228686196,-2967.8880865409315
525208.995082,-3326.659228686196,-2967.8880865409315
525219.025669,-3326.659228686196,-2967.8880865409315
525228.933235,-3326.659228686196,-2967.8880865409315
525239.376169,-3326.659228686196,-2967.8880865409315
525249.434627,-3326.659228686196,-2967.8880865409315
525259.333231,-3326.659228686196,-2967.8880865409315
525269.130448,-3326.659228686196,-2967.8880865409315
525281.525831,-3326.659228686196,-2967.8880865409315
525290.185316,-3326.659228686196,-2967.8880865409315
525298.986659,-3326.659228686196,-2967.8880865409315
525309.036282,-3326.659228686196,-2967.8880865409315
525319.029751,-3326.659228686196,-2967.8880865409315
525329.140439,-3326.659228686196,-2967.8880865409315
525339.223858,-3326.659228686196,-2967.8880865409315
525349.374914,-3326.659228686196,-2967.8880865409315
525359.453512,-3326.659228686196,-2967.8880865409315
525369.10199,-3326.659228686196,-2967.8880865409315
525379.456739,-3326.659228686196,-2967.8880865409315
525389.403544,-3326.659228686196,-2967.8880865409315
525400.592454,-3326.659228686196,-2967.8880865409315
525409.038368,-3326.659228686196,-2967.8880865409315
525419.010019,-3326.659228686196,-2967.8880865409315
525429.032232,-3326.2768892305153,-2964.6016902704914
525439.009499,-3325.769420486618,-2961.627175776939
525449.029847,-3325.769420486618,-2961.627175776939
525459.450973,-3325.769420486618,-2961.627175776939
525470.309515,-3323.878578071564,-2958.9598881378224
525479.470599,-3323.878578071564,-2958.9598881378224
525489.374616,-3323.878578071564,-2958.9598881378224
525499.469728,-3323.878578071564,-2958.9598881378224
525510.036439,-3323.878578071564,-2958.9598881378224
525531.635835,-3323.878578071564,-2958.9598881378224
525531.636598,-3323.878578071564,-2958.9598881378224
525532.54668,-3323.878578071564,-2958.9598881378224
525532.547334,-3323.878578071564,-2958.9598881378224
525536.906042,-3323.878578071564,-2958.9598881378224
525546.905033,-3323.878578071564,-2958.9598881378224
525556.877241,-3323.878578071564,-2958.9598881378224
525567.402644,-3323.878578071564,-2958.9598881378224
525577.844071,-3322.9818182479157,-2963.8382781030095
525588.304352,-3323.6144162637083,-2964.1967094232155
525597.363362,-3325.818081878837,-2964.480661512892
525607.38801,-3325.818081878837,-2964.480661512892
525617.369437,-3325.818081878837,-2964.480661512892
525627.365984,-3325.818081878837,-2964.480661512892
525637.501475,-3325.818081878837,-2964.480661512892
525647.554973,-3326.325550614486,-2964.9228819748137
525656.907017,-3326.819116094118,-2964.39687237176
525667.963678,-3326.9720518780086,-2963.6381151544147
525677.007077,-3326.9720518780086,-2963.6381151544147
525688.534867,-3326.9720518780086,-2963.6381151544147
525698.274795,-3326.9720518780086,-2963.6381151544147
525707.362878,-3326.9720518780086,-2963.6381151544147
525717.333495,-3326.9720518780086,-2963.6381151544147
525727.360052,-3326.9720518780086,-2963.6381151544147
525737.337641,-3326.9720518780086,-2963.6381151544147
525747.38295,-3326.9720518780086,-2963.6381151544147
525757.89235,-3327.9661344776387,-2964.029131140223
525767.819317,-3333.124241362767,-2965.197524153391
525776.920515,-3333.124241362767,-2965.197524153391
525788.471906,-3333.124241362767,-2965.197524153391
525797.798132,-3333.124241362767,-2965.197524153391
525810.375373,-3333.124241362767,-2965.197524153391
525817.55896,-3333.124241362767,-2965.197524153391
525827.438989,-3333.124241362767,-2965.197524153391
525837.413369,-3333.124241362767,-2965.197524153391
525847.444097,-3333.124241362767,-2965.197524153391
525857.503216,-3337.5176693278445,-2964.964776540424
525867.381278,-3339.053978790792,-2965.30924300772
525877.749615,-3339.053978790792,-2965.30924300772
525887.784243,-3339.053978790792,-2965.30924300772
525897.023696,-3339.053978790792,-2965.30924300772
525906.905721,-3339.053978790792,-2965.30924300772
525918.981148,-3339.053978790792,-2965.30924300772
525927.357845,-3339.053978790792,-2965.30924300772
525937.322722,-3339.053978790792,-2965.30924300772
525947.344045,-3339.053978790792,-2965.30924300772
525957.358731,-3339.053978790792,-2965.30924300772
525967.386468,-3339.053978790792,-2965.30924300772
525977.368095,-3339.053978790792,-2965.30924300772
525987.766745,-3339.053978790792,-2965.30924300772
525997.849434,-3339.053978790792,-2965.30924300772
526007.76397,-3339.053978790792,-2965.30924300772
526017.854387,-3339.053978790792,-2965.30924300772
526029.101576,-3346.151589481597,-2959.904843446245
526037.36863,-3346.415751289357,-2961.552696547076
526047.392507,-3346.415751289357,-2961.552696547076
526057.334947,-3346.415751289357,-2961.552696547076
526067.348371,-3346.415751289357,-2961.552696547076
526077.380679,-3346.415751289357,-2961.552696547076
526087.400379,-3346.415751289357,-2961.552696547076
526097.819169,-3346.415751289357,-2961.552696547076
526107.768015,-3346.415751289357,-2961.552696547076
526117.846548,-3346.415751289357,-2961.552696547076
526127.840043,-3346.415751289357,-2961.552696547076
526137.360234,-3346.415751289357,-2961.552696547076
526146.894185,-3346.415751289357,-2961.552696547076
526157.366289,-3346.415751289357,-2961.552696547076
526168.004053,-3346.415751289357,-2961.552696547076
526177.341283,-3346.415751289357,-2961.552696547076
526186.936392,-3346.415751289357,-2961.552696547076
526197.361855,-3346.415751289357,-2961.552696547076
526207.740244,-3347.187381840839,-2962.9165975526007
526217.82965,-3353.7636205391195,-2967.003645621715
526227.772408,-3353.7636205391195,-2967.003645621715
526237.841042,-3353.7636205391195,-2967.003645621715
526248.363693,-3353.7636205391195,-2967.003645621715
526257.365485,-3353.7636205391195,-2967.003645621715
526266.905609,-3353.7636205391195,-2967.003645621715
526276.904994,-3353.7636205391195,-2967.003645621715
526287.369688,-3353.7636205391195,-2967.003645621715
526297.363197,-3353.7636205391195,-2967.003645621715
526307.764703,-3353.7636205391195,-2967.003645621715
526317.843969,-3353.7636205391195,-2967.003645621715
526329.378375,-3353.7636205391195,-2967.003645621715
526337.853847,-3353.7636205391195,-2967.003645621715
526347.764021,-3353.7636205391195,-2967.003645621715
526358.304009,-3353.7636205391195,-2967.003645621715
526367.370539,-3353.7636205391195,-2967.003645621715
526377.370759,-3353.7636205391195,-2967.003645621715
526386.896938,-3363.8712855127746,-2976.602157024943
526396.896754,-3363.3151553852513,-2985.9399909646427
526406.869857,-3363.3151553852513,-2985.9399909646427
526417.350951,-3358.601952598126,-2998.373367842678
526429.68825,-3335.2514390814163,-3056.0528753227177
526438.456092,-3332.5820144909717,-3066.3449731577166
526440.257009,-3332.5820144909717,-3066.3449731577166
526447.341994,-3332.5820144909717,-3066.3449731577166
526457.716593,-3332.5820144909717,-3066.3449731577166
526861.706965,-3053.1127131828907,-3689.1903508407904
526861.707689,-3053.1127131828907,-3689.1903508407904
526868.819757,-2963.7426128194725,-3612.34727378781
526868.820421,-2963.7426128194725,-3612.34727378781
526881.317715,-3026.6270267706227,-3664.650261661528
526881.337854,-3026.6270267706227,-3664.650261661528
526892.121691,-3102.5735469679557,-3733.6226092290676
526902.056189,-3155.2043116202826,-3780.707392385639
526912.51862,-3216.392528505012,-3834.2811666242337
526924.04577,-3286.631763092689,-3881.7755775301953
526932.521123,-3348.1467062958413,-3901.978040769932
526942.581698,-3416.9956154223487,-3830.9435704367443
526952.693091,-3416.9956154223487,-3830.9435704367443
526962.482504,-3416.9956154223487,-3830.9435704367443
526972.087052,-3701.671672479238,-3492.0308345647145
526982.535021,-3758.1883958061385,-3463.672888440767
526992.173057,-3842.532479836988,-3495.2892984163545
527002.491768,-3945.3817933609,-3532.445095059804
527015.092279,-4008.690255458424,-3548.6303493146456
527022.691661,-4066.666819999667,-3567.506163008206
527032.982581,-4079.7706358383134,-3540.1816187230793
527042.525127,-4119.693826460367,-3551.148676158309
527048.589722,-4128.2790850978245,-3558.093858453257
527052.134811,-4126.457758973573,-3561.9295354928313
527061.909172,-4126.457758973573,-3561.9295354928313
527062.487146,-4126.457758973573,-3561.9295354928313
527068.798229,-4126.457758973573,-3561.9295354928313
527068.798795,-4126.457758973573,-3561.9295354928313
527072.412104,-4126.457758973573,-3561.9295354928313
527082.838575,-4079.5134256579004,-3567.1803166617083
527095.244957,-4042.920064078844,-3563.0839625700805
528405.950653,-2328.1596563444846,-1267.9966948492465
528405.951419,-2328.1596563444846,-1267.9966948492465
528413.098604,-2293.869969941287,-1255.380064911725
528413.099256,-2293.869969941287,-1255.380064911725
528424.824192,-2318.277131052454,-1244.901739160199
528424.837257,-2318.277131052454,-1244.901739160199
528434.894678,-2318.277131052454,-1244.9063941233744
528444.826019,-2318.277131052454,-1244.9063941233744
528454.859364,-2318.277131052454,-1244.9063941233744
528466.782188,-2318.277131052454,-1244.9063941233744
528474.673568,-2318.277131052454,-1244.9063941233744
528484.678589,-2318.277131052454,-1244.9063941233744
528494.621241,-2325.8057426902483,-1243.3097411880024
528508.691985,-2380.494189379081,-1215.5242554238012
528514.271001,-2470.163221188544,-1155.8429457523182
528524.677393,-2548.494149897977,-1110.489615420242
528536.139753,-2666.2129948583233,-1039.645686713077
528545.554038,-2755.179912056652,-989.5303171610109
528554.287305,-2854.7341564351923,-976.8362228417689
528565.338839,-2924.2226157404434,-1093.6386389404197
528575.53759,-2995.4420299835365,-1173.6714633037798
528585.529939,-3070.039934659719,-1233.3713911644625
528594.656344,-3111.16575739382,-1269.6242568995428
528604.685656,-3134.147834785176,-1287.3317421824597
528614.697395,-3134.0366087608827,-1287.2014031813044
528624.665846,-3134.0366087608827,-1287.2014031813044
528634.945444,-3134.0366087608827,-1287.2014031813044
528644.661554,-3134.0366087608827,-1287.2014031813044
528655.086846,-3134.0366087608827,-1287.2014031813044
528664.210216,-3134.0366087608827,-1287.2014031813044
528675.266074,-3134.0366087608827,-1287.2014031813044
528692.431078,-3157.0047828962915,-1313.865039401918
528694.535847,-3168.0856756159887,-1378.4293913421875
528704.166467,-3174.6549627092136,-1435.3968364276377
528714.575586,-3193.5355804234587,-1456.4838204535426
528724.64047,-3193.5355804234587,-1456.4838204535426
528734.650163,-3193.5355804234587,-1456.4838204535426
528744.694001,-3194.7660183215453,-1459.9424581647424
528754.721559,-3250.3164660439866,-1562.4214660036855
528766.785025,-3304.754653477072,-1640.2850190725753
528774.642243,-3332.5055466032327,-1668.3125442741573
528784.276521,-3443.891458434557,-1639.400576306227
528795.909128,-3555.8682583163836,-1598.7394824390092
528804.635569,-3644.0426888607435,-1641.55116871733
528814.93073,-3692.8639617162175,-1681.0904140937575
528824.612907,-3729.3808556540566,-1703.3783700296458
528836.69849,-3795.921824329078,-1737.5830260164614
528844.618412,-3824.771074196832,-1778.8027063108775
528855.62236,-3825.549656365738,-1780.3714281352156
528865.109585,-3853.349210619505,-1788.4943348740917
528874.658802,-3916.0111715735857,-1740.6273706420905
528887.030625,-3976.1914018099837,-1671.6687716685547
528894.200495,-4020.0770195828604,-1570.4745510853425
528904.164364,-4072.763396394083,-1502.2374529004571
528916.27175,-4125.491482900335,-1494.454354807471
528916.824697,-4125.491482900335,-1494.454354807471
528924.853982,-4127.3614704078755,-1494.7243426706896
528934.574461,-4154.055715897685,-1479.5445081303787
528944.604186,-4198.316721346784,-1501.1062969087832
528954.641637,-4183.231692004125,-1524.865227386715
528964.57331,-4173.2491564629345,-1517.4172868999933
528974.924283,-4173.2491564629345,-1517.4172868999933
528984.946313,-4173.2491564629345,-1517.4172868999933
528994.882678,-4173.2491564629345,-1517.4172868999933
529004.945399,-4173.2491564629345,-1517.4172868999933
529015.019174,-4173.2491564629345,-1517.4172868999933
529024.267963,-4173.2491564629345,-1517.4172868999933
529035.727921,-4173.2491564629345,-1517.4172868999933
529044.182951,-4173.2491564629345,-1517.4172868999933
529054.581118,-4173.2491564629345,-1517.4172868999933
529064.637321,-4173.2491564629345,-1517.4172868999933
529074.601746,-4173.2491564629345,-1517.4172868999933
529084.941398,-4173.2491564629345,-1517.4172868999933
529094.637647,-4173.2491564629345,-1517.4172868999933
529105.107828,-4173.2491564629345,-1517.4172868999933
529115.190394,-4173.2491564629345,-1517.4172868999933
529124.988204,-4173.2491564629345,-1517.4172868999933
529134.564583,-4173.2491564629345,-1517.4172868999933
529144.288364,-4173.2491564629345,-1517.4172868999933
529154.193398,-4173.2491564629345,-1517.4172868999933
529165.268433,-4173.2491564629345,-1517.4172868999933
529174.741021,-4173.2491564629345,-1517.4172868999933
529184.585146,-4154.84124968531,-1500.1706493531267
529195.036317,-4154.84124968531,-1500.1706493531267
529204.965274,-4154.84124968531,-1500.1706493531267
529214.631902,-4154.84124968531,-1500.1706493531267
529224.994723,-4154.84124968531,-1500.1706493531267
529234.975702,-4154.84124968531,-1500.1706493531267
529245.540326,-4152.081453992835,-1495.3062130360602
529254.633038,-4152.095357248637,-1495.3015580748702
529264.59316,-4152.095357248637,-1495.3015580748702
529274.194331,-4152.095357248637,-1495.3015580748702
529284.171871,-4152.095357248637,-1495.3015580748702
529294.573578,-4152.095357248637,-1495.3015580748702
529305.06949,-4152.095357248637,-1495.3015580748702
529314.952659,-4152.095357248637,-1495.3015580748702
529325.076224,-4152.095357248637,-1495.3015580748702
529335.129573,-4152.095357248637,-1495.3015580748702
529344.965579,-4152.095357248637,-1495.3015580748702
529355.392036,-4152.095357248637,-1495.3015580748702
529364.568922,-4152.095357248637,-1495.3015580748702
529374.590752,-4152.095357248637,-1495.3015580748702
529384.618976,-4152.095357248637,-1495.3015580748702
529394.184724,-4152.095357248637,-1495.3015580748702
529404.159324,-4152.095357248637,-1495.3015580748702
529414.861001,-4152.095357248637,-1495.3015580748702
529424.971785,-4152.095357248637,-1495.3015580748702
529434.57076,-4152.095357248637,-1495.3015580748702
529445.205111,-4152.095357248637,-1495.3015580748702
529454.917674,-4154.055715897685,-1498.7741604588452
529465.569457,-4154.055715897685,-1498.7741604588452
529474.647619,-4154.055715897685,-1498.7741604588452
529484.659889,-4147.542041936187,-1497.2240577968091
529494.641916,-4147.542041936187,-1497.2240577968091
529504.647561,-4147.542041936187,-1497.2240577968091
529514.160175,-4147.542041936187,-1497.2240577968091
529524.183437,-4147.542041936187,-1497.2240577968091
529534.6586,-4147.542041936187,-1497.2240577968091
529545.05742,-4147.542041936187,-1497.2240577968091
529554.984316,-4147.542041936187,-1497.2240577968091
529565.07603,-4147.542041936187,-1497.2240577968091
529575.605264,-4147.542041936187,-1497.2240577968091
529584.645198,-4147.542041936187,-1497.2240577968091
529594.606561,-4144.851762506114,-1495.6087856387946
529604.666922,-4148.7933346925465,-1490.5953904698206
529614.582635,-4148.7933346925465,-1490.5953904698206
529624.736402,-4148.7933346925465,-1490.5953904698206
529634.187798,-4148.7933346925465,-1490.5953904698206
529644.326589,-4152.373422308398,-1481.9371591701392
529654.193615,-4152.373422308398,-1481.9371591701392
529664.987884,-4153.3814081405535,-1477.2821960531624
529674.570589,-4159.074790178208,-1475.960186522669
529685.38593,-4159.881178845325,-1475.4621054663946
529694.571892,-4159.881178845325,-1475.4621054663946
529704.571639,-4159.881178845325,-1475.4621054663946
529716.151502,-4159.881178845325,-1475.4621054663946
529724.544258,-4159.881178845325,-1475.4621054663946
529734.544278,-4159.881178845325,-1475.4621054663946
529744.573581,-4159.881178845325,-1475.4621054663946
529754.183642,-4159.881178845325,-1475.4621054663946
529764.563915,-4162.919039597057,-1482.9984907537776
529774.162044,-4162.488038755832,-1483.4453672062168
529785.249617,-4164.246800239731,-1486.187140464724
529794.184185,-4164.246800239731,-1486.187140464724
529804.183056,-4164.246800239731,-1486.187140464724
529814.159305,-4164.246800239731,-1486.187140464724
529824.564901,-4164.246800239731,-1486.187140464724
529834.664094,-4164.246800239731,-1486.187140464724
529844.628266,-4164.246800239731,-1486.187140464724
529854.571377,-4164.246800239731,-1486.187140464724
529865.106618,-4164.246800239731,-1486.187140464724
529874.246811,-4164.246800239731,-1486.187140464724
529885.226571,-4164.246800239731,-1486.187140464724
529894.175052,-4160.993439075783,-1482.230421845341
529904.174705,-4160.993439075783,-1482.230421845341
529914.178927,-4160.993439075783,-1482.230421845341
529924.582457,-4160.993439075783,-1482.230421845341
529934.531908,-4160.993439075783,-1482.230421845341
529944.648356,-4160.993439075783,-1482.230421845341
529954.551153,-4160.993439075783,-1482.230421845341
529965.000108,-4159.102596689953,-1483.7712146213732
529974.648412,-4158.636837713173,-1483.0776251294544
529984.967418,-4158.636837713173,-1483.0776251294544
530002.650927,-4158.636837713173,-1483.0776251294544
530016.104591,-4158.636837713173,-1483.0776251294544
530016.352699,-4158.636837713173,-1483.0776251294544
530016.353437,-4158.636837713173,-1483.0776251294544
530021.073476,-4158.636837713173,-1483.0776251294544
530031.09085,-4158.636837713173,-1483.0776251294544
530041.430585,-4158.636837713173,-1483.0776251294544
530051.06569,-4158.636837713173,-1483.0776251294544
530063.17233,-4158.636837713173,-1483.0776251294544
530072.309884,-4158.636837713173,-1483.0776251294544
530081.517695,-4162.592313154289,-1485.7030243002225
530082.097136,-4162.592313154289,-1485.7030243002225
530091.520144,-4162.592313154289,-1485.7030243002225
530101.47483,-4171.469540099795,-1477.086687609394
530112.028644,-4203.460924892388,-1510.5465617179398
530121.034937,-4236.842634951696,-1575.5717349486745
530131.817672,-4245.413990320832,-1586.3340079425368
532556.553269,-4030.4404184257737,-4216.601378547276
532556.55401,-4030.4404184257737,-4216.601378547276
532563.002317,-4673.071093716918,-4158.721500851338
532563.003811,-4673.071093716918,-4158.721500851338
532573.893564,-4669.268554107972,-4166.546460815448
532573.900873,-4669.268554107972,-4166.546460815448
532583.876898,-4651.833875215605,-4162.608378649866
532594.331891,-4664.8403681235095,-4117.9023000644265
532609.147706,-4675.858695889446,-4017.6766974313923
532614.357649,-4685.007036159727,-3942.680881784765
532625.554583,-4692.820664168859,-3870.738701607764
532636.139166,-4699.167499025563,-3809.712361875703
532644.378517,-4703.818137048325,-3768.5486726417116
532650.618548,-4716.602177890567,-3736.8810718439527
532653.90558,-4733.397307135173,-3733.9903500171513
532664.311691,-4782.93459639748,-3729.5495309461426
532676.460135,-4805.395301060676,-3683.777439039366
532683.946461,-4808.259371110032,-3680.151235345523
532693.945553,-4808.752936583347,-3697.6398709701693
532704.375813,-4819.0900049246075,-3693.371284671916
532714.474438,-4813.813720541458,-3695.4799756146126
532724.79818,-4813.813720541458,-3695.4799756146126
532734.355656,-4813.813720541458,-3695.4799756146126
532744.374764,-4813.813720541458,-3695.4799756146126
532754.376597,-4813.813720541458,-3695.4799756146126
532764.481964,-4789.969642244186,-3704.245240540514
532774.538501,-4789.031172688042,-3702.4484310567577
532784.277955,-4789.031172688042,-3702.4484310567577
532793.878946,-4789.031172688042,-3702.4484310567577
532804.377301,-4791.359967506423,-3704.4919527177617
532813.907645,-4795.614362819122,-3703.342180854543
532825.302671,-4802.065472049096,-3701.363828444455
532834.742727,-4802.065472049096,-3701.363828444455
532845.279839,-4802.065472049096,-3701.363828444455
532854.420929,-4802.065472049096,-3701.363828444455
532864.813989,-4802.065472049096,-3701.363828444455
532875.563061,-4802.065472049096,-3701.363828444455
532883.908859,-4802.065472049096,-3701.363828444455
532893.92764,-4802.065472049096,-3701.363828444455
532904.874661,-4786.618958351949,-3721.589572154429
532914.675122,-4786.618958351949,-3721.589572154429
532924.741267,-4786.618958351949,-3721.589572154429
532933.975145,-4786.618958351949,-3721.589572154429
532944.728839,-4786.618958351949,-3721.589572154429
532955.347528,-4786.618958351949,-3721.589572154429
532964.744754,-4786.618958351949,-3721.589572154429
532974.442557,-4779.855025928666,-3720.2722222370726
532985.53317,-4774.557886661169,-3718.405588602435
532994.330225,-4772.263849976913,-3718.438173229573
533004.408041,-4772.263849976913,-3718.438173229573
533014.642618,-4769.469296186978,-3721.1520071643554
533024.797591,-4775.343420438031,-3720.951844454157
533034.415951,-4773.494287836592,-3720.602723450817
533043.882224,-4778.80533035173,-3723.0651902510494
533053.906592,-4790.678708126862,-3719.820692401154
533066.228186,-4803.434942439906,-3720.383940949865
533074.305113,-4801.405067548987,-3721.78973485185
533084.322238,-4795.954992513061,-3723.744812463777
533094.288605,-4794.995668077769,-3724.6478721216286
533104.306232,-4790.782982523872,-3728.5813020446976
533116.27204,-4784.637744842766,-3729.0933461711793
533125.211617,-4781.537319502888,-3724.550118234113
533135.972787,-4781.537319502888,-3724.550118234113
533144.372341,-4773.81406265127,-3719.7275934687977
533154.332487,-4773.654175239878,-3719.4948461327663
533164.76869,-4773.654175239878,-3719.4948461327663
533173.896303,-4780.286026764009,-3717.4327047402458
533183.929538,-4785.312052598742,-3717.5630432428447
533194.330618,-4786.452119316782,-3718.424208394218
533204.330303,-4785.882085957838,-3718.7733293985925
533214.367226,-4785.882085957838,-3718.7733293985925
533224.332807,-4783.101435424412,-3726.188659462227
533234.692739,-4783.101435424412,-3726.188659462227
533244.810527,-4783.914775704232,-3723.7960168808136
533255.664873,-4784.262357021943,-3738.2263514060637
533264.89338,-4777.095230274279,-3744.0031400756657
533274.886112,-4776.1080993354435,-3743.626089404338
533284.539914,-4781.356577220342,-3745.0923975614305
533294.229325,-4781.356577220342,-3745.0923975614305
533304.310509,-4783.170951686247,-3745.0039535772776
533314.375818,-4782.357611406414,-3742.974396892959
533324.372598,-4782.357611406414,-3742.974396892959
533334.459817,-4781.711110161756,-3741.075178699653
533344.82213,-4781.711110161756,-3741.075178699653
533354.736775,-4781.711110161756,-3741.075178699653
533364.842992,-4779.9384454462615,-3738.817529618638
533374.559888,-4778.3395713895725,-3736.9741707855137
533384.784693,-4776.254083491212,-3736.909001523984
533395.144702,-4771.8328491414895,-3737.030030144865
533404.355303,-4770.623266161055,-3736.7228036645306
533413.960042,-4770.623266161055,-3736.7228036645306
533423.979241,-4770.560701522881,-3738.165837100958
533434.377277,-4771.144638137786,-3740.749332443096
533444.386387,-4767.6479700884065,-3736.769353134785
533454.691095,-4767.6479700884065,-3736.769353134785
533464.830613,-4767.6479700884065,-3736.769353134785
533474.703981,-4765.777982607335,-3732.1888856835244
533484.733218,-4765.777982607335,-3732.1888856835244
533494.773989,-4765.777982607335,-3732.1888856835244
533505.567117,-4768.072019300193,-3737.593278677724
533513.894959,-4768.357035979857,-3739.2457847063833
533524.328959,-4768.322277844657,-3739.939371747815
533535.910454,-4771.082073499615,-3745.8325340559863
533543.905631,-4771.082073499615,-3745.8325340559863
533553.893965,-4771.082073499615,-3745.8325340559863
533564.35212,-4771.082073499615,-3745.8325340559863
533575.047886,-4771.082073499615,-3745.8325340559863
533584.768509,-4771.082073499615,-3745.8325340559863
533594.690383,-4771.082073499615,-3745.8325340559863
533604.806073,-4771.082073499615,-3745.8325340559863
533615.208909,-4771.082073499615,-3745.8325340559863
533624.307685,-4771.082073499615,-3745.8325340559863
533634.528955,-4771.082073499615,-3745.8325340559863
533644.298116,-4771.082073499615,-3745.8325340559863
533654.403809,-4763.254542249161,-3746.139760530869
533663.920153,-4759.542373781283,-3744.1614082528235
533675.193013,-4756.921610657727,-3738.794254895372
533685.585965,-4753.404087727579,-3731.9887229760498
533694.646606,-4750.0951135913565,-3732.579901194106
533705.378614,-4750.0951135913565,-3732.579901194106
533714.824942,-4750.0951135913565,-3732.579901194106
533725.779625,-4752.535134441059,-3727.333776338583
533734.37843,-4752.535134441059,-3727.3291213952484
533744.382569,-4752.966135268284,-3722.357638356502
533754.378182,-4757.262240343584,-3723.088464986844
533764.380607,-4757.262240343584,-3723.088464986844
533774.603811,-4757.262240343584,-3723.088464986844
533783.897733,-4757.262240343584,-3723.088464986844
533794.331497,-4757.262240343584,-3723.088464986844
533804.948565,-4757.262240343584,-3723.088464986844
533814.754348,-4757.262240343584,-3723.088464986844
533824.378565,-4753.939362960291,-3728.5813020446976
533835.986167,-4753.939362960291,-3728.5813020446976
533844.758854,-4753.939362960291,-3728.5813020446976
533854.38247,-4753.939362960291,-3728.5813020446976
533864.978416,-4753.939362960291,-3728.5813020446976
533874.356875,-4753.939362960291,-3728.5813020446976
533884.424977,-4753.939362960291,-3728.5813020446976
533894.853018,-4755.329688223857,-3734.5349787732325
533903.862436,-4754.7805097437995,-3735.6242362747653
533914.306719,-4752.2987791437245,-3734.441879831222
533924.289404,-4750.977970142093,-3730.3594916531906
533934.665155,-4751.026631524679,-3730.745852221813
533944.391464,-4751.026631524679,-3730.745852221813
533955.669532,-4751.026631524679,-3730.745852221813
533964.428365,-4751.026631524679,-3730.745852221813
533974.846653,-4751.026631524679,-3730.745852221813
533984.384781,-4751.026631524679,-3730.745852221813
533994.410517,-4751.026631524679,-3730.745852221813
534004.882205,-4751.026631524679,-3730.745852221813
534014.869046,-4751.026631524679,-3730.745852221813
534023.898164,-4751.026631524679,-3730.745852221813
534034.389317,-4754.224379640048,-3731.444094217248
534044.728494,-4740.335030216493,-3735.5451021797103
534055.047238,-4738.2634455720345,-3737.5653489987617
534064.322116,-4738.2634455720345,-3737.5653489987617
534074.330079,-4738.2634455720345,-3737.5653489987617
534086.246391,-4730.067478117935,-3744.519839144858
534094.363718,-4730.067478117935,-3744.519839144858
534104.502559,-4728.412991044826,-3738.2123865715344
534114.648952,-4725.430743345392,-3735.293735058572
534124.73024,-4725.430743345392,-3735.293735058572
534134.685043,-4725.430743345392,-3735.293735058572
534144.74627,-4725.430743345392,-3735.293735058572
534156.677838,-4725.430743345392,-3735.293735058572
534165.096811,-4726.049438087758,-3742.397183518778
534174.277934,-4726.049438087758,-3742.397183518778
534184.240509,-4726.049438087758,-3742.397183518778
534194.231178,-4726.049438087758,-3742.397183518778
534204.274734,-4727.773441423032,-3742.3832186839186
534214.259584,-4727.773441423032,-3742.3832186839186
534224.662756,-4730.192607386154,-3736.4714365438754
534234.260848,-4730.192607386154,-3736.4714365438754
534244.679804,-4730.192607386154,-3736.4714365438754
534254.259912,-4731.242302964289,-3737.1045092834775
534264.749506,-4731.242302964289,-3737.1045092834775
534273.89592,-4731.242302964289,-3737.1045092834775
534283.894979,-4731.242302964289,-3737.1045092834775
534294.259836,-4731.242302964289,-3737.1045092834775
534304.277045,-4731.019850922756,-3732.1656109474684
534314.26413,-4731.019850922756,-3732.1656109474684
534325.703492,-4731.019850922756,-3732.1656109474684
534334.774117,-4731.019850922756,-3732.1656109474684
534344.35793,-4731.019850922756,-3732.1656109474684
534353.961405,-4731.019850922756,-3732.1656109474684
534364.361052,-4731.019850922756,-3732.1656109474684
534374.721196,-4731.019850922756,-3732.1656109474684
534384.652811,-4731.019850922756,-3732.1656109474684
534393.887725,-4731.429996879135,-3729.9591662495673
534404.355296,-4731.721965182732,-3729.512291365583
534415.207304,-4731.721965182732,-3729.512291365583
534424.321359,-4731.721965182732,-3729.512291365583
534434.368643,-4729.803316317477,-3726.128145156097
534435.157643,-4729.803316317477,-3726.128145156097
534443.916795,-4729.803316317477,-3726.128145156097
534454.328617,-4729.803316317477,-3726.128145156097
534464.743524,-4697.102866002808,-3768.609186944258
534474.316752,-4667.00232391302,-3785.3250990654656
534484.771801,-4641.684500740597,-3782.35524336858
534495.185793,-4609.90861667191,-3777.081189244183
534504.248058,-4606.411948609457,-3762.7905039852126
534514.249572,-4604.826977802,-3743.505060797231
534524.243958,-4611.695184641962,-3719.792762720563
534533.903546,-4599.8982747115815,-3675.7476554725145
534544.269803,-4598.083900229712,-3651.6955437158945
534554.743456,-4605.8697217512145,-3623.0164133453736
534564.333128,-4600.920163789788,-3573.5762149399634
534574.278757,-4608.372307247322,-3536.825401183803
534579.728437,-4729.803316317477,-3726.128145156097
534584.326634,-4623.02633560519,-3510.296851726732
534594.666583,-4623.02633560519,-3510.296851726732
534598.035463,-4729.803316317477,-3726.128145156097
534604.451662,-4624.840710086024,-3502.602222230919
534613.950921,-4622.171285563301,-3481.757363420507
534623.910964,-4625.049258872444,-3483.3028063082647
534634.25204,-4672.111769287116,-3501.35004114484
534645.564254,-4755.315784976345,-3528.800270707445
534653.861236,-4817.831760563168,-3553.4435654874474
534664.626582,-4847.035542741871,-3568.1625106570864
535571.598354,-3753.823530000046,-4001.056439354036
535571.599269,-3753.823530000046,-4001.056439354036
535578.477105,-3965.32600966149,-4139.943458529179
535578.477728,-3965.32600966149,-4139.943458529179
535589.742657,-4002.0375489516564,-4158.479443792752
535589.762786,-4002.0375489516564,-4158.479443792752
535599.784064,-4111.574326781991,-4187.2935433507955
535610.476049,-4217.62833954032,-4220.6508660371555
535620.202469,-4339.78231880568,-4237.134019112999
535630.152926,-4399.281289123903,-4240.024738663009
535642.329226,-4495.4500885256175,-4212.132320225082
535650.425679,-4581.267916061639,-4187.38198727338
535660.626122,-4645.598266381267,-4172.006709439485
535671.093905,-4660.523408159469,-4133.161205626959
535680.460634,-4677.520134580025,-4083.418475544047
535690.419278,-4696.595397280809,-3985.241043162839
535711.3528,-4684.1172279839375,-3814.8234926122236
535711.353631,-4684.1172279839375,-3814.8234926122236
535816.535984,-4605.855818503801,-3320.5750979955815
535816.536629,-4605.855818503801,-3320.5750979955815
535825.545075,-4605.417866043006,-3302.1228774049177
535835.566073,-4584.820197132571,-3265.637380103749
535845.929373,-4528.859604877633,-3261.024324608023
535859.782891,-4459.106985814078,-3262.6349373292037
535862.590918,-4407.52591802221,-3265.358083096636
535865.533138,-4407.52591802221,-3265.358083096636
535875.543111,-4367.081355668036,-3272.568600661475
535885.98174,-4365.065384012927,-3271.9308725102464
535895.903869,-4365.065384012927,-3271.9308725102464
535905.927955,-4365.065384012927,-3271.9308725102464
535916.655882,-4365.065384012927,-3271.9308725102464
535927.181071,-4365.065384012927,-3271.9308725102464
535936.321562,-4365.065384012927,-3271.9308725102464
535945.535772,-4365.065384012927,-3271.9308725102464
535955.945539,-4365.065384012927,-3271.9308725102464
535966.431986,-4372.371543360747,-3279.4346518466114
535976.26507,-4371.704187222211,-3277.581981772781
535986.860867,-4371.704187222211,-3277.581981772781
535995.941151,-4371.704187222211,-3277.581981772781
536005.991975,-4366.05946659293,-3270.0130331168707
536015.94141,-4365.996901954184,-3269.878039562805
536025.992865,-4365.996901954184,-3269.878039562805
536035.980987,-4365.996901954184,-3269.878039562805
536046.505157,-4365.996901954184,-3269.878039562805
536055.498923,-4365.996901954184,-3269.878039562805
536065.687546,-4365.996901954184,-3269.878039562805
536076.724227,-4365.996901954184,-3269.878039562805
536086.323746,-4365.996901954184,-3269.878039562805
536097.228543,-4365.996901954184,-3269.878039562805
536105.941527,-4365.996901954184,-3269.878039562805
536115.964846,-4365.996901954184,-3269.878039562805
536125.911106,-4365.996901954184,-3269.878039562805
536135.974247,-4365.996901954184,-3269.878039562805
536145.987963,-4365.996901954184,-3269.878039562805
536156.373613,-4365.996901954184,-3269.878039562805
536166.412112,-4365.996901954184,-3269.878039562805
536176.406945,-4365.996901954184,-3269.878039562805
536185.502003,-4365.996901954184,-3269.878039562805
536196.965586,-4365.996901954184,-3269.878039562805
536205.925403,-4365.996901954184,-3269.878039562805
536215.964952,-4365.996901954184,-3269.878039562805
536225.964732,-4365.996901954184,-3269.878039562805
536237.823891,-4365.996901954184,-3269.878039562805
536245.967859,-4365.996901954184,-3269.878039562805
536256.046319,-4365.996901954184,-3269.878039562805
536265.554339,-4365.996901954184,-3269.878039562805
536275.941432,-4365.996901954184,-3269.878039562805
536285.898717,-4365.996901954184,-3269.878039562805
536296.071915,-4365.996901954184,-3269.878039562805
536306.357633,-4365.996901954184,-3269.878039562805
536318.546466,-4347.6932696493495,-3265.7490989055937
536325.996914,-4347.54033386842,-3265.381357849116
536335.976916,-4347.54033386842,-3265.381357849116
536345.927681,-4347.54033386842,-3265.381357849116
536355.533421,-4347.54033386842,-3265.381357849116
536366.270324,-4347.54033386842,-3265.381357849116
536376.422734,-4347.54033386842,-3265.381357849116
536386.475783,-4347.54033386842,-3265.381357849116
536396.020979,-4347.54033386842,-3265.381357849116
536406.502754,-4347.54033386842,-3265.381357849116
536418.256013,-4347.54033386842,-3265.381357849116
536426.024049,-4347.54033386842,-3265.381357849116
536435.504001,-4347.54033386842,-3265.381357849116
536446.008825,-4347.54033386842,-3265.381357849116
536456.027854,-4347.54033386842,-3265.381357849116
536465.995923,-4347.54033386842,-3265.381357849116
536476.125729,-4347.54033386842,-3265.381357849116
536486.501668,-4347.54033386842,-3265.381357849116
536496.476933,-4347.54033386842,-3265.381357849116
536506.525121,-4347.54033386842,-3265.381357849116
536516.426616,-4347.54033386842,-3265.381357849116
536525.997135,-4347.54033386842,-3265.381357849116
536536.957569,-4347.54033386842,-3265.381357849116
536545.533563,-4347.54033386842,-3265.381357849116
536555.733551,-4347.54033386842,-3265.381357849116
536565.534967,-4347.54033386842,-3265.381357849116
536576.583102,-4347.54033386842,-3265.381357849116
536586.129424,-4347.54033386842,-3265.381357849116
536596.439812,-4347.54033386842,-3265.381357849116
536606.531017,-4347.54033386842,-3265.381357849116
536616.419237,-4347.54033386842,-3265.381357849116
536627.142253,-4347.54033386842,-3265.381357849116
536636.274449,-4347.54033386842,-3265.381357849116
536646.818719,-4347.54033386842,-3265.381357849116
536655.893051,-4347.54033386842,-3265.381357849116
536665.875638,-4347.54033386842,-3265.381357849116
536675.525105,-4347.54033386842,-3265.381357849116
536686.030156,-4347.54033386842,-3265.381357849116
536697.082308,-4347.54033386842,-3265.381357849116
536706.599379,-4347.54033386842,-3265.381357849116
536717.953781,-4347.54033386842,-3265.381357849116
536726.881096,-4347.54033386842,-3265.381357849116
536736.32142,-4347.54033386842,-3265.381357849116
536746.35577,-4347.54033386842,-3265.381357849116
536756.655768,-4347.54033386842,-3265.381357849116
536765.871747,-4347.54033386842,-3265.381357849116
536775.892862,-4347.54033386842,-3265.381357849116
536785.876817,-4347.54033386842,-3265.381357849116
536795.494859,-4347.54033386842,-3265.381357849116
536805.968224,-4347.54033386842,-3265.381357849116
536815.98378,-4347.54033386842,-3265.381357849116
536826.529326,-4347.54033386842,-3265.381357849116
536836.420266,-4347.54033386842,-3265.381357849116
536846.492986,-4347.54033386842,-3265.381357849116
536857.270719,-4347.54033386842,-3265.381357849116
536866.981387,-4347.54033386842,-3265.381357849116
536875.965371,-4349.431176246755,-3270.045617765609
536885.962595,-4349.431176246755,-3270.045617765609
536895.535099,-4349.431176246755,-3270.045617765609
536906.3067,-4348.520513184656,-3276.194806691098
536915.500912,-4348.756868483993,-3277.144416476713
536926.010661,-4348.756868483993,-3277.144416476713
536935.977783,-4348.756868483993,-3277.144416476713
536946.337039,-4348.756868483993,-3277.144416476713
536956.418917,-4348.756868483993,-3277.144416476713
536967.015668,-4348.756868483993,-3277.144416476713
536975.894356,-4348.756868483993,-3277.144416476713
536985.871803,-4348.756868483993,-3277.144416476713
536995.922287,-4348.659545718091,-3281.566618915222
537005.876797,-4348.659545718091,-3281.566618915222
537015.923279,-4348.659545718091,-3281.566618915222
537025.902287,-4348.659545718091,-3281.566618915222
537036.134651,-4347.443011094118,-3285.44884712939
537046.258658,-4345.350571551737,-3292.566265461448
537056.408256,-4343.515342180018,-3298.9295818555224
537065.975862,-4343.216422241879,-3299.9071213066886
537076.39826,-4343.216422241879,-3299.9071213066886
537086.897472,-4343.216422241879,-3299.9071213066886
537095.989226,-4343.216422241879,-3299.9071213066886
537105.955781,-4344.0506174092625,-3294.777366636451
537116.017274,-4344.0506174092625,-3294.777366636451
537125.996627,-4344.0506174092625,-3294.777366636451
537136.292875,-4345.531313836063,-3290.3784390417986
537146.317004,-4345.531313836063,-3290.3784390417986
537156.398225,-4345.531313836063,-3290.3784390417986
537166.080592,-4345.531313836063,-3290.3784390417986
537176.421032,-4345.531313836063,-3290.3784390417986
537186.673033,-4345.531313836063,-3290.3784390417986
537195.998408,-4345.531313836063,-3290.3784390417986
537205.984162,-4345.531313836063,-3290.3784390417986
537216.003667,-4345.531313836063,-3290.3784390417986
537226.203734,-4345.948411419884,-3288.2930215054394
537235.9078,-4342.486501472248,-3287.9392453157184
537245.928877,-4342.486501472248,-3287.9392453157184
537256.277131,-4344.69016704481,-3285.1230006385626
537267.082176,-4344.69016704481,-3285.1230006385626
537276.29562,-4344.69016704481,-3285.1230006385626
537285.533262,-4346.539299664126,-3288.130098255287
537296.744696,-4345.739862632174,-3292.7245337624627
537306.690432,-4346.643574062178,-3292.170594730591
537315.891335,-4345.851088653828,-3291.9704318859567
537325.875968,-4345.851088653828,-3291.9704318859567
537335.901945,-4345.851088653828,-3291.9704318859567
537345.909074,-4345.851088653828,-3291.9704318859567
537355.962128,-4350.849308034617,-3293.050380249367
537365.996478,-4350.849308034617,-3293.050380249367
537376.392599,-4350.849308034617,-3293.050380249367
537385.527963,-4350.251468158283,-3296.3228099664734
537396.298326,-4348.242448134441,-3304.1477805489926
537405.532984,-4348.165980239776,-3305.0554957501736
537415.558236,-4348.165980239776,-3305.0554957501736
537425.540107,-4348.165980239776,-3305.0554957501736
537435.875337,-4348.165980239776,-3305.0554957501736
537447.510111,-4348.165980239776,-3305.0554957501736
537455.968588,-4348.34672252409,-3297.3887934789154
537466.11407,-4348.34672252409,-3297.3887934789154
537475.974324,-4348.34672252409,-3297.3887934789154
537486.356146,-4348.34672252409,-3297.3887934789154
537496.649043,-4347.853157054026,-3291.481662148989
537506.298881,-4347.853157054026,-3291.481662148989
537516.258484,-4347.853157054026,-3291.481662148989
537525.512314,-4333.025337938151,-3285.849172813435
537535.514675,-4322.855108511702,-3280.281852735549
537545.892822,-4322.6743662272875,-3280.1235844308326
537555.871539,-4321.332702333276,-3270.5762820646282
537565.88323,-4321.715041781763,-3271.1441859596903
537575.957935,-4321.715041781763,-3271.1441859596903
537585.904374,-4321.715041781763,-3271.1441859596903
537596.278561,-4321.715041781763,-3271.1441859596903
537606.047455,-4321.715041781763,-3271.1441859596903
537615.9264,-4321.715041781763,-3271.1441859596903
537626.551628,-4321.715041781763,-3271.1441859596903
537636.834057,-4321.715041781763,-3271.1441859596903
537645.492898,-4321.715041781763,-3271.1441859596903
537655.513772,-4321.715041781763,-3271.1441859596903
537665.878296,-4321.715041781763,-3271.1441859596903
537677.78187,-4321.715041781763,-3271.1441859596903
537687.191798,-4321.715041781763,-3271.1441859596903
537696.387503,-4321.715041781763,-3271.1441859596903
537705.928021,-4321.715041781763,-3271.1441859596903
537715.498516,-4321.715041781763,-3271.1441859596903
537726.531327,-4321.715041781763,-3271.1441859596903
537736.271881,-4321.715041781763,-3271.1441859596903
537745.968745,-4321.715041781763,-3271.1441859596903
537755.95028,-4321.715041781763,-3271.1441859596903
537765.509469,-4321.715041781763,-3271.1441859596903
537776.050106,-4321.715041781763,-3271.1441859596903
537785.895398,-4321.715041781763,-3271.1441859596903
537795.88083,-4321.715041781763,-3271.1441859596903
537806.195563,-4321.715041781763,-3271.1441859596903
537816.283263,-4321.715041781763,-3271.1441859596903
537828.940874,-4321.715041781763,-3271.1441859596903
537838.030892,-4321.715041781763,-3271.1441859596903
537846.225889,-4321.715041781763,-3271.1441859596903
537856.89924,-4321.715041781763,-3271.1441859596903
537865.966357,-4321.715041781763,-3271.1441859596903
537877.008595,-4321.715041781763,-3271.1441859596903
537886.421818,-4321.715041781763,-3271.1441859596903
537895.513906,-4321.715041781763,-3271.1441859596903
537905.875126,-4321.715041781763,-3271.1441859596903
537916.27676,-4321.715041781763,-3271.1441859596903
537926.202434,-4321.715041781763,-3271.1441859596903
537936.349139,-4321.715041781763,-3271.1441859596903
537946.387474,-4321.715041781763,-3271.1441859596903
537956.372953,-4321.715041781763,-3271.1441859596903
537966.825134,-4321.715041781763,-3271.1441859596903
537975.967612,-4321.715041781763,-3271.1441859596903
537985.971943,-4321.715041781763,-3271.1441859596903
537996.045941,-4321.715041781763,-3271.1441859596903
538006.131473,-4321.715041781763,-3271.1441859596903
538015.489704,-4321.715041781763,-3271.1441859596903
538025.900632,-4321.715041781763,-3271.1441859596903
538037.825579,-4321.715041781763,-3271.1441859596903
538046.600753,-4319.914570544518,-3266.75922305633
538056.297644,-4319.323682299939,-3266.456651309613
538065.488992,-4317.808227745152,-3260.484350392385
538078.557103,-4317.773469617995,-3259.846622240564
538085.876575,-4316.369241084882,-3257.5144922443396
538095.93007,-4316.369241084882,-3257.5144922443396
538106.711465,-4316.369241084882,-3257.5144922443396
538116.045816,-4316.369241084882,-3257.5144922443396
538125.925828,-4316.369241084882,-3257.5144922443396
538135.525047,-4316.369241084882,-3257.5144922443396
538145.513419,-4316.369241084882,-3257.5144922443396
538155.970195,-4316.369241084882,-3257.5144922443396
538166.289805,-4316.369241084882,-3257.5144922443396
538176.367708,-4316.369241084882,-3257.5144922443396
538187.490665,-4316.369241084882,-3257.5144922443396
538195.964511,-4316.369241084882,-3257.5144922443396
538205.951254,-4316.369241084882,-3257.5144922443396
538215.974082,-4316.369241084882,-3257.5144922443396
538225.947125,-4316.369241084882,-3257.5144922443396
538236.22339,-4316.369241084882,-3257.5144922443396
538247.612555,-4316.369241084882,-3257.5144922443396
538255.516419,-4316.369241084882,-3257.5144922443396
538267.958876,-4316.369241084882,-3257.5144922443396
538276.233048,-4316.369241084882,-3257.5144922443396
538285.967502,-4316.369241084882,-3257.5144922443396
538295.928003,-4316.369241084882,-3257.5144922443396
538305.908781,-4316.369241084882,-3257.5144922443396
538315.903109,-4316.369241084882,-3257.5144922443396
538325.988616,-4316.369241084882,-3257.5144922443396
538335.486479,-4316.369241084882,-3257.5144922443396
538345.874449,-4316.369241084882,-3257.5144922443396
538356.273946,-4316.369241084882,-3257.5144922443396
538366.91803,-4316.369241084882,-3257.5144922443396
538375.513599,-4316.369241084882,-3257.5144922443396
538385.881573,-4316.369241084882,-3257.5144922443396
538396.291556,-4316.369241084882,-3257.5144922443396
538406.717107,-4316.369241084882,-3257.5144922443396
538415.922095,-4303.147247656581,-3262.188062115163
538425.897806,-4303.147247656581,-3262.188062115163
538436.838127,-4303.147247656581,-3262.188062115163
538445.903517,-4303.147247656581,-3262.188062115163
538456.031326,-4303.147247656581,-3262.188062115163
538466.439616,-4303.147247656581,-3262.188062115163
538475.485586,-4303.147247656581,-3262.188062115163
538485.903704,-4303.147247656581,-3262.188062115163
538495.506353,-4303.147247656581,-3262.188062115163
538506.959123,-4303.147247656581,-3262.188062115163
538516.68506,-4303.147247656581,-3262.188062115163
538525.892287,-4303.147247656581,-3262.188062115163
538535.881728,-4303.147247656581,-3262.188062115163
538546.974925,-4303.147247656581,-3262.188062115163
538555.920513,-4303.147247656581,-3262.188062115163
538565.868857,-4303.147247656581,-3262.188062115163
538576.297947,-4303.147247656581,-3262.188062115163
538586.205665,-4303.147247656581,-3262.188062115163
538596.276775,-4303.147247656581,-3262.188062115163
538606.245005,-4303.147247656581,-3262.188062115163
538616.03246,-4303.147247656581,-3262.188062115163
538625.596329,-4303.147247656581,-3262.188062115163
538635.586013,-4303.147247656581,-3262.188062115163
538645.927098,-4303.147247656581,-3262.188062115163
538655.517621,-4303.147247656581,-3262.188062115163
538665.51491,-4303.147247656581,-3262.188062115163
538675.970224,-4303.147247656581,-3262.188062115163
538687.681983,-4303.147247656581,-3262.188062115163
538697.788253,-4303.147247656581,-3262.188062115163
538706.308972,-4303.147247656581,-3262.188062115163
538716.429154,-4303.147247656581,-3262.188062115163
538726.449887,-4303.147247656581,-3262.188062115163
538736.896605,-4303.147247656581,-3262.188062115163
538745.481646,-4303.147247656581,-3262.188062115163
538755.522134,-4303.147247656581,-3262.188062115163
538765.889941,-4303.147247656581,-3262.188062115163
538775.861911,-4303.147247656581,-3262.188062115163
538785.874442,-4303.147247656581,-3262.188062115163
538796.366394,-4303.147247656581,-3262.188062115163
538805.644232,-4303.147247656581,-3262.188062115163
538816.663662,-4303.147247656581,-3262.188062115163
538826.252176,-4303.147247656581,-3262.188062115163
538836.316352,-4303.147247656581,-3262.188062115163
538846.659946,-4303.147247656581,-3262.188062115163
538855.920899,-4303.147247656581,-3262.188062115163
538865.506761,-4303.147247656581,-3262.188062115163
538875.504698,-4303.147247656581,-3262.188062115163
538885.875806,-4303.147247656581,-3262.188062115163
538895.858136,-4303.147247656581,-3262.188062115163
538906.294069,-4303.147247656581,-3262.188062115163
538915.481309,-4303.147247656581,-3262.188062115163
538925.876803,-4303.147247656581,-3262.188062115163
538936.334034,-4303.147247656581,-3262.188062115163
538946.258264,-4303.147247656581,-3262.188062115163
538956.656815,-4303.147247656581,-3262.188062115163
538965.872132,-4303.147247656581,-3262.188062115163
538975.875771,-4303.147247656581,-3262.188062115163
538985.553655,-4303.147247656581,-3262.188062115163
538996.46081,-4303.147247656581,-3262.188062115163
539005.902333,-4303.147247656581,-3262.188062115163
539016.335576,-4303.147247656581,-3262.188062115163
539026.262249,-4303.147247656581,-3262.188062115163
539036.28337,-4303.147247656581,-3262.188062115163
539045.898089,-4303.147247656581,-3262.188062115163
539055.880034,-4303.147247656581,-3262.188062115163
539065.478996,-4303.147247656581,-3262.188062115163
539075.4803,-4303.147247656581,-3262.188062115163
539085.89948,-4303.147247656581,-3262.188062115163
539095.945074,-4303.147247656581,-3262.188062115163
539105.477137,-4299.803515359839,-3267.9415803594993
539116.505178,-4299.803515359839,-3267.9415803594993
539126.284574,-4299.803515359839,-3267.9415803594993
539136.523356,-4299.803515359839,-3267.9415803594993
539145.901912,-4299.803515359839,-3267.9415803594993
539156.224425,-4299.803515359839,-3267.9415803594993
539166.431456,-4299.803515359839,-3267.9415803594993
539176.78633,-4299.803515359839,-3267.9415803594993
539185.902407,-4299.803515359839,-3267.9415803594993
539195.887263,-4299.803515359839,-3267.9415803594993
539205.906227,-4299.803515359839,-3267.9415803594993
539215.929764,-4299.803515359839,-3267.9415803594993
539225.475282,-4299.803515359839,-3267.9415803594993
539236.792513,-4299.803515359839,-3267.9415803594993
539245.489977,-4299.803515359839,-3267.9415803594993
539255.866124,-4299.803515359839,-3267.9415803594993
539266.124815,-4299.803515359839,-3267.9415803594993
539275.499402,-4296.230379387018,-3269.533573269684
539287.880301,-4296.230379387018,-3269.533573269684
539295.978941,-4296.230379387018,-3269.533573269684
539305.96422,-4296.230379387018,-3269.533573269684
539317.476285,-4296.230379387018,-3269.533573269684
539325.881863,-4296.230379387018,-3269.533573269684
539335.876112,-4296.230379387018,-3269.533573269684
539345.469842,-4296.230379387018,-3269.533573269684
539355.957223,-4296.230379387018,-3269.533573269684
539366.197665,-4296.230379387018,-3269.533573269684
539376.280378,-4296.230379387018,-3269.533573269684
539386.197565,-4296.230379387018,-3269.533573269684
539397.962849,-4296.230379387018,-3269.533573269684
539405.979526,-4296.230379387018,-3269.533573269684
539415.988741,-4296.230379387018,-3269.533573269684
539427.553984,-4296.230379387018,-3269.533573269684
539435.902171,-4296.230379387018,-3269.533573269684
539445.874942,-4296.230379387018,-3269.533573269684
539456.275007,-4296.230379387018,-3269.533573269684
539466.353392,-4296.230379387018,-3269.533573269684
539475.507204,-4296.230379387018,-3269.533573269684
539486.329605,-4296.230379387018,-3269.533573269684
539496.324143,-4296.230379387018,-3269.533573269684
539506.905461,-4296.230379387018,-3269.533573269684
539515.977315,-4296.230379387018,-3269.533573269684
539525.968237,-4296.230379387018,-3269.533573269684
539536.003444,-4296.230379387018,-3269.533573269684
539548.97503,-4296.230379387018,-3269.533573269684
539556.489322,-4296.230379387018,-3269.533573269684
539566.264056,-4296.230379387018,-3269.533573269684
539576.273519,-4296.230379387018,-3269.533573269684
539586.248378,-4296.230379387018,-3269.533573269684
539595.494832,-4296.230379387018,-3269.533573269684
539607.859871,-4296.230379387018,-3269.533573269684
539616.900203,-4296.230379387018,-3269.533573269684
539626.159505,-4294.840054100919,-3268.905155013558
539628.706588,-4286.943006504233,-3269.035493620233
539635.583511,-4278.677522704907,-3273.7695777566537
539646.064869,-4264.106913746485,-3334.9775119893675
540030.3249,-3395.2740324915835,-2978.9441415258825
540030.325586,-3395.2740324915835,-2978.9441415258825
540046.028295,-3324.858757415083,-2965.774738232853
540056.028392,-3323.3780609596315,-2963.7684538124704
540057.578874,-3323.3780609596315,-2963.7684538124704
540066.05636,-3321.834799872404,-2963.363472977058
540075.996968,-3327.2223104380864,-2967.0967446645564
540086.436935,-3326.89558399026,-2967.2410481832517
540098.789181,-3331.4002379797334,-2962.7583291801743
540106.819712,-3331.4002379797334,-2962.7583291801743
540116.863698,-3327.4378108619585,-2958.5874919512767
540126.81858,-3327.368294589845,-2958.2523353805423
540136.886202,-3327.368294589845,-2958.2523353805423
540146.845165,-3327.368294589845,-2958.2523353805423
540156.452963,-3327.896618205524,-2958.643351380376
540166.890248,-3328.0008926055907,-2955.2592010560143
540177.378432,-3332.0954006354177,-2957.8892491056217
540186.910332,-3335.1332614335993,-2956.2553608477806
540197.447052,-3337.3508302962173,-2956.8325749362875
540206.849174,-3341.6747419969947,-2956.51603817783
540216.8237,-3341.6747419969947,-2956.51603817783
540226.896942,-3341.6747419969947,-2956.51603817783
540236.874313,-3341.6747419969947,-2956.51603817783
540246.903409,-3341.6747419969947,-2956.51603817783
540256.946974,-3341.6747419969947,-2956.51603817783
540267.328595,-3341.6747419969947,-2956.51603817783
540276.881634,-3341.6747419969947,-2956.51603817783
540287.172956,-3341.6747419969947,-2956.51603817783
540297.451633,-3341.6747419969947,-2956.51603817783
540307.22094,-3341.6747419969947,-2956.51603817783
540317.873017,-3341.6747419969947,-2956.51603817783
540326.896911,-3341.6747419969947,-2956.51603817783
540336.877596,-3341.6747419969947,-2956.51603817783
540346.856942,-3341.6747419969947,-2956.51603817783
540356.919776,-3341.6747419969947,-2956.51603817783
540366.890393,-3350.2530491340763,-2960.644980854834
540377.368777,-3350.2530491340763,-2960.644980854834
540387.767244,-3350.2530491340763,-2960.644980854834
540397.063469,-3350.2530491340763,-2960.644980854834
540408.599654,-3350.2530491340763,-2960.644980854834
540417.353023,-3350.2530491340763,-2960.644980854834
540428.1344,-3350.2530491340763,-2960.644980854834
540436.922675,-3350.2530491340763,-2960.644980854834
540446.899331,-3350.2530491340763,-2960.644980854834
540456.922628,-3350.2530491340763,-2960.644980854834
540466.904004,-3350.2530491340763,-2960.644980854834
540477.102223,-3350.2530491340763,-2960.644980854834
540487.426182,-3350.2530491340763,-2960.644980854834
540497.359603,-3350.2530491340763,-2960.644980854834
540507.298875,-3350.2530491340763,-2960.644980854834
540516.999784,-3352.547085892104,-2961.333913784357
540526.438368,-3352.5540375159835,-2961.3292588344993
540538.072289,-3352.5540375159835,-2961.3292588344993
540546.885248,-3352.5540375159835,-2961.3292588344993
540556.913253,-3352.5540375159835,-2961.3292588344993
540566.851687,-3352.5540375159835,-2961.3292588344993
540576.889218,-3352.5540375159835,-2961.3292588344993
540586.951942,-3352.5540375159835,-2961.3292588344993
540596.888236,-3352.5540375159835,-2961.3292588344993
540607.270358,-3352.5540375159835,-2961.3292588344993
540616.87598,-3352.5540375159835,-2961.3292588344993
540627.252986,-3352.5540375159835,-2961.3292588344993
540637.340613,-3352.5540375159835,-2961.3292588344993
540646.444155,-3352.5540375159835,-2961.3292588344993
540656.475508,-3352.5540375159835,-2961.3292588344993
540666.455388,-3352.5540375159835,-2961.3292588344993
540677.074201,-3352.5540375159835,-2961.3292588344993
540686.89858,-3352.0118106526143,-2960.3284440983357
540697.434475,-3352.004859020484,-2960.323789147772
540707.235574,-3352.004859020484,-2960.323789147772
540717.375322,-3352.004859020484,-2960.323789147772
540727.306275,-3352.004859020484,-2960.323789147772
540737.382857,-3352.004859020484,-2960.323789147772
540747.364895,-3352.004859020484,-2960.323789147772
540757.833334,-3352.004859020484,-2960.323789147772
540766.445884,-3352.004859020484,-2960.323789147772
540776.904487,-3352.004859020484,-2960.323789147772
540786.921027,-3352.004859020484,-2960.323789147772
540796.929215,-3352.004859020484,-2960.323789147772
540807.023714,-3352.004859020484,-2960.323789147772
540817.880913,-3352.004859020484,-2960.323789147772
540827.301361,-3352.004859020484,-2960.323789147772
540836.978571,-3352.004859020484,-2960.323789147772
540847.298421,-3352.004859020484,-2960.323789147772
540857.440781,-3352.004859020484,-2960.323789147772
540867.85603,-3352.004859020484,-2960.323789147772
540876.904686,-3352.004859020484,-2960.323789147772
540886.452933,-3352.004859020484,-2960.323789147772
540896.994211,-3352.004859020484,-2960.323789147772
540906.886338,-3352.004859020484,-2960.323789147772
540916.944785,-3352.004859020484,-2960.323789147772
540927.326413,-3352.004859020484,-2960.323789147772
540937.387707,-3352.004859020484,-2960.323789147772
540947.310097,-3352.004859020484,-2960.323789147772
540957.361654,-3352.004859020484,-2960.323789147772
540967.299728,-3352.004859020484,-2960.323789147772
540977.867671,-3352.004859020484,-2960.323789147772
540986.928057,-3352.004859020484,-2960.323789147772
540996.906282,-3352.004859020484,-2960.323789147772
541006.991414,-3352.004859020484,-2960.323789147772
541017.022619,-3352.004859020484,-2960.323789147772
541027.001029,-3352.004859020484,-2960.323789147772
541037.38417,-3352.004859020484,-2960.323789147772
541047.364827,-3352.004859020484,-2960.323789147772
541057.360902,-3352.004859020484,-2960.323789147772
541066.902611,-3352.004859020484,-2960.323789147772
541077.381095,-3352.004859020484,-2960.323789147772
541087.844873,-3352.004859020484,-2960.323789147772
541096.89833,-3352.004859020484,-2960.323789147772
541106.90131,-3352.004859020484,-2960.323789147772
541116.895706,-3352.004859020484,-2960.323789147772
541126.880125,-3352.004859020484,-2960.323789147772
541138.496785,-3350.80917926172,-2960.793939326635
541147.274316,-3350.80917926172,-2960.793939326635
541157.357047,-3350.80917926172,-2960.793939326635
541167.284972,-3350.80917926172,-2960.793939326635
541176.888547,-3350.80917926172,-2960.793939326635
541187.272751,-3350.80917926172,-2960.793939326635
541197.856031,-3350.80917926172,-2960.793939326635
541206.894522,-3350.80917926172,-2960.793939326635
541216.873125,-3350.80917926172,-2960.793939326635
541226.876895,-3350.80917926172,-2960.793939326635
541236.833288,-3350.80917926172,-2960.793939326635
541246.958152,-3350.80917926172,-2960.793939326635
541259.874239,-3350.80917926172,-2960.793939326635
541267.956781,-3350.80917926172,-2960.793939326635
541277.375421,-3350.80917926172,-2960.793939326635
541287.704915,-3350.80917926172,-2960.793939326635
541297.379346,-3350.80917926172,-2960.793939326635
541306.893518,-3350.80917926172,-2960.793939326635
541316.894087,-3350.80917926172,-2960.793939326635
541326.830617,-3350.80917926172,-2960.793939326635
541336.872943,-3350.80917926172,-2960.793939326635
541345.709829,-3350.80917926172,-2960.793939326635
541346.863976,-3350.80917926172,-2960.793939326635
541357.522204,-3372.275801982743,-2953.3087760408516
541368.074522,-3409.661649444747,-2882.902618320774
541376.601024,-3424.392146047321,-2855.4477059002056
545519.123394,-5079.949781939935,-5637.474299127178
545519.124037,-5079.949781939935,-5637.474299127178
545527.370635,-5026.742034357436,-5560.2582714525915
545527.371323,-5026.742034357436,-5560.2582714525915
545534.315764,-4982.077835418559,-5493.4180817414035
545534.316496,-4982.077835418559,-5493.4180817414035
545540.716999,-4974.938515208087,-5479.718611674997
545540.717724,-4974.938515208087,-5479.718611674997
545545.571554,-4974.938515208087,-5479.718611674997
545545.578988,-4974.938515208087,-5479.718611674997
545559.229652,-4961.090875625099,-5466.191373858854
545567.84755,-4951.379453681977,-5453.432199865019
546588.770998,-3536.3318106490406,-2707.3854116197103
546588.771724,-3536.3318106490406,-2707.3854116197103
546596.055463,-3413.4572375253833,-2913.9139133445556
546596.056116,-3413.4572375253833,-2913.9139133445556
546607.156852,-3381.5840299066012,-2963.2284793571084
546607.192163,-3381.5840299066012,-2963.2284793571084
546617.264425,-3354.0486372268774,-3019.8233862494376
546627.260664,-3342.3490497726684,-3043.3308925682422
546638.210947,-3349.7455803984794,-3090.857947236696
546648.015421,-3466.1922763118296,-3142.704792829517
546659.047124,-3520.1855594457434,-3185.2836275826357
546667.608108,-3515.9659221576417,-3258.2313545632055
546677.716477,-3475.3475684373784,-3332.5895228828526
546687.700695,-3475.3475684373784,-3332.5895228828526
546699.70194,-3475.3475684373784,-3332.5895228828526
546709.856103,-3474.485566743732,-3337.2956768491044
546719.954667,-3503.6684948577895,-3389.4962784704976
546729.418701,-3572.9484046387865,-3446.0911474058425
546738.04978,-3652.0440109564124,-3490.801928190134
546747.65432,-3658.870508170218,-3491.6444738506234
546759.787655,-3692.1896539530508,-3487.7156974071354
546767.281213,-3822.3101984276755,-3509.7941173075837
546777.327448,-3902.691855270785,-3543.714724256416
546787.661208,-3969.44832414784,-3563.437738606009
546797.666192,-4088.3419912351596,-3567.6597762941237
546808.044939,-4155.077604985608,-3570.7972111182403
546817.272726,-4181.250478476686,-3614.3349363682273
546827.284099,-4173.2074467035045,-3696.876459683837
546837.274561,-4135.063872497976,-3813.4363186919854
546850.35698,-4102.571970547424,-3908.899944490418
546862.111206,-4042.2457563119415,-4056.5408280733504
546867.558862,-4011.8532454978463,-4140.6370451331095
546879.798278,-4016.2188669051675,-4187.810242060056
546887.595395,-4003.78240718526,-4284.79132290961
546897.598298,-4072.1586048905,-4329.120339431373
546907.246462,-4106.506591113475,-4365.3032044478705
546917.256345,-4106.798559420914,-4373.663480186241
546927.78871,-4106.798559420914,-4373.663480186241
546937.594323,-4106.798559420914,-4373.663480186241
546947.254941,-4106.798559420914,-4373.663480186241
546957.247819,-4106.798559420914,-4373.663480186241
546967.250238,-4106.798559420914,-4373.663480186241
546978.34265,-4106.798559420914,-4373.663480186241
546987.593249,-4106.798559420914,-4373.663480186241
546997.620863,-4106.798559420914,-4373.663480186241
547007.645535,-4106.798559420914,-4373.663480186241
547017.603182,-4106.798559420914,-4373.663480186241
547029.284285,-4106.798559420914,-4373.663480186241
547037.618605,-4106.798559420914,-4373.663480186241
547047.261282,-4106.798559420914,-4373.663480186241
547057.714415,-4106.798559420914,-4373.663480186241
547067.268072,-4106.798559420914,-4373.663480186241
547077.257197,-4106.798559420914,-4373.663480186241
547087.247251,-4106.798559420914,-4373.663480186241
547099.950495,-4106.798559420914,-4373.663480186241
547107.590296,-4106.798559420914,-4373.663480186241
547117.600546,-4106.798559420914,-4373.663480186241
547127.59029,-4106.798559420914,-4373.663480186241
547137.653646,-4106.798559420914,-4373.663480186241
547147.595614,-4106.798559420914,-4373.663480186241
547157.267839,-4106.798559420914,-4373.663480186241
547167.627215,-4106.798559420914,-4373.663480186241
547178.042767,-4106.798559420914,-4373.663480186241
547187.954992,-4106.798559420914,-4373.663480186241
547197.257199,-4106.798559420914,-4373.663480186241
547207.253034,-4106.798559420914,-4373.663480186241
547217.249438,-4106.798559420914,-4373.663480186241
547227.611835,-4106.798559420914,-4373.663480186241
547237.599417,-4102.4746477810195,-4375.395118577251
547247.595807,-4102.4676961572395,-4375.404428469132
547257.610496,-4102.4676961572395,-4375.404428469132
547267.931683,-4102.335615255125,-4377.56432150233
547278.019438,-4102.335615255125,-4377.56432150233
547288.034731,-4102.335615255125,-4377.56432150233
547297.245783,-4102.335615255125,-4377.56432150233
547308.799901,-4102.335615255125,-4377.56432150233
547317.248414,-4102.335615255125,-4377.56432150233
547327.247846,-4099.985965513476,-4379.244755519191
547337.659957,-4085.109484945933,-4411.685044632244
547349.455435,-4050.30964298616,-4450.805172946389
547357.596023,-4019.444421575211,-4412.513624240369
547367.598486,-4011.929713384791,-4319.7825252246
547377.793647,-3965.590171466292,-4262.382428989085
547390.692655,-3975.002673680289,-4198.656259798146
547397.849389,-4038.269425989651,-4169.89336513449
547407.745734,-4120.382037473776,-4191.971761338258
547417.319412,-4213.48517019497,-4219.859525720494
547429.735548,-4337.571701609135,-4244.0559191938055
547437.298685,-4455.95789906013,-4231.869278655844
547447.246077,-4561.907636637728,-4192.2743326458185
547457.235934,-4641.614984478533,-4182.913241710901
547467.654154,-4641.614984478533,-4182.913241710901
547477.766537,-4641.614984478533,-4182.913241710901
547488.39692,-4665.903966950634,-4142.4478182043795
547498.949015,-4678.813137080884,-4078.707672150632
547508.096887,-4688.371623307328,-4009.912249925108
547517.684204,-4695.58741146078,-3884.233388761321
547528.249979,-4697.735464001366,-3801.8734326726917
547537.326196,-4719.424538187122,-3738.277555822073
547537.743282,-4719.424538187122,-3738.277555822073
547547.317863,-4798.186464557751,-3753.811112334207
547554.119597,-4798.186464557751,-3753.811112334207
547557.268319,-4788.669688114762,-3760.4211362647015
547567.699852,-4788.669688114762,-3760.4211362647015
547577.947327,-4769.684796604627,-3735.1308119343093
547590.432098,-4769.684796604627,-3735.1308119343093
547598.015594,-4769.684796604627,-3735.1308119343093
547609.09866,-4769.684796604627,-3735.1308119343093
547618.586079,-4769.684796604627,-3735.1308119343093
547630.964605,-4769.684796604627,-3735.1308119343093
547638.606108,-4769.684796604627,-3735.1308119343093
547648.616886,-4737.609992694767,-3735.9314627442886
547658.161213,-4698.270739226373,-3802.082905257671
547667.656322,-4679.014734251599,-3975.1770525080087
547677.583262,-4661.079538264433,-4117.371636474085
547687.256406,-4646.731381479318,-4153.857084881918
547697.739881,-4605.188462368721,-4138.775067674766
547708.014356,-4596.130493223349,-4089.5024873753823
547717.747169,-4601.518003654406,-4038.763595770816
547728.176155,-4584.583841834466,-3974.9908547181394
547738.198983,-4547.559479811968,-3993.09858987425
547747.616234,-4529.130718303027,-4015.51214822144
547763.236876,-4504.918203650006,-4035.6959874290987
547771.539471,-4515.9087249444,-4035.4073808745266
547771.540082,-4515.9087249444,-4035.4073808745266
547776.195002,-4515.9087249444,-4035.4073808745266
547776.311407,-4798.186464557751,-3753.811112334207
547785.500781,-4515.9087249444,-4035.4073808745266
547795.078041,-4515.9087249444,-4035.4073808745266
547805.052865,-4509.6383579556095,-4046.0811682846547
547814.189308,-4509.6383579556095,-4046.0811682846547
547827.095814,-4518.404358813615,-4046.863198922445
547834.623159,-4522.4919151168715,-4050.279928043233
547844.619633,-4514.713045212702,-4057.048216990845
547854.616086,-4493.114342059296,-4057.555605921304
547866.032216,-4483.89648548691,-4015.1490625512693
547874.774118,-4484.953132694662,-3967.4312242533897
547876.963631,-4798.186464557751,-3753.811112334207
547884.263142,-4482.902402909471,-3907.9270609189675
547894.618174,-4500.858453840191,-3900.0788230521507
547905.015517,-4531.271819228049,-3971.434476855496
547915.09613,-4560.419988594267,-3993.173068984536
547924.185419,-4548.414529855305,-4060.2228889610697
547934.176825,-4543.854262957781,-4123.977001682285
547944.183637,-4494.8592002832975,-4172.183597288264
547955.576617,-4554.114863476509,-4164.093305616236
547964.586403,-4641.941710917893,-4154.950996617004
547974.57029,-4726.695939341661,-4139.454689455029
547984.722714,-4796.267815695643,-4124.7729970618175
547995.102728,-4856.524512668546,-4114.145760416074
548004.197774,-4955.237606279644,-4084.5216972754088
548014.184326,-5050.6069674049095,-4049.7399544996524
548025.163724,-5142.78553184194,-4008.0968215333305
548034.789491,-5188.7635879642075,-3973.0311229355375
548045.501618,-5273.844541677947,-3878.2285090432774
548054.823718,-5285.669257924891,-3863.9517908888593
548513.308548,-4976.011859611814,-3190.6241409966697
548513.310055,-4976.011859611814,-3190.6241409966697
548520.6976,-4961.507973203011,-3147.4900823683583
548520.698286,-4961.507973203011,-3147.4900823683583
548529.777824,-4938.7135905553205,-3198.5362718550523
548529.787066,-4938.7135905553205,-3198.5362718550523
548539.735208,-4889.961835252099,-3295.4430244521536
548549.768521,-4866.082998855055,-3353.3878370866532
548560.280108,-4910.295342207271,-3428.2720034943927
548569.944694,-4916.934145333491,-3432.40559805373
548580.365234,-4917.198307132771,-3432.824543442994
548589.507436,-4896.913461563274,-3508.588485711986
548599.550518,-4885.561455793619,-3535.3497826545513
548611.482145,-4885.561455793619,-3535.3497826545513
548619.57815,-4884.477002084374,-3538.9899520241306
548629.500794,-4873.250125587354,-3576.4762474003587
548646.90062,-4844.26184384441,-3632.37285758233
548647.105916,-4815.65590151731,-3703.281666546051
548649.132155,-4805.068574622416,-3730.871535788817
548659.61249,-4766.4870484904195,-3749.33305383196
548670.048359,-4766.4870484904195,-3749.33305383196
548679.936265,-4766.4870484904195,-3749.33305383196
548690.625629,-4766.4870484904195,-3749.33305383196
548699.677493,-4766.4870484904195,-3749.33305383196
548709.591179,-4766.4870484904195,-3749.33305383196
548719.6122,-4766.4870484904195,-3749.33305383196
548729.612718,-4766.4870484904195,-3749.33305383196
548739.116457,-4766.4870484904195,-3749.33305383196
548749.610699,-4766.4870484904195,-3749.33305383196
548759.608523,-4766.4870484904195,-3749.33305383196
548769.152768,-4766.4870484904195,-3749.33305383196
548779.557682,-4766.4870484904195,-3749.33305383196
548780.254405,-4766.4870484904195,-3749.33305383196
548789.17062,-4725.04145226842,-3737.4443203885107
548799.528701,-4693.773036982752,-3824.4592307754574
549836.291167,-7568.360786483322,-1971.1223876884242
549836.291939,-7568.360786483322,-1971.1223876884242
549844.30837,-7539.254329494982,-2058.724064721616
549844.308978,-7539.254329494982,-2058.724064721616
549860.146368,-7472.908013281567,-2217.8165741557705
549860.165837,-7472.908013281567,-2217.8165741557705
549870.164992,-7377.649885266267,-2338.7197791453623
549880.672879,-7269.9761532194125,-2439.108570008529
549890.115162,-7187.4881611713345,-2500.0140125114413
549901.169082,-7008.504650200038,-2597.3770572031763
549910.115773,-6911.439097872055,-2662.7186561409126
549920.119309,-6906.857976401708,-2666.484514274619
549930.541036,-6906.857976401708,-2666.484514274619
549940.116883,-6853.566812174404,-2694.7168122069547
549950.082428,-6751.697685811391,-2761.659705214119
549962.397134,-6631.177346642312,-2756.9069974440954
549970.111496,-6452.513607113379,-2696.099333605119
549989.908365,-6329.560197657244,-2654.9774668447867
549990.089487,-6252.981085165225,-2704.7854780906537
550000.119692,-6241.524805426596,-2780.070046919055
550011.503639,-6238.945752157467,-2796.823224664333
550021.353271,-6238.945752157467,-2796.823224664333
550030.570302,-6232.9882086261005,-2845.1556046614987
550040.538991,-6210.061745883861,-2977.365569176013
550050.192215,-6149.137695030779,-3098.2174252208233
550060.139676,-6091.592134333385,-3110.813723198161
550070.51668,-5975.8614630562915,-3143.575268655941
550080.130159,-5894.179856158411,-3120.0677660447022
550090.101234,-5751.219664564134,-3137.756579963546
550100.115627,-5641.668987809103,-3147.876443291488
550110.115035,-5535.97646325887,-3157.9823415984647
550121.511689,-5402.804159953442,-3171.5887627061293
550130.113136,-5359.613706204597,-3175.2428990047206
550140.113082,-5358.619623656588,-3175.2894485164925
550150.600537,-5358.619623656588,-3175.2894485164925
550160.117744,-5350.569640482976,-3176.355432221295
550170.521416,-5218.537403226992,-3191.7400440500846
550180.699243,-5120.060665558497,-3184.7110686514693
550190.111469,-5076.480920428009,-3164.6482311485497
550202.762683,-5071.927605211394,-3162.5302285346165
550212.616768,-5056.49499486311,-3157.1816900610615
550221.297978,-4969.98200565786,-3126.7057262746644
550252.228083,-4905.220655005179,-3246.5474297403457
550252.2338,-4873.9522398451045,-3334.2420299646406
550253.025393,-4895.189458235084,-3422.8350232282587
550253.02604,-4895.189458235084,-3422.8350232282587
550256.275708,-4913.847623250765,-3430.2270820090216
550266.716848,-4919.742602360868,-3431.5025379814397
550276.333018,-4919.742602360868,-3431.5025379814397
550288.288945,-4913.5556549484345,-3477.1489644390867
550297.119037,-4883.295225610241,-3541.2057072771495
550306.251299,-4882.683482493848,-3541.498969000525
550316.266045,-4882.683482493848,-3541.498969000525
550326.613399,-4860.730246592173,-3599.2529063583956
550336.291861,-4816.941952390155,-3675.0540683609156
550337.346234,-4816.941952390155,-3675.0540683609156
550347.585603,-4802.739779804794,-3725.504382306879
550358.872863,-4801.829116760431,-3735.680095635561
550367.168728,-4801.829116760431,-3735.680095635561
550377.916901,-4801.829116760431,-3735.680095635561
550387.189746,-4801.829116760431,-3735.680095635561
550397.071366,-4801.829116760431,-3735.680095635561
550407.188255,-4801.829116760431,-3735.680095635561
550417.80904,-4801.829116760431,-3735.680095635561
550426.260607,-4801.829116760431,-3735.680095635561
550436.489516,-4802.009859042891,-3731.104283120168
550446.767443,-4801.968149284187,-3731.1741073149387
550456.651756,-4801.968149284187,-3731.1741073149387
550466.773652,-4801.968149284187,-3731.1741073149387
550477.069132,-4801.968149284187,-3731.1741073149387
550487.187104,-4801.968149284187,-3731.1741073149387
550497.246094,-4801.217373642848,-3742.048062527156
550507.107472,-4801.10614762219,-3742.3832186839186
550517.162962,-4801.10614762219,-3742.3832186839186
550527.547174,-4801.10614762219,-3742.3832186839186
550536.694115,-4801.10614762219,-3742.3832186839186
550546.496272,-4801.10614762219,-3742.3832186839186
550556.322077,-4813.0490416528355,-3746.9404113271394
550566.628776,-4831.032898950283,-3742.8580232284125
550576.815477,-4830.886914794556,-3742.294774700369
550588.090279,-4830.886914794556,-3742.294774700369
550598.230009,-4803.094312746025,-3746.2654440843125
550607.032369,-4799.250063389953,-3744.1288236288738
550616.992228,-4799.250063389953,-3744.1288236288738
550627.936491,-4784.5195671983865,-3739.473877090756
550637.849718,-4784.5195671983865,-3739.473877090756
550646.908541,-4784.874100139774,-3734.9958184784273
550656.790713,-4786.716281117037,-3735.745264885818
550666.795278,-4786.716281117037,-3735.745264885818
550676.767259,-4788.050993373308,-3744.184682988759
550687.257709,-4789.684625564666,-3752.7963340122105
550696.795441,-4788.391623067161,-3754.681587323657
550706.263214,-4788.391623067161,-3754.681587323657
550716.791229,-4788.391623067161,-3754.681587323657
550727.316091,-4788.391623067161,-3754.681587323657
550738.181957,-4780.341639770238,-3731.011184178372
550747.197511,-4780.744834102462,-3730.424660902889
550756.792525,-4780.744834102462,-3730.424660902889
550766.789627,-4780.744834102462,-3730.424660902889
550776.794015,-4780.744834102462,-3730.424660902889
550786.788222,-4780.744834102462,-3730.424660902889
550797.258104,-4780.744834102462,-3730.424660902889
550807.00147,-4784.505663942632,-3734.6885920091327
550817.06876,-4781.836239438218,-3735.8011242448442
550826.247162,-4779.4309767253935,-3735.3495944190236
550836.69124,-4782.072594726992,-3749.156165866803
550847.214174,-4782.6634829654195,-3747.7270972886645
550857.89537,-4782.635676462305,-3736.0943858805094
550866.791778,-4782.635676462305,-3736.0943858805094
550876.838384,-4782.635676462305,-3736.0943858805094
550886.818702,-4782.635676462305,-3736.0943858805094
550897.072607,-4782.635676462305,-3736.0943858805094
550906.870979,-4782.635676462305,-3736.0943858805094
550916.246053,-4782.635676462305,-3736.0943858805094
550926.417659,-4788.210880776396,-3731.8025251041868
550936.814103,-4788.210880776396,-3731.8025251041868
550946.281199,-4788.210880776396,-3731.8025251041868
550956.975984,-4788.210880776396,-3731.8025251041868
550967.808447,-4788.210880776396,-3731.8025251041868
550976.81516,-4788.210880776396,-3731.8025251041868
550986.800441,-4784.408341177688,-3725.6207559733584
550997.80991,-4784.408341177688,-3725.6207559733584
551006.807418,-4784.408341177688,-3725.6207559733584
551017.053281,-4784.408341177688,-3725.6207559733584
551027.312529,-4778.749717345495,-3722.5484911646945
551036.245635,-4778.749717345495,-3722.5484911646945
551046.245772,-4779.9314938225825,-3735.326319682647
551056.782751,-4781.092415420202,-3731.518573369117
551066.280199,-4785.763908313464,-3730.792401692187
551078.549918,-4787.4322986317,-3730.1034695959343
551080.326677,-4787.4322986317,-3730.1034695959343
551086.557053,-4788.426381193952,-3728.8652537829544
551096.236508,-4782.19772400331,-3730.9832545102863
551106.692126,-4716.351919345801,-3738.8687340332203
551119.151045,-4691.916952745843,-3822.4250194012834
551126.763907,-4683.415113723182,-3931.0109343850763
551136.656471,-4678.486410641799,-3998.5914245996005
551147.008958,-4658.13900031933,-4147.884792314216
551157.113292,-4633.154855205028,-4128.990376079154
551167.023256,-4592.188921075019,-4111.56226659219
551177.025323,-4605.688979467932,-4046.523387994629
551187.608702,-4611.1529577837855,-3988.653117660428
551196.596712,-4559.259066990734,-3989.300154978655
551206.635336,-4511.626523101184,-4040.0902549229913
551216.667523,-4481.783191062935,-4053.0077253888903
551226.259184,-4437.258024087742,-4055.07452063485
551236.620417,-4422.047865552809,-4041.3750195568346
551246.993177,-4337.648169495565,-4050.1588994926624
551254.218487,-4787.4322986317,-3730.1034695959343
551256.64666,-4279.372685348199,-4054.986076694596
551267.146644,-4279.372685348199,-4054.986076694596
551277.597826,-4249.605821054645,-4029.3373333546674
551287.029001,-4180.701299989663,-4010.7082454463416
551288.214954,-4787.4322986317,-3730.1034695959343
551296.27654,-4155.731057871391,-4090.656913482151
551306.241811,-4198.587834774111,-4128.064042285999
551317.156718,-4182.439206593189,-4206.192612794378
551326.621019,-4268.500341643093,-4239.554589430323
551337.075963,-4270.578877932983,-4256.140150762463
551957.364615,-2410.432303419963,-4852.872818705408
551957.365306,-2410.432303419963,-4852.872818705408
551963.892655,-2958.904280722378,-4853.378338361088
551963.893256,-2958.904280722378,-4853.378338361088
551974.780132,-2963.297708713048,-4853.494711820662
551974.785757,-2963.297708713048,-4853.494711820662
551984.818426,-2963.297708713048,-4853.494711820662
551995.172314,-2963.297708713048,-4853.494711820662
552005.5404,-2963.297708713048,-4853.494711820662
552015.585099,-2963.297708713048,-4853.494711820662
552025.967839,-2963.297708713048,-4853.494711820662
552035.197529,-2963.297708713048,-4853.494711820662
552045.243075,-3010.6938986773407,-4839.5811007834245
552055.236267,-3098.103651090032,-4797.146679967743
552065.245458,-3220.4731332861984,-4764.208332061462
552074.848546,-3321.1465888488833,-4740.826572745615
552084.845812,-3410.3011990834984,-4674.600748906794
552094.894637,-3505.1144331727824,-4602.477108909436
552107.527953,-3550.390376628083,-4567.192660904365
552115.210305,-3554.5544009061528,-4563.524567779951
552125.755248,-3554.5544009061528,-4563.524567779951
552136.115941,-3554.5544009061528,-4563.524567779951
552145.354335,-3554.5544009061528,-4563.524567779951
552155.270492,-3565.190389466889,-4555.50410520612
552165.271145,-3626.0866376207637,-4510.788744379206
552180.239227,-3712.655242329148,-4445.2145883645435
552184.840065,-3837.881841729637,-4352.05058450498
552194.891019,-3914.4540072467084,-4280.248098945363
552205.205662,-3970.0670189002603,-4214.915976182648
552240.487214,-4225.921629853716,-4225.170815711427
552240.48793,-4225.921629853716,-4225.170815711427
552242.099624,-4257.2665133577675,-4232.348737776122
552242.101015,-4257.2665133577675,-4232.348737776122
552245.666166,-4292.949211720378,-4234.364328074492
552255.639372,-4379.469153903208,-4228.354796712274
552266.032315,-4392.426985507344,-4233.228521994666
552308.314397,-4811.4988289799185,-4129.832920892576
552308.315116,-4811.4988289799185,-4129.832920892576
552309.346045,-4811.4988289799185,-4129.832920892576
552309.346595,-4811.4988289799185,-4129.832920892576
552311.978559,-4846.076218307747,-4118.2793505132195
552322.453735,-4985.831713616807,-4075.1978443133075
552333.014418,-5079.82465267278,-4042.3758326012294
552342.58528,-5166.664368075103,-3991.5624581127545
552352.820607,-5277.160467403056,-3886.57017140398
552362.009552,-5298.689653877176,-3810.433878506289
552372.069441,-5310.528273363759,-3740.6189939442766
552382.415658,-5321.101696869111,-3672.8988278855977
552393.776102,-5313.39929500065,-3678.1682279169863
552402.39194,-5313.39929500065,-3678.1682279169863
552412.498983,-5313.39929500065,-3678.1682279169863
552422.767546,-5303.653115009613,-3659.729982544332
552432.017266,-5249.013332726317,-3639.4623423562175
552442.422354,-5109.5080968775965,-3625.730247688299
552452.027702,-4992.720775282106,-3596.8649182445247
552468.125324,-4938.17831532498,-3594.6026137057875
552468.532545,-4911.83165162094,-3572.8500430824606
552468.533249,-4911.83165162094,-3572.8500430824606
552470.617116,-4882.676530870189,-3550.846104545257
552480.983853,-4796.295622198601,-3496.4297607629933
552491.4333,-4671.757236336545,-3374.6656103896676
552501.730662,-4630.0613814779235,-3305.21841898426
552511.463589,-4600.461356449419,-3233.8440705935263
552522.001817,-4592.307098728174,-3090.90915170405
552531.072776,-4610.541214671737,-2989.0541538979865
552541.052199,-4619.209892736061,-2943.654404856656
552551.069163,-4634.128082899596,-2873.5694378178327
552561.156246,-4650.283662545089,-2834.844883427514
552570.60584,-4650.283662545089,-2834.844883427514
552581.190764,-4649.512032021589,-2831.074371340352
552592.745323,-4649.512032021589,-2831.074371340352
552601.391025,-4658.827211324844,-2830.259754525034
552617.285818,-4713.779817602076,-2713.5693764872913
552618.190048,-4747.898399670959,-2636.1947251411602
552618.190773,-4747.898399670959,-2636.1947251411602
552621.434757,-4765.4790626718905,-2583.4540868590047
552631.906898,-4784.47785743952,-2525.192667066737
552641.492608,-4852.054616944801,-2229.6168918309704
552652.300582,-4877.768682691259,-2064.3286351783768
552662.18172,-4883.413403262592,-1959.3639598465802
556131.192871,-4894.529053736449,385.2178310625095
556131.193649,-4894.529053736449,385.2178310625095
556134.202344,-4884.949712677262,313.27516911776956
556144.195966,-4856.044850451671,93.49981364837419
556163.561159,-4819.409779738941,-213.6725783590883
556164.132551,-4787.668653928693,-444.4800322390484
556175.593384,-4740.557482258123,-659.1672444177311
556185.550749,-4565.890918539441,-709.8738210511792
556194.127314,-4438.641397737582,-635.6643048925988
556204.564024,-4364.064349817409,-620.5356544982012
556214.699308,-4253.38055419535,-693.7164243049996
556223.929839,-4158.55341820268,-762.8752930339987
556223.930572,-4158.55341820268,-762.8752930339987
556226.972748,-4158.55341820268,-762.8752930339987
556237.425901,-4072.28373416876,-880.6925313771511
556247.79829,-4079.0129085612834,-1067.189121919976
556257.046137,-4099.019689439717,-1226.747376060278
556268.602666,-4119.589552061819,-1364.646043217093
556280.061281,-4156.203768463728,-1468.9125722911685
556287.006637,-4183.023143215697,-1531.0935675551448
556297.442673,-4148.6056407835495,-1490.0274849842424
556299.523778,-4149.655336375087,-1489.0220129595389
556307.420739,-4149.655336375087,-1489.0220129595389
556317.325466,-4149.655336375087,-1489.0220129595389
556327.329621,-4149.655336375087,-1489.0220129595389
556336.983894,-4149.655336375087,-1489.0220129595389
556346.948612,-4149.655336375087,-1489.0220129595389
556357.370074,-4149.655336375087,-1489.0220129595389
556367.662662,-4149.655336375087,-1489.0220129595389
556377.263532,-4149.655336375087,-1489.0220129595389
556390.414166,-4149.655336375087,-1489.0220129595389
556396.982987,-4149.655336375087,-1489.0220129595389
556407.007981,-4149.655336375087,-1489.0220129595389
556417.339971,-4149.655336375087,-1489.0220129595389
556428.730721,-4149.655336375087,-1489.0220129595389
556437.429606,-4149.655336375087,-1489.0220129595389
556447.665454,-4149.655336375087,-1489.0220129595389
556457.784928,-4149.655336375087,-1489.0220129595389
556467.710566,-4149.655336375087,-1489.0220129595389
556478.413432,-4149.655336375087,-1489.0220129595389
556487.716884,-4149.655336375087,-1489.0220129595389
556498.308261,-4149.655336375087,-1489.0220129595389
556506.972977,-4149.655336375087,-1489.0220129595389
556516.992703,-4149.655336375087,-1489.0220129595389
556527.325543,-4149.655336375087,-1489.0220129595389
556537.576166,-4149.655336375087,-1489.0220129595389
556547.330542,-4149.655336375087,-1489.0220129595389
556557.718252,-4149.655336375087,-1489.0220129595389
556567.689732,-4149.655336375087,-1489.0220129595389
556577.882185,-4149.655336375087,-1489.0220129595389
556587.77959,-4149.655336375087,-1489.0220129595389
556598.848137,-4149.655336375087,-1489.0220129595389
556608.341535,-4149.655336375087,-1489.0220129595389
556617.418787,-4149.655336375087,-1489.0220129595389
556626.973328,-4149.655336375087,-1489.0220129595389
556636.972508,-4149.655336375087,-1489.0220129595389
556647.425451,-4149.655336375087,-1489.0220129595389
556656.955811,-4149.655336375087,-1489.0220129595389
556667.420621,-4149.655336375087,-1489.0220129595389
556677.84252,-4149.655336375087,-1489.0220129595389
556687.738494,-4149.655336375087,-1489.0220129595389
556697.854746,-4149.655336375087,-1489.0220129595389
556707.785275,-4149.655336375087,-1489.0220129595389
556716.964779,-4149.655336375087,-1489.0220129595389
556726.97516,-4149.655336375087,-1489.0220129595389
556737.397507,-4149.655336375087,-1489.0220129595389
556747.0453,-4149.655336375087,-1489.0220129595389
556757.134221,-4149.655336375087,-1489.0220129595389
556767.417334,-4149.655336375087,-1489.0220129595389
556776.962908,-4149.655336375087,-1489.0220129595389
556787.427006,-4149.655336375087,-1489.0220129595389
556797.837295,-4149.655336375087,-1489.0220129595389
556807.777575,-4149.655336375087,-1489.0220129595389
556817.857072,-4149.655336375087,-1489.0220129595389
556828.337452,-4149.655336375087,-1489.0220129595389
556836.994687,-4149.655336375087,-1489.0220129595389
556847.400947,-4149.655336375087,-1489.0220129595389
556857.52672,-4149.655336375087,-1489.0220129595389
556866.987749,-4149.655336375087,-1489.0220129595389
556877.394981,-4149.655336375087,-1489.0220129595389
556888.125146,-4149.655336375087,-1489.0220129595389
556896.974535,-4149.655336375087,-1489.0220129595389
556907.441709,-4149.655336375087,-1489.0220129595389
556917.837485,-4149.655336375087,-1489.0220129595389
556927.786414,-4149.655336375087,-1489.0220129595389
556938.361563,-4149.655336375087,-1489.0220129595389
556947.428401,-4149.655336375087,-1489.0220129595389
556957.58205,-4149.655336375087,-1489.0220129595389
556967.412233,-4151.268113701667,-1484.343775086508
556977.369449,-4151.268113701667,-1484.343775086508
556987.482485,-4151.268113701667,-1484.343775086508
556998.158454,-4151.268113701667,-1484.343775086508
557009.698696,-4151.268113701667,-1484.343775086508
557016.966007,-4151.268113701667,-1484.343775086508
557027.640029,-4151.268113701667,-1484.343775086508
557037.863923,-4151.268113701667,-1484.343775086508
557048.313074,-4151.268113701667,-1484.343775086508
557057.427866,-4151.268113701667,-1484.343775086508
557067.414665,-4151.268113701667,-1484.343775086508
557077.353292,-4151.268113701667,-1484.343775086508
557088.06212,-4151.268113701667,-1484.343775086508
557097.59451,-4151.268113701667,-1484.343775086508
557107.782083,-4151.949373090856,-1480.5127404565224
557118.50256,-4151.949373090856,-1480.5127404565224
557126.980185,-4151.949373090856,-1480.5127404565224
557137.697586,-4151.949373090856,-1480.5127404565224
557147.958664,-4151.949373090856,-1480.5127404565224
557158.342994,-4151.949373090856,-1480.5127404565224
557167.396062,-4151.949373090856,-1480.5127404565224
557177.445337,-4151.949373090856,-1480.5127404565224
557187.42681,-4151.949373090856,-1480.5127404565224
557196.973602,-4151.949373090856,-1480.5127404565224
557208.419937,-4151.949373090856,-1480.5127404565224
557217.840858,-4151.949373090856,-1480.5127404565224
557227.78207,-4151.949373090856,-1480.5127404565224
557236.975285,-4151.949373090856,-1480.5127404565224
557246.963479,-4151.949373090856,-1480.5127404565224
557258.0187,-4151.949373090856,-1480.5127404565224
557266.973679,-4151.949373090856,-1480.5127404565224
557277.423883,-4151.949373090856,-1480.5127404565224
557287.393065,-4151.949373090856,-1480.5127404565224
557297.421411,-4151.949373090856,-1480.5127404565224
557307.440215,-4151.949373090856,-1480.5127404565224
557317.524432,-4151.949373090856,-1480.5127404565224
557329.72142,-4151.949373090856,-1480.5127404565224
557337.881231,-4151.949373090856,-1480.5127404565224
557347.827571,-4151.949373090856,-1480.5127404565224
557356.963077,-4151.949373090856,-1480.5127404565224
557368.984015,-4151.949373090856,-1480.5127404565224
557379.688089,-4151.949373090856,-1480.5127404565224
557386.964369,-4151.949373090856,-1480.5127404565224
557397.437563,-4151.949373090856,-1480.5127404565224
557407.415924,-4151.949373090856,-1480.5127404565224
557417.421112,-4151.949373090856,-1480.5127404565224
557427.426566,-4151.949373090856,-1480.5127404565224
557437.854546,-4151.949373090856,-1480.5127404565224
557446.980091,-4151.949373090856,-1480.5127404565224
557457.350418,-4151.949373090856,-1480.5127404565224
557467.806658,-4151.949373090856,-1480.5127404565224
557476.945839,-4151.949373090856,-1480.5127404565224
557489.967842,-4151.949373090856,-1480.5127404565224
557496.963642,-4151.949373090856,-1480.5127404565224
557506.976504,-4151.949373090856,-1480.5127404565224
557517.422667,-4151.949373090856,-1480.5127404565224
557527.515923,-4151.949373090856,-1480.5127404565224
557537.563252,-4151.949373090856,-1480.5127404565224
557547.802737,-4151.949373090856,-1480.5127404565224
557557.866223,-4151.949373090856,-1480.5127404565224
557566.983502,-4151.949373090856,-1480.5127404565224
557578.065252,-4151.949373090856,-1480.5127404565224
557587.761071,-4151.949373090856,-1480.5127404565224
557598.333083,-4151.949373090856,-1480.5127404565224
557618.676393,-4151.949373090856,-1480.5127404565224
557618.677049,-4151.949373090856,-1480.5127404565224
557620.154668,-4151.949373090856,-1480.5127404565224
557620.155394,-4151.949373090856,-1480.5127404565224
557625.46299,-4151.949373090856,-1480.5127404565224
557635.467423,-4151.949373090856,-1480.5127404565224
557645.935881,-4151.949373090856,-1480.5127404565224
557656.274639,-4151.949373090856,-1480.5127404565224
557665.48758,-4151.949373090856,-1480.5127404565224
557676.915591,-4151.949373090856,-1480.5127404565224
557685.868393,-4151.949373090856,-1480.5127404565224
557695.485851,-4151.949373090856,-1480.5127404565224
557705.859767,-4151.949373090856,-1480.5127404565224
557715.956723,-4151.949373090856,-1480.5127404565224
557725.464666,-4151.949373090856,-1480.5127404565224
557735.879511,-4151.949373090856,-1480.5127404565224
557745.486172,-4151.949373090856,-1480.5127404565224
557757.145297,-4151.949373090856,-1480.5127404565224
557766.259694,-4151.949373090856,-1480.5127404565224
557776.322637,-4151.949373090856,-1480.5127404565224
557786.764942,-4151.949373090856,-1480.5127404565224
557795.879375,-4151.949373090856,-1480.5127404565224
557805.857507,-4151.949373090856,-1480.5127404565224
557815.492102,-4151.949373090856,-1480.5127404565224
557825.866297,-4151.949373090856,-1480.5127404565224
557835.943416,-4151.810340565247,-1474.5264578725285
557845.497555,-4151.8450986925245,-1474.614902171358
557855.866647,-4151.8450986925245,-1474.614902171358
557865.496026,-4151.8450986925245,-1474.614902171358
557877.812585,-4151.8450986925245,-1474.614902171358
557886.421319,-4151.8450986925245,-1474.614902171358
557896.700911,-4151.8450986925245,-1474.614902171358
557905.85654,-4151.8450986925245,-1474.614902171358
557915.845148,-4151.8450986925245,-1474.614902171358
557925.906806,-4151.8450986925245,-1474.614902171358
557935.496011,-4151.8450986925245,-1474.614902171358
557945.858727,-4151.8450986925245,-1474.614902171358
557956.36726,-4151.8450986925245,-1474.614902171358
557965.490437,-4151.8450986925245,-1474.614902171358
557975.838555,-4151.8450986925245,-1474.614902171358
557985.451432,-4151.8450986925245,-1474.614902171358
557999.119996,-4151.8450986925245,-1474.614902171358
558007.246709,-4151.8450986925245,-1474.614902171358
558015.963893,-4151.8450986925245,-1474.614902171358
558025.944106,-4151.8450986925245,-1474.614902171358
558035.965592,-4151.8450986925245,-1474.614902171358
558045.958885,-4151.8450986925245,-1474.614902171358
558055.498868,-4151.8450986925245,-1474.614902171358
558065.941447,-4151.8450986925245,-1474.614902171358
558076.299775,-4151.8450986925245,-1474.614902171358
558086.709709,-4151.8450986925245,-1474.614902171358
558096.47843,-4151.8450986925245,-1474.614902171358
558106.403789,-4151.8450986925245,-1474.614902171358
558115.500836,-4151.8450986925245,-1474.614902171358
558125.937437,-4151.8450986925245,-1474.614902171358
558135.965049,-4151.8450986925245,-1474.614902171358
558145.48739,-4151.8450986925245,-1474.614902171358
558155.959828,-4151.8450986925245,-1474.614902171358
558166.080289,-4151.8450986925245,-1474.614902171358
558175.729261,-4150.600757568269,-1475.061778642237
558184.741266,-4090.010381578928,-1438.808924627039
558185.994529,-4056.844171840272,-1418.0105477567004
558196.156791,-3945.24971245852,-1346.4032392201623
558206.554561,-3805.3899395893877,-1348.4514234179474
558216.68914,-3616.0484889565128,-1373.6021938013719
558225.927912,-3459.1780851553463,-1399.2231145346016
558235.485535,-3329.46768580477,-1353.8837664686928
558245.920995,-3198.9856556321474,-1257.1629164125793
558259.264997,-3176.4971437447134,-1276.1039676645432
558265.908992,-3157.6512841615686,-1295.6082690489002
558276.042279,-3025.9249124876874,-1358.897162704945
558286.371103,-2883.2358254293376,-1423.6756383887005
558300.991774,-2754.0050871673384,-1514.596379405247
558305.491751,-2664.343007304903,-1612.415761355749
558317.186077,-2660.4987577971224,-1616.242140218949
558326.594497,-2660.4987577971224,-1616.242140218949
558335.489103,-2605.6504238791954,-1676.756644801732
558345.490938,-2521.0421763962613,-1769.9629354615927
558355.448776,-2474.0769869787237,-1820.0223839316152
558365.954517,-2403.9906873740256,-1895.4653262167562
558375.862374,-2303.296375655507,-2000.8908530745773
558385.930457,-2195.692146942358,-2117.139140911602
558396.4331,-2058.2445848906605,-2266.2281324518294
558405.459179,-1992.530858135466,-2336.4528151730733
558415.780802,-1989.0480931799655,-2339.6181858153236
558425.490181,-1989.0480931799655,-2339.6181858153236
558436.816261,-1989.0480931799655,-2339.6181858153236
558446.80295,-1978.4677174064182,-2351.474360710247
558455.500884,-1917.8842910749763,-2418.7198620350296
558465.96337,-1914.7560590834546,-2422.3879675378967
558478.026659,-1872.2468620377936,-2466.5029859768974
558486.87993,-1754.2082412258494,-2594.5328797363845
558495.942461,-1676.3083127231916,-2678.6898046489614
558506.393448,-1670.4202849257504,-2684.8064146053075
558516.350638,-1670.4202849257504,-2684.8064146053075
558526.368001,-1665.853066202427,-2689.6568769508776
558536.725157,-1603.253667965896,-2757.321288327942
558545.478184,-1578.0679245025656,-2784.3526042069025
558568.982466,-1566.618595361008,-2795.5943169463503
558569.170138,-1521.5929093366358,-2844.354952717606
558575.480614,-1409.8038005743922,-2966.114549738514
558589.304074,-1309.3249883657663,-3075.1055917980825
558595.476046,-1242.353016779835,-3147.1549259080466
558605.565313,-1161.8948893613685,-3230.6833593517545
558617.561266,-1058.7049425830671,-3339.520742710214
558626.673444,-952.7551999452063,-3450.308530926813
558638.224516,-970.3706220262903,-3558.312640997914
558646.253167,-938.3305745254578,-3574.5025495516393
558656.374397,-859.1098365390274,-3435.836295319134
558675.397691,-728.7181742788018,-3229.356698520556
558675.484921,-615.1564002422078,-3082.334731320558
558685.446705,-466.7044116576986,-2943.496136480732
558695.515312,-209.50812619814175,-2875.1381569401688
558706.733328,3.781684941851625,-2882.6140112426797
558716.336006,200.45015657987062,-2882.213685294714
558725.482772,294.67250518557677,-2881.42699826172
558735.856076,294.67250518557677,-2881.42699826172
558746.373189,336.89668589361713,-2883.652065720566
558756.302827,476.54791510136465,-2873.406514460694
558766.295954,526.4049819300343,-2852.631459306744
558777.241384,534.6009498325983,-2806.6172466837206
558785.892169,602.942392101493,-2709.2495790928206
558845.521272,591.2358527092764,-2373.0733595595834
558855.862532,591.3887884972204,-2426.465709153111
558866.37332,583.6724828404236,-2473.9602252609443
558876.26781,532.3764292865864,-2463.4167502200244
558887.418325,535.3030641310853,-2401.743236413639
558895.9267,534.2255619909421,-2399.029396854897
558905.881366,534.2255619909421,-2399.029396854897
558916.043818,534.2255619909421,-2399.029396854897
558925.487683,534.2255619909421,-2399.029396854897
558937.557025,534.2255619909421,-2399.029396854897
558945.478655,534.2255619909421,-2399.029396854897
558955.934645,534.2255619909421,-2399.029396854897
558966.13452,534.2255619909421,-2399.029396854897
558975.927997,539.3975722702602,-2420.7773526861047
558986.365325,539.3975722702602,-2420.7773526861047
558997.680637,535.240499489287,-2445.8349815142337
559005.873464,536.6030183333088,-2452.5986326043435
559015.933547,536.6030183333088,-2452.5986326043435
653764.13286,593.8010029679236,-1687.1139344212588
653773.688674,458.32074983718803,-1636.0396937798337
653783.389538,310.1329230134096,-1581.1669997340327
653793.389549,80.47898258635475,-1496.0649720069734
653805.678951,-93.74963799845561,-1431.8450993153947
653813.303882,-223.5017507967243,-1405.283877251067
653823.328691,-325.7740831418442,-1384.9323758078879
653834.154025,-321.59615547853326,-1255.97590039566
653843.413606,-285.7049067143115,-1108.02713849662
653853.382765,-219.991179302837,-892.2275407382143
653863.728906,-197.32192455185492,-777.7292969044513
653873.280799,-207.36702517296612,-648.6842538687329
653884.738309,-315.8680150621573,-446.61666377487444
653894.099029,-462.26927381305995,-301.9075738031741
653903.314473,-636.595217037625,-149.6667048408458
653915.487406,-821.7031331990913,93.3182696393326
653923.383064,-895.8839418412103,335.20010761212865
653933.512309,-1055.2916938687852,502.50929162150624
653944.12008,-1356.8949698269407,573.4139148543791
653953.800644,-1584.7623409930302,473.34120244852716
653964.379512,-1823.2448456788723,395.56584450573
653973.755504,-2108.1850707449926,463.6914343321924
653984.136198,-2300.2446115655443,592.7739692843493
653993.281967,-2459.2978287797055,685.8688869732384
654005.506591,-2696.459522197416,717.0572468631567
654014.324441,-2866.113969159169,672.0110147187092
654023.571149,-3020.4331274959595,631.3218456925703
654036.592377,-3186.855067307981,590.7257788362962
654043.336126,-3290.8166422692475,582.933345241579
654053.716927,-3345.2270231543616,658.4091665899042
654063.379294,-3252.805148349824,596.572431578256
654073.378513,-3247.6678963297754,467.6667850053282
654083.671282,-3248.6202691706944,346.12068235378933
654094.049633,-3330.7745915961527,175.48323221837492
654104.480469,-3337.740121383958,29.27978681915829
654116.175136,-3339.5405926546896,-11.372101255612415
654126.265931,-3415.911161688672,-45.251000157048495
654134.238594,-3484.95471627968,-145.21655077214524
654143.278116,-3611.3422378137757,-211.34043719597142
654153.312743,-3724.883153319694,-314.6621962351119
654163.307265,-3822.3380049313573,-305.4965570007205
654173.763118,-3823.088780596618,-372.407116875778
654183.781676,-3927.3979357187245,-518.9502490535746
654193.608843,-3985.3258389614716,-590.1573234309874
654205.746171,-3981.634525319207,-600.6310050096969
654216.962592,-3956.956251409247,-589.9525047677034
654224.179231,-3956.956251409247,-589.9525047677034
654233.304514,-3956.956251409247,-589.9525047677034
654243.318533,-3956.956251409247,-589.9525047677034
654254.592146,-3956.956251409247,-589.9525047677034
654264.336121,-3956.956251409247,-589.9525047677034
654279.906361,-3956.956251409247,-589.9525047677034
654283.986928,-3956.956251409247,-589.9525047677034
654293.685959,-3956.956251409247,-589.9525047677034
654303.827306,-3956.956251409247,-589.9525047677034
654314.142055,-3956.956251409247,-589.9525047677034
654323.804947,-3956.956251409247,-589.9525047677034
654333.777443,-3937.42218106875,-561.5059847267361
654344.021967,-3952.5002588537914,-562.5254231230765
654353.302712,-4023.406848651259,-621.4480284999586
654363.304152,-4193.659131640287,-630.3436749569847
654373.302742,-4288.986784666135,-601.5014843188196
654383.45983,-4333.7135489567445,-591.9820715315909
654393.776016,-4334.283582321643,-592.2334398851251
654403.803666,-4334.283582321643,-592.2334398851251
654414.836933,-4334.283582321643,-592.2334398851251
654424.240999,-4334.283582321643,-592.2334398851251
654434.240237,-4341.172644082194,-635.7620592424206
654443.302764,-4261.430537578846,-694.9313711854971
654454.04644,-4152.644535735987,-768.6800385580935
654463.282046,-4086.840439928918,-831.0286811799236
654473.493336,-4059.9724037410656,-921.3769460230558
654483.482615,-4081.154009498423,-1095.1375379705864
654493.743199,-4101.056515985799,-1228.4324733723067
654503.784575,-4118.039339365166,-1349.6291293263155
654513.439079,-4161.931908644821,-1483.5058817257025
654523.688424,-4195.549974024765,-1527.1973637416322
654535.475477,-4173.603689409122,-1528.60316249569
654544.157877,-4147.15970248616,-1511.2773908799006
654554.193999,-4147.15970248616,-1511.2773908799006
654564.138015,-4147.15970248616,-1511.2773908799006
654574.209877,-4147.15970248616,-1511.2773908799006
654584.723155,-4147.15970248616,-1511.2773908799006
654593.532868,-4147.15970248616,-1511.2773908799006
654603.364492,-4147.15970248616,-1511.2773908799006
654613.791325,-4147.15970248616,-1511.2773908799006
654623.804798,-4147.15970248616,-1511.2773908799006
654633.681652,-4147.15970248616,-1511.2773908799006
654643.275676,-4147.15970248616,-1511.2773908799006
654653.304421,-4147.15970248616,-1511.2773908799006
654663.303709,-4147.15970248616,-1511.2773908799006
654673.754343,-4147.15970248616,-1511.2773908799006
654684.126008,-4147.15970248616,-1511.2773908799006
654695.03841,-4147.15970248616,-1511.2773908799006
654703.768609,-4147.15970248616,-1511.2773908799006
654713.304628,-4147.15970248616,-1511.2773908799006
654723.305496,-4147.15970248616,-1511.2773908799006
654733.767787,-4147.15970248616,-1511.2773908799006
654743.777683,-4147.15970248616,-1511.2773908799006
654753.960036,-4147.15970248616,-1511.2773908799006
654763.767312,-4147.15970248616,-1511.2773908799006
654773.351746,-4147.15970248616,-1511.2773908799006
654783.94891,-4147.15970248616,-1511.2773908799006
654794.153791,-4147.15970248616,-1511.2773908799006
654803.751285,-4147.15970248616,-1511.2773908799006
654813.71039,-4147.15970248616,-1511.2773908799006
654823.791356,-4147.15970248616,-1511.2773908799006
654833.632098,-4147.15970248616,-1511.2773908799006
654843.303885,-4147.15970248616,-1511.2773908799006
654853.780748,-4147.15970248616,-1511.2773908799006
654864.0684,-4147.15970248616,-1511.2773908799006
654873.936613,-4147.15970248616,-1511.2773908799006
654884.92716,-4147.15970248616,-1511.2773908799006
654893.304374,-4147.15970248616,-1511.2773908799006
654905.439341,-4147.15970248616,-1511.2773908799006
654914.760331,-4147.15970248616,-1511.2773908799006
654923.77675,-4147.15970248616,-1511.2773908799006
654933.764637,-4147.15970248616,-1511.2773908799006
654943.779142,-4147.15970248616,-1511.2773908799006
654953.766019,-4148.536124512491,-1506.7760417627799
654963.27273,-4149.989014441869,-1503.8713448965173
654973.740622,-4150.246224621915,-1507.0786143486275
654984.107235,-4150.246224621915,-1507.087924281908
654994.192815,-4150.246224621915,-1507.087924281908
655003.292256,-4150.246224621915,-1507.087924281908
655013.293272,-4150.246224621915,-1507.087924281908
655025.853361,-4150.246224621915,-1507.087924281908
655033.569468,-4150.246224621915,-1507.087924281908
655043.781174,-4150.246224621915,-1507.087924281908
655053.777799,-4150.246224621915,-1507.087924281908
655063.763501,-4150.246224621915,-1507.087924281908
655073.905733,-4150.246224621915,-1507.087924281908
655083.293168,-4150.246224621915,-1507.087924281908
655093.867041,-4150.246224621915,-1507.087924281908
655104.184467,-4150.246224621915,-1507.087924281908
655114.197166,-4150.246224621915,-1507.087924281908
655123.29238,-4150.246224621915,-1507.087924281908
655133.343348,-4151.699114542991,-1501.7486817990678
655143.292267,-4151.699114542991,-1501.7486817990678
655153.76589,-4151.699114542991,-1501.7486817990678
655163.726134,-4151.699114542991,-1501.7486817990678
655173.787416,-4151.699114542991,-1501.7486817990678
655183.833849,-4151.699114542991,-1501.7486817990678
655193.758125,-4151.699114542991,-1501.7486817990678
655203.302953,-4151.699114542991,-1501.7486817990678
655213.760523,-4151.699114542991,-1501.7486817990678
655224.100756,-4151.699114542991,-1501.7486817990678
655234.323818,-4151.699114542991,-1501.7486817990678
655243.294276,-4151.699114542991,-1501.7486817990678
655253.269241,-4151.699114542991,-1501.7486817990678
655263.293264,-4151.699114542991,-1501.7486817990678
655273.772641,-4151.699114542991,-1501.7486817990678
655283.744628,-4151.699114542991,-1501.7486817990678
655293.270225,-4151.699114542991,-1501.7486817990678
655303.436114,-4151.699114542991,-1501.7486817990678
655308.620901,-4151.699114542991,-1501.7486817990678
655313.26854,-4151.699114542991,-1501.7486817990678
655323.322809,-4151.699114542991,-1501.7486817990678
655334.189166,-4151.699114542991,-1501.7486817990678
655343.694378,-4151.699114542991,-1501.7486817990678
655353.729834,-4151.699114542991,-1501.7486817990678
655363.262792,-4151.699114542991,-1501.7486817990678
655373.691853,-4151.699114542991,-1501.7486817990678
655383.742095,-4151.699114542991,-1501.7486817990678
655393.88455,-4151.699114542991,-1501.7486817990678
655403.800782,-4151.699114542991,-1501.7486817990678
655414.090192,-4151.699114542991,-1501.7486817990678
655425.188823,-4151.699114542991,-1501.7486817990678
655434.180486,-4151.699114542991,-1501.7486817990678
655443.325834,-4151.699114542991,-1501.7486817990678
655454.529811,-4151.699114542991,-1501.7486817990678
655464.743272,-4151.699114542991,-1501.7486817990678
655473.689785,-4151.699114542991,-1501.7486817990678
655483.264524,-4151.699114542991,-1501.7486817990678
655493.294501,-4151.699114542991,-1501.7486817990678
655503.268496,-4151.699114542991,-1501.7486817990678
655513.279265,-4151.699114542991,-1501.7486817990678
655523.762028,-4151.699114542991,-1501.7486817990678
655534.095252,-4151.699114542991,-1501.7486817990678
655544.185695,-4151.699114542991,-1501.7486817990678
655554.293369,-4151.699114542991,-1501.7486817990678
655563.992445,-4151.699114542991,-1501.7486817990678
655576.187182,-4151.699114542991,-1501.7486817990678
655583.744389,-4151.699114542991,-1501.7486817990678
655593.764407,-4151.699114542991,-1501.7486817990678
655603.977899,-4151.699114542991,-1501.7486817990678
655613.949715,-4151.699114542991,-1501.7486817990678
655625.097573,-4151.699114542991,-1501.7486817990678
655634.209669,-4151.699114542991,-1501.7486817990678
655644.130376,-4151.699114542991,-1501.7486817990678
655654.209858,-4151.699114542991,-1501.7486817990678
655664.148673,-4151.699114542991,-1501.7486817990678
655674.208626,-4151.699114542991,-1501.7486817990678
655684.975307,-4151.699114542991,-1501.7486817990678
655693.293264,-4151.699114542991,-1501.7486817990678
655703.742098,-4151.699114542991,-1501.7486817990678
655713.772522,-4151.699114542991,-1501.7486817990678
655723.740333,-4151.699114542991,-1501.7486817990678
655733.287247,-4151.699114542991,-1501.7486817990678
655743.820676,-4151.699114542991,-1501.7486817990678
655754.182726,-4151.699114542991,-1501.7486817990678
655764.101763,-4151.699114542991,-1501.7486817990678
655774.159241,-4151.699114542991,-1501.7486817990678
655783.742598,-4151.699114542991,-1501.7486817990678
655794.675753,-4151.699114542991,-1501.7486817990678
655803.763559,-4151.699114542991,-1501.7486817990678
655813.292287,-4151.699114542991,-1501.7486817990678
655823.697718,-4151.699114542991,-1501.7486817990678
655833.763329,-4151.699114542991,-1501.7486817990678
655843.747347,-4151.699114542991,-1501.7486817990678
655853.322423,-4151.699114542991,-1501.7486817990678
655865.52142,-4151.699114542991,-1501.7486817990678
655874.182409,-4151.699114542991,-1501.7486817990678
655883.964506,-4151.699114542991,-1501.7486817990678
655894.177793,-4151.699114542991,-1501.7486817990678
655904.627193,-4151.699114542991,-1501.7486817990678
655913.664512,-4151.699114542991,-1501.7486817990678
655923.720564,-4151.699114542991,-1501.7486817990678
655933.354238,-4151.699114542991,-1501.7486817990678
655943.676817,-4151.699114542991,-1501.7486817990678
655953.859236,-4151.699114542991,-1501.7486817990678
655964.064256,-4151.699114542991,-1501.7486817990678
655973.294653,-4151.699114542991,-1501.7486817990678
655986.033069,-4151.699114542991,-1501.7486817990678
655994.176964,-4151.699114542991,-1501.7486817990678
656004.08049,-4151.699114542991,-1501.7486817990678
656014.702178,-4151.699114542991,-1501.7486817990678
656023.792264,-4151.699114542991,-1501.7486817990678
656033.866184,-4151.699114542991,-1501.7486817990678
656043.738452,-4151.699114542991,-1501.7486817990678
656053.284296,-4151.699114542991,-1501.7486817990678
656063.742587,-4151.699114542991,-1501.7486817990678
656074.135555,-4151.699114542991,-1501.7486817990678
656083.741977,-4151.699114542991,-1501.7486817990678
656093.369918,-4151.699114542991,-1501.7486817990678
656106.077775,-4151.699114542991,-1501.7486817990678
656114.162363,-4151.699114542991,-1501.7486817990678
656124.685789,-4151.699114542991,-1501.7486817990678
656133.749137,-4151.699114542991,-1501.7486817990678
656143.745752,-4151.699114542991,-1501.7486817990678
656153.712667,-4151.699114542991,-1501.7486817990678
656163.761663,-4151.699114542991,-1501.7486817990678
656173.314145,-4151.699114542991,-1501.7486817990678
656184.31026,-4151.699114542991,-1501.7486817990678
656194.219658,-4151.699114542991,-1501.7486817990678
656203.977923,-4151.699114542991,-1501.7486817990678
656213.282665,-4151.699114542991,-1501.7486817990678
656223.283555,-4151.699114542991,-1501.7486817990678
656233.740576,-4151.699114542991,-1501.7486817990678
656243.839167,-4151.699114542991,-1501.7486817990678
656253.719499,-4151.699114542991,-1501.7486817990678
656264.663712,-4151.699114542991,-1501.7486817990678
656273.737756,-4151.699114542991,-1501.7486817990678
656283.751269,-4151.699114542991,-1501.7486817990678
656293.249742,-4151.699114542991,-1501.7486817990678
656304.040648,-4151.699114542991,-1501.7486817990678
656314.202407,-4151.699114542991,-1501.7486817990678
656324.121709,-4151.699114542991,-1501.7486817990678
656333.920285,-4151.699114542991,-1501.7486817990678
656343.34392,-4151.699114542991,-1501.7486817990678
656353.325552,-4151.699114542991,-1501.7486817990678
656363.735133,-4151.699114542991,-1501.7486817990678
656373.733784,-4151.699114542991,-1501.7486817990678
656383.762074,-4151.699114542991,-1501.7486817990678
656393.904412,-4151.699114542991,-1501.7486817990678
656403.282679,-4151.699114542991,-1501.7486817990678
656413.919307,-4151.699114542991,-1501.7486817990678
656423.738591,-4151.699114542991,-1501.7486817990678
656434.223707,-4151.699114542991,-1501.7486817990678
656444.120617,-4151.699114542991,-1501.7486817990678
656454.966166,-4151.699114542991,-1501.7486817990678
656463.283817,-4151.699114542991,-1501.7486817990678
656473.705718,-4151.699114542991,-1501.7486817990678
656483.747672,-4151.699114542991,-1501.7486817990678
656493.725805,-4151.699114542991,-1501.7486817990678
656503.760848,-4151.699114542991,-1501.7486817990678
656514.184966,-4151.699114542991,-1501.7486817990678
656524.100289,-4151.699114542991,-1501.7486817990678
656534.183973,-4151.699114542991,-1501.7486817990678
656545.071392,-4151.699114542991,-1501.7486817990678
656553.772538,-4151.699114542991,-1501.7486817990678
656564.696447,-4151.699114542991,-1501.7486817990678
656573.696604,-4151.699114542991,-1501.7486817990678
656583.387179,-4151.699114542991,-1501.7486817990678
656593.284455,-4151.699114542991,-1501.7486817990678
656603.708374,-4151.699114542991,-1501.7486817990678
656613.859163,-4151.699114542991,-1501.7486817990678
656624.286233,-4151.699114542991,-1501.7486817990678
656633.764475,-4151.699114542991,-1501.7486817990678
656643.712629,-4151.699114542991,-1501.7486817990678
656654.321851,-4151.699114542991,-1501.7486817990678
656663.295895,-4151.699114542991,-1501.7486817990678
656674.996296,-4151.699114542991,-1501.7486817990678
656683.758181,-4151.699114542991,-1501.7486817990678
656693.73159,-4151.699114542991,-1501.7486817990678
656703.282772,-4151.699114542991,-1501.7486817990678
656713.740274,-4151.699114542991,-1501.7486817990678
656723.779143,-4151.699114542991,-1501.7486817990678
656734.176574,-4151.699114542991,-1501.7486817990678
656744.080715,-4151.699114542991,-1501.7486817990678
656754.199666,-4151.699114542991,-1501.7486817990678
656764.130419,-4151.699114542991,-1501.7486817990678
656774.091535,-4151.699114542991,-1501.7486817990678
656783.283983,-4151.699114542991,-1501.7486817990678
656793.285022,-4151.699114542991,-1501.7486817990678
656803.709713,-4151.699114542991,-1501.7486817990678
656813.708809,-4151.699114542991,-1501.7486817990678
656823.296761,-4151.699114542991,-1501.7486817990678
656833.738184,-4151.699114542991,-1501.7486817990678
656844.046194,-4151.699114542991,-1501.7486817990678
656854.111585,-4151.699114542991,-1501.7486817990678
656864.101811,-4151.699114542991,-1501.7486817990678
656874.183615,-4151.699114542991,-1501.7486817990678
656884.068462,-4151.699114542991,-1501.7486817990678
656894.560589,-4151.699114542991,-1501.7486817990678
656903.274515,-4151.699114542991,-1501.7486817990678
656913.669821,-4151.699114542991,-1501.7486817990678
656923.718185,-4151.699114542991,-1501.7486817990678
656933.826232,-4151.699114542991,-1501.7486817990678
656943.254095,-4151.699114542991,-1501.7486817990678
656953.700729,-4151.699114542991,-1501.7486817990678
656963.28409,-4146.721750021017,-1489.6411230426488
656973.743897,-4147.444719169725,-1489.324585563907
656984.096806,-4147.444719169725,-1489.324585563907
656994.103722,-4147.444719169725,-1489.324585563907
657004.740376,-4147.444719169725,-1489.324585563907
657013.930084,-4147.444719169725,-1489.324585563907
657023.278341,-4149.731804261821,-1488.198084500518
657033.404596,-4151.685211287041,-1486.4059237242745
657043.718274,-4151.685211287041,-1486.4059237242745
657053.251832,-4151.685211287041,-1486.4059237242745
657063.257751,-4151.685211287041,-1486.4059237242745
657073.255098,-4151.685211287041,-1486.4059237242745
657083.511017,-4151.685211287041,-1486.4059237242745
657093.312789,-4151.685211287041,-1486.4059237242745
657105.338067,-4151.685211287041,-1486.4059237242745
657113.283536,-4151.685211287041,-1486.4059237242745
657123.283174,-4151.685211287041,-1486.4059237242745
657133.644032,-4151.685211287041,-1486.4059237242745
657144.881192,-4151.685211287041,-1486.4059237242745
657153.278675,-4151.685211287041,-1486.4059237242745
657164.087978,-4151.685211287041,-1486.4059237242745
657174.072666,-4151.685211287041,-1486.4059237242745
657183.688283,-4151.685211287041,-1486.4059237242745
657193.252299,-4151.685211287041,-1486.4059237242745
657204.425702,-4151.685211287041,-1486.4059237242745
657215.730322,-4151.685211287041,-1486.4059237242745
657224.636741,-4151.685211287041,-1486.4059237242745
657233.668829,-4151.685211287041,-1486.4059237242745
657243.75809,-4151.685211287041,-1486.4059237242745
657253.70532,-4151.685211287041,-1486.4059237242745
657264.052457,-4151.685211287041,-1486.4059237242745
657273.256888,-4151.685211287041,-1486.4059237242745
657283.691059,-4151.685211287041,-1486.4059237242745
657293.282343,-4151.685211287041,-1486.4059237242745
657303.284651,-4151.685211287041,-1486.4059237242745
657314.154461,-4151.685211287041,-1486.4059237242745
657324.229557,-4151.685211287041,-1486.4059237242745
657336.1352,-4151.685211287041,-1486.4059237242745
657343.98252,-4151.685211287041,-1486.4059237242745
657353.864647,-4151.685211287041,-1486.4059237242745
657363.718153,-4151.685211287041,-1486.4059237242745
657373.727094,-4151.685211287041,-1486.4059237242745
657383.836428,-4151.685211287041,-1486.4059237242745
657396.534204,-4151.685211287041,-1486.4059237242745
657404.018054,-4151.685211287041,-1486.4059237242745
657414.152928,-4151.685211287041,-1486.4059237242745
657423.981773,-4155.112363121133,-1483.841039074942
657434.163647,-4155.112363121133,-1483.841039074942
657444.418899,-4155.112363121133,-1483.841039074942
657453.248941,-4155.112363121133,-1483.841039074942
657463.643398,-4155.112363121133,-1483.841039074942
657473.747888,-4155.112363121133,-1483.841039074942
657483.653974,-4155.112363121133,-1483.841039074942
657493.747793,-4155.112363121133,-1483.841039074942
657504.064564,-4155.112363121133,-1483.841039074942
657513.273991,-4155.112363121133,-1483.841039074942
657523.757855,-4155.112363121133,-1483.841039074942
657534.111132,-4155.112363121133,-1483.841039074942
657543.983422,-4155.112363121133,-1483.841039074942
657554.765685,-4155.112363121133,-1483.841039074942
657563.273938,-4155.112363121133,-1483.841039074942
657573.28955,-4155.112363121133,-1483.841039074942
657583.695178,-4155.112363121133,-1483.841039074942
657593.628562,-4155.112363121133,-1483.841039074942
657603.771182,-4155.112363121133,-1483.841039074942
657613.27337,-4155.112363121133,-1483.841039074942
657623.646299,-4155.112363121133,-1483.841039074942
657633.31457,-4155.112363121133,-1483.841039074942
657644.486168,-4155.112363121133,-1483.841039074942
657654.044334,-4155.112363121133,-1483.841039074942
657664.487736,-4155.112363121133,-1483.841039074942
657673.691046,-4155.112363121133,-1483.841039074942
657683.643262,-4155.112363121133,-1483.841039074942
657693.904509,-4155.112363121133,-1483.841039074942
657703.648504,-4155.112363121133,-1483.841039074942
657713.711463,-4155.112363121133,-1483.841039074942
657724.831186,-4155.112363121133,-1483.841039074942
657734.095586,-4155.112363121133,-1483.841039074942
657743.781903,-4155.112363121133,-1483.841039074942
657753.286077,-4155.112363121133,-1483.841039074942
657764.785774,-4155.112363121133,-1483.841039074942
657774.465832,-4155.112363121133,-1483.841039074942
657783.649784,-4155.112363121133,-1483.841039074942
657793.624368,-4155.112363121133,-1483.841039074942
657803.627599,-4155.112363121133,-1483.841039074942
657813.629716,-4155.112363121133,-1483.841039074942
657823.945564,-4155.112363121133,-1483.841039074942
657835.118131,-4155.112363121133,-1483.841039074942
657843.648935,-4155.112363121133,-1483.841039074942
657854.060381,-4155.112363121133,-1483.841039074942
657863.624572,-4155.112363121133,-1483.841039074942
657873.281767,-4155.112363121133,-1483.841039074942
657886.406608,-4155.112363121133,-1483.841039074942
657893.645768,-4155.112363121133,-1483.841039074942
657903.624907,-4155.112363121133,-1483.841039074942
657913.991444,-4155.112363121133,-1483.841039074942
657923.630366,-4155.112363121133,-1483.841039074942
657933.664441,-4155.112363121133,-1483.841039074942
657943.285743,-4155.112363121133,-1483.841039074942
657953.661711,-4155.112363121133,-1483.841039074942
657964.160117,-4155.112363121133,-1483.841039074942
657974.061798,-4155.112363121133,-1483.841039074942
657983.959375,-4155.112363121133,-1483.841039074942
657993.315966,-4155.112363121133,-1483.841039074942
657994.309187,-4155.112363121133,-1483.841039074942
658003.288467,-4170.725716071727,-1484.2925704894737
658013.744129,-4183.134369237881,-1493.8864493247295
658879.31056,-4950.628678035088,823.9448883199859
658890.545714,-4928.334812476737,643.5458195442001
658901.485584,-4911.157343875257,507.21081904543973
658910.781597,-4891.282644249353,358.4191303479541
658928.640461,-4849.955225794511,26.519387145368114
658928.64115,-4849.955225794511,26.519387145368114
658930.581987,-4849.955225794511,26.519387145368114
658940.548721,-4824.998887303901,-166.927343950518
658950.932949,-4800.598678901577,-349.76533644746087
658961.328823,-4777.985038448132,-521.5337574811501
658970.548494,-4724.5478868025275,-694.5077690131662
658984.268211,-4627.822957792391,-740.9736665106263
658990.56548,-4521.963591513439,-677.5636821265142
659000.534643,-4449.645822303964,-637.2004447528378
659010.974145,-4446.482832301748,-634.1607497992633
659021.040032,-4446.482832301748,-634.1607497992633
659033.960128,-4414.421931403981,-622.1090341579762
659046.330901,-4363.056363989724,-622.5186714654421
659050.553575,-4333.511951792873,-638.852958843932
659061.667249,-4332.900208668672,-639.0857073080205
659071.130557,-4295.278006564707,-661.5971382969436
659080.542971,-4259.727389105536,-690.2484724900725
659092.179935,-4251.823389879229,-699.1906676772668
659100.542989,-4251.823389879229,-699.1906676772668
659110.537143,-4238.455412283462,-707.9932136727418
659120.679614,-4224.677288723118,-721.6462369137441
659130.921001,-4200.054627949672,-742.7332446111942
659141.084865,-4164.052154698771,-762.4842756941777
659151.628281,-4090.0938010977848,-824.0881240510305
659161.497726,-4078.6514239822295,-832.252937729748
659173.623163,-4071.407829237141,-868.5197912445972
659181.109671,-4070.2608108690706,-894.7784628761115
659190.518179,-4059.2216280875195,-943.89767694332
659200.544651,-4073.6671078292234,-1047.1867321330565
659210.515246,-4093.555711063501,-1168.9420184878104
659221.487446,-4105.714105701147,-1264.8389532200595
659230.995068,-4109.864226679468,-1297.875236745492
659241.076703,-4121.348313547261,-1377.4518489246177
659251.356862,-4145.60948979038,-1442.0720539683568
659259.014927,-4160.6806158887985,-1478.0549199395252
659260.5541,-4160.6806158887985,-1478.0549199395252
659270.968655,-4186.318214137585,-1501.0364724702902
659281.414019,-4186.283456010332,-1500.9945777956736
659291.493583,-4186.283456010332,-1500.9945777956736
659301.353565,-4186.283456010332,-1500.9945777956736
659310.565023,-4186.283456010332,-1500.9945777956736
659320.573748,-4186.283456010332,-1500.9945777956736
659331.009448,-4186.283456010332,-1500.9945777956736
659340.99029,-4186.283456010332,-1500.9945777956736
659350.999362,-4186.283456010332,-1500.9945777956736
659362.262173,-4186.283456010332,-1500.9945777956736
659372.558248,-4188.313330920605,-1502.2281429791708
659380.541599,-4201.806437808288,-1516.467674474356
659391.629667,-4201.806437808288,-1516.467674474356
659401.304147,-4201.806437808288,-1516.467674474356
659411.368131,-4201.806437808288,-1516.467674474356
659422.047581,-4201.806437808288,-1516.467674474356
659430.51745,-4201.806437808288,-1516.467674474356
659440.992086,-4201.806437808288,-1516.467674474356
659450.946588,-4201.806437808288,-1516.467674474356
659460.914019,-4201.806437808288,-1516.467674474356
659470.92425,-4201.806437808288,-1516.467674474356
659481.293148,-4201.806437808288,-1516.467674474356
659492.833887,-4201.806437808288,-1516.467674474356
659500.551533,-4201.806437808288,-1516.467674474356
659510.933787,-4201.806437808288,-1516.467674474356
659521.289927,-4201.806437808288,-1516.467674474356
659531.811076,-4201.806437808288,-1516.467674474356
659540.92426,-4201.806437808288,-1516.467674474356
659550.514526,-4201.806437808288,-1516.467674474356
659560.975912,-4187.096796300914,-1530.078785684174
659570.98029,-4182.501771232176,-1530.4651475902367
659581.014742,-4182.501771232176,-1530.4651475902367
659590.986867,-4182.501771232176,-1530.4651475902367
659601.392744,-4180.054798728135,-1528.1749059176889
659610.543105,-4177.440987194798,-1520.1544050388768
659620.542599,-4176.2522590781755,-1518.9348047760666
659630.530152,-4176.2522590781755,-1518.9348047760666
659643.188272,-4176.2522590781755,-1518.9348047760666
659650.996383,-4176.2522590781755,-1518.9348047760666
659661.24493,-4182.0916252708375,-1520.121820300699
659670.505451,-4182.0916252708375,-1520.121820300699
659681.01781,-4182.0916252708375,-1520.121820300699
659691.844411,-4182.0916252708375,-1520.121820300699
659701.567869,-4182.0916252708375,-1520.121820300699
659716.878128,-4182.0916252708375,-1520.121820300699
659729.662499,-4182.0916252708375,-1520.121820300699
659729.663135,-4182.0916252708375,-1520.121820300699
659731.323111,-4182.0916252708375,-1520.121820300699
659741.292738,-4182.0916252708375,-1520.121820300699
659751.716488,-4182.0916252708375,-1520.121820300699
659762.175057,-4182.0916252708375,-1520.121820300699
659772.095049,-4182.0916252708375,-1520.121820300699
659785.374932,-4182.0916252708375,-1520.121820300699
659791.266173,-4182.0916252708375,-1520.121820300699
659801.760147,-4182.0916252708375,-1520.121820300699
659811.728148,-4182.0916252708375,-1520.121820300699
659821.734713,-4182.0916252708375,-1520.121820300699
659831.852435,-4182.0916252708375,-1520.121820300699
659842.181806,-4182.0916252708375,-1520.121820300699
659854.827629,-4182.0916252708375,-1520.121820300699
659861.417603,-4182.0916252708375,-1520.121820300699
659871.267055,-4182.0916252708375,-1520.121820300699
659881.2931,-4182.0916252708375,-1520.121820300699
659893.513694,-4182.0916252708375,-1520.121820300699
659901.755315,-4182.0916252708375,-1520.121820300699
659911.266927,-4182.0916252708375,-1520.121820300699
659924.113924,-4182.0916252708375,-1520.121820300699
659931.657729,-4182.0916252708375,-1520.121820300699
659941.90676,-4178.768747845323,-1517.7617541429984
659952.168266,-4178.247375861759,-1517.645380070716
659962.156407,-4171.949202323999,-1513.0416218208736
659971.258715,-4171.949202323999,-1513.0416218208736
659981.290675,-4171.949202323999,-1513.0416218208736
659991.266167,-4171.949202323999,-1513.0416218208736
660001.266207,-4171.949202323999,-1513.0416218208736
660011.292164,-4171.949202323999,-1513.0416218208736
660021.659114,-4171.949202323999,-1513.0416218208736
660031.257364,-4171.949202323999,-1513.0416218208736
660041.729644,-4171.949202323999,-1513.0416218208736
660051.697464,-4171.949202323999,-1513.0416218208736
660062.05611,-4171.949202323999,-1513.0416218208736
660071.985828,-4171.949202323999,-1513.0416218208736
660081.666462,-4171.949202323999,-1513.0416218208736
660091.675858,-4171.949202323999,-1513.0416218208736
660101.29973,-4171.949202323999,-1513.0416218208736
660113.601986,-4171.949202323999,-1513.0416218208736
660121.660353,-4171.949202323999,-1513.0416218208736
660131.643397,-4171.949202323999,-1513.0416218208736
660141.711071,-4171.949202323999,-1513.0416218208736
660151.874013,-4171.949202323999,-1513.0416218208736
660162.587293,-4171.949202323999,-1513.0416218208736
660171.736087,-4171.949202323999,-1513.0416218208736
660182.197873,-4167.653097193216,-1511.0306778532527
660192.070674,-4167.006595931515,-1510.8584442248318
660202.198858,-4161.507859427362,-1507.2834327171615
660212.121276,-4158.887096269252,-1506.6317379115856
660221.292723,-4158.887096269252,-1506.6317379115856
660231.293963,-4158.887096269252,-1506.6317379115856
660241.74051,-4158.887096269252,-1506.6317379115856
660251.711948,-4158.887096269252,-1506.6317379115856
660261.83467,-4158.887096269252,-1506.6317379115856
660271.773707,-4158.887096269252,-1506.6317379115856
660283.918036,-4158.887096269252,-1506.6317379115856
660291.274104,-4158.887096269252,-1506.6317379115856
660301.882728,-4158.887096269252,-1506.6317379115856
660312.121487,-4158.887096269252,-1506.6317379115856
660321.776262,-4158.887096269252,-1506.6317379115856
660331.970715,-4153.492634162807,-1503.824795274217
660341.292229,-4146.4506365851485,-1493.849209622467
660351.261731,-4146.4506365851485,-1493.849209622467
660361.728406,-4146.4506365851485,-1493.849209622467
660372.561191,-4151.692162910817,-1487.0436536667894
660381.717607,-4151.692162910817,-1487.0436536667894
660391.977329,-4151.692162910817,-1487.0436536667894
660401.293579,-4151.692162910817,-1487.0436536667894
660411.639864,-4151.692162910817,-1487.0436536667894
660424.538832,-4151.692162910817,-1487.0436536667894
660432.28943,-4151.692162910817,-1487.0436536667894
660441.753693,-4151.692162910817,-1487.0436536667894
660451.659934,-4151.692162910817,-1487.0436536667894
660461.29256,-4151.692162910817,-1487.0436536667894
660471.662692,-4151.692162910817,-1487.0436536667894
660481.505057,-4152.714051998935,-1485.3259722897787
660494.189456,-4156.3149944859715,-1481.0527161823536
660502.164239,-4156.3149944859715,-1481.0527161823536
660512.121636,-4163.475169708055,-1479.335034790427
660521.964685,-4214.006542169903,-1503.7270410451183
660534.190093,-4247.631559153713,-1435.569070075833
660534.205315,-4247.631559153713,-1435.569070075833
660544.014967,-4296.911638774144,-1356.8257037292287
660554.31465,-4359.657018674013,-1240.549347031076
660562.088459,-4419.058666208978,-1191.8770325495223
660571.959397,-4414.032640324128,-1131.0459441309747
660581.317726,-4392.440888754974,-1013.8013130865204
660591.64475,-4424.918887251099,-943.5951040891291
660603.771623,-4462.589750632365,-885.7617909562912
660611.370099,-4513.656397997401,-805.9616787392672
660621.437752,-4544.375634937239,-768.8848571642694
660641.913443,-4550.367936863773,-779.5866292319538
660641.920547,-4547.232753371907,-801.2136113120235
662073.5278,-2921.808223481941,-2847.6020978066917
662073.528393,-2921.808223481941,-2847.6020978066917
662080.977384,-2970.068592995667,-2841.371127769946
662080.977955,-2970.068592995667,-2841.371127769946
662089.337472,-2975.3309743100567,-2838.852798114656
662089.399897,-2975.3309743100567,-2838.852798114656
662099.348597,-2978.507867653927,-2838.0242164546935
662111.947554,-3049.942782264884,-2852.771107900855
662119.092005,-3121.85040740827,-2881.236145200413
662126.971448,-3171.4502628709706,-2901.5038095688324
662129.082931,-3179.8408761193054,-2905.8608452852977
662139.081332,-3179.9451505112243,-2906.1261775878693
662149.494661,-3179.9451505112243,-2906.1261775878693
662159.477111,-3179.9451505112243,-2906.1261775878693
662170.905224,-3179.9451505112243,-2906.1261775878693
662181.269291,-3188.634683703153,-2908.3931395280647
662189.703939,-3201.9053387805375,-2913.81615934351
662200.322481,-3201.9053387805375,-2913.81615934351
662209.08264,-3201.9053387805375,-2913.81615934351
662219.735996,-3201.9053387805375,-2913.81615934351
662229.912765,-3201.9053387805375,-2913.81615934351
662239.064695,-3201.9053387805375,-2913.81615934351
662251.657442,-3201.9053387805375,-2913.81615934351
662259.43088,-3201.9053387805375,-2913.81615934351
662270.18797,-3201.9053387805375,-2913.81615934351
662279.466502,-3201.9053387805375,-2913.81615934351
662289.501289,-3201.9053387805375,-2913.81615934351
662299.602686,-3201.9053387805375,-2913.81615934351
662310.143822,-3201.9053387805375,-2913.81615934351
662319.45184,-3201.9053387805375,-2913.81615934351
662329.076783,-3201.9053387805375,-2913.81615934351
662340.078635,-3201.9053387805375,-2913.81615934351
662349.481182,-3201.9053387805375,-2913.81615934351
662360.310463,-3201.9053387805375,-2913.81615934351
662369.511692,-3201.9053387805375,-2913.81615934351
662379.453025,-3201.9053387805375,-2913.81615934351
662389.471947,-3201.9053387805375,-2913.81615934351
662399.958495,-3201.9053387805375,-2913.81615934351
662410.762654,-3201.9053387805375,-2913.81615934351
662420.761061,-3201.9053387805375,-2913.81615934351
662429.869334,-3201.9053387805375,-2913.81615934351
662439.87325,-3201.9053387805375,-2913.81615934351
662449.060641,-3201.9053387805375,-2913.81615934351
662459.065114,-3201.9053387805375,-2913.81615934351
662470.830302,-3201.9053387805375,-2913.81615934351
662479.517126,-3201.9053387805375,-2913.81615934351
662489.574284,-3219.1592758768375,-2919.5650257785787
662501.318842,-3220.014325941834,-2919.709329309562
662509.146755,-3220.014325941834,-2919.709329309562
662520.148255,-3220.014325941834,-2919.709329309562
662529.583904,-3220.014325941834,-2919.709329309562
662542.340208,-3220.014325941834,-2919.709329309562
662551.499487,-3220.014325941834,-2919.709329309562
662560.775089,-3220.014325941834,-2919.709329309562
662569.032266,-3220.014325941834,-2919.709329309562
662582.001564,-3220.014325941834,-2919.709329309562
662591.889878,-3220.014325941834,-2919.709329309562
662599.555354,-3220.014325941834,-2919.709329309562
662611.366502,-3220.014325941834,-2919.709329309562
662619.581316,-3220.014325941834,-2919.709329309562
662632.635067,-3225.193287715915,-2922.716428665933
662640.143962,-3225.193287715915,-2922.716428665933
662711.955453,-3239.534493274798,-2925.020630164548
662711.956191,-3239.534493274798,-2925.020630164548
662715.717726,-3239.534493274798,-2925.020630164548
662725.71434,-3239.534493274798,-2925.020630164548
662738.29738,-3239.534493274798,-2925.020630164548
662748.383238,-3239.534493274798,-2925.020630164548
662756.16306,-3239.534493274798,-2925.020630164548
662766.361204,-3239.534493274798,-2925.020630164548
662776.181701,-3239.534493274798,-2925.020630164548
662786.239067,-3239.534493274798,-2925.020630164548
662796.116558,-3239.534493274798,-2925.020630164548
662807.755502,-3239.534493274798,-2925.020630164548
662817.883387,-3239.534493274798,-2925.020630164548
662826.665481,-3239.534493274798,-2925.020630164548
662835.68453,-3239.534493274798,-2925.020630164548
662846.977641,-3239.534493274798,-2925.020630164548
662856.524021,-3239.534493274798,-2925.020630164548
662866.648156,-3239.534493274798,-2925.020630164548
662876.169433,-3239.534493274798,-2925.020630164548
662886.163841,-3239.534493274798,-2925.020630164548
662896.162709,-3239.534493274798,-2925.020630164548
662906.163069,-3239.534493274798,-2925.020630164548
662916.223567,-3239.534493274798,-2925.020630164548
662926.284133,-3239.534493274798,-2925.020630164548
662935.74224,-3239.534493274798,-2925.020630164548
662946.13863,-3239.534493274798,-2925.020630164548
662959.794381,-3239.534493274798,-2925.020630164548
662968.769303,-3239.534493274798,-2925.020630164548
662976.96704,-3239.534493274798,-2925.020630164548
662987.095956,-3239.534493274798,-2925.020630164548
662997.00914,-3239.534493274798,-2925.020630164548
663006.119092,-3239.534493274798,-2925.020630164548
663021.041549,-3239.534493274798,-2925.020630164548
663044.869017,-3239.534493274798,-2925.020630164548
663044.869759,-3239.534493274798,-2925.020630164548
663046.576601,-3239.534493274798,-2925.020630164548
663056.981937,-3239.534493274798,-2925.020630164548
663070.20578,-3239.534493274798,-2925.020630164548
663077.9604,-3239.534493274798,-2925.020630164548
663086.577708,-3239.534493274798,-2925.020630164548
663097.895052,-3239.534493274798,-2925.020630164548
663106.973376,-3239.534493274798,-2925.020630164548
663116.931181,-3239.534493274798,-2925.020630164548
663127.041566,-3254.85587817517,-2936.4950880405195
663136.836609,-3262.6903612921806,-2937.398148815727
663147.140284,-3262.6903612921806,-2937.398148815727
663160.33003,-3262.6903612921806,-2937.398148815727
663169.617196,-3262.6903612921806,-2937.398148815727
663176.95604,-3262.6903612921806,-2937.398148815727
663187.522165,-3262.6903612921806,-2937.398148815727
663197.558835,-3262.6903612921806,-2937.398148815727
663206.584625,-3262.6903612921806,-2937.398148815727
663216.58652,-3262.6903612921806,-2937.398148815727
663227.065982,-3262.6903612921806,-2937.398148815727
663237.026768,-3262.6903612921806,-2937.398148815727
663247.021913,-3262.6903612921806,-2937.398148815727
663256.996499,-3262.6903612921806,-2937.398148815727
663268.012155,-3262.6903612921806,-2937.398148815727
663276.946104,-3262.6903612921806,-2937.398148815727
663287.468612,-3262.6903612921806,-2937.398148815727
663296.971739,-3262.6903612921806,-2937.398148815727
663306.980536,-3262.6903612921806,-2937.398148815727
663320.374052,-3262.6903612921806,-2937.398148815727
663326.630037,-3262.6903612921806,-2937.398148815727
663336.979904,-3262.6903612921806,-2937.398148815727
663347.012739,-3262.6903612921806,-2937.398148815727
663361.628072,-3262.6903612921806,-2937.398148815727
663367.036648,-3262.6903612921806,-2937.398148815727
663379.413722,-3262.6903612921806,-2937.398148815727
663388.601795,-3262.6903612921806,-2937.398148815727
663397.521936,-3273.270736880917,-2939.874583501977
663407.376442,-3310.023986388148,-2951.591098627768
663416.982459,-3310.357664459947,-2950.9859548312015
663427.980655,-3310.357664459947,-2950.9859548312015
663437.043649,-3310.357664459947,-2950.9859548312015
663446.553394,-3310.357664459947,-2950.9859548312015
663456.973751,-3310.357664459947,-2950.9859548312015
663469.34833,-3310.357664459947,-2950.9859548312015
663477.02317,-3310.357664459947,-2950.9859548312015
663487.519323,-3310.357664459947,-2950.9859548312015
663501.729739,-3310.357664459947,-2950.9859548312015
663510.393695,-3310.357664459947,-2950.9859548312015
663513.053407,-3310.357664459947,-2950.9859548312015
663513.061561,-3310.357664459947,-2950.9859548312015
663516.106659,-3310.357664459947,-2950.9859548312015
663526.246881,-3310.357664459947,-2950.9859548312015
663536.874991,-3310.357664459947,-2950.9859548312015
663546.469829,-3310.357664459947,-2950.9859548312015
663557.612792,-3310.357664459947,-2950.9859548312015
663566.768014,-3310.357664459947,-2950.9859548312015
663576.09685,-3310.357664459947,-2950.9859548312015
663586.539213,-3310.357664459947,-2950.9859548312015
663596.549978,-3310.357664459947,-2950.9859548312015
663606.520797,-3310.357664459947,-2950.9859548312015
663616.601652,-3310.357664459947,-2950.9859548312015
663626.947866,-3310.357664459947,-2950.9859548312015
663636.544478,-3310.357664459947,-2950.9859548312015
663646.522309,-3310.357664459947,-2950.9859548312015
663657.05777,-3310.357664459947,-2950.9859548312015
663666.900325,-3310.357664459947,-2950.9859548312015
663676.980725,-3310.357664459947,-2950.9859548312015
663687.067631,-3310.357664459947,-2950.9859548312015
663696.070401,-3310.357664459947,-2950.9859548312015
663706.892919,-3318.240808953869,-2945.223123816136
663716.579173,-3325.33146801483,-2947.522670284169
663727.124288,-3325.33146801483,-2947.522670284169
663739.989506,-3325.33146801483,-2947.522670284169
663748.108174,-3325.33146801483,-2947.522670284169
663756.950495,-3322.954011743988,-2949.3939611331098
663766.482623,-3320.7920558887,-2950.376156072221
663777.064732,-3320.7920558887,-2950.376156072221
663786.536219,-3320.7920558887,-2950.376156072221
663796.522371,-3320.7920558887,-2950.376156072221
663806.572164,-3320.7920558887,-2950.376156072221
663816.116938,-3320.7920558887,-2950.376156072221
663826.556344,-3325.8319851266,-2953.3180859427202
663836.942052,-3326.909487238025,-2953.830130703028
663847.03993,-3326.909487238025,-2953.830130703028
663857.016177,-3326.909487238025,-2953.830130703028
663867.402924,-3326.909487238025,-2953.830130703028
663875.148596,-3326.909487238025,-2953.830130703028
663875.149196,-3326.909487238025,-2953.830130703028
663880.105621,-3326.909487238025,-2953.830130703028
663890.696424,-3326.909487238025,-2953.830130703028
663901.024297,-3326.909487238025,-2953.830130703028
663911.12457,-3326.909487238025,-2953.830130703028
663921.018314,-3326.909487238025,-2953.830130703028
663932.078879,-3326.909487238025,-2953.830130703028
663940.118501,-3326.909487238025,-2953.830130703028
663950.125585,-3330.5521395484116,-2953.844095556179
663960.543773,-3335.2027776976015,-2954.1978719309573
663970.568812,-3335.2027776976015,-2954.1978719309573
663980.653031,-3335.2027776976015,-2954.1978719309573
663991.024577,-3335.2027776976015,-2954.1978719309573
664000.959418,-3335.2027776976015,-2954.1978719309573
664010.964674,-3335.2027776976015,-2954.1978719309573
664021.042008,-3335.2027776976015,-2954.1978719309573
664031.051643,-3335.2027776976015,-2954.1978719309573
664041.274215,-3335.2027776976015,-2954.1978719309573
664050.817148,-3335.2027776976015,-2954.1978719309573
664060.235268,-3335.2027776976015,-2954.1978719309573
664074.944386,-3337.149233128392,-2956.646376848674
664080.118458,-3338.9914141590725,-2958.9086836585934
664090.15466,-3338.9914141590725,-2958.9086836585934
664101.022627,-3336.231618424897,-2959.4579680189704
664110.108793,-3336.231618424897,-2959.4579680189704
664114.472928,-3336.231618424897,-2959.4579680189704
664120.186841,-3336.1064891449514,-2959.304354596865
664130.100363,-3371.385993792086,-2959.313664509309
664142.072149,-3408.278275767294,-2896.485770539082
664152.65807,-3458.302180213729,-2802.1671112200033
664160.456921,-3470.5161880033775,-2729.754651595829
664170.568843,-3405.622754436241,-2720.649561594274
664180.488658,-3404.92064015739,-2720.2957850879425
664190.597971,-3406.2066910590097,-2698.678178229642
664200.931671,-3386.4084587156126,-2662.471943548667
664210.881003,-3308.2582732526125,-2597.8937571922957
664221.140767,-3225.3948848841064,-2542.6394398678403
664231.591768,-3172.1315222722437,-2471.2463860109033
664240.105008,-3163.935554567383,-2458.091480644718
664250.104561,-3163.935554567383,-2458.091480644718
664262.57176,-3153.904357449126,-2436.534379285233
664270.575623,-3127.0919338305102,-2380.009244805625
664280.506507,-3125.2358495373837,-2375.829093833361
664290.529625,-3125.2358495373837,-2375.829093833361
664300.48124,-3087.571936847909,-2320.5701022475664
664310.587994,-3051.0758973973393,-2244.8525679364448
664324.758857,-3025.076814043896,-2150.645530899615
664330.104662,-3009.2410087186668,-2068.03398239384
664340.534282,-3029.157418837134,-2052.9193309799257
664351.276446,-3122.886199762975,-1982.7504764439516
664360.965728,-3219.402582805061,-1909.01125987203
664372.627838,-3274.848756105455,-1862.871294994558
664383.802354,-3244.5813741432385,-1822.200905495627
664383.819347,-3336.231618424897,-2959.4579680189704
664392.845446,-3226.249934949165,-1815.14398518576
664400.183632,-3226.249934949165,-1815.14398518576
664400.407122,-3336.231618424897,-2959.4579680189704
664410.140848,-3218.922920572508,-1798.49319070682
664420.169819,-3204.2827950642754,-1788.382615811505
666478.53525,-5757.934935426835,-1629.667050804635
666478.535997,-5757.934935426835,-1629.667050804635
666487.231441,-5731.289352364555,-1666.4831443156265
666487.232962,-5731.289352364555,-1666.4831443156265
666496.08665,-5719.37426513015,-1676.0118509270728
666496.095796,-5719.37426513015,-1676.0118509270728
666506.620778,-5716.56580816168,-1680.1873515434736
666517.022859,-5704.852318071221,-1701.0043396715666
666527.556288,-5696.990028883811,-1717.4410084856393
666539.073107,-5675.697197925644,-1766.723082599722
666546.598579,-5644.164621607748,-1839.7268319270065
666556.627649,-5617.950039286276,-1898.2583022483457
666567.211274,-5603.838238133353,-1928.2408992084092
666577.008518,-5603.282108033446,-1928.5853662383124
666587.13776,-5588.468192630172,-1959.4244743200259
666599.124803,-5586.410511285893,-1984.8405532216161
666606.597307,-5594.328413510892,-2052.3095313586173
666618.55788,-5550.547071759234,-2082.2921210509976
666628.704601,-5516.824733078143,-2114.574258798824
666637.2033,-5480.307840626446,-2195.7148345823985
666658.836106,-5477.777448681978,-2200.8492530908725
666658.836827,-5477.777448681978,-2200.8492530908725
666662.810125,-5477.777448681978,-2200.8492530908725
666672.882276,-5467.405622379286,-2225.6787976632686
666686.013409,-5437.166048357306,-2295.21920616832
666692.862302,-5411.361611828659,-2343.23043229187
666702.877776,-5302.547806440876,-2319.555321624555
666715.792533,-5287.073486425543,-2313.3549189249898
666722.898163,-5287.073486425543,-2313.3549189249898
666732.880693,-5287.073486425543,-2313.3549189249898
666743.240007,-5287.073486425543,-2313.3549189249898
666753.186938,-5287.073486425543,-2313.3549189249898
666763.325266,-5280.865684191392,-2309.2259720557104
666773.812791,-5202.312307544149,-2279.0478848601306
666788.646721,-5155.562620923779,-2262.0805654305545
666793.457332,-5155.708605078192,-2262.085220397459
666803.958833,-5119.400261063687,-2243.0510993707016
666812.874462,-5079.324135579249,-2232.661234098906
666823.111147,-5079.324135579249,-2232.661234098906
666832.873039,-5079.324135579249,-2232.661234098906
666843.22776,-5079.324135579249,-2232.661234098906
666852.977413,-5079.324135579249,-2232.661234098906
666862.840675,-5079.324135579249,-2232.661234098906
666873.212909,-5079.324135579249,-2232.661234098906
666882.887383,-4983.641951340763,-2197.7816358683554
666893.354528,-4886.645909494731,-2178.0865088862947
666904.867967,-4876.830213137233,-2085.8159247753383
666913.119658,-4873.562948769358,-1887.1655323591438
666923.17158,-4858.102531843004,-1737.7785343807627
666932.84168,-4788.725301129233,-1693.626225658263
666942.831733,-4785.617924157726,-1693.6960500877592
666953.419801,-4785.617924157726,-1693.6960500877592
666962.78593,-4785.617924157726,-1693.6960500877592
666973.796506,-4777.51927948597,-1693.6913951277252
666983.239705,-4694.530764249682,-1682.621896467674
666993.306466,-4615.608950285321,-1674.2429654909977
667003.208669,-4610.666343940297,-1673.530756355075
667013.165659,-4610.666343940297,-1673.530756355075
667026.450275,-4610.666343940297,-1673.530756355075
667033.297379,-4544.389538184671,-1644.316216104742
667044.160893,-4431.495125813081,-1681.5093606481425
667052.961413,-4323.077560563665,-1662.6334909432148
667064.857257,-4264.106913746485,-1614.7758271501152
667072.834032,-4211.844586358898,-1551.3380001750238
667082.883154,-4166.80499876679,-1517.137989125611
667088.533394,-4143.308501442289,-1494.9989854837531
667093.144523,-4157.176996168382,-1478.0176802267256
667104.671681,-4185.35888968931,-1493.2161346485643
667115.435074,-4193.763406038528,-1523.7107966199105
667122.808992,-4178.233472605815,-1525.6519160985802
667133.519778,-4178.233472605815,-1525.6519160985802
667143.748755,-4178.233472605815,-1525.6519160985802
667153.259566,-4178.233472605815,-1525.6519160985802
667163.260281,-4178.233472605815,-1525.6519160985802
667173.279839,-4178.233472605815,-1525.6519160985802
667183.477286,-4178.233472605815,-1525.6519160985802
667192.80805,-4178.233472605815,-1525.6519160985802
667204.013008,-4178.233472605815,-1525.6519160985802
667214.343083,-4178.233472605815,-1525.6519160985802
667223.330363,-4178.233472605815,-1525.6519160985802
667233.775944,-4178.233472605815,-1525.6519160985802
667244.737209,-4178.233472605815,-1525.6519160985802
667255.774317,-4178.233472605815,-1525.6519160985802
667264.523995,-4178.233472605815,-1525.6519160985802
667273.396962,-4178.233472605815,-1525.6519160985802
667282.807186,-4178.233472605815,-1525.6519160985802
667293.43242,-4178.233472605815,-1525.6519160985802
667303.361191,-4178.233472605815,-1525.6519160985802
667312.778149,-4178.233472605815,-1525.6519160985802
667323.375779,-4178.233472605815,-1525.6519160985802
667332.813148,-4178.233472605815,-1525.6519160985802
667343.48073,-4178.233472605815,-1525.6519160985802
667353.264103,-4178.233472605815,-1525.6519160985802
667363.487015,-4178.233472605815,-1525.6519160985802
667372.807078,-4178.233472605815,-1525.6519160985802
667382.812478,-4178.233472605815,-1525.6519160985802
667393.261536,-4178.233472605815,-1525.6519160985802
667403.281753,-4178.233472605815,-1525.6519160985802
667413.294428,-4178.233472605815,-1525.6519160985802
667423.402322,-4165.1922214324795,-1512.1851086430902
667432.799437,-4165.1922214324795,-1512.1851086430902
667442.784976,-4165.1922214324795,-1512.1851086430902
667452.974043,-4165.1922214324795,-1512.1851086430902
667464.194401,-4165.1922214324795,-1512.1851086430902
667472.806708,-4165.1922214324795,-1512.1851086430902
667485.301154,-4160.409502453009,-1509.3223064737751
667492.805668,-4150.976145394346,-1500.7385548316547
667502.813236,-4150.976145394346,-1500.7385548316547
667513.261321,-4150.976145394346,-1500.7385548316547
667523.661531,-4150.976145394346,-1500.7385548316547
667533.439516,-4152.19268001509,-1499.4072354282055
667544.030531,-4145.811086955192,-1499.7796324681663
667552.820945,-4145.790232075464,-1499.8122172077285
667563.280112,-4145.790232075464,-1499.8122172077285
667573.895516,-4145.790232075464,-1499.8122172077285
667583.753167,-4145.790232075464,-1499.8122172077285
667594.578172,-4145.790232075464,-1499.8122172077285
667602.812812,-4150.572951056517,-1487.8349973875818
667612.808448,-4150.600757568269,-1487.8443073092874
667623.07686,-4150.600757568269,-1487.8443073092874
667632.930879,-4150.600757568269,-1487.8443073092874
667643.412335,-4174.903643548014,-1485.5261357035147
667653.7219,-4198.601738030048,-1508.6473368549216
667658.007045,-4206.50573726515,-1540.7898548677974
667663.527391,-4221.159765759814,-1563.1848798550086
667672.829881,-4315.277835737845,-1653.072199387404
668508.712659,-6295.40129602877,-2881.623299557589
668508.713337,-6295.40129602877,-2881.623299557589
668526.251695,-6124.84871351961,-3109.4870621058703
668526.253447,-6124.84871351961,-3109.4870621058703
668533.090631,-6039.058695963792,-3135.098602961387
668533.091361,-6039.058695963792,-3135.098602961387
668542.962173,-5992.545365715578,-3147.825238828265
668542.972106,-5992.545365715578,-3147.825238828265
668553.007482,-5935.959129155253,-3136.378714486315
668562.937272,-5892.518417512407,-3126.4217742562237
668575.342232,-5815.515254815142,-3131.2256837279183
668584.93112,-5717.629406960238,-3137.384183894204
668594.386119,-5654.696335259688,-3143.0166745448755
668603.336792,-5622.892645496943,-3147.2573348228584
668613.366163,-5622.892645496943,-3147.2573348228584
668623.855253,-5622.892645496943,-3147.2573348228584
668633.736911,-5612.423496464392,-3148.4536572062725
668647.969554,-5568.218105548139,-3150.6787237294416
668653.561809,-5498.611472426637,-3156.8279137976933
668681.415909,-5395.004435329804,-3167.5575753729895
668681.416494,-5395.004435329804,-3167.5575753729895
669214.907671,-4793.160438724544,-3730.6760280266753
669214.908308,-4793.160438724544,-3730.6760280266753
669225.006395,-4793.612294439181,-3735.6614758453306
669232.640945,-4793.612294439181,-3735.6614758453306
669235.409266,-4793.612294439181,-3735.6614758453306
669245.406501,-4796.4416063544495,-3734.525668872106
669255.589184,-4796.4416063544495,-3734.525668872106
669266.417623,-4796.4416063544495,-3734.525668872106
669275.646571,-4796.4416063544495,-3734.525668872106
669286.034645,-4796.4416063544495,-3734.525668872106
669295.43722,-4796.4416063544495,-3734.525668872106
669306.751749,-4796.4416063544495,-3734.525668872106
669315.589063,-4796.4416063544495,-3734.525668872106
669325.64571,-4796.4416063544495,-3734.525668872106
669335.606544,-4796.4416063544495,-3734.525668872106
669345.054975,-4795.815959981034,-3735.6754406795217
669355.483591,-4788.252590535113,-3736.9648608847488
669365.883082,-4787.571331155502,-3748.0063940735067
669375.489641,-4791.026289444523,-3750.9809048859825
669389.969544,-4791.026289444523,-3750.9809048859825
669395.473114,-4791.026289444523,-3750.9809048859825
669405.963056,-4791.026289444523,-3750.9809048859825
669415.422643,-4791.026289444523,-3750.9809048859825
669428.223992,-4791.026289444523,-3750.9809048859825
669437.552881,-4791.026289444523,-3750.9809048859825
669445.645569,-4791.026289444523,-3750.9809048859825
669455.418568,-4791.026289444523,-3750.9809048859825
669464.939873,-4791.026289444523,-3750.9809048859825
669475.410746,-4791.026289444523,-3750.9809048859825
669487.888411,-4791.026289444523,-3750.9809048859825
669495.469928,-4791.026289444523,-3750.9809048859825
669505.427956,-4791.026289444523,-3750.9809048859825
669515.43732,-4791.026289444523,-3750.9809048859825
669525.431933,-4791.026289444523,-3750.9809048859825
669536.712973,-4791.026289444523,-3750.9809048859825
669545.482217,-4791.026289444523,-3750.9809048859825
669555.395758,-4791.026289444523,-3750.9809048859825
669565.777455,-4791.026289444523,-3750.9809048859825
669574.947643,-4791.026289444523,-3750.9809048859825
669585.620327,-4791.026289444523,-3750.9809048859825
669596.417921,-4791.026289444523,-3750.9809048859825
669605.43758,-4791.026289444523,-3750.9809048859825
669615.424035,-4791.026289444523,-3750.9809048859825
669625.417275,-4791.026289444523,-3750.9809048859825
669635.436211,-4791.026289444523,-3750.9809048859825
669645.534974,-4791.026289444523,-3750.9809048859825
669656.313567,-4783.0249675389,-3751.0041796204355
669667.844823,-4781.460851608975,-3750.054570531512
669676.855722,-4781.460851608975,-3750.054570531512
669688.140198,-4781.460851608975,-3750.054570531512
669695.402987,-4781.460851608975,-3750.054570531512
669705.660018,-4781.460851608975,-3750.054570531512
669717.638539,-4781.460851608975,-3750.054570531512
669725.397413,-4781.460851608975,-3750.054570531512
669735.314579,-4781.460851608975,-3750.054570531512
669745.314186,-4781.460851608975,-3750.054570531512
669755.342404,-4781.460851608975,-3750.054570531512
669765.319909,-4781.460851608975,-3750.054570531512
669775.720591,-4781.460851608975,-3750.054570531512
669785.647754,-4781.460851608975,-3750.054570531512
669795.847088,-4781.460851608975,-3750.054570531512
669808.372444,-4781.460851608975,-3750.054570531512
669815.835756,-4781.460851608975,-3750.054570531512
669827.276435,-4778.131022595648,-3745.6556460877323
669837.100157,-4778.137974227574,-3745.650991143022
669845.586731,-4778.137974227574,-3745.650991143022
669855.617968,-4778.137974227574,-3745.650991143022
669865.61745,-4778.137974227574,-3745.650991143022
669875.670684,-4778.137974227574,-3745.650991143022
669890.494233,-4778.137974227574,-3745.650991143022
669900.21965,-4778.137974227574,-3745.650991143022
669910.076045,-4778.137974227574,-3745.650991143022
669915.799535,-4778.137974227574,-3745.650991143022
669926.163178,-4778.137974227574,-3745.650991143022
669938.248232,-4778.137974227574,-3745.650991143022
669945.734879,-4778.137974227574,-3745.650991143022
669955.119744,-4778.137974227574,-3745.650991143022
669965.617437,-4778.137974227574,-3745.650991143022
669979.619786,-4778.137974227574,-3745.650991143022
669990.133234,-4775.691001755814,-3744.710691946982
669995.404572,-4774.404950881563,-3744.394155580363
670007.603897,-4774.404950881563,-3744.394155580363
670016.143018,-4774.404950881563,-3744.394155580363
670027.832567,-4774.404950881563,-3744.394155580363
670036.108138,-4774.404950881563,-3744.394155580363
670046.086524,-4774.404950881563,-3744.394155580363
670055.772039,-4774.404950881563,-3744.394155580363
670065.414144,-4774.404950881563,-3744.394155580363
670075.225766,-4774.404950881563,-3744.394155580363
670085.990021,-4774.404950881563,-3744.394155580363
670097.027331,-4774.404950881563,-3744.394155580363
670107.179945,-4774.404950881563,-3744.394155580363
670115.425959,-4774.404950881563,-3744.394155580363
670125.482605,-4774.404950881563,-3744.394155580363
670135.422186,-4774.404950881563,-3744.394155580363
670145.736796,-4774.404950881563,-3744.394155580363
670155.392859,-4774.404950881563,-3744.394155580363
670165.486631,-4768.739375424502,-3742.30873953346
670175.51456,-4768.739375424502,-3742.30873953346
670185.500367,-4768.739375424502,-3742.30873953346
670195.03241,-4768.739375424502,-3742.30873953346
670206.380875,-4768.739375424502,-3742.30873953346
670215.989437,-4768.739375424502,-3742.30873953346
670228.008699,-4768.739375424502,-3742.30873953346
670235.694915,-4768.739375424502,-3742.30873953346
670245.50855,-4768.739375424502,-3742.30873953346
670255.478352,-4768.739375424502,-3742.30873953346
670265.515814,-4768.739375424502,-3742.30873953346
670275.508158,-4768.739375424502,-3742.30873953346
670289.246479,-4768.739375424502,-3742.30873953346
670295.461138,-4768.739375424502,-3742.30873953346
670308.375001,-4768.739375424502,-3742.30873953346
670316.062511,-4768.739375424502,-3742.30873953346
670327.130944,-4768.739375424502,-3742.30873953346
670335.917655,-4768.739375424502,-3742.30873953346
670345.886381,-4768.739375424502,-3742.30873953346
670359.542677,-4768.739375424502,-3742.30873953346
670359.543256,-4768.739375424502,-3742.30873953346
670362.82378,-4768.739375424502,-3742.30873953346
670373.255441,-4768.739375424502,-3742.30873953346
670387.054323,-4768.739375424502,-3742.30873953346
670395.049106,-4768.739375424502,-3742.30873953346
670404.055186,-4768.739375424502,-3742.30873953346
670414.135038,-4768.739375424502,-3742.30873953346
670423.208559,-4768.739375424502,-3742.30873953346
670433.181891,-4768.739375424502,-3742.30873953346
670442.77465,-4768.739375424502,-3742.30873953346
670453.170865,-4768.739375424502,-3742.30873953346
670463.260299,-4768.739375424502,-3742.30873953346
670473.130686,-4768.739375424502,-3742.30873953346
670483.524044,-4768.739375424502,-3742.30873953346
670493.617447,-4768.739375424502,-3742.30873953346
670503.541313,-4768.739375424502,-3742.30873953346
670513.596233,-4768.739375424502,-3742.30873953346
670524.106643,-4768.739375424502,-3742.30873953346
670533.182946,-4768.739375424502,-3742.30873953346
670543.181407,-4768.739375424502,-3742.30873953346
670553.160577,-4768.739375424502,-3742.30873953346
670562.722322,-4768.739375424502,-3742.30873953346
670573.130857,-4768.739375424502,-3742.30873953346
670582.770632,-4768.739375424502,-3742.30873953346
670593.117268,-4768.739375424502,-3742.30873953346
670605.828421,-4768.739375424502,-3742.30873953346
670613.961801,-4768.739375424502,-3742.30873953346
670623.472913,-4768.739375424502,-3742.30873953346
670635.217311,-4768.739375424502,-3742.30873953346
670643.145395,-4768.739375424502,-3742.30873953346
670653.105362,-4768.739375424502,-3742.30873953346
670663.113333,-4768.739375424502,-3742.30873953346
670675.29732,-4768.739375424502,-3742.30873953346
670682.687208,-4768.739375424502,-3742.30873953346
670693.473694,-4768.739375424502,-3742.30873953346
670705.657446,-4768.739375424502,-3742.30873953346
670713.787834,-4768.739375424502,-3742.30873953346
670724.474872,-4768.739375424502,-3742.30873953346
670734.798709,-4768.739375424502,-3742.30873953346
670743.440358,-4768.739375424502,-3742.30873953346
670753.178686,-4768.739375424502,-3742.30873953346
670763.142655,-4768.739375424502,-3742.30873953346
670773.138986,-4768.739375424502,-3742.30873953346
670783.163199,-4768.739375424502,-3742.30873953346
670793.300255,-4768.739375424502,-3742.30873953346
670802.676083,-4768.739375424502,-3742.30873953346
670813.151362,-4768.739375424502,-3742.30873953346
670824.418657,-4768.739375424502,-3742.30873953346
670833.160161,-4768.739375424502,-3742.30873953346
670842.700712,-4768.739375424502,-3742.30873953346
670853.137946,-4768.739375424502,-3742.30873953346
670863.217652,-4768.739375424502,-3742.30873953346
670873.137749,-4768.739375424502,-3742.30873953346
670885.108722,-4768.739375424502,-3742.30873953346
670893.282025,-4768.739375424502,-3742.30873953346
670903.949235,-4768.739375424502,-3742.30873953346
670913.974583,-4768.739375424502,-3742.30873953346
670923.516068,-4768.739375424502,-3742.30873953346
670933.205904,-4768.739375424502,-3742.30873953346
670942.773478,-4768.739375424502,-3742.30873953346
670953.130659,-4768.739375424502,-3742.30873953346
670964.373672,-4764.721335406222,-3738.361344860345
670973.135955,-4761.746039333162,-3733.794842255275
670983.131385,-4761.752990956845,-3733.794842255275
670995.813995,-4761.752990956845,-3733.794842255275
671003.212205,-4761.752990956845,-3733.794842255275
671013.307038,-4761.752990956845,-3733.794842255275
671023.164445,-4761.752990956845,-3733.794842255275
671033.313633,-4761.752990956845,-3733.794842255275
671043.225333,-4761.752990956845,-3733.794842255275
671053.344195,-4761.752990956845,-3733.794842255275
671062.7687,-4761.752990956845,-3733.794842255275
671075.923457,-4761.752990956845,-3733.794842255275
671082.781239,-4761.752990956845,-3733.794842255275
671093.150446,-4757.484692393377,-3731.3323754961552
671102.773721,-4757.484692393377,-3731.3323754961552
671113.279475,-4757.484692393377,-3731.3323754961552
671125.8086,-4757.484692393377,-3731.3323754961552
671133.584447,-4757.484692393377,-3731.3323754961552
671143.453438,-4757.484692393377,-3731.3323754961552
671153.578659,-4757.484692393377,-3731.3323754961552
671163.407963,-4757.484692393377,-3731.3323754961552
671172.690358,-4757.484692393377,-3731.3323754961552
671183.125746,-4757.484692393377,-3731.3323754961552
671193.342977,-4757.484692393377,-3731.3323754961552
671203.247851,-4757.484692393377,-3731.3323754961552
671213.884315,-4757.484692393377,-3731.3323754961552
671223.065626,-4757.484692393377,-3731.3323754961552
671233.205226,-4757.484692393377,-3731.3323754961552
671243.40547,-4757.484692393377,-3731.3323754961552
671253.585573,-4757.484692393377,-3731.3323754961552
671263.429631,-4757.484692393377,-3731.3323754961552
671277.74674,-4756.038754115369,-3731.8909690909645
671283.15319,-4745.069087752449,-3730.5689642499324
671292.675804,-4745.069087752449,-3730.5689642499324
671307.420101,-4745.069087752449,-3730.5689642499324
671313.153426,-4745.069087752449,-3730.5689642499324
671324.202241,-4745.069087752449,-3730.5689642499324
671333.163075,-4745.069087752449,-3730.5689642499324
671343.325489,-4745.069087752449,-3730.5689642499324
671353.644288,-4745.069087752449,-3730.5689642499324
671363.665713,-4745.069087752449,-3730.5689642499324
671373.613537,-4739.035076093944,-3732.8266133616144
671383.566965,-4738.958608199956,-3732.468182474481
671393.658654,-4738.958608199956,-3732.468182474481
671404.202829,-4738.958608199956,-3732.468182474481
671412.661239,-4738.958608199956,-3732.468182474481
671423.063428,-4738.958608199956,-3732.468182474481
671434.311038,-4738.958608199956,-3732.468182474481
671447.069784,-4738.958608199956,-3732.468182474481
671453.308025,-4738.958608199956,-3732.468182474481
671463.561223,-4738.958608199956,-3732.468182474481
671476.591718,-4738.958608199956,-3732.468182474481
671484.297136,-4739.841464750921,-3730.238463042208
671493.530978,-4738.36771996092,-3733.413136633309
671503.48806,-4739.514738312152,-3732.980226607523
671514.318564,-4739.514738312152,-3732.980226607523
671523.067039,-4739.514738312152,-3732.980226607523
671532.747969,-4739.514738312152,-3732.980226607523
671543.061932,-4739.514738312152,-3732.980226607523
671554.867302,-4739.514738312152,-3732.980226607523
671563.329101,-4739.514738312152,-3732.980226607523
671573.615102,-4739.514738312152,-3732.980226607523
671583.204203,-4734.377486442918,-3731.3044458160575
671593.520359,-4734.377486442918,-3731.3044458160575
671603.449652,-4734.377486442918,-3731.3044458160575
671618.138889,-4734.377486442918,-3731.3044458160575
671623.12557,-4734.377486442918,-3731.3044458160575
671633.11203,-4734.377486442918,-3731.3044458160575
671643.113832,-4734.377486442918,-3731.3044458160575
671653.0735,-4734.377486442918,-3731.3044458160575
671662.766425,-4734.377486442918,-3731.3044458160575
671673.069783,-4734.377486442918,-3731.3044458160575
671685.353046,-4734.377486442918,-3731.3044458160575
671693.217627,-4734.377486442918,-3731.3044458160575
671706.411563,-4734.377486442918,-3731.3044458160575
671714.605714,-4734.377486442918,-3731.3044458160575
671723.465886,-4734.377486442918,-3731.3044458160575
671734.167317,-4734.377486442918,-3731.3044458160575
671743.066899,-4734.377486442918,-3731.3044458160575
671753.056577,-4734.377486442918,-3731.3044458160575
671763.106707,-4734.377486442918,-3731.3044458160575
671773.083989,-4734.377486442918,-3731.3044458160575
671783.944263,-4734.377486442918,-3731.3044458160575
671793.130061,-4734.377486442918,-3731.3044458160575
671805.426271,-4734.377486442918,-3731.3044458160575
671813.175368,-4734.377486442918,-3731.3044458160575
671823.122554,-4734.377486442918,-3731.3044458160575
671834.829791,-4734.377486442918,-3731.3044458160575
671844.077574,-4734.377486442918,-3731.3044458160575
671853.106977,-4734.377486442918,-3731.3044458160575
671864.148593,-4734.377486442918,-3731.3044458160575
671873.133687,-4734.377486442918,-3731.3044458160575
671885.14424,-4734.377486442918,-3731.3044458160575
671893.377655,-4734.377486442918,-3731.3044458160575
671902.689195,-4734.377486442918,-3731.3044458160575
671913.083418,-4734.377486442918,-3731.3044458160575
671923.078482,-4734.377486442918,-3731.3044458160575
671933.502698,-4734.377486442918,-3731.3044458160575
671941.444528,-4734.377486442918,-3731.3044458160575
671942.724492,-4734.377486442918,-3731.3044458160575
671953.893978,-4729.553057764388,-3734.2091325009137
671963.156212,-4701.510197104634,-3756.7716582751227
671973.264081,-4682.796418980202,-3772.67761004383
672592.852024,-5054.237219463997,-2167.799681432894
672592.852761,-5054.237219463997,-2167.799681432894
672599.342311,-5049.397384424412,-2143.695678281208
672599.343027,-5049.397384424412,-2143.695678281208
672608.377482,-5049.397384424412,-2143.695678281208
672608.408726,-5049.397384424412,-2143.695678281208
672618.704476,-5049.397384424412,-2143.695678281208
672628.724829,-5049.397384424412,-2143.695678281208
672639.199857,-5048.57709252621,-2147.149657284702
672649.157232,-5039.658155999551,-2192.959099516842
672658.732147,-4985.817810369515,-2200.174284205778
672668.319845,-4905.123332232263,-2184.892057443957
672678.322506,-4876.927535910213,-2100.8374762264275
672688.318463,-4884.115517520169,-1969.8329639016729
672700.344553,-4859.374679458963,-1802.5849012115925
672708.777616,-4854.293040618717,-1735.5208781938004
672718.943023,-4849.114079012905,-1725.8990732384173
672728.331198,-4807.084546257562,-1706.1480720969114
672741.916315,-4761.759942588777,-1694.5991126183692
672749.379837,-4705.68812453211,-1683.2503162943367
672759.182674,-4644.173182979001,-1672.5252846316307
672768.693406,-4644.173182979001,-1672.5252846316307
672778.963096,-4633.015822680725,-1674.0660769475905
672788.731005,-4553.308474816091,-1642.6730145482738
672798.810722,-4457.77227354777,-1668.1868603113962
672808.67933,-4358.586468215729,-1673.43765712344
672818.356551,-4294.64540856049,-1644.4558649529245
672828.799315,-4280.693494363887,-1629.1038004031452
672840.906221,-4243.106050353594,-1591.5196359632378
672848.317528,-4196.036587880897,-1534.7337484046689
672858.32611,-4146.36026544261,-1490.5302209900499
672865.041523,-4157.10052827356,-1479.5957127261179
672868.326335,-4157.719223023646,-1479.7539814794984
672880.354549,-4157.719223023646,-1479.7539814794984
672888.689196,-4157.719223023646,-1479.7539814794984
672898.769011,-4157.719223023646,-1479.7539814794984
672908.963499,-4157.719223023646,-1479.7539814794984
672920.321194,-4157.719223023646,-1479.7539814794984
672929.2945,-4157.719223023646,-1479.7539814794984
672939.185568,-4157.719223023646,-1479.7539814794984
672949.229917,-4157.719223023646,-1479.7539814794984
672964.532627,-4157.719223023646,-1479.7539814794984
672968.32654,-4157.719223023646,-1479.7539814794984
672978.31516,-4157.719223023646,-1479.7539814794984
672989.12033,-4157.719223023646,-1479.7539814794984
672998.773145,-4157.719223023646,-1479.7539814794984
673008.855143,-4157.719223023646,-1479.7539814794984
673018.825573,-4157.719223023646,-1479.7539814794984
673028.743486,-4157.719223023646,-1479.7539814794984
673039.11519,-4157.719223023646,-1479.7539814794984
673049.505304,-4157.719223023646,-1479.7539814794984
673059.330597,-4157.719223023646,-1479.7539814794984
673072.628807,-4157.719223023646,-1479.7539814794984
673078.667729,-4157.719223023646,-1479.7539814794984
673088.338652,-4157.719223023646,-1479.7539814794984
673100.573026,-4157.719223023646,-1479.7539814794984
673108.758481,-4157.719223023646,-1479.7539814794984
673118.790663,-4157.719223023646,-1479.7539814794984
673128.683304,-4157.719223023646,-1479.7539814794984
673138.701652,-4157.719223023646,-1479.7539814794984
673148.882531,-4157.719223023646,-1479.7539814794984
673158.695237,-4157.719223023646,-1479.7539814794984
673170.062384,-4174.326658557429,-1479.8982853258708
673178.769768,-4174.326658557429,-1479.8982853258708
673189.189104,-4174.326658557429,-1479.8982853258708
673199.327771,-4174.326658557429,-1479.8982853258708
673208.31999,-4174.326658557429,-1479.8982853258708
673218.316448,-4181.39646263438,-1476.6956706970602
673228.325909,-4183.912951393012,-1482.3561058459575
673238.733382,-4183.912951393012,-1482.3561058459575
673250.559543,-4183.912951393012,-1482.3561058459575
673258.8952,-4183.912951393012,-1482.3561058459575
673269.233433,-4183.912951393012,-1482.3561058459575
673279.190941,-4183.912951393012,-1482.3561058459575
673289.336171,-4183.933806272723,-1484.1901613081257
673303.021137,-4192.491258403624,-1490.7955538826889
673308.752208,-4192.491258403624,-1490.7955538826889
673318.707725,-4192.491258403624,-1490.7955538826889
673328.353827,-4192.491258403624,-1490.7955538826889
673339.953528,-4192.491258403624,-1490.7955538826889
673348.772993,-4192.491258403624,-1490.7955538826889
673359.043207,-4192.491258403624,-1490.7955538826889
673368.874657,-4192.491258403624,-1490.7955538826889
673379.438479,-4192.491258403624,-1490.7955538826889
673388.883879,-4192.963968995746,-1496.2278957163833
673399.366641,-4192.963968995746,-1496.2278957163833
673409.378081,-4192.963968995746,-1496.2278957163833
673419.327063,-4192.963968995746,-1496.2278957163833
673429.184921,-4192.963968995746,-1496.2278957163833
673438.842454,-4192.963968995746,-1496.2278957163833
673448.312048,-4192.963968995746,-1496.2278957163833
673458.826765,-4192.963968995746,-1496.2278957163833
673468.834711,-4192.963968995746,-1496.2278957163833
673481.135786,-4192.963968995746,-1496.2278957163833
673489.459223,-4192.963968995746,-1496.2278957163833
673499.227788,-4192.963968995746,-1496.2278957163833
673509.318002,-4192.963968995746,-1496.2278957163833
673518.838571,-4192.963968995746,-1496.2278957163833
673528.806025,-4192.963968995746,-1496.2278957163833
673538.781092,-4192.963968995746,-1496.2278957163833
673548.82119,-4192.963968995746,-1496.2278957163833
673558.777189,-4192.963968995746,-1496.2278957163833
673568.493778,-4192.963968995746,-1496.2278957163833
673579.356861,-4192.963968995746,-1496.2278957163833
673588.904572,-4192.963968995746,-1496.2278957163833
673598.309247,-4192.963968995746,-1496.2278957163833
673608.879675,-4192.963968995746,-1496.2278957163833
673618.869264,-4192.963968995746,-1496.2278957163833
673630.573612,-4192.963968995746,-1496.2278957163833
673639.205722,-4199.804369393661,-1498.0293663873254
673649.958818,-4202.897843158079,-1504.7185481526064
673658.866744,-4202.897843158079,-1504.7185481526064
673671.260758,-4202.897843158079,-1504.7185481526064
673678.85694,-4202.897843158079,-1504.7185481526064
673689.677753,-4202.897843158079,-1504.7185481526064
673699.722458,-4202.897843158079,-1504.7185481526064
673709.471681,-4199.595820605304,-1511.1517068852975
673718.805587,-4196.147813902905,-1512.7437041878652
673729.052593,-4196.147813902905,-1512.7437041878652
673741.454464,-4196.147813902905,-1512.7437041878652
673749.485562,-4196.147813902905,-1512.7437041878652
673758.848546,-4196.147813902905,-1512.7437041878652
673768.904896,-4196.147813902905,-1512.7437041878652
673783.421557,-4196.147813902905,-1512.7437041878652
673788.885577,-4196.147813902905,-1512.7437041878652
673802.010248,-4196.147813902905,-1512.7437041878652
673809.195063,-4196.147813902905,-1512.7437041878652
673819.049534,-4196.147813902905,-1512.7437041878652
673830.345804,-4196.147813902905,-1512.7437041878652
673836.188424,-4196.147813902905,-1512.7437041878652
673839.234667,-4196.147813902905,-1512.7437041878652
673848.418062,-4192.567726290287,-1519.2141025502062
673858.381944,-4183.600128206177,-1526.531704062909
673868.864023,-4167.799081342703,-1520.2800890329295
673878.872798,-4146.193426413333,-1485.6611296376607
673888.832493,-4154.292071197987,-1479.6050226496282
673898.779886,-4175.480628546842,-1483.0590052725709
673912.033187,-4205.504703066269,-1504.5137297827541
673918.441413,-4234.5903079991995,-1476.1510400169764
673941.642945,-4264.419736932794,-1407.2203421301072
673941.742144,-4279.226701190806,-1378.2664676025422
673942.89665,-4284.391759615599,-1367.3552322403473
673942.897285,-4284.391759615599,-1367.3552322403473
673946.815476,-4289.6471891738465,-1359.2555949407852
673957.086859,-4295.389232586628,-1347.0921738994507
673966.785541,-4295.389232586628,-1347.0921738994507
673977.113842,-4346.622719182538,-1264.1779482411223
673986.522255,-4411.34931254136,-1200.7075015026264
674009.264524,-4416.25020914075,-1156.043109270238
674010.783725,-4398.474900460724,-1079.4735774223948
674020.703742,-4321.1867181760135,-1047.8104976115658
674026.222985,-4242.702856024931,-1075.6844350524018
674039.570883,-4196.147813902905,-1512.7437041878652
674039.578717,-4260.902213972423,-1175.147087327303
674042.792287,-4263.161492555682,-1183.17224752214
674042.793078,-4263.161492555682,-1183.17224752214
674046.076342,-4263.161492555682,-1183.17224752214
674046.076927,-4263.161492555682,-1183.17224752214
674050.172739,-4263.161492555682,-1183.17224752214
674060.672158,-4263.161492555682,-1183.17224752214
674072.90392,-4250.871017056025,-1194.8934499969805
674078.627101,-4196.147813902905,-1512.7437041878652
674082.718322,-4250.502580854487,-1201.475570761867
674090.270344,-4299.636676322848,-1212.959369681519
674898.023345,-5978.693097956598,-3028.5819859084536
674898.024356,-5978.693097956598,-3028.5819859084536
674904.872623,-5940.5124442647575,-3193.2063534790504
674904.873617,-5940.5124442647575,-3193.2063534790504
674917.010029,-5936.237194202643,-3141.1965887295833
674917.018845,-5936.237194202643,-3141.1965887295833
674931.578534,-5840.4437861517645,-3126.4310841665542
674931.579226,-5840.4437861517645,-3126.4310841665542
674940.852619,-5746.666349429872,-3136.839554625469
674940.853243,-5746.666349429872,-3136.839554625469
674943.790493,-5738.512091947525,-3137.5377972736273
674954.367196,-5658.137390215897,-3145.5350029838546
674964.155509,-5597.811178230881,-3150.0689251622794
674976.071242,-5536.08768927729,-3157.218929663711
674984.588265,-5462.539484031906,-3164.8204643171152
674995.694298,-5421.184259676148,-3167.059495642267
675004.168512,-5380.704940187931,-3171.095337926429
675018.3177,-5364.625828719151,-3176.131994594574
675024.126753,-5364.625828719151,-3176.131994594574
675034.593017,-5364.625828719151,-3176.131994594574
675044.236835,-5364.625828719151,-3176.131994594574
675054.504132,-5364.625828719151,-3176.131994594574
675064.148009,-5349.408718901917,-3175.489611398721
675074.143749,-5262.986101483353,-3182.011197282392
675078.370751,-5244.341839878464,-3183.105110678949
675078.371318,-5244.341839878464,-3183.105110678949
675080.3254,-5227.852582409066,-3183.365787916023
675090.240134,-5175.757095222082,-3189.0262078650003
675102.632887,-5092.643451525133,-3175.913211906638
675112.210433,-5079.0391189017455,-3170.0805586744173
675121.127466,-5067.840048961387,-3165.0578668162293
675131.596923,-5006.637931124159,-3136.592842228975
675140.659732,-4961.535779706004,-3131.653939226223
675150.58409,-4936.753231932591,-3178.4967095327784
675160.687202,-4928.4877482556285,-3186.731317220751
675170.652625,-4913.034282973482,-3226.1121981503593
675180.883527,-4891.414725149148,-3286.8546419950308
675193.566091,-4875.238290716155,-3357.256100020039
675200.588554,-4871.2480572112745,-3364.178009684396
675211.060036,-4871.2480572112745,-3364.178009684396
675221.073404,-4871.2480572112745,-3364.178009684396
675231.082857,-4871.2480572112745,-3364.178009684396
675240.933103,-4871.2480572112745,-3364.178009684396
675250.219938,-4871.2480572112745,-3364.178009684396
675261.155429,-4868.21714813125,-3364.2571438255086
675270.292012,-4866.659983836568,-3398.080004604124
675280.688163,-4918.254954329885,-3427.978741716877
675292.088962,-4918.254954329885,-3427.978741716877
675301.085968,-4918.254954329885,-3427.978741716877
675311.116749,-4919.103052741994,-3454.4141956509716
675320.696043,-4886.43736070959,-3527.55739956561
675333.673506,-4881.619883672167,-3538.761859567578
675333.674133,-4881.619883672167,-3538.761859567578
675336.96109,-4881.619883672167,-3538.761859567578
675351.021973,-4881.619883672167,-3538.761859567578
675356.860376,-4881.619883672167,-3538.761859567578
675367.311192,-4881.619883672167,-3538.761859567578
675377.570876,-4881.355721872657,-3540.884515873094
675386.862257,-4868.940117268331,-3579.394899631263
675397.123064,-4849.267014792238,-3628.1601302258014
675409.019367,-4824.394095810327,-3674.095149278971
675409.026736,-4824.394095810327,-3674.095149278971
675416.845447,-4819.215134200958,-3678.5266588461204
675427.292396,-4819.215134200958,-3678.5266588461204
675437.265829,-4819.215134200958,-3678.5266588461204
675447.653864,-4819.215134200958,-3678.5266588461204
675457.731832,-4819.215134200958,-3678.5266588461204
675467.625988,-4819.215134200958,-3678.5266588461204
675477.297526,-4819.215134200958,-3678.5266588461204
675487.512335,-4819.215134200958,-3678.5266588461204
675498.421075,-4819.215134200958,-3678.5266588461204
675509.853551,-4819.215134200958,-3678.5266588461204
675520.391956,-4819.215134200958,-3678.5266588461204
675527.082415,-4819.215134200958,-3678.5266588461204
675537.412947,-4819.215134200958,-3678.5266588461204
675547.556467,-4819.215134200958,-3678.5266588461204
675563.067547,-4819.215134200958,-3678.5266588461204
675569.953769,-4819.215134200958,-3678.5266588461204
675581.356854,-4819.215134200958,-3678.5266588461204
675592.576722,-4819.215134200958,-3678.5266588461204
675599.288184,-4819.215134200958,-3678.5266588461204
675609.017478,-4819.215134200958,-3678.5266588461204
675617.382732,-4808.975388624473,-3704.1800712766476
675627.320298,-4808.975388624473,-3704.1800712766476
675636.924915,-4808.975388624473,-3704.1800712766476
675647.292078,-4808.975388624473,-3704.1800712766476
675659.62808,-4808.975388624473,-3704.1800712766476
675667.204561,-4808.975388624473,-3704.1800712766476
675678.629483,-4808.975388624473,-3704.1800712766476
675687.96117,-4808.975388624473,-3704.1800712766476
675697.679561,-4808.975388624473,-3704.1800712766476
675707.23912,-4807.063691378137,-3709.677563455342
675717.970715,-4807.063691378137,-3709.677563455342
675727.546044,-4807.063691378137,-3709.677563455342
675737.356717,-4803.462748943004,-3725.588171347734
675747.215172,-4803.163829016228,-3726.2445188229
675757.30063,-4803.163829016228,-3726.2445188229
675766.869143,-4803.163829016228,-3726.2445188229
675778.483354,-4803.163829016228,-3726.2445188229
675787.591542,-4803.163829016228,-3726.2445188229
675797.580385,-4803.163829016228,-3726.2445188229
675807.627291,-4803.163829016228,-3726.2445188229
675819.428452,-4803.163829016228,-3726.2445188229
675828.383933,-4803.163829016228,-3726.2445188229
675837.495666,-4803.163829016228,-3726.2445188229
675847.271134,-4803.163829016228,-3726.2445188229
675857.216635,-4799.993887407653,-3731.001874288539
675868.186051,-4799.208353631248,-3732.5100770011445
675878.99899,-4798.575755634199,-3733.71570817076
675878.999692,-4798.575755634199,-3733.71570817076
677125.26061,-4677.339392297037,-3905.0223750275877
677125.261245,-4677.339392297037,-3905.0223750275877
677140.627324,-4671.680768450684,-4020.2834663613266
677140.628089,-4671.680768450684,-4020.2834663613266
677143.140537,-4670.7631537715815,-4043.604737897366
677143.141177,-4670.7631537715815,-4043.604737897366
677144.072869,-4666.6825491057925,-4067.2797843428307
677149.378041,-4660.996118746602,-4089.6514455831393
677159.784476,-4657.638483220721,-4156.780389413326
677170.033958,-4658.125097063535,-4158.851839263629
677180.136368,-4658.125097063535,-4158.851839263629
677190.910422,-4658.125097063535,-4158.851839263629
677200.892552,-4656.595739272743,-4165.345485407656
677210.34775,-4590.186852685629,-4187.391297167055
740410.512228,-4062.440231130859,-908.3570026212632
740410.51283,-4062.440231130859,-908.3570026212632
740418.539289,-4068.912195344244,-1015.8076036633454
740418.539963,-4068.912195344244,-1015.8076036633454
740437.756243,-4090.8584800068297,-1154.9817771409325
740438.418948,-4090.8584800068297,-1154.9817771409325
740448.743104,-4098.845898778246,-1211.2742723191375
740456.582046,-4122.161653838928,-1366.1356316835781
740467.141601,-4154.305974453937,-1462.2280451105473
740478.486642,-4191.045320107686,-1503.1544806090726
740486.577628,-4179.3457328358545,-1530.2789490843568
740496.545032,-4165.491141371885,-1515.0013611757645
740506.53802,-4165.491141371885,-1515.0013611757645
740517.069847,-4165.491141371885,-1515.0013611757645
740527.169401,-4165.491141371885,-1515.0013611757645
740537.173503,-4165.491141371885,-1515.0013611757645
740546.634971,-4165.491141371885,-1515.0013611757645
740557.077765,-4165.491141371885,-1515.0013611757645
740567.058895,-4165.491141371885,-1515.0013611757645
740577.04085,-4165.491141371885,-1515.0013611757645
740588.672942,-4165.491141371885,-1515.0013611757645
740597.953158,-4165.491141371885,-1515.0013611757645
740607.047849,-4165.491141371885,-1515.0013611757645
740617.073287,-4165.491141371885,-1515.0013611757645
740627.07071,-4165.491141371885,-1515.0013611757645
740637.052102,-4165.491141371885,-1515.0013611757645
740647.083844,-4165.491141371885,-1515.0013611757645
740657.474825,-4165.491141371885,-1515.0013611757645
740666.57678,-4165.491141371885,-1515.0013611757645
740678.332946,-4165.491141371885,-1515.0013611757645
740687.504989,-4165.491141371885,-1515.0013611757645
740697.37313,-4165.491141371885,-1515.0013611757645
740707.050471,-4165.491141371885,-1515.0013611757645
740717.049813,-4165.491141371885,-1515.0013611757645
740727.059642,-4165.491141371885,-1515.0013611757645
740736.644557,-4165.491141371885,-1515.0013611757645
740746.636979,-4165.491141371885,-1515.0013611757645
740759.203335,-4165.491141371885,-1515.0013611757645
740768.076825,-4165.491141371885,-1515.0013611757645
740777.379703,-4165.491141371885,-1515.0013611757645
740786.576831,-4165.491141371885,-1515.0013611757645
740797.244976,-4165.491141371885,-1515.0013611757645
740807.016715,-4165.491141371885,-1515.0013611757645
740818.079731,-4165.491141371885,-1515.0013611757645
740827.002225,-4165.491141371885,-1515.0013611757645
740837.021081,-4165.491141371885,-1515.0013611757645
740847.01973,-4165.491141371885,-1515.0013611757645
740857.017316,-4165.491141371885,-1515.0013611757645
740866.618812,-4165.491141371885,-1515.0013611757645
740877.045377,-4165.491141371885,-1515.0013611757645
740887.145335,-4165.491141371885,-1515.0013611757645
740897.400245,-4165.491141371885,-1515.0013611757645
740906.629733,-4165.491141371885,-1515.0013611757645
740917.584804,-4165.491141371885,-1515.0013611757645
740928.672223,-4165.491141371885,-1515.0013611757645
740937.106953,-4165.491141371885,-1515.0013611757645
740947.034465,-4165.491141371885,-1515.0013611757645
740957.039181,-4165.491141371885,-1515.0013611757645
740967.021222,-4165.491141371885,-1515.0013611757645
740977.121099,-4165.491141371885,-1515.0013611757645
740987.021896,-4165.491141371885,-1515.0013611757645
740997.480958,-4165.491141371885,-1515.0013611757645
741007.002805,-4165.491141371885,-1515.0013611757645
741017.048266,-4165.491141371885,-1515.0013611757645
741026.64845,-4165.491141371885,-1515.0013611757645
741039.163639,-4165.491141371885,-1515.0013611757645
741047.020627,-4165.491141371885,-1515.0013611757645
741057.048276,-4165.491141371885,-1515.0013611757645
741067.044557,-4165.491141371885,-1515.0013611757645
741077.045674,-4165.491141371885,-1515.0013611757645
741087.168854,-4165.491141371885,-1515.0013611757645
741097.429513,-4165.491141371885,-1515.0013611757645
741107.252033,-4165.491141371885,-1515.0013611757645
741117.404995,-4165.491141371885,-1515.0013611757645
741127.444412,-4165.491141371885,-1515.0013611757645
741137.020634,-4165.491141371885,-1515.0013611757645
741146.537162,-4165.491141371885,-1515.0013611757645
741156.601161,-4165.491141371885,-1515.0013611757645
741167.02211,-4165.491141371885,-1515.0013611757645
741177.023814,-4165.491141371885,-1515.0013611757645
741187.042516,-4165.491141371885,-1515.0013611757645
741197.086589,-4165.491141371885,-1515.0013611757645
741207.41538,-4165.491141371885,-1515.0013611757645
741217.442366,-4165.491141371885,-1515.0013611757645
741227.047562,-4165.491141371885,-1515.0013611757645
741237.042768,-4165.491141371885,-1515.0013611757645
741247.12468,-4165.491141371885,-1515.0013611757645
741269.260858,-4165.491141371885,-1515.0013611757645
741269.261651,-4165.491141371885,-1515.0013611757645
741273.315075,-4165.491141371885,-1515.0013611757645
741283.768958,-4165.491141371885,-1515.0013611757645
741293.702204,-4165.491141371885,-1515.0013611757645
741304.235878,-4165.491141371885,-1515.0013611757645
741314.036076,-4165.491141371885,-1515.0013611757645
741324.610447,-4165.491141371885,-1515.0013611757645
741333.755682,-4165.491141371885,-1515.0013611757645
741343.777159,-4165.491141371885,-1515.0013611757645
741353.772908,-4165.491141371885,-1515.0013611757645
741363.756817,-4165.491141371885,-1515.0013611757645
741373.71069,-4165.491141371885,-1515.0013611757645
741384.428939,-4165.491141371885,-1515.0013611757645
741393.324404,-4165.491141371885,-1515.0013611757645
741403.743695,-4165.491141371885,-1515.0013611757645
741414.178283,-4165.491141371885,-1515.0013611757645
741423.336545,-4165.491141371885,-1515.0013611757645
741435.897641,-4165.491141371885,-1515.0013611757645
741443.758275,-4165.491141371885,-1515.0013611757645
741453.760903,-4165.491141371885,-1515.0013611757645
741463.694313,-4165.491141371885,-1515.0013611757645
741473.750361,-4165.491141371885,-1515.0013611757645
741483.941016,-4165.491141371885,-1515.0013611757645
741493.943465,-4165.491141371885,-1515.0013611757645
741504.014357,-4165.491141371885,-1515.0013611757645
741513.324947,-4165.491141371885,-1515.0013611757645
741524.228818,-4165.491141371885,-1515.0013611757645
741534.08241,-4165.491141371885,-1515.0013611757645
741543.687725,-4165.491141371885,-1515.0013611757645
741553.714422,-4165.491141371885,-1515.0013611757645
741563.814869,-4165.491141371885,-1515.0013611757645
741573.75695,-4165.491141371885,-1515.0013611757645
741583.777472,-4165.491141371885,-1515.0013611757645
741593.734428,-4165.491141371885,-1515.0013611757645
741604.390208,-4165.491141371885,-1515.0013611757645
741614.250489,-4165.491141371885,-1515.0013611757645
741624.07433,-4165.491141371885,-1515.0013611757645
741633.502333,-4165.491141371885,-1515.0013611757645
741644.497378,-4165.491141371885,-1515.0013611757645
741654.596866,-4165.491141371885,-1515.0013611757645
741663.756907,-4165.491141371885,-1515.0013611757645
741673.760186,-4165.491141371885,-1515.0013611757645
741685.202943,-4165.491141371885,-1515.0013611757645
741694.390617,-4165.491141371885,-1515.0013611757645
741721.211781,-4165.491141371885,-1515.0013611757645
741721.212498,-4165.491141371885,-1515.0013611757645
741948.650262,-4072.837370101025,-1439.2582544188956
741948.650928,-4072.837370101025,-1439.2582544188956
741954.758816,-4181.9734476248805,-1472.7203321737477
741954.759446,-4181.9734476248805,-1472.7203321737477
741968.399884,-4147.854865123106,-1505.3795528821827
741968.40779,-4147.854865123106,-1505.3795528821827
741974.912791,-4147.5003321767335,-1505.570406367391
741978.367733,-4147.5003321767335,-1505.570406367391
741988.359791,-4147.5003321767335,-1505.570406367391
741998.384723,-4147.5003321767335,-1505.570406367391
742009.400028,-4147.5003321767335,-1505.570406367391
742018.200768,-4147.5003321767335,-1505.570406367391
742028.63745,-4147.5003321767335,-1505.570406367391
742038.597481,-4147.5003321767335,-1505.570406367391
742048.601634,-4147.5003321767335,-1505.570406367391
742058.581635,-4147.5003321767335,-1505.570406367391
742068.861295,-4147.5003321767335,-1505.570406367391
742078.095772,-4147.5003321767335,-1505.570406367391
742090.149757,-4147.5003321767335,-1505.570406367391
742098.994474,-4147.5003321767335,-1505.570406367391
742109.114695,-4147.5003321767335,-1505.570406367391
742118.982566,-4147.5003321767335,-1505.570406367391
742129.502582,-4147.5003321767335,-1505.570406367391
742138.756014,-4147.5003321767335,-1505.570406367391
742148.124365,-4147.5003321767335,-1505.570406367391
742158.517456,-4147.5003321767335,-1505.570406367391
742168.667888,-4147.5003321767335,-1505.570406367391
742178.664536,-4147.5003321767335,-1505.570406367391
742188.574511,-4147.5003321767335,-1505.570406367391
742198.684343,-4147.5003321767335,-1505.570406367391
742208.801984,-4147.5003321767335,-1505.570406367391
742218.125894,-4147.5003321767335,-1505.570406367391
742228.101225,-4147.5003321767335,-1505.570406367391
742238.124024,-4147.5003321767335,-1505.570406367391
742248.124379,-4147.5003321767335,-1505.570406367391
742258.577301,-4150.795403109284,-1510.4069128288722
742268.581095,-4150.795403109284,-1510.4069128288722
742278.581165,-4150.795403109284,-1510.4069128288722
742288.658911,-4150.795403109284,-1510.4069128288722
742298.157694,-4150.795403109284,-1510.4069128288722
742308.582501,-4150.795403109284,-1510.4069128288722
742319.006554,-4150.795403109284,-1510.4069128288722
742328.125557,-4150.795403109284,-1510.4069128288722
742338.128593,-4150.795403109284,-1510.4069128288722
742351.161948,-4150.795403109284,-1510.4069128288722
742358.558543,-4150.795403109284,-1510.4069128288722
742368.577238,-4150.795403109284,-1510.4069128288722
742378.559845,-4150.795403109284,-1510.4069128288722
742388.562955,-4150.795403109284,-1510.4069128288722
742398.619971,-4150.795403109284,-1510.4069128288722
742409.037259,-4150.795403109284,-1510.4069128288722
742418.986543,-4150.795403109284,-1510.4069128288722
742429.022407,-4150.795403109284,-1510.4069128288722
742438.136521,-4150.795403109284,-1510.4069128288722
742448.140742,-4150.795403109284,-1510.4069128288722
742458.250282,-4150.795403109284,-1510.4069128288722
742468.140305,-4150.795403109284,-1510.4069128288722
742478.100629,-4150.795403109284,-1510.4069128288722
742489.313187,-4150.795403109284,-1510.4069128288722
742498.765516,-4150.795403109284,-1510.4069128288722
742508.106636,-4150.795403109284,-1510.4069128288722
742518.539841,-4150.795403109284,-1510.4069128288722
742529.017676,-4150.795403109284,-1510.4069128288722
742540.144358,-4150.795403109284,-1510.4069128288722
742548.581132,-4150.795403109284,-1510.4069128288722
742559.300301,-4150.795403109284,-1510.4069128288722
742568.125734,-4150.795403109284,-1510.4069128288722
742579.329229,-4150.795403109284,-1510.4069128288722
742590.16177,-4150.795403109284,-1510.4069128288722
742598.125063,-4150.795403109284,-1510.4069128288722
742608.102089,-4150.795403109284,-1510.4069128288722
742618.536381,-4150.795403109284,-1510.4069128288722
742629.043027,-4150.795403109284,-1510.4069128288722
742638.850435,-4150.795403109284,-1510.4069128288722
742649.585471,-4150.795403109284,-1510.4069128288722
742658.98119,-4150.795403109284,-1510.4069128288722
742669.007752,-4150.795403109284,-1510.4069128288722
742678.654882,-4150.795403109284,-1510.4069128288722
742688.689727,-4150.795403109284,-1510.4069128288722
742698.958426,-4150.795403109284,-1510.4069128288722
742708.124427,-4150.795403109284,-1510.4069128288722
742718.657384,-4150.795403109284,-1510.4069128288722
742728.621262,-4150.795403109284,-1510.4069128288722
742738.957303,-4150.795403109284,-1510.4069128288722
742749.146717,-4150.795403109284,-1510.4069128288722
742758.989196,-4150.795403109284,-1510.4069128288722
742769.026441,-4150.795403109284,-1510.4069128288722
742779.009555,-4150.795403109284,-1510.4069128288722
742789.549203,-4150.795403109284,-1510.4069128288722
742798.581261,-4150.795403109284,-1510.4069128288722
742808.585466,-4150.795403109284,-1510.4069128288722
742818.135925,-4150.795403109284,-1510.4069128288722
742828.125031,-4150.795403109284,-1510.4069128288722
742838.094317,-4150.795403109284,-1510.4069128288722
742848.55489,-4150.795403109284,-1510.4069128288722
742858.982539,-4150.795403109284,-1510.4069128288722
742869.40901,-4153.311891869353,-1511.3006656966202
742878.530395,-4153.311891869353,-1511.3006656966202
742889.063951,-4153.311891869353,-1511.3006656966202
742899.497611,-4153.311891869353,-1511.3006656966202
742908.536159,-4153.311891869353,-1511.3006656966202
742918.603732,-4153.311891869353,-1511.3006656966202
742928.51892,-4153.311891869353,-1511.3006656966202
742938.114007,-4153.311891869353,-1511.3006656966202
742948.095555,-4153.311891869353,-1511.3006656966202
742958.577418,-4153.311891869353,-1511.3006656966202
742969.048151,-4153.311891869353,-1511.3006656966202
742979.022716,-4153.311891869353,-1511.3006656966202
742989.047228,-4153.311891869353,-1511.3006656966202
742998.97718,-4153.311891869353,-1511.3006656966202
743009.474794,-4153.311891869353,-1511.3006656966202
743018.11473,-4153.311891869353,-1511.3006656966202
743028.105912,-4153.311891869353,-1511.3006656966202
743038.561317,-4153.311891869353,-1511.3006656966202
743048.922443,-4153.311891869353,-1511.3006656966202
743058.107713,-4153.311891869353,-1511.3006656966202
743068.581255,-4153.311891869353,-1511.3006656966202
743078.124935,-4153.311891869353,-1511.3006656966202
743088.582416,-4153.311891869353,-1511.3006656966202
743098.941176,-4153.311891869353,-1511.3006656966202
743109.062665,-4153.311891869353,-1511.3006656966202
743119.613132,-4153.311891869353,-1511.3006656966202
743128.557139,-4153.311891869353,-1511.3006656966202
743138.540913,-4153.311891869353,-1511.3006656966202
743150.19835,-4153.311891869353,-1511.3006656966202
743158.621508,-4144.3234388984065,-1498.7741604588452
743168.488678,-4153.019923562046,-1485.549410521588
743178.890718,-4153.360553260828,-1484.9908149542098
743189.444145,-4153.360553260828,-1484.9908149542098
743198.513502,-4153.360553260828,-1484.9908149542098
743208.960945,-4153.360553260828,-1484.9908149542098
743218.666299,-4153.360553260828,-1484.9908149542098
743229.325708,-4153.360553260828,-1484.9908149542098
743238.489322,-4153.360553260828,-1484.9908149542098
743248.495282,-4153.360553260828,-1484.9908149542098
743258.483606,-4153.360553260828,-1484.9908149542098
743268.468897,-4153.360553260828,-1484.9908149542098
743278.519697,-4153.360553260828,-1484.9908149542098
743288.947882,-4153.360553260828,-1484.9908149542098
743298.859817,-4153.360553260828,-1484.9908149542098
743308.125597,-4153.360553260828,-1484.9908149542098
743318.686854,-4153.360553260828,-1484.9908149542098
743330.481406,-4153.360553260828,-1484.9908149542098
743338.465284,-4153.360553260828,-1484.9908149542098
743348.491,-4153.360553260828,-1484.9908149542098
743358.480132,-4153.360553260828,-1484.9908149542098
743368.466439,-4153.360553260828,-1484.9908149542098
743378.464836,-4153.360553260828,-1484.9908149542098
743388.467739,-4153.360553260828,-1484.9908149542098
743398.866411,-4153.360553260828,-1484.9908149542098
743408.964089,-4153.360553260828,-1484.9908149542098
743418.466531,-4153.360553260828,-1484.9908149542098
743428.117989,-4153.360553260828,-1484.9908149542098
743439.118307,-4153.360553260828,-1484.9908149542098
743449.470003,-4153.360553260828,-1484.9908149542098
743458.49448,-4153.360553260828,-1484.9908149542098
743468.520894,-4153.360553260828,-1484.9908149542098
743478.581126,-4153.360553260828,-1484.9908149542098
743488.49426,-4153.360553260828,-1484.9908149542098
743498.086374,-4153.360553260828,-1484.9908149542098
743508.466725,-4153.360553260828,-1484.9908149542098
743518.870399,-4153.360553260828,-1484.9908149542098
743529.408063,-4153.360553260828,-1484.9908149542098
743539.004028,-4153.360553260828,-1484.9908149542098
743548.959499,-4153.360553260828,-1484.9908149542098
743560.714879,-4153.360553260828,-1484.9908149542098
743568.492197,-4153.360553260828,-1484.9908149542098
743578.086709,-4153.360553260828,-1484.9908149542098
743588.580083,-4153.360553260828,-1484.9908149542098
743598.488849,-4153.360553260828,-1484.9908149542098
743608.512837,-4153.360553260828,-1484.9908149542098
743618.955594,-4153.360553260828,-1484.9908149542098
743628.806769,-4153.360553260828,-1484.9908149542098
743638.896917,-4153.360553260828,-1484.9908149542098
743648.815068,-4153.360553260828,-1484.9908149542098
743658.885265,-4153.360553260828,-1484.9908149542098
743669.388696,-4153.360553260828,-1484.9908149542098
743678.124692,-4153.360553260828,-1484.9908149542098
743688.484962,-4153.360553260828,-1484.9908149542098
743698.495955,-4153.360553260828,-1484.9908149542098
743708.471349,-4153.360553260828,-1484.9908149542098
743718.615773,-4153.360553260828,-1484.9908149542098
743728.957506,-4153.360553260828,-1484.9908149542098
743738.492345,-4153.360553260828,-1484.9908149542098
743749.16376,-4153.360553260828,-1484.9908149542098
743758.884892,-4153.360553260828,-1484.9908149542098
743768.151396,-4153.360553260828,-1484.9908149542098
743779.322703,-4153.360553260828,-1484.9908149542098
743788.466343,-4153.360553260828,-1484.9908149542098
743798.115418,-4153.360553260828,-1484.9908149542098
743808.464777,-4153.360553260828,-1484.9908149542098
743818.469241,-4153.360553260828,-1484.9908149542098
743828.995303,-4153.360553260828,-1484.9908149542098
743838.859031,-4153.360553260828,-1484.9908149542098
743848.787702,-4153.360553260828,-1484.9908149542098
743858.885424,-4153.360553260828,-1484.9908149542098
743868.102765,-4153.360553260828,-1484.9908149542098
743878.116289,-4153.360553260828,-1484.9908149542098
743890.873425,-4153.360553260828,-1484.9908149542098
743898.593364,-4153.360553260828,-1484.9908149542098
743908.574447,-4158.108514105469,-1483.4127824671025
743918.541022,-4158.108514105469,-1483.4127824671025
743929.486296,-4158.108514105469,-1483.4127824671025
743938.687093,-4158.108514105469,-1483.4127824671025
743948.883817,-4158.108514105469,-1483.4127824671025
743958.553429,-4158.108514105469,-1483.4127824671025
743968.877415,-4158.108514105469,-1483.4127824671025
743979.029511,-4158.108514105469,-1483.4127824671025
743988.792517,-4158.108514105469,-1483.4127824671025
743990.334279,-4158.108514105469,-1483.4127824671025
743998.106562,-4158.108514105469,-1483.4127824671025
744008.107648,-4201.44495323029,-1509.6900485380577
744018.689317,-4231.427317974135,-1574.0588721584606
744028.470154,-4264.86464102902,-1643.990368760593
745321.838924,-3520.0016857140367,-1732.8319379006634
745321.840625,-3520.0016857140367,-1732.8319379006634
745328.643683,-3944.7005339688926,-1997.017926928921
745328.644416,-3944.7005339688926,-1997.017926928921
745341.25301,-3885.7229350750745,-1918.4282438088417
745341.274254,-3885.7229350750745,-1918.4282438088417
745351.265117,-3836.463709927054,-1812.8304697341177
745361.22445,-3834.969110237222,-1807.537779431664
745372.079284,-3834.969110237222,-1807.537779431664
745382.017317,-3834.969110237222,-1807.537779431664
745392.298809,-3845.764986141592,-1789.1506843495301
745401.437432,-3925.402818916865,-1730.8519520443688
745411.45385,-4013.2783289194026,-1612.3692117288363
745421.050339,-4030.0943132908174,-1555.2295488905497
745431.037854,-4089.148379903588,-1499.4072354282055
745439.841389,-4131.087542174892,-1493.9888585052422
745441.016668,-4141.104835860415,-1484.3158453065005
745452.733331,-4157.462012851887,-1477.9478557835594
745461.603955,-4157.462012851887,-1477.9478557835594
745471.500208,-4157.462012851887,-1477.9478557835594
745481.918446,-4157.462012851887,-1477.9478557835594
745492.018112,-4157.462012851887,-1477.9478557835594
745501.496399,-4157.462012851887,-1477.9478557835594
745511.515405,-4157.462012851887,-1477.9478557835594
745521.493746,-4157.462012851887,-1477.9478557835594
745531.49633,-4157.462012851887,-1477.9478557835594
745541.038215,-4157.462012851887,-1477.9478557835594
745551.525778,-4157.462012851887,-1477.9478557835594
745561.827362,-4157.462012851887,-1477.9478557835594
745571.03612,-4157.462012851887,-1477.9478557835594
745581.065848,-4157.462012851887,-1477.9478557835594
745591.0773,-4157.462012851887,-1477.9478557835594
745601.036601,-4157.462012851887,-1477.9478557835594
745614.382843,-4157.462012851887,-1477.9478557835594
745621.488438,-4157.462012851887,-1477.9478557835594
745631.488903,-4157.462012851887,-1477.9478557835594
745641.521515,-4157.462012851887,-1477.9478557835594
745651.52042,-4157.462012851887,-1477.9478557835594
745661.009239,-4157.462012851887,-1477.9478557835594
745671.102477,-4157.462012851887,-1477.9478557835594
745684.48505,-4157.462012851887,-1477.9478557835594
745691.037411,-4157.462012851887,-1477.9478557835594
745701.038283,-4157.462012851887,-1477.9478557835594
745712.06798,-4157.462012851887,-1477.9478557835594
745722.58427,-4157.462012851887,-1477.9478557835594
745731.559249,-4157.462012851887,-1477.9478557835594
745741.517234,-4157.462012851887,-1477.9478557835594
745751.517416,-4157.462012851887,-1477.9478557835594
745761.377614,-4160.666712633,-1477.8268267435485
745771.553316,-4181.1392524545,-1488.803229701326
745781.028637,-4182.133335030262,-1489.5154390435396
745791.404236,-4182.133335030262,-1489.5154390435396
745801.801549,-4182.133335030262,-1489.5154390435396
745811.027178,-4182.133335030262,-1489.5154390435396
745821.02773,-4182.133335030262,-1489.5154390435396
745834.040224,-4182.133335030262,-1489.5154390435396
745841.496865,-4182.133335030262,-1489.5154390435396
745851.479024,-4182.133335030262,-1489.5154390435396
745861.432438,-4182.133335030262,-1489.5154390435396
745871.016205,-4182.133335030262,-1489.5154390435396
745881.010298,-4182.133335030262,-1489.5154390435396
745894.351658,-4182.133335030262,-1489.5154390435396
745901.00754,-4182.133335030262,-1489.5154390435396
745911.374908,-4182.133335030262,-1489.5154390435396
745921.829786,-4182.133335030262,-1489.5154390435396
745931.038389,-4182.133335030262,-1489.5154390435396
745941.046334,-4182.133335030262,-1489.5154390435396
745951.036833,-4182.133335030262,-1489.5154390435396
745961.169317,-4182.133335030262,-1489.5154390435396
745971.423268,-4182.133335030262,-1489.5154390435396
745981.450614,-4182.133335030262,-1489.5154390435396
745991.488283,-4182.133335030262,-1489.5154390435396
746002.311362,-4182.133335030262,-1489.5154390435396
746012.044592,-4182.939723696995,-1490.069379646363
746021.044819,-4189.140574467095,-1496.4466789716823
746031.439509,-4200.047676325904,-1506.2267561351762
746042.317065,-4200.040724693739,-1506.059177478824
746051.006217,-4200.040724693739,-1506.059177478824
746061.037582,-4200.040724693739,-1506.059177478824
746071.512276,-4200.040724693739,-1506.059177478824
746081.419459,-4200.040724693739,-1506.059177478824
746091.379165,-4200.040724693739,-1506.059177478824
746101.398029,-4200.040724693739,-1506.059177478824
746111.037888,-4200.040724693739,-1506.059177478824
746121.032535,-4200.040724693739,-1506.059177478824
746131.375804,-4200.040724693739,-1506.059177478824
746141.039097,-4200.040724693739,-1506.059177478824
746152.656709,-4200.040724693739,-1506.059177478824
746161.377356,-4200.040724693739,-1506.059177478824
746171.005154,-4200.040724693739,-1506.059177478824
746181.029599,-4200.040724693739,-1506.059177478824
746191.393375,-4200.179757227606,-1516.23027136991
746201.375124,-4200.179757227606,-1516.23027136991
746211.382114,-4200.179757227606,-1516.23027136991
746221.735992,-4200.179757227606,-1516.23027136991
746231.394105,-4200.179757227606,-1516.23027136991
746241.765749,-4200.179757227606,-1516.23027136991
746251.86309,-4200.179757227606,-1516.23027136991
746261.2755,-4200.179757227606,-1516.23027136991
746271.042533,-4190.412722102088,-1525.9172489757248
746281.037841,-4190.405770478317,-1525.9172489757248
746291.56423,-4190.405770478317,-1525.9172489757248
746301.329794,-4190.405770478317,-1525.9172489757248
746311.892363,-4190.405770478317,-1525.9172489757248
746321.422741,-4190.405770478317,-1525.9172489757248
746343.334938,-4190.405770478317,-1525.9172489757248
746343.335731,-4190.405770478317,-1525.9172489757248
746347.339582,-4190.405770478317,-1525.9172489757248
746357.445709,-4190.405770478317,-1525.9172489757248
746369.096182,-4190.405770478317,-1525.9172489757248
746377.068412,-4190.405770478317,-1525.9172489757248
746390.979521,-4190.405770478317,-1525.9172489757248
746397.073039,-4190.405770478317,-1525.9172489757248
746407.067441,-4190.405770478317,-1525.9172489757248
746417.060706,-4190.405770478317,-1525.9172489757248
746427.07018,-4190.405770478317,-1525.9172489757248
746437.065397,-4190.405770478317,-1525.9172489757248
746447.430757,-4190.405770478317,-1525.9172489757248
746458.589708,-4190.405770478317,-1525.9172489757248
746468.360917,-4190.405770478317,-1525.9172489757248
746477.868007,-4190.405770478317,-1525.9172489757248
746487.521605,-4190.405770478317,-1525.9172489757248
746497.849318,-4190.405770478317,-1525.9172489757248
746507.068592,-4190.405770478317,-1525.9172489757248
746517.041159,-4190.405770478317,-1525.9172489757248
746527.444383,-4190.405770478317,-1525.9172489757248
746537.040804,-4190.405770478317,-1525.9172489757248
746547.086602,-4190.405770478317,-1525.9172489757248
746557.443234,-4190.405770478317,-1525.9172489757248
746567.837771,-4190.405770478317,-1525.9172489757248
746577.94329,-4190.405770478317,-1525.9172489757248
746587.880168,-4190.405770478317,-1525.9172489757248
746597.757395,-4190.405770478317,-1525.9172489757248
746608.059328,-4179.32487795614,-1524.2042226771941
746618.674706,-4176.864002204243,-1521.9419107587823
746627.084044,-4176.864002204243,-1521.9419107587823
746637.539179,-4176.864002204243,-1521.9419107587823
746647.52007,-4176.864002204243,-1521.9419107587823
746657.868008,-4176.864002204243,-1521.9419107587823
746668.252646,-4176.864002204243,-1521.9419107587823
746679.025154,-4176.864002204243,-1521.9419107587823
746688.467607,-4176.864002204243,-1521.9419107587823
746698.343071,-4176.864002204243,-1521.9419107587823
746707.593739,-4176.864002204243,-1521.9419107587823
746717.943853,-4176.864002204243,-1521.9419107587823
746728.493955,-4169.342342414001,-1514.5591397054807
746737.527958,-4163.155394889064,-1511.0260228906864
746747.755992,-4163.155394889064,-1511.0260228906864
746757.067793,-4163.155394889064,-1511.0260228906864
746767.490689,-4163.155394889064,-1511.0260228906864
746777.518756,-4163.155394889064,-1511.0260228906864
746789.157339,-4163.155394889064,-1511.0260228906864
746797.946762,-4163.155394889064,-1511.0260228906864
746808.125886,-4163.155394889064,-1511.0260228906864
746817.519662,-4163.155394889064,-1511.0260228906864
746827.954198,-4163.155394889064,-1511.0260228906864
746838.576028,-4163.155394889064,-1511.0260228906864
746847.557967,-4163.155394889064,-1511.0260228906864
746857.502713,-4145.025553167423,-1498.8114001716197
746867.067284,-4144.0036640875405,-1497.25664253535
746877.523947,-4144.0036640875405,-1497.25664253535
746888.037057,-4144.0036640875405,-1497.25664253535
746897.058436,-4144.0036640875405,-1497.25664253535
746907.425341,-4144.0036640875405,-1497.25664253535
746917.034037,-4144.0036640875405,-1497.25664253535
746927.6365,-4144.0036640875405,-1497.25664253535
746937.753194,-4144.0036640875405,-1497.25664253535
746948.341155,-4144.0036640875405,-1497.25664253535
746957.43209,-4144.0036640875405,-1497.25664253535
746967.490513,-4144.0036640875405,-1497.25664253535
746977.077561,-4153.297988621803,-1487.5463896754475
746987.461081,-4153.297988621803,-1487.5463896754475
746999.084397,-4153.297988621803,-1487.5463896754475
747008.487392,-4153.297988621803,-1487.5463896754475
747010.980336,-4153.297988621803,-1487.5463896754475
747017.510949,-4154.333780957291,-1486.6433268395915
747027.945513,-4179.797588556496,-1493.5978416155685
748357.967558,-3537.3353378794686,-2707.0633041786436
748357.968314,-3537.3353378794686,-2707.0633041786436
748364.528728,-3537.3353378794686,-2707.0633041786436
748364.529363,-3537.3353378794686,-2707.0633041786436
748380.20488,-3453.3943318907322,-2684.5410822120207
748380.214308,-3453.3943318907322,-2684.5410822120207
748390.712529,-3558.954780486762,-2638.107911494919
748400.864357,-3674.414345015442,-2500.9775883303487
748495.2875,-4014.80073510764,-1975.9728554803212
748495.288327,-4014.80073510764,-1975.9728554803212
748502.201785,-4010.622807609567,-1975.4887396883921
748513.546642,-3934.4538365665576,-1997.2274000982604
748526.601332,-3900.9678519135637,-1947.3914036429428
748532.135224,-3845.6120503591073,-1845.843449969232
748543.43695,-3835.6781761344887,-1812.639616352895
748552.202985,-3834.517254513493,-1810.321445932339
748562.565988,-3834.517254513493,-1810.321445932339
748572.604037,-3834.517254513493,-1810.321445932339
748584.08533,-3834.517254513493,-1810.321445932339
748592.8899,-3854.6074550152166,-1784.1698762334431
748602.477468,-3932.0902835777106,-1724.5165497305773
748612.885413,-3981.9751550107662,-1666.3248756091111
748612.886209,-3981.9751550107662,-1666.3248756091111
748616.992459,-4011.602986940878,-1614.6547981372419
748626.493658,-4072.2906857925477,-1509.9414165376822
748637.139843,-4130.121266101749,-1498.643821501235
748647.27713,-4130.399331161488,-1498.6158917224823
748652.439739,-4130.399331161488,-1498.6158917224823
748656.497063,-4148.814189572126,-1484.1622315281156
748669.215375,-4198.921512840553,-1516.3280255863983
748676.938501,-4159.7282430637915,-1512.6319850866978
748686.934553,-4153.687279695408,-1506.3431302084598
748696.966514,-4153.687279695408,-1506.3431302084598
748706.950769,-4153.687279695408,-1506.3431302084598
748716.933774,-4153.687279695408,-1506.3431302084598
748727.177791,-4153.687279695408,-1506.3431302084598
748736.845238,-4153.687279695408,-1506.3431302084598
748748.574372,-4153.687279695408,-1506.3431302084598
748757.293149,-4153.687279695408,-1506.3431302084598
748767.399385,-4153.687279695408,-1506.3431302084598
748776.530377,-4153.687279695408,-1506.3431302084598
748786.499827,-4153.687279695408,-1506.3431302084598
748796.968252,-4153.687279695408,-1506.3431302084598
748806.48462,-4153.687279695408,-1506.3431302084598
748816.893768,-4153.687279695408,-1506.3431302084598
748826.890723,-4153.687279695408,-1506.3431302084598
748837.298769,-4153.687279695408,-1506.3431302084598
748847.273202,-4153.687279695408,-1506.3431302084598
748858.655941,-4153.687279695408,-1506.3431302084598
748869.480416,-4153.687279695408,-1506.3431302084598
748877.754404,-4153.687279695408,-1506.3431302084598
748886.911819,-4153.687279695408,-1506.3431302084598
748897.037138,-4153.687279695408,-1506.3431302084598
748908.237698,-4153.687279695408,-1506.3431302084598
748916.865691,-4153.687279695408,-1506.3431302084598
748926.87337,-4161.751166351547,-1482.3095562217557
748936.938721,-4198.045607911202,-1518.6508520506495
748947.010474,-4249.661434061536,-1594.7129400904228
748961.433921,-4331.808803322022,-1661.237002404692
748961.434514,-4331.808803322022,-1661.237002404692
748964.934083,-4340.574804214137,-1664.835287856608
748967.037077,-4341.680112808224,-1665.1238954760424
748967.037798,-4341.680112808224,-1665.1238954760424
748971.728039,-4341.680112808224,-1665.1238954760424
748982.574221,-4343.431922661599,-1664.7747733438632
749557.499058,-4827.290787011423,-1674.9857928425245
749557.499761,-4827.290787011423,-1674.9857928425245
749720.725473,-4174.667288256063,-1523.9109600217748
749720.726153,-4174.667288256063,-1523.9109600217748
749726.085754,-4170.26690872708,-1509.713323354088
749736.03384,-4161.94581189237,-1508.7078513715446
749736.082302,-4161.952763524541,-1508.7218162546687
749746.183866,-4161.952763524541,-1508.7218162546687
749756.120302,-4161.952763524541,-1508.7218162546687
749767.519054,-4161.952763524541,-1508.7218162546687
749777.584062,-4161.952763524541,-1508.7218162546687
749786.508557,-4161.952763524541,-1508.7218162546687
749796.497991,-4161.952763524541,-1508.7218162546687
749806.601545,-4161.952763524541,-1508.7218162546687
749816.504071,-4161.952763524541,-1508.7218162546687
749826.474973,-4161.952763524541,-1508.7218162546687
749837.000621,-4161.952763524541,-1508.7218162546687
749846.836548,-4161.952763524541,-1508.7218162546687
749857.116039,-4161.952763524541,-1508.7218162546687
749868.638685,-4160.8057451585855,-1506.7201822076174
749877.231285,-4155.480799315149,-1504.3135663754651
749888.885318,-4155.619831849146,-1504.0621983832782
749896.43233,-4155.619831849146,-1504.0621983832782
749906.055958,-4155.619831849146,-1504.0621983832782
749916.47226,-4155.619831849146,-1504.0621983832782
749926.55483,-4155.619831849146,-1504.0621983832782
749936.637318,-4155.619831849146,-1504.0621983832782
749947.133747,-4155.619831849146,-1504.0621983832782
749956.886217,-4155.619831849146,-1504.0621983832782
749967.00764,-4155.619831849146,-1504.0621983832782
749977.092525,-4155.619831849146,-1504.0621983832782
749986.101822,-4159.10954831373,-1504.0482334888154
749999.774575,-4158.96356415597,-1501.488003871848
750006.493123,-4153.214569103049,-1499.2210369120871
750016.516139,-4153.214569103049,-1499.2210369120871
750026.502699,-4151.852050324551,-1498.1038457998252
750036.477258,-4148.223301325427,-1491.3960441073964
750046.025101,-4148.223301325427,-1491.3960441073964
750056.059104,-4148.223301325427,-1491.3960441073964
750066.596583,-4148.223301325427,-1491.3960441073964
750076.479077,-4148.223301325427,-1491.3960441073964
750081.233614,-4148.223301325427,-1491.3960441073964
750086.504362,-4148.223301325427,-1491.3960441073964
750097.389702,-4148.223301325427,-1491.3960441073964
750838.007607,-2778.9507298253898,-3185.8813901806507
750838.008242,-2778.9507298253898,-3185.8813901806507
750845.525022,-2932.8565359493664,-3129.2752592532597
750845.526684,-2932.8565359493664,-3129.2752592532597
750859.41688,-3000.377684846461,-3124.0198195188004
750859.426006,-3000.377684846461,-3124.0198195188004
750872.772713,-3042.789558532772,-2994.421313598569
750872.774999,-3042.789558532772,-2994.421313598569
750877.242427,-3047.6278906239845,-2965.569920334584
750887.473692,-3053.432498806486,-2931.3141259561116
750897.471141,-3053.432498806486,-2931.3141259561116
750907.844613,-3064.930489137297,-2888.7864786707487
750919.774025,-3140.647605617805,-2894.7448182180688
750928.287978,-3169.2813553865244,-2901.8296562563305
750931.37694,-3180.452619256462,-2904.915889885578
750937.814164,-3218.679613644136,-2918.019581531912
750947.267168,-3238.4361362817726,-2925.1882084596823
750957.579718,-3238.4361362817726,-2925.1882084596823
750967.472878,-3238.4361362817726,-2925.1882084596823
750977.006966,-3250.997725444409,-2925.5699145665553
750987.496934,-3250.997725444409,-2925.5699145665553
750997.702668,-3250.997725444409,-2925.5699145665553
751007.505367,-3250.997725444409,-2925.5699145665553
751017.502563,-3250.997725444409,-2925.5699145665553
751030.060334,-3250.997725444409,-2925.5699145665553
751037.062183,-3250.997725444409,-2925.5699145665553
751047.031116,-3250.997725444409,-2925.5699145665553
751057.023156,-3250.997725444409,-2925.5699145665553
751067.062432,-3250.997725444409,-2925.5699145665553
751077.02375,-3250.997725444409,-2925.5699145665553
751090.158297,-3250.997725444409,-2925.5699145665553
751098.126032,-3250.997725444409,-2925.5699145665553
751109.032353,-3250.997725444409,-2925.5699145665553
751117.051279,-3250.997725444409,-2925.5699145665553
751127.604016,-3250.997725444409,-2925.5699145665553
751137.795847,-3250.997725444409,-2925.5699145665553
751148.201137,-3250.997725444409,-2925.5699145665553
751157.395917,-3250.997725444409,-2925.5699145665553
751167.400812,-3250.997725444409,-2925.5699145665553
751177.123029,-3250.997725444409,-2925.5699145665553
751187.082741,-3250.997725444409,-2925.5699145665553
751197.386282,-3250.997725444409,-2925.5699145665553
751209.255361,-3250.997725444409,-2925.5699145665553
751217.176291,-3250.997725444409,-2925.5699145665553
751230.127991,-3250.997725444409,-2925.5699145665553
751237.020514,-3250.997725444409,-2925.5699145665553
751249.12175,-3262.4192478517784,-2928.83303627466
751258.348173,-3262.4192478517784,-2928.83303627466
751267.407941,-3262.4192478517784,-2928.83303627466
751277.429646,-3262.4192478517784,-2928.83303627466
751287.420041,-3282.050641203717,-2934.8006853561765
751297.453469,-3286.4371175485817,-2937.449353295808
751308.220867,-3286.4371175485817,-2937.449353295808
751318.902538,-3286.4371175485817,-2937.449353295808
751327.615375,-3286.4371175485817,-2937.449353295808
751338.13869,-3286.4371175485817,-2937.449353295808
751347.120917,-3286.4371175485817,-2937.449353295808
751358.891534,-3286.4371175485817,-2937.449353295808
751368.416627,-3286.4371175485817,-2937.449353295808
751377.47705,-3286.4371175485817,-2937.449353295808
751387.43135,-3286.4371175485817,-2937.449353295808
751398.332717,-3286.4371175485817,-2937.449353295808
751407.473659,-3286.4371175485817,-2937.449353295808
751417.534737,-3286.4371175485817,-2937.449353295808
751427.832599,-3286.4371175485817,-2937.449353295808
751437.030066,-3286.4371175485817,-2937.449353295808
751447.473219,-3286.4371175485817,-2937.449353295808
751457.935133,-3286.4371175485817,-2937.449353295808
751466.989296,-3286.4371175485817,-2937.449353295808
751479.215496,-3286.4371175485817,-2937.449353295808
751487.399009,-3286.4371175485817,-2937.449353295808
751487.94331,-3286.4371175485817,-2937.449353295808
751497.009461,-3286.4371175485817,-2937.449353295808
751508.181159,-3308.842209876324,-2948.746922757306
751517.505109,-3332.9295958188063,-2957.2561755896727
751527.665261,-3332.9295958188063,-2957.2561755896727
751537.855974,-3332.9295958188063,-2957.2561755896727
751547.929521,-3363.3012521373475,-2962.8979777492978
751560.566738,-3405.4559153964065,-2901.64345815172
751567.02008,-3441.40972776871,-2828.211575101239
751579.134611,-3454.6525762872825,-2781.7923797478975
751589.744479,-3454.131204304843,-2780.23297029972
751597.490449,-3454.131204304843,-2780.23297029972
751607.404,-3454.131204304843,-2780.23297029972
751618.042204,-3454.131204304843,-2780.23297029972
751618.723782,-3286.4371175485817,-2937.449353295808
751627.101656,-3454.131204304843,-2780.23297029972
751637.471158,-3454.131204304843,-2780.23297029972
751647.439631,-3454.131204304843,-2780.23297029972
751657.818505,-3454.131204304843,-2780.23297029972
751667.864976,-3454.131204304843,-2780.23297029972
751677.799807,-3454.131204304843,-2780.23297029972
751687.061901,-3454.131204304843,-2780.23297029972
751699.48655,-3454.131204304843,-2780.23297029972
751707.481217,-3454.131204304843,-2780.23297029972
751717.493322,-3454.131204304843,-2780.23297029972
751727.468681,-3454.131204304843,-2780.23297029972
751735.161807,-3286.4371175485817,-2937.449353295808
751736.999999,-3454.131204304843,-2780.23297029972
751746.989848,-3459.504811602446,-2782.839744304584
751757.504809,-3449.153839717773,-2837.824053466774
751768.378855,-3408.1461948634765,-2911.004567959357
752414.15047,-2790.3378612606048,-3090.5709734145616
752414.151061,-2790.3378612606048,-3090.5709734145616
752421.204506,-3046.6407596521262,-2999.583655355706
752421.205108,-3046.6407596521262,-2999.583655355706
752434.442444,-3060.057398919393,-2891.7144439735853
752434.448876,-3060.057398919393,-2891.7144439735853
752444.605068,-3125.1246235130757,-2880.6030716084383
752451.699279,-3202.920276262407,-2910.2737403945084
752454.61089,-3221.82870046379,-2915.934162775207
752465.187798,-3233.222416372678,-2921.69233910394
752478.579612,-3233.222416372678,-2921.69233910394
752487.312391,-3233.222416372678,-2921.69233910394
752495.201838,-3242.572354077699,-2927.985834916994
752505.079695,-3255.8012993836915,-2934.730861062955
752514.624725,-3255.8012993836915,-2934.730861062955
752526.541339,-3255.8012993836915,-2934.730861062955
752535.135925,-3255.8012993836915,-2934.730861062955
752546.968752,-3255.8012993836915,-2934.730861062955
752557.102591,-3255.8012993836915,-2934.730861062955
752566.12517,-3255.8012993836915,-2934.730861062955
752575.079943,-3255.8012993836915,-2934.730861062955
752584.680317,-3255.8012993836915,-2934.730861062955
752594.619761,-3255.8012993836915,-2934.730861062955
752605.071903,-3255.8012993836915,-2934.730861062955
752615.191848,-3255.8012993836915,-2934.730861062955
752624.599289,-3255.8012993836915,-2934.730861062955
752635.278432,-3255.8012993836915,-2934.730861062955
752644.575425,-3255.8012993836915,-2934.730861062955
752654.572821,-3255.8012993836915,-2934.730861062955
752664.573751,-3255.8012993836915,-2934.730861062955
752674.600476,-3255.8012993836915,-2934.730861062955
752685.082525,-3255.8012993836915,-2934.730861062955
752696.463898,-3255.8012993836915,-2934.730861062955
752704.681536,-3255.8012993836915,-2934.730861062955
752714.681415,-3255.8012993836915,-2934.730861062955
752725.072442,-3255.8012993836915,-2934.730861062955
752735.061148,-3255.8012993836915,-2934.730861062955
752744.599315,-3255.8012993836915,-2934.730861062955
752754.67047,-3255.8012993836915,-2934.730861062955
752764.68019,-3255.8012993836915,-2934.730861062955
752774.621528,-3255.8012993836915,-2934.730861062955
752786.315898,-3255.8012993836915,-2934.730861062955
752794.608597,-3255.8012993836915,-2934.730861062955
752809.097728,-3255.8012993836915,-2934.730861062955
752816.31873,-3255.8012993836915,-2934.730861062955
752825.23673,-3255.8012993836915,-2934.730861062955
752835.036036,-3255.8012993836915,-2934.730861062955
752844.572321,-3255.8012993836915,-2934.730861062955
752855.057231,-3255.8012993836915,-2934.730861062955
752864.584374,-3255.8012993836915,-2934.730861062955
752875.053469,-3255.8012993836915,-2934.730861062955
752887.149284,-3255.8012993836915,-2934.730861062955
752894.677519,-3255.8012993836915,-2934.730861062955
752904.678663,-3255.8012993836915,-2934.730861062955
752915.286655,-3255.8012993836915,-2934.730861062955
752926.981002,-3255.8012993836915,-2934.730861062955
752935.006598,-3255.8012993836915,-2934.730861062955
752944.955671,-3255.8012993836915,-2934.730861062955
752955.005751,-3255.8012993836915,-2934.730861062955
752965.009069,-3255.8012993836915,-2934.730861062955
752975.285702,-3255.8012993836915,-2934.730861062955
752990.995694,-3255.8012993836915,-2934.730861062955
752995.416976,-3255.8012993836915,-2934.730861062955
753005.085154,-3260.6674379628016,-2937.5657271060386
753015.508856,-3286.0269715804557,-2946.6987437152584
753026.003771,-3290.9487231733183,-2948.0672997031406
753034.598271,-3290.9487231733183,-2948.0672997031406
753044.598186,-3290.9487231733183,-2948.0672997031406
753054.866346,-3290.9487231733183,-2948.0672997031406
753064.600655,-3290.9487231733183,-2948.0672997031406
753074.608295,-3290.9487231733183,-2948.0672997031406
753085.916004,-3290.9487231733183,-2948.0672997031406
753095.50562,-3290.9487231733183,-2948.0672997031406
753104.568556,-3290.9487231733183,-2948.0672997031406
753115.184165,-3290.9487231733183,-2948.0672997031406
753125.186717,-3290.9487231733183,-2948.0672997031406
753134.903706,-3290.9487231733183,-2948.0672997031406
753144.570661,-3290.9487231733183,-2948.0672997031406
753155.517694,-3290.9487231733183,-2948.0672997031406
753164.589058,-3290.9487231733183,-2948.0672997031406
753174.58972,-3290.9487231733183,-2948.0672997031406
753184.589558,-3290.9487231733183,-2948.0672997031406
753195.060163,-3290.9487231733183,-2948.0672997031406
753208.729302,-3290.9487231733183,-2948.0672997031406
753214.599466,-3290.9487231733183,-2948.0672997031406
753224.600543,-3290.9487231733183,-2948.0672997031406
753234.569028,-3290.9487231733183,-2948.0672997031406
753246.820042,-3290.9487231733183,-2948.0672997031406
753255.774683,-3290.9487231733183,-2948.0672997031406
753264.955174,-3290.9487231733183,-2948.0672997031406
753274.724658,-3295.0710377095684,-2949.9758301669244
753284.675879,-3307.7508045084146,-2954.4166546950887
753296.092061,-3307.7508045084146,-2954.4166546950887
753305.158325,-3307.7508045084146,-2954.4166546950887
753315.061967,-3307.7508045084146,-2954.4166546950887
753325.246805,-3307.7508045084146,-2954.4166546950887
753337.747826,-3307.7508045084146,-2954.4166546950887
753344.59441,-3307.7508045084146,-2954.4166546950887
753354.605048,-3307.7508045084146,-2954.4166546950887
753364.602027,-3307.7508045084146,-2954.4166546950887
753374.601009,-3307.7508045084146,-2954.4166546950887
753384.988107,-3307.7508045084146,-2954.4166546950887
753394.657625,-3307.7508045084146,-2954.4166546950887
753406.06288,-3307.7508045084146,-2954.4166546950887
753416.898872,-3307.7508045084146,-2954.4166546950887
753425.088106,-3307.7508045084146,-2954.4166546950887
753434.584466,-3307.7508045084146,-2954.4166546950887
753445.041845,-3307.7508045084146,-2954.4166546950887
753455.087396,-3307.7508045084146,-2954.4166546950887
753465.292545,-3311.372601939897,-2955.09627772999
753474.600514,-3314.2158171869914,-2955.650217056024
753484.600856,-3314.2158171869914,-2955.650217056024
753495.01237,-3314.2158171869914,-2955.650217056024
753504.878822,-3314.2158171869914,-2955.650217056024
753515.966618,-3314.2158171869914,-2955.650217056024
753524.581329,-3314.2158171869914,-2955.650217056024
753535.236452,-3314.2158171869914,-2955.650217056024
753544.601721,-3314.2158171869914,-2955.650217056024
753555.031409,-3314.2158171869914,-2955.650217056024
753565.511568,-3314.2158171869914,-2955.650217056024
753575.044183,-3314.2158171869914,-2955.650217056024
753586.380174,-3314.2158171869914,-2955.650217056024
753594.602068,-3314.2158171869914,-2955.650217056024
753605.309925,-3314.2158171869914,-2955.650217056024
753616.886836,-3314.2158171869914,-2955.650217056024
753624.964099,-3314.2158171869914,-2955.650217056024
753634.972148,-3314.2158171869914,-2955.650217056024
753646.318862,-3314.2158171869914,-2955.650217056024
753656.635156,-3314.2158171869914,-2955.650217056024
753665.567109,-3324.3651919271856,-2961.333913784357
753675.92628,-3325.1437741029786,-2960.770664562501
753685.769677,-3325.1437741029786,-2960.770664562501
753695.088215,-3325.1437741029786,-2960.770664562501
753705.140752,-3325.1437741029786,-2960.770664562501
753714.610126,-3325.1437741029786,-2960.770664562501
753727.237897,-3325.1437741029786,-2960.770664562501
753735.085101,-3325.1437741029786,-2960.770664562501
753745.252475,-3325.1437741029786,-2960.770664562501
753755.623076,-3325.1437741029786,-2960.770664562501
753766.704173,-3325.1437741029786,-2960.770664562501
753775.493399,-3325.1437741029786,-2960.770664562501
753785.56423,-3325.1437741029786,-2960.770664562501
753795.62709,-3325.1437741029786,-2960.770664562501
753806.289652,-3325.1437741029786,-2960.770664562501
753816.202844,-3325.1437741029786,-2960.770664562501
753825.134054,-3325.1437741029786,-2960.770664562501
753834.601885,-3325.1437741029786,-2960.770664562501
753844.568469,-3325.1437741029786,-2960.770664562501
753855.139755,-3325.1437741029786,-2960.770664562501
753865.628398,-3325.1437741029786,-2960.770664562501
753875.507095,-3325.1437741029786,-2960.770664562501
753883.213222,-3325.1437741029786,-2960.770664562501
753884.568547,-3325.1437741029786,-2960.770664562501
753894.589075,-3329.2730402608004,-2961.3292588344993
753906.06577,-3347.61143105646,-2965.1835593006635
753914.990841,-3347.61143105646,-2965.1835593006635
753924.588632,-3347.61143105646,-2965.1835593006635
753934.968476,-3347.61143105646,-2965.1835593006635
753944.952409,-3347.61143105646,-2965.1835593006635
753957.187992,-3347.61143105646,-2965.1835593006635
753964.604374,-3360.4580368843053,-2984.9065915934116
753976.498983,-3335.314003721391,-3052.1939204678038
753986.18342,-3335.4252297453268,-3061.1779769812274
753994.952833,-3377.871861335492,-3108.146436172624
754005.101595,-3472.6225308372645,-3142.513939846492
754014.795001,-3522.72290312429,-3176.504390642275
754025.628558,-3325.1437741029786,-2960.770664562501
754025.633678,-3522.72290312429,-3176.504390642275
754034.667322,-3522.72290312429,-3176.504390642275
754045.019837,-3522.72290312429,-3176.504390642275
754056.003031,-3522.72290312429,-3176.504390642275
754065.0646,-3522.72290312429,-3176.504390642275
754075.148813,-3522.72290312429,-3176.504390642275
754085.531028,-3522.72290312429,-3176.504390642275
754097.307803,-3522.72290312429,-3176.504390642275
754104.812936,-3522.72290312429,-3176.504390642275
754114.588562,-3522.72290312429,-3176.504390642275
754124.598885,-3530.5434829499836,-3204.327030275113
754132.363262,-3325.1437741029786,-2960.770664562501
754134.596951,-3496.7307715933575,-3293.064345094746
754144.591134,-3480.491772053587,-3362.4277487366758
754155.080681,-3500.7001503317706,-3385.716459778888
754165.070705,-3500.7001503317706,-3385.716459778888
767627.869852,-8457.01489592666,-825.5265091358756
767639.961131,-8452.051435326492,-821.4254824062112
767647.289384,-8452.051435326492,-821.4254824062112
767901.699519,-8223.627972057428,-1077.9095088327435
767901.700157,-8223.627972057428,-1077.9095088327435
768117.191139,-7358.247897684743,-2333.1571057261076
768117.19263,-7358.247897684743,-2333.1571057261076
768122.184185,-7337.455584933635,-2353.196694689844
768132.227508,-7260.605361614283,-2433.3690091363883
768142.825504,-7192.07623422006,-2484.6154190659718
768153.026841,-7120.119955108472,-2547.750580795233
768164.939808,-6983.305006371869,-2607.1431525544235
768175.505327,-6865.203833957393,-2684.164030911575
768182.208067,-6802.076118965318,-2720.4959481141523
768192.204529,-6798.753241767746,-2724.71333644884
768202.731749,-6798.753241767746,-2724.71333644884
768212.536005,-6798.753241767746,-2724.71333644884
768222.204743,-6776.389861146045,-2741.92270112744
768232.614506,-6707.62437732182,-2776.6160713547015
768243.387167,-6630.697684449459,-2756.869757816339
768254.435069,-6475.725086347284,-2710.3109086258432
768263.170302,-6416.2956355829365,-2686.3565143828273
768286.723702,-6354.453970483035,-2667.862380782601
768286.803406,-6264.499929527022,-2649.2798025076486
768290.496278,-6258.062723801814,-2673.322642281065
768290.496927,-6258.062723801814,-2673.322642281065
768293.493592,-6253.391231096401,-2691.2349064416617
768303.503261,-6246.905363988373,-2752.107740107762
768314.128437,-6246.502169680517,-2752.8897723374625
768327.061998,-6246.502169680517,-2752.8897723374625
768334.689176,-6246.502169680517,-2752.8897723374625
768344.256167,-6246.502169680517,-2752.8897723374625
768353.497567,-6201.53210070691,-2803.7125557575
768363.507531,-6125.870602548099,-2781.913408539911
768373.453273,-6100.504118978214,-2774.6982304561107
768392.843355,-6025.649009217734,-2752.736158865259
768393.427824,-5996.785857636524,-2698.5199097820137
768393.429183,-5996.785857636524,-2698.5199097820137
768395.823098,-5996.785857636524,-2698.5199097820137
768407.088012,-5996.1810661703075,-2584.8738481493547
768416.292181,-5950.814754169102,-2529.7359035669774
768425.826474,-5837.301651140278,-2494.3023819111127
768435.826453,-5672.94435396692,-2439.681129612122
768446.364952,-5537.4363047552715,-2400.3374395899664
768459.225895,-5431.04166565567,-2363.8425806109935
768466.206592,-5431.097278669238,-2361.352178802487
768476.182072,-5431.097278669238,-2361.352178802487
768487.040445,-5431.097278669238,-2361.352178802487
768495.800054,-5431.097278669238,-2361.352178802487
768506.471609,-5431.097278669238,-2361.352178802487
768519.634127,-5431.097278669238,-2361.352178802487
768527.03756,-5418.730335628736,-2354.928338585205
768536.817294,-5330.298698383501,-2325.6719350485664
768548.66276,-5291.522527221503,-2306.7541898540853
768556.302343,-5291.522527221503,-2306.7541898540853
768566.468407,-5291.522527221503,-2306.7541898540853
768576.19917,-5291.522527221503,-2306.7541898540853
768586.84917,-5253.89337434857,-2290.871476186496
768596.289997,-5147.026023870522,-2254.0926585141415
768607.66154,-5075.542450878424,-2232.409866394681
768615.84893,-5074.882046382873,-2230.2918606851713
768626.396974,-5074.882046382873,-2230.2918606851713
768639.392193,-5074.882046382873,-2230.2918606851713
768646.289986,-5074.882046382873,-2230.2918606851713
768657.483005,-5074.882046382873,-2230.2918606851713
768665.798365,-5074.882046382873,-2230.2918606851713
768675.904171,-5048.625753908297,-2213.720211356149
768685.853565,-4943.955116787662,-2189.2351331940595
768695.854166,-4832.520546984392,-2160.579211623393
768705.853873,-4786.799700634472,-2148.3739113003876
768715.853488,-4786.278328657932,-2147.8991055635743
768725.853732,-4786.278328657932,-2147.8991055635743
768735.893648,-4786.278328657932,-2147.8991055635743
768749.035293,-4786.278328657932,-2147.8991055635743
768755.799258,-4774.7664354551125,-2140.6373706948907
768765.826915,-4754.697090226154,-2132.416714334915
768777.992604,-4754.697090226154,-2132.416714334915
768785.832963,-4754.697090226154,-2132.416714334915
768796.822663,-4754.697090226154,-2132.416714334915
768808.730903,-4720.2100719650025,-2119.634198633542
768816.394091,-4703.637394765452,-2146.3071098419477
768826.536314,-4675.58063083301,-2235.7754007227268
768835.804416,-4656.734771796969,-2283.474749199049
768849.481667,-4650.3601304308395,-2336.3224763863036
768855.893752,-4606.210351446657,-2465.5207902905354
768874.1338,-4549.867419763935,-2470.645896698976
768886.627122,-4327.686488866311,-2369.9033341286895
768886.627711,-4327.686488866311,-2369.9033341286895
768889.750363,-4287.999653716498,-2343.5981738720393
768911.689224,-4171.15671691288,-2260.684078220718
768911.696504,-3990.3379616350976,-2294.49768781758
768913.587221,-3938.7846998530963,-2314.555897833091
768913.587897,-3938.7846998530963,-2314.555897833091
768916.038144,-3938.7846998530963,-2314.555897833091
768926.38845,-3777.9171117558494,-2427.522384203604
768936.53558,-3683.423652948188,-2496.0898848914176
768946.861777,-3561.700672954495,-2645.006554215507
768956.319012,-3526.5671525813727,-2688.0648825977505
768966.58791,-3526.692281861062,-2687.9438537874707
768975.953615,-3526.692281861062,-2687.9438537874707
768986.874274,-3526.692281861062,-2687.9438537874707
768996.545184,-3526.692281861062,-2687.9438537874707
769006.317595,-3519.532106552225,-2698.603698958717
769016.336248,-3466.407776735347,-2724.2711158206243
769026.826883,-3363.7253013528534,-2719.276350152317
769038.282833,-3300.312564117391,-2688.386074441768
769112.537692,-2705.593959550254,-2579.3065219189266
769112.538296,-2705.593959550254,-2579.3065219189266
769127.835179,-2705.593959550254,-2579.3065219189266
769127.839255,-2705.593959550254,-2579.3065219189266
769136.137102,-1991.07796816675,-2828.067271550485
769148.304934,-1895.2080849095269,-2792.8153097242025
769156.333941,-1848.069104499025,-2776.5322821887607
769165.831697,-1801.8060290369647,-2879.4951928267265
769175.808124,-1767.1382668341935,-2966.561425149604
769186.529329,-1745.4213851121542,-3022.9375490165207
769196.22626,-1740.1798586027703,-3036.595177474609
769206.16333,-1695.6477381308935,-3163.32157016841
769218.373844,-1656.440563685834,-3257.1607160363583
769226.708324,-1650.7610846917235,-3267.4481556663354
769238.631521,-1648.7937743399973,-3275.482599339873
769248.435547,-1636.426830482204,-3318.7131181459977
769256.025042,-1570.8312811285223,-3318.196418731087
769268.083055,-1512.507133256042,-3291.993706637456
769276.273953,-1507.5436718067447,-3290.0246628538175
769286.244723,-1507.5436718067447,-3290.0246628538175
769296.220593,-1507.5436718067447,-3290.0246628538175
769307.485993,-1451.2146407658352,-3265.409287548697
769315.83276,-1310.0827156790083,-3204.517883250752
769326.289716,-1237.716281768701,-3177.9427704024442
769338.228742,-1236.6318280078333,-3177.184013451109
769346.574389,-1236.6318280078333,-3177.184013451109
769355.813303,-1236.6318280078333,-3177.184013451109
769365.781068,-1236.6318280078333,-3177.184013451109
769375.809201,-1236.6318280078333,-3177.184013451109
769389.41604,-1234.01801636327,-3180.8986640767534
769396.283254,-1176.2360952420875,-3215.275473712528
769405.89655,-1058.3295547420403,-3340.6332756399484
769416.25512,-968.0487787052665,-3433.9370762092794
769426.155008,-949.3349996049245,-3452.542906287469
769435.839259,-949.3349996049245,-3452.542906287469
769446.244463,-949.3349996049245,-3452.542906287469
769457.110732,-949.3349996049245,-3452.542906287469
769466.184269,-949.3349996049245,-3452.542906287469
769481.3524,-940.388256032314,-3482.6557684749673
769485.823336,-970.0925569554718,-3561.7852321207233
769496.398573,-900.8265484281579,-3505.6744881027143
769505.880593,-883.2111263495632,-3470.6692761273052
769516.197086,-883.2111263495632,-3470.6692761273052
769531.145647,-869.6485026348155,-3447.6784849125643
769536.04557,-784.1017843127128,-3299.6836837240476
769549.198804,-723.1290663999607,-3216.1412944928916
769556.004749,-654.4748009556265,-3127.813604626989
769567.344821,-572.11192760304,-3031.4980053397167
769575.779246,-465.74508717677594,-2943.556650860459
769586.222866,-268.30498502600824,-2878.8993588641833
769596.468793,-98.30295350480397,-2877.670451304419
769605.903805,58.6786811766601,-2885.332503687034
769615.84256,188.68105253673443,-2889.5498909284624
769626.063018,256.48721959862246,-2889.5498909284624
769635.893981,308.9233399651855,-2892.342862592581
769647.413468,320.9427025651664,-2913.667200860419
769655.779115,332.51020943298954,-2941.8622481854104
769668.170105,338.56507630603426,-2958.1266516723786
769675.810197,356.3473374667344,-3011.439817940052
769686.216214,369.2773631701428,-3048.9633840525034
769699.24178,375.304423537977,-3065.479152174134
769707.539352,385.2939111306793,-3089.549905911816
769716.233747,385.571976202191,-3090.327282788061
769725.78987,396.8892245018666,-3122.7210881622136
769739.223963,426.8924454316231,-3205.765409972563
769745.814549,457.45179649418435,-3284.3083844063362
769756.265645,474.57365311342403,-3397.3352127472144
769766.581609,462.1371929056672,-3491.9051509616716
769776.705697,503.0058063967198,-3626.3028062124563
769785.806659,531.1320881019326,-3702.4670508486693
769797.416491,554.3991827261767,-3780.3163769026196
769805.985885,584.3398390016852,-3858.244827502356
769816.4164,585.0141467952616,-3859.7157903385955
769827.825684,585.0141467952616,-3859.7157903385955
769837.655912,591.555627541694,-3873.8807898905993
771466.471033,589.817720856292,-3838.6614706787723
771476.841615,540.3916548881393,-3694.3720982537648
771488.715992,491.7233162282531,-3548.23933369046
771496.923399,486.15506322586396,-3423.849802088136
771507.178707,460.4966089984735,-3278.8434732066
771516.506714,448.0045357809751,-3249.4055691355466
771526.064777,428.1159317361248,-3193.3692767533917
771536.097486,413.97632298632976,-3152.689662497639
771546.09905,396.1036906892783,-3105.57224815939
771556.51622,372.52377284813906,-3042.018196195799
771568.745612,369.2217501525388,-3034.4120051234936
771576.906834,367.685440647776,-3030.590289747112
771586.718308,360.42794235112984,-3006.5521184397753
771597.092159,360.42794235112984,-3006.5521184397753
771609.212056,357.60558190015,-2998.7085243921533
771618.241494,351.06410115838594,-2979.6790803781523
771627.453837,351.06410115838594,-2979.6790803781523
771636.513762,351.06410115838594,-2979.6790803781523
771646.472261,348.65883831053065,-2972.5290738785143
771656.127264,323.02123895659685,-2891.57479538795
771666.119491,387.900771151825,-2877.9497484830963
771678.642366,487.7052759867787,-2866.6521777625658
771686.559465,505.2303269428983,-2864.9810496484088
771697.012593,511.56325888506507,-2864.0547140031576
771706.097226,522.094973369344,-2852.38009184835
771717.234614,528.295824403721,-2816.816249482244
771728.610675,572.0354597132629,-2755.952731927844
826245.51837,498.07710305123203,-1649.7625215058504
826253.698014,289.702092076872,-1573.1185697495696
826263.696524,101.50070179881207,-1506.529328733119
826273.703733,-83.6697792477714,-1436.3092092709423
826284.080746,-246.19186041927398,-1408.1746096706395
826293.76783,-321.8255591647879,-1394.7031447648485
826303.717547,-323.0351422128405,-1301.2361210608744
826313.661674,-293.1361956804807,-1131.1343884776281
826332.91916,-231.2667178442739,-948.9436611924755
826333.668521,-194.95141984050937,-761.0272705900752
826344.120833,-272.2674122597647,-496.0850352679386
826355.739849,-418.57134824351084,-342.8061541847958
826364.668389,-514.1214575200681,-258.66753984681725
826382.60467,-655.454980325033,-136.98655865898266
826384.146093,-792.8816888553538,26.63576149944096
826394.103358,-871.0110214688484,263.30865606629146
826405.299147,-1066.421248224911,509.5336529033052
826414.124449,-1300.322631793679,579.4653864787476
826424.194124,-1524.6446734490683,500.6054057717989
826434.521835,-1814.2841989034,397.3114608320737
826444.59954,-2019.64220209019,418.0214532180771
826454.624384,-2161.5179503691984,500.2376625349454
826469.003452,-2339.78546384582,616.8681373755866
826470.366773,-2445.8325280181434,679.1750272443653
826470.368264,-2445.8325280181434,679.1750272443653
826471.996756,-2445.8325280181434,679.1750272443653
826482.394304,-2685.183983856407,716.8850126428341
826492.606002,-2855.0817377655703,671.9272250970166
826504.968825,-3107.6134762149386,606.4363307152998
826514.174666,-3271.8943148242342,581.2575530844829
826521.96896,-3345.2200715304807,656.7892339807544
826531.968948,-3255.2660241435037,585.3585889030167
826546.609689,-3252.353292621486,493.26450611240057
826552.050679,-3247.5636219297194,366.89584275263934
826562.362888,-3322.7941243360565,239.40070039340256
826572.437792,-3333.9236784100904,93.03897116690993
826582.796827,-3346.1585411137285,-83.2262738116609
826593.03777,-3424.600694838723,-233.53534522097576
826603.72813,-3591.7247478277864,-328.8133098801767
826612.939655,-3707.080037889121,-370.86166643539724
826622.804715,-3823.4919749288015,-474.951469676873
826633.290179,-3911.360533472786,-532.4403523965841
826642.457573,-3974.9470606730883,-578.0497473182216
826651.98033,-3979.131939797904,-583.905699190085
826662.400172,-3979.131939797904,-583.905699190085
826673.036323,-3979.131939797904,-583.905699190085
826683.374867,-3965.617977969896,-592.4568784295839
826692.907603,-3951.0334656710597,-582.4300738040889
826702.804035,-3951.0334656710597,-582.4300738040889
826712.880187,-3951.0334656710597,-582.4300738040889
826722.825443,-3951.0334656710597,-582.4300738040889
826732.885503,-3951.0334656710597,-582.4300738040889
826743.261428,-3951.0334656710597,-582.4300738040889
826752.404094,-3951.0334656710597,-582.4300738040889
826762.518907,-3951.0334656710597,-582.4300738040889
826772.418726,-3951.0334656710597,-582.4300738040889
826781.983325,-3951.0334656710597,-582.4300738040889
826791.944258,-3951.0334656710597,-582.4300738040889
826801.984721,-3951.0334656710597,-582.4300738040889
826812.825692,-3951.0334656710597,-582.4300738040889
826822.773556,-3951.0334656710597,-582.4300738040889
826832.814584,-3951.0334656710597,-582.4300738040889
826842.959109,-3951.0334656710597,-582.4300738040889
826853.257485,-3951.0334656710597,-582.4300738040889
826862.420005,-3951.0334656710597,-582.4300738040889
826871.970646,-3951.0334656710597,-582.4300738040889
826882.416584,-3937.561213595105,-560.7472246406674
826892.423354,-3934.238336153284,-555.7384770760943
826902.558207,-3934.238336153284,-555.7384770760943
826912.924184,-3934.238336153284,-555.7384770760943
826922.841628,-3934.238336153284,-555.7384770760943
826932.944282,-3934.238336153284,-555.7384770760943
826942.833906,-3934.238336153284,-555.7384770760943
826952.427939,-3968.954758665679,-578.0823321052794
826963.322817,-4116.336190886648,-641.2176832334726
826972.402854,-4237.224974409116,-614.9124514365777
826982.432315,-4342.44479171311,-598.1219764221919
826992.42424,-4319.358440435343,-653.2461236740098
827002.339973,-4247.666317280921,-704.418197650063
827012.373195,-4125.37330525424,-792.4064116397217
827022.389393,-4066.062028504261,-864.2325660817065
827032.780375,-4061.4531001683554,-994.1945937807768
827041.975201,-4096.878588503206,-1208.104241092318
827053.847309,-4117.365031599136,-1346.0820466969114
827062.411604,-4152.581971096957,-1467.9350300239644
827073.142663,-4187.979652854236,-1534.0215391131308
827082.345911,-4151.713017790543,-1511.9197757592244
827092.324584,-4141.758288746238,-1504.84888710983
827102.343961,-4141.758288746238,-1504.84888710983
827112.329834,-4141.758288746238,-1504.84888710983
827121.945537,-4141.758288746238,-1504.84888710983
827132.45747,-4141.758288746238,-1504.84888710983
827142.772616,-4141.758288746238,-1504.84888710983
827152.876617,-4141.758288746238,-1504.84888710983
827162.747339,-4141.758288746238,-1504.84888710983
827172.889426,-4141.758288746238,-1504.84888710983
827183.157103,-4141.758288746238,-1504.84888710983
827192.396538,-4141.758288746238,-1504.84888710983
827202.352433,-4141.758288746238,-1504.84888710983
827212.357818,-4141.758288746238,-1504.84888710983
827222.324458,-4141.758288746238,-1504.84888710983
827232.336394,-4141.758288746238,-1504.84888710983
827244.680737,-4141.758288746238,-1504.84888710983
827252.632458,-4141.758288746238,-1504.84888710983
827262.831422,-4141.758288746238,-1504.84888710983
827272.792849,-4141.758288746238,-1504.84888710983
827282.685884,-4141.758288746238,-1504.84888710983
827293.189862,-4141.758288746238,-1504.84888710983
827302.357827,-4141.758288746238,-1504.84888710983
827312.335893,-4141.758288746238,-1504.84888710983
827321.982154,-4141.758288746238,-1504.84888710983
827332.387376,-4141.758288746238,-1504.84888710983
827342.436817,-4141.758288746238,-1504.84888710983
827352.881832,-4141.758288746238,-1504.84888710983
827362.242654,-4141.758288746238,-1504.84888710983
827371.974829,-4141.758288746238,-1504.84888710983
827382.727265,-4141.758288746238,-1504.84888710983
827392.785897,-4133.958563890853,-1497.3357768984622
827403.145963,-4133.958563890853,-1497.3357768984622
827412.908554,-4133.958563890853,-1497.3357768984622
827422.347218,-4133.958563890853,-1497.3357768984622
827432.331183,-4133.958563890853,-1497.3357768984622
827442.329913,-4133.958563890853,-1497.3357768984622
827451.940747,-4133.958563890853,-1497.3357768984622
827462.613083,-4133.958563890853,-1497.3357768984622
827472.345863,-4133.958563890853,-1497.3357768984622
827481.980874,-4133.958563890853,-1497.3357768984622
827492.809825,-4133.958563890853,-1497.3357768984622
827503.347322,-4133.958563890853,-1497.3357768984622
827513.130154,-4133.958563890853,-1497.3357768984622
827522.386159,-4133.958563890853,-1497.3357768984622
827532.329953,-4133.958563890853,-1497.3357768984622
827542.629941,-4133.958563890853,-1497.3357768984622
827552.324934,-4133.958563890853,-1497.3357768984622
827562.717795,-4133.958563890853,-1497.3357768984622
827572.759697,-4133.958563890853,-1497.3357768984622
827582.771565,-4133.958563890853,-1497.3357768984622
827593.191729,-4133.958563890853,-1497.3357768984622
827601.9706,-4133.958563890853,-1497.3357768984622
827613.129809,-4133.958563890853,-1497.3357768984622
827623.240413,-4133.958563890853,-1497.3357768984622
827632.352367,-4138.935928413978,-1496.8376958586903
827642.345939,-4138.935928413978,-1496.8376958586903
827652.352614,-4138.935928413978,-1496.8376958586903
827662.33518,-4138.935928413978,-1496.8376958586903
827672.324496,-4138.935928413978,-1496.8376958586903
827682.751298,-4138.935928413978,-1496.8376958586903
827692.853858,-4138.935928413978,-1496.8376958586903
827702.704555,-4138.935928413978,-1496.8376958586903
827712.835164,-4138.935928413978,-1496.8376958586903
827721.965086,-4138.935928413978,-1496.8376958586903
827734.753753,-4138.935928413978,-1496.8376958586903
827742.33136,-4138.935928413978,-1496.8376958586903
827752.396569,-4138.935928413978,-1496.8376958586903
827762.372803,-4138.935928413978,-1496.8376958586903
827772.351678,-4138.935928413978,-1496.8376958586903
827782.460713,-4138.935928413978,-1496.8376958586903
827792.791452,-4138.935928413978,-1496.8376958586903
827802.727337,-4138.935928413978,-1496.8376958586903
827813.128384,-4138.935928413978,-1496.8376958586903
827822.736444,-4138.935928413978,-1496.8376958586903
827832.33804,-4138.935928413978,-1496.8376958586903
827841.967755,-4138.935928413978,-1496.8376958586903
827851.972381,-4138.935928413978,-1496.8376958586903
827862.375381,-4138.935928413978,-1496.8376958586903
827872.341705,-4138.935928413978,-1496.8376958586903
827882.349842,-4138.935928413978,-1496.8376958586903
827892.353791,-4138.935928413978,-1496.8376958586903
827902.715154,-4138.935928413978,-1496.8376958586903
827912.779564,-4138.935928413978,-1496.8376958586903
827922.7137,-4138.935928413978,-1496.8376958586903
827932.793893,-4138.935928413978,-1496.8376958586903
827942.755894,-4138.935928413978,-1496.8376958586903
827953.236403,-4138.935928413978,-1496.8376958586903
827962.394602,-4138.935928413978,-1496.8376958586903
827972.391254,-4138.935928413978,-1496.8376958586903
827983.373939,-4138.935928413978,-1496.8376958586903
827992.41802,-4138.935928413978,-1496.8376958586903
828002.493892,-4138.935928413978,-1496.8376958586903
828012.858596,-4138.935928413978,-1496.8376958586903
828022.393576,-4138.935928413978,-1496.8376958586903
828032.986516,-4138.935928413978,-1496.8376958586903
828042.392344,-4138.935928413978,-1496.8376958586903
828052.836413,-4138.935928413978,-1496.8376958586903
828062.642302,-4138.935928413978,-1496.8376958586903
828072.371194,-4138.935928413978,-1496.8376958586903
828082.351058,-4138.935928413978,-1496.8376958586903
828091.931653,-4138.935928413978,-1496.8376958586903
828100.585736,-4138.935928413978,-1496.8376958586903
828101.932142,-4138.935928413978,-1496.8376958586903
828112.560138,-4138.935928413978,-1496.8376958586903
828123.847253,-4138.935928413978,-1496.8376958586903
828132.889303,-4138.935928413978,-1496.8376958586903
828142.752356,-4138.935928413978,-1496.8376958586903
828153.008356,-4138.935928413978,-1496.8376958586903
828161.956714,-4138.935928413978,-1496.8376958586903
828171.954344,-4138.935928413978,-1496.8376958586903
828181.952531,-4138.935928413978,-1496.8376958586903
828191.954936,-4138.935928413978,-1496.8376958586903
828202.391418,-4138.935928413978,-1496.8376958586903
828211.973631,-4138.935928413978,-1496.8376958586903
828222.329831,-4138.935928413978,-1496.8376958586903
828232.631258,-4138.935928413978,-1496.8376958586903
828242.664435,-4138.935928413978,-1496.8376958586903
828253.135264,-4138.935928413978,-1496.8376958586903
828262.768486,-4138.935928413978,-1496.8376958586903
828272.636558,-4138.935928413978,-1496.8376958586903
828283.156499,-4138.935928413978,-1496.8376958586903
828292.712733,-4138.935928413978,-1496.8376958586903
828302.376833,-4138.935928413978,-1496.8376958586903
828312.371243,-4138.935928413978,-1496.8376958586903
828322.352439,-4138.935928413978,-1496.8376958586903
828331.930718,-4138.935928413978,-1496.8376958586903
828342.33204,-4138.935928413978,-1496.8376958586903
828352.856899,-4138.935928413978,-1496.8376958586903
828362.775592,-4138.935928413978,-1496.8376958586903
828372.932647,-4138.935928413978,-1496.8376958586903
828382.825254,-4138.935928413978,-1496.8376958586903
828393.385732,-4138.935928413978,-1496.8376958586903
828401.933731,-4138.935928413978,-1496.8376958586903
828411.96369,-4138.935928413978,-1496.8376958586903
828423.141986,-4138.935928413978,-1496.8376958586903
828431.953492,-4138.935928413978,-1496.8376958586903
828442.342944,-4138.935928413978,-1496.8376958586903
828451.967507,-4138.935928413978,-1496.8376958586903
828462.361607,-4138.935928413978,-1496.8376958586903
828472.863226,-4138.935928413978,-1496.8376958586903
828482.824591,-4138.935928413978,-1496.8376958586903
828492.879081,-4138.935928413978,-1496.8376958586903
828503.529273,-4138.935928413978,-1496.8376958586903
828511.952232,-4138.935928413978,-1496.8376958586903
828522.519148,-4138.935928413978,-1496.8376958586903
828532.370826,-4138.935928413978,-1496.8376958586903
828542.433225,-4140.326253704599,-1498.0386763096906
828552.337614,-4141.633159476406,-1498.5833069825478
828562.79515,-4141.633159476406,-1498.5833069825478
828571.952875,-4141.633159476406,-1498.5833069825478
828582.329708,-4141.633159476406,-1498.5833069825478
828592.676441,-4141.633159476406,-1498.5833069825478
828602.76334,-4141.633159476406,-1498.5833069825478
828613.239353,-4141.633159476406,-1498.5833069825478
828621.955162,-4141.633159476406,-1498.5833069825478
828632.416201,-4137.399618973745,-1501.4228343920688
828642.397755,-4137.399618973745,-1501.4228343920688
828652.36159,-4137.399618973745,-1501.4228343920688
828662.398137,-4137.399618973745,-1501.4228343920688
828672.669746,-4137.399618973745,-1501.4228343920688
828682.732734,-4137.399618973745,-1501.4228343920688
828691.963973,-4137.399618973745,-1501.4228343920688
828702.517585,-4137.399618973745,-1501.4228343920688
828712.73628,-4137.399618973745,-1501.4228343920688
828721.952177,-4137.399618973745,-1501.4228343920688
828731.955955,-4137.399618973745,-1501.4228343920688
828742.381893,-4137.399618973745,-1501.4228343920688
828752.32961,-4137.399618973745,-1501.4228343920688
828762.353698,-4137.399618973745,-1501.4228343920688
828772.392321,-4137.399618973745,-1501.4228343920688
828782.38069,-4137.399618973745,-1501.4228343920688
828792.327293,-4137.399618973745,-1501.4228343920688
828802.948469,-4137.399618973745,-1501.4228343920688
828811.933776,-4137.399618973745,-1501.4228343920688
828821.923664,-4137.399618973745,-1501.4228343920688
828834.393773,-4137.399618973745,-1501.4228343920688
828842.353694,-4137.399618973745,-1501.4228343920688
828852.373428,-4137.399618973745,-1501.4228343920688
828862.35453,-4137.399618973745,-1501.4228343920688
828872.329453,-4137.399618973745,-1501.4228343920688
828883.152304,-4137.399618973745,-1501.4228343920688
828892.929817,-4137.399618973745,-1501.4228343920688
828902.335155,-4137.399618973745,-1501.4228343920688
828912.764569,-4137.399618973745,-1501.4228343920688
828922.737945,-4137.399618973745,-1501.4228343920688
828932.835997,-4137.399618973745,-1501.4228343920688
828944.401529,-4137.399618973745,-1501.4228343920688
828952.357768,-4137.399618973745,-1501.4228343920688
828962.3727,-4137.399618973745,-1501.4228343920688
828972.329729,-4137.399618973745,-1501.4228343920688
828982.396259,-4137.399618973745,-1501.4228343920688
828992.356072,-4137.399618973745,-1501.4228343920688
829002.816322,-4137.399618973745,-1501.4228343920688
829012.856785,-4137.399618973745,-1501.4228343920688
829022.735116,-4137.399618973745,-1501.4228343920688
829032.828123,-4137.399618973745,-1501.4228343920688
829042.751872,-4137.399618973745,-1501.4228343920688
829053.154068,-4137.399618973745,-1501.4228343920688
829062.221612,-4137.399618973745,-1501.4228343920688
829072.352227,-4137.399618973745,-1501.4228343920688
829082.360163,-4137.399618973745,-1501.4228343920688
829092.348194,-4137.399618973745,-1501.4228343920688
829102.355651,-4137.399618973745,-1501.4228343920688
829112.639318,-4137.399618973745,-1501.4228343920688
829121.932989,-4137.399618973745,-1501.4228343920688
829133.614226,-4137.399618973745,-1501.4228343920688
829142.717843,-4137.399618973745,-1501.4228343920688
829152.81774,-4137.399618973745,-1501.4228343920688
829163.196217,-4137.399618973745,-1501.4228343920688
829172.352205,-4137.399618973745,-1501.4228343920688
829181.921512,-4137.399618973745,-1501.4228343920688
829191.953479,-4137.399618973745,-1501.4228343920688
829203.344075,-4137.399618973745,-1501.4228343920688
829212.440408,-4137.399618973745,-1501.4228343920688
829222.73794,-4137.399618973745,-1501.4228343920688
829233.083902,-4136.6905530808435,-1506.817936424557
829242.756598,-4136.6557949453045,-1507.1484388003437
829252.681472,-4135.675615624565,-1512.5854354536411
829262.733548,-4135.675615624565,-1512.5854354536411
829273.17742,-4135.675615624565,-1512.5854354536411
829282.403038,-4135.675615624565,-1512.5854354536411
829292.343803,-4135.675615624565,-1512.5854354536411
829301.953647,-4135.675615624565,-1512.5854354536411
829312.352815,-4135.675615624565,-1512.5854354536411
829322.350897,-4135.675615624565,-1512.5854354536411
829332.632308,-4135.675615624565,-1512.5854354536411
829342.752151,-4135.675615624565,-1512.5854354536411
829352.706495,-4135.675615624565,-1512.5854354536411
829361.96504,-4135.675615624565,-1512.5854354536411
829374.587657,-4135.675615624565,-1512.5854354536411
829383.182767,-4135.675615624565,-1512.5854354536411
829392.297493,-4135.675615624565,-1512.5854354536411
829401.954912,-4135.675615624565,-1512.5854354536411
829412.359147,-4135.675615624565,-1512.5854354536411
829422.979941,-4135.675615624565,-1512.5854354536411
829432.4787,-4135.675615624565,-1512.5854354536411
829443.165659,-4135.675615624565,-1512.5854354536411
829452.732327,-4135.675615624565,-1512.5854354536411
829462.81332,-4135.675615624565,-1512.5854354536411
829472.64043,-4138.650911730364,-1508.9312895841979
829482.877759,-4138.247717400683,-1508.2190802635687
829493.238722,-4138.247717400683,-1508.2190802635687
829502.396477,-4138.247717400683,-1508.2190802635687
829512.398645,-4138.247717400683,-1508.2190802635687
829522.375764,-4138.247717400683,-1508.2190802635687
829532.429011,-4138.247717400683,-1508.2190802635687
829541.948043,-4138.247717400683,-1508.2190802635687
829552.380465,-4138.247717400683,-1508.2190802635687
829562.392619,-4138.247717400683,-1508.2190802635687
829572.747654,-4138.247717400683,-1508.2190802635687
829582.813287,-4138.247717400683,-1508.2190802635687
829592.669587,-4138.247717400683,-1508.2190802635687
829603.153447,-4138.90812191047,-1511.1144671854688
829612.401431,-4138.942880046006,-1511.1796366642318
829622.353356,-4138.942880046006,-1511.1796366642318
829632.405663,-4138.942880046006,-1511.1796366642318
829642.362733,-4138.942880046006,-1511.1796366642318
829652.476083,-4138.942880046006,-1511.1796366642318
829662.031199,-4138.942880046006,-1511.1796366642318
829672.39889,-4138.942880046006,-1511.1796366642318
829682.920523,-4138.942880046006,-1511.1796366642318
829692.837416,-4138.942880046006,-1511.1796366642318
829702.305959,-4138.942880046006,-1511.1796366642318
829713.140141,-4138.942880046006,-1511.1796366642318
829722.329314,-4138.942880046006,-1511.1796366642318
829732.331803,-4138.942880046006,-1511.1796366642318
829742.337562,-4138.942880046006,-1511.1796366642318
829752.612223,-4137.434377109285,-1512.9019729312674
829762.489649,-4137.434377109285,-1512.9019729312674
829772.631778,-4137.434377109285,-1512.9019729312674
829781.957473,-4137.434377109285,-1512.9019729312674
829792.966977,-4137.434377109285,-1512.9019729312674
829802.736226,-4137.434377109285,-1512.9019729312674
829812.693501,-4137.434377109285,-1512.9019729312674
829823.149757,-4137.434377109285,-1512.9019729312674
829833.807449,-4132.16504427857,-1510.565181562559
829842.391198,-4132.16504427857,-1510.565181562559
829852.450635,-4132.16504427857,-1510.565181562559
829862.32967,-4132.16504427857,-1510.565181562559
829872.346804,-4132.16504427857,-1510.565181562559
829882.698741,-4139.526816660788,-1498.4529680242179
829892.627936,-4146.116958518345,-1494.6312434009337
829902.710234,-4146.116958518345,-1494.6312434009337
829912.460174,-4146.116958518345,-1494.6312434009337
829922.70429,-4146.116958518345,-1494.6312434009337
829932.319047,-4146.116958518345,-1494.6312434009337
829942.332781,-4146.116958518345,-1494.6312434009337
829951.913935,-4150.3296441322755,-1493.9516188033338
829961.945681,-4150.3296441322755,-1493.9516188033338
829971.933724,-4150.3296441322755,-1493.9516188033338
829982.640379,-4150.3296441322755,-1493.9516188033338
829991.913376,-4150.3296441322755,-1493.9516188033338
830004.242673,-4150.3296441322755,-1493.9516188033338
830012.726703,-4150.3296441322755,-1493.9516188033338
830022.704116,-4150.3296441322755,-1493.9516188033338
830034.838651,-4150.3296441322755,-1493.9516188033338
830043.126678,-4150.3296441322755,-1493.9516188033338
830052.323904,-4150.3296441322755,-1493.9516188033338
830062.302905,-4150.3296441322755,-1493.9516188033338
830071.951675,-4150.3296441322755,-1493.9516188033338
830082.325611,-4150.3296441322755,-1493.9516188033338
830091.909822,-4150.3296441322755,-1493.9516188033338
830102.326661,-4150.3296441322755,-1493.9516188033338
830112.644242,-4150.3296441322755,-1493.9516188033338
830122.684125,-4150.3296441322755,-1493.9516188033338
830132.652237,-4150.3296441322755,-1493.9516188033338
830142.705386,-4150.3296441322755,-1493.9516188033338
830153.926942,-4150.3296441322755,-1493.9516188033338
830162.325746,-4150.3296441322755,-1493.9516188033338
830172.28698,-4150.3296441322755,-1493.9516188033338
830182.385702,-4150.3296441322755,-1493.9516188033338
830191.913822,-4150.3296441322755,-1493.9516188033338
830202.302769,-4150.3296441322755,-1493.9516188033338
830212.625438,-4150.3296441322755,-1493.9516188033338
830222.724015,-4150.3296441322755,-1493.9516188033338
830232.635008,-4150.3296441322755,-1493.9516188033338
830242.774589,-4150.3296441322755,-1493.9516188033338
830253.816099,-4150.3296441322755,-1493.9516188033338
830262.374594,-4150.3296441322755,-1493.9516188033338
830271.933806,-4150.3296441322755,-1493.9516188033338
830282.353764,-4150.3296441322755,-1493.9516188033338
830292.357178,-4150.3296441322755,-1493.9516188033338
830302.421223,-4150.3296441322755,-1493.9516188033338
830311.928382,-4150.3296441322755,-1493.9516188033338
830322.312263,-4150.3296441322755,-1493.9516188033338
830332.300008,-4150.3296441322755,-1493.9516188033338
830342.719075,-4150.3296441322755,-1493.9516188033338
830352.643114,-4149.432884322466,-1488.970808373224
830362.803094,-4150.677225454853,-1489.473544380702
830374.197251,-4150.677225454853,-1489.473544380702
830382.398549,-4150.677225454853,-1489.473544380702
830391.933994,-4150.677225454853,-1489.473544380702
830402.778881,-4150.677225454853,-1489.473544380702
830412.382702,-4150.677225454853,-1489.473544380702
830422.422672,-4150.677225454853,-1489.473544380702
830432.229961,-4150.677225454853,-1489.473544380702
830442.325376,-4150.677225454853,-1489.473544380702
830452.742614,-4150.677225454853,-1489.473544380702
830462.755893,-4150.677225454853,-1489.473544380702
830472.613297,-4150.677225454853,-1489.473544380702
830483.278562,-4150.677225454853,-1489.473544380702
830492.361991,-4150.677225454853,-1489.473544380702
830502.397277,-4150.677225454853,-1489.473544380702
830511.936245,-4150.677225454853,-1489.473544380702
830522.310703,-4150.677225454853,-1489.473544380702
830532.465176,-4150.677225454853,-1489.473544380702
830542.818676,-4150.677225454853,-1489.473544380702
830552.019459,-4150.677225454853,-1489.473544380702
830562.317517,-4150.677225454853,-1489.473544380702
830571.943368,-4150.677225454853,-1489.473544380702
830583.98913,-4150.677225454853,-1489.473544380702
830592.333532,-4150.677225454853,-1489.473544380702
830602.323871,-4150.677225454853,-1489.473544380702
830612.359777,-4150.677225454853,-1489.473544380702
830622.338859,-4150.677225454853,-1489.473544380702
830631.937474,-4150.677225454853,-1489.473544380702
830642.377131,-4153.402263011881,-1485.5028608861494
830651.935868,-4153.402263011881,-1485.5028608861494
830662.439982,-4153.402263011881,-1485.5028608861494
830672.939337,-4153.402263011881,-1485.5028608861494
830681.933619,-4153.402263011881,-1485.5028608861494
830692.938572,-4153.402263011881,-1485.5028608861494
830701.934516,-4153.402263011881,-1485.5028608861494
830711.934397,-4153.402263011881,-1485.5028608861494
830722.377203,-4153.402263011881,-1485.5028608861494
830733.790636,-4153.402263011881,-1485.5028608861494
830742.39992,-4153.402263011881,-1485.5028608861494
830752.043482,-4153.402263011881,-1485.5028608861494
830764.211117,-4153.402263011881,-1485.5028608861494
830772.672096,-4153.402263011881,-1485.5028608861494
830782.780892,-4153.402263011881,-1485.5028608861494
830792.677247,-4153.402263011881,-1485.5028608861494
830803.043984,-4153.8332638531865,-1486.289549647386
830812.377096,-4156.613914425287,-1484.171541451605
830822.354566,-4156.613914425287,-1484.171541451605
830834.419763,-4156.613914425287,-1484.171541451605
830842.376036,-4159.540549154985,-1478.9905675282455
830852.347255,-4159.853372341977,-1478.2969780198648
830862.398812,-4159.853372341977,-1478.2969780198648
830874.266434,-4159.853372341977,-1478.2969780198648
830882.357302,-4159.853372341977,-1478.2969780198648
830891.923583,-4159.853372341977,-1478.2969780198648
830901.923208,-4159.853372341977,-1478.2969780198648
830913.041736,-4159.853372341977,-1478.2969780198648
830924.570953,-4159.853372341977,-1478.2969780198648
830932.376064,-4159.853372341977,-1478.2969780198648
830942.574601,-4159.853372341977,-1478.2969780198648
830953.846881,-4159.853372341977,-1478.2969780198648
830962.308213,-4159.853372341977,-1478.2969780198648
830972.454456,-4159.853372341977,-1478.2969780198648
830982.706949,-4163.655911993074,-1481.867334728167
830992.33134,-4163.655911993074,-1481.867334728167
831002.590498,-4163.655911993074,-1481.867334728167
831012.622575,-4161.132471601366,-1480.39171141737
831023.059257,-4161.132471601366,-1480.39171141737
831031.904693,-4161.132471601366,-1480.39171141737
831041.9332,-4161.132471601366,-1480.39171141737
831052.385403,-4161.132471601366,-1480.39171141737
831062.385223,-4161.132471601366,-1480.39171141737
831072.841212,-4161.132471601366,-1480.39171141737
831082.501193,-4161.132471601366,-1480.39171141737
831092.599376,-4161.132471601366,-1480.39171141737
831102.494967,-4161.132471601366,-1480.39171141737
831112.84797,-4161.132471601366,-1480.39171141737
831124.281173,-4161.132471601366,-1480.39171141737
831132.741513,-4161.132471601366,-1480.39171141737
831143.338028,-4161.132471601366,-1480.39171141737
831151.94269,-4161.132471601366,-1480.39171141737
831161.94102,-4161.132471601366,-1480.39171141737
831172.463567,-4161.132471601366,-1480.39171141737
831182.422674,-4158.935757652472,-1481.5740720529127
831192.560868,-4158.859289757503,-1481.7183758995102
831202.847961,-4158.859289757503,-1481.7183758995102
831211.993756,-4158.859289757503,-1481.7183758995102
831222.383982,-4158.859289757503,-1481.7183758995102
831232.760079,-4158.859289757503,-1481.7183758995102
831241.932222,-4158.859289757503,-1481.7183758995102
831254.968133,-4158.859289757503,-1481.7183758995102
831262.402094,-4158.859289757503,-1481.7183758995102
831272.402842,-4158.859289757503,-1481.7183758995102
831281.928304,-4158.859289757503,-1481.7183758995102
831292.401027,-4158.859289757503,-1481.7183758995102
831302.50416,-4158.859289757503,-1481.7183758995102
831313.766819,-4158.859289757503,-1481.7183758995102
831322.907062,-4158.859289757503,-1481.7183758995102
831332.724919,-4158.859289757503,-1481.7183758995102
831342.705374,-4158.859289757503,-1481.7183758995102
831352.303278,-4158.859289757503,-1481.7183758995102
831361.924581,-4158.859289757503,-1481.7183758995102
831371.925249,-4158.859289757503,-1481.7183758995102
831382.049197,-4158.859289757503,-1481.7183758995102
831392.325617,-4158.859289757503,-1481.7183758995102
831401.932321,-4158.859289757503,-1481.7183758995102
831411.89591,-4158.859289757503,-1481.7183758995102
831422.38159,-4158.859289757503,-1481.7183758995102
831432.761107,-4158.859289757503,-1481.7183758995102
831442.774055,-4158.859289757503,-1481.7183758995102
831452.385847,-4158.859289757503,-1481.7183758995102
831462.838542,-4158.859289757503,-1481.7183758995102
831473.301306,-4158.859289757503,-1481.7183758995102
831481.89738,-4158.859289757503,-1481.7183758995102
831491.924287,-4158.859289757503,-1481.7183758995102
831502.377326,-4158.859289757503,-1481.7183758995102
831514.57317,-4158.859289757503,-1481.7183758995102
831521.928642,-4158.859289757503,-1481.7183758995102
831533.878478,-4158.859289757503,-1481.7183758995102
831542.905279,-4158.859289757503,-1481.7183758995102
831552.679117,-4158.817580006457,-1481.7602705731074
831562.817464,-4158.817580006457,-1481.7602705731074
831572.70121,-4158.817580006457,-1481.7602705731074
831583.253062,-4158.817580006457,-1481.7602705731074
831592.451889,-4158.817580006457,-1481.7602705731074
831601.955945,-4158.817580006457,-1481.7602705731074
831613.018359,-4158.817580006457,-1481.7602705731074
831622.32123,-4158.817580006457,-1481.7602705731074
831632.502883,-4158.817580006457,-1481.7602705731074
831641.936848,-4158.817580006457,-1481.7602705731074
831652.383493,-4158.817580006457,-1481.7602705731074
831662.902466,-4158.817580006457,-1481.7602705731074
831667.526505,-4158.817580006457,-1481.7602705731074
831671.906653,-4158.817580006457,-1481.7602705731074
831681.888555,-4158.817580006457,-1481.7602705731074
831691.924806,-4197.037622079977,-1507.3113624954428
831701.924763,-4233.568418912964,-1465.1979116602351
831712.503208,-4280.095654494911,-1375.8039917166466
831722.362122,-4324.071643136316,-1300.2120288859774
831736.905148,-4402.798812082102,-1204.231310127587
831741.948558,-4410.626343396689,-1141.156529482313
831784.272161,-4256.300237287148,-1167.6153533534832
831784.272763,-4256.300237287148,-1167.6153533534832
831787.130301,-4256.300237287148,-1167.6153533534832
831799.019048,-4256.300237287148,-1167.6153533534832
831836.487873,-4246.79041235246,-1192.4309734136007
831836.502433,-4158.817580006457,-1481.7602705731074
831836.749776,-4374.79766096696,-1179.9789413268159
831836.7504,-4374.79766096696,-1179.9789413268159
831840.483721,-4413.970075685446,-1181.8642022833108
831850.466043,-4424.8563226124315,-1191.7234186896892
831860.914797,-4428.33908743334,-1243.6728284427584
831868.268037,-4158.817580006457,-1481.7602705731074
831870.423354,-4424.571305930542,-1299.0063930989443
831880.50608,-4393.2472774181115,-1367.7974538138458
832990.069589,-4479.730334977502,-3211.472251308951
832990.070254,-4479.730334977502,-3211.472251308951
832997.052355,-4192.136725457573,-3533.8043398931923
832997.052933,-4192.136725457573,-3533.8043398931923
833013.55632,-4190.649077402211,-3525.9188578255603
833013.560163,-4190.649077402211,-3525.9188578255603
833023.533137,-4196.905541178118,-3513.9463311322343
833033.543458,-4210.572438724468,-3512.3636487373396
833043.659127,-4261.228940414521,-3522.3904071392103
833055.880326,-4320.936459628888,-3530.4341574918026
833063.970861,-4370.75181440969,-3516.776539635487
833073.46321,-4425.447210855663,-3513.173609731904
833083.889378,-4465.57199834961,-3528.153232920261
833094.113427,-4503.187248682241,-3544.1243596805775
833104.701712,-4521.61601020188,-3558.163682666001
833114.329713,-4500.684663188455,-3592.9687270834706
833123.439548,-4487.7893962536955,-3607.166317213466
833134.610674,-4528.602394699674,-3619.9813876285307
833143.476833,-4571.6746716765465,-3606.9149500419276
833153.46488,-4582.129917728031,-3607.296655738913
833163.844273,-4608.60866253705,-3598.3638113712004
833174.945585,-4647.037253039289,-3602.94427978679
833183.452434,-4674.1346925522375,-3660.9635435353975
833194.066705,-4724.4853221642825,-3690.503837382613
833203.885683,-4737.943670757088,-3709.635668927911
833213.893848,-4742.775051058353,-3734.409295208197
833225.09982,-4803.295909916303,-3717.5630432428447
833233.933694,-4824.880709651386,-3683.996221551916
833244.311497,-4824.76253200712,-3693.6645463263953
833253.892821,-4820.431668803526,-3698.989805560359
833258.621258,-4820.431668803526,-3698.989805560359
833264.093625,-4820.674975724151,-3704.3336845304666
833273.444959,-4810.37961714183,-3720.2117079311424
833283.479246,-4770.595459658079,-3747.0567849907766
833293.865754,-4709.873003591267,-3761.272991457048
833303.928435,-4696.671865166626,-3787.959798614787
833314.084435,-4656.157786812456,-3802.525125136063
833325.70627,-4625.250856043556,-3727.575833562257
833333.434404,-4609.9642296783595,-3633.4946998890823
833344.019335,-4593.593149599453,-3578.7059673713266
833353.975732,-4584.820197132571,-3489.7964593417273
833364.69171,-4584.243212147106,-3448.1113951434377
833374.223878,-4648.62917546877,-3457.2025098847707
833383.821938,-4709.685309684727,-3483.9591540336246
833411.425899,-4721.496122840888,-3491.374486846623
833411.426614,-4721.496122840888,-3491.374486846623
833414.903913,-4721.496122840888,-3491.374486846623
833423.396081,-4820.431668803526,-3698.989805560359
833424.744201,-4721.496122840888,-3491.374486846623
833435.42953,-4721.496122840888,-3491.374486846623
833445.045439,-4721.496122840888,-3491.374486846623
833455.13246,-4733.793549835755,-3498.929468016211
833464.770456,-4778.777523848611,-3522.139039933986
833474.329755,-4832.541401863805,-3551.8469183513726
833484.331292,-4851.65142262166,-3563.163096676718
833485.657209,-4820.431668803526,-3698.989805560359
833494.651266,-4856.1491248485145,-3567.948383060913
834280.031444,-5928.771147747403,-3128.251170026024
834280.032088,-5928.771147747403,-3128.251170026024
834286.285889,-5903.6827290764895,-3112.8944863682877
834286.28647,-5903.6827290764895,-3112.8944863682877
834299.486366,-5819.0953422758475,-3121.613209812313
834299.496398,-5819.0953422758475,-3121.613209812313
834309.497839,-5683.670713143983,-3133.6509132064957
834319.504318,-5597.289806265196,-3143.3657958658982
834337.200818,-5580.279176985619,-3148.4908968097734
834340.578514,-5563.1434184242435,-3152.829311025875
834349.991728,-5433.579009226744,-3163.656726630895
834358.737345,-5309.200512748481,-3176.811617392918
834378.009939,-5207.157591045866,-3187.662307344855
834391.193179,-5097.307992759226,-3176.5602500514215
834391.19382,-5097.307992759226,-3176.5602500514215
834401.786524,-5086.331374872027,-3169.4940348815603
834401.787169,-5086.331374872027,-3169.4940348815603
834406.26814,-5082.417609272835,-3167.669294181124
834415.584834,-5000.638677630144,-3133.241277518227
834426.022085,-4965.400883926361,-3130.5227861229832
834439.41872,-4932.186013452923,-3205.9236782955873
834448.150302,-4895.1616517320435,-3273.201673863668
834456.924831,-4868.425696924731,-3332.6593471215983
834466.001868,-4867.64016314961,-3333.725330562822
834475.990594,-4867.64016314961,-3333.725330562822
834486.651276,-4850.316710367411,-3365.2020985325084
834495.93912,-4913.701639103723,-3431.4652983932115
834505.987877,-4917.253920147073,-3433.625194645466
834515.988733,-4917.253920147073,-3433.625194645466
834526.369912,-4920.027619039497,-3436.343684733506
834535.553619,-4902.98918295782,-3498.910848229716
834545.988436,-4872.068349113047,-3571.914398588829
834555.247283,-4836.85836181026,-3647.64108469055
834556.576879,-4827.9255219819,-3667.14996825287
834565.863202,-4817.484179245732,-3675.379914651832
834575.583745,-4801.405067548987,-3699.027045132577
834586.381473,-4801.405067548987,-3699.027045132577
834596.706881,-4801.405067548987,-3699.027045132577
834609.424244,-4801.405067548987,-3699.027045132577
834616.015586,-4801.405067548987,-3699.027045132577
834625.616409,-4801.405067548987,-3699.027045132577
834639.615988,-4801.405067548987,-3699.027045132577
834646.244802,-4801.405067548987,-3699.027045132577
834655.605452,-4801.405067548987,-3699.027045132577
834666.272776,-4801.405067548987,-3699.027045132577
834683.053734,-4801.405067548987,-3699.027045132577
834686.052624,-4801.405067548987,-3699.027045132577
834696.032677,-4801.405067548987,-3699.027045132577
834707.231491,-4801.405067548987,-3699.027045132577
834716.026053,-4801.405067548987,-3699.027045132577
834726.75247,-4801.405067548987,-3699.027045132577
834736.593963,-4801.405067548987,-3699.027045132577
834746.057095,-4801.405067548987,-3699.027045132577
834756.511794,-4801.405067548987,-3699.027045132577
834765.584585,-4801.405067548987,-3699.027045132577
834777.591269,-4801.405067548987,-3699.027045132577
834785.589589,-4801.405067548987,-3699.027045132577
834796.248704,-4801.405067548987,-3699.027045132577
834806.051525,-4801.405067548987,-3699.027045132577
834816.03936,-4801.405067548987,-3699.027045132577
834826.0329,-4801.405067548987,-3699.027045132577
834836.367884,-4801.405067548987,-3699.027045132577
834849.42669,-4801.405067548987,-3699.027045132577
834856.664578,-4801.405067548987,-3699.027045132577
834865.556544,-4801.405067548987,-3699.027045132577
834878.732729,-4790.657853247434,-3694.432612561431
834886.024562,-4790.657853247434,-3694.432612561431
834895.984737,-4789.615109294445,-3696.4342397311943
834908.130006,-4778.075409589412,-3719.2667537414754
834915.93018,-4778.075409589412,-3719.2667537414754
834928.907503,-4778.075409589412,-3719.2667537414754
834938.531663,-4778.075409589412,-3719.2667537414754
834945.979489,-4778.075409589412,-3719.2667537414754
834955.976736,-4778.075409589412,-3719.2667537414754
834968.310468,-4778.075409589412,-3719.2667537414754
834976.032414,-4778.075409589412,-3719.2667537414754
834986.002578,-4778.075409589412,-3719.2667537414754
834996.479384,-4778.075409589412,-3719.2667537414754
835006.080827,-4778.075409589412,-3719.2667537414754
835015.965066,-4778.075409589412,-3719.2667537414754
835025.649984,-4778.075409589412,-3719.2667537414754
835036.126019,-4778.075409589412,-3719.2667537414754
835046.02311,-4778.075409589412,-3719.2667537414754
835057.908297,-4778.075409589412,-3719.2667537414754
835066.861531,-4778.075409589412,-3719.2667537414754
835078.28388,-4778.075409589412,-3719.2667537414754
835086.334354,-4778.075409589412,-3719.2667537414754
835095.967376,-4778.075409589412,-3719.2667537414754
835107.737999,-4778.075409589412,-3719.2667537414754
835115.934076,-4778.075409589412,-3719.2667537414754
835125.957404,-4778.075409589412,-3719.2667537414754
835137.676867,-4778.075409589412,-3719.2667537414754
835145.579693,-4778.075409589412,-3719.2667537414754
835155.935575,-4778.075409589412,-3719.2667537414754
835168.154309,-4778.075409589412,-3719.2667537414754
835176.39684,-4778.075409589412,-3719.2667537414754
835185.960371,-4778.075409589412,-3719.2667537414754
835196.182595,-4778.075409589412,-3719.2667537414754
835205.949067,-4783.330839097749,-3722.3064339390808
835216.01695,-4783.330839097749,-3722.3064339390808
835228.04384,-4784.470905815841,-3725.7231647939175
835235.954571,-4788.050993373308,-3743.6167795156157
835246.0087,-4787.911960849507,-3745.5718570490194
835256.023699,-4787.911960849507,-3745.5718570490194
835266.405958,-4787.911960849507,-3745.5718570490194
835276.171551,-4795.8298632366395,-3743.5702300455
835286.296593,-4800.550017510798,-3743.3747222992743
835296.391774,-4800.550017510798,-3743.3747222992743
835306.284893,-4805.0060099926895,-3746.5726705601996
835316.368647,-4805.0060099926895,-3746.5726705601996
835326.302163,-4800.362323604659,-3746.7309387368273
835336.839863,-4794.237940804231,-3752.7823691657536
835345.952769,-4794.237940804231,-3752.7823691657536
835356.03678,-4793.855601359817,-3752.745129596876
835366.135773,-4776.6642294473,-3742.9511221577172
835375.931563,-4776.41397089449,-3743.761082859716
835385.988724,-4776.41397089449,-3743.761082859716
835397.003504,-4776.41397089449,-3743.761082859716
835409.11072,-4776.41397089449,-3743.761082859716
835416.213024,-4776.41397089449,-3743.761082859716
835425.939929,-4776.41397089449,-3743.761082859716
835436.415333,-4776.41397089449,-3743.761082859716
835448.898166,-4776.41397089449,-3743.761082859716
835455.953876,-4776.41397089449,-3743.761082859716
835465.930162,-4776.41397089449,-3743.761082859716
835477.460176,-4773.821014275099,-3742.4297681431044
835485.955687,-4773.821014275099,-3742.4297681431044
835496.481937,-4780.473720670388,-3739.18061545764
835505.951346,-4779.903687311218,-3737.0439949794018
835515.860502,-4781.002044270677,-3734.8235854533723
835525.929888,-4781.015947526285,-3740.437451030904
835538.693082,-4779.4796381077995,-3740.255908105503
835545.946207,-4774.147740713453,-3736.099040825593
835556.531348,-4773.779304516222,-3735.856983605283
835565.935625,-4775.322565558592,-3737.5467292085477
835575.9527,-4781.259254447138,-3738.76632521501
835589.165495,-4779.9314938225825,-3741.005354505534
835595.952497,-4777.095230274279,-3740.055745412861
835606.214036,-4773.403916695302,-3739.2597495412606
835616.079585,-4774.057369572165,-3744.2451972926483
835626.330125,-4774.057369572165,-3744.2451972926483
835635.596846,-4771.8328491414895,-3743.207144220619
835646.634034,-4774.286773237302,-3758.5731225373142
835656.492999,-4775.051452134732,-3757.013715485823
835666.792861,-4773.598562233641,-3750.47817066753
835676.200551,-4770.1366523195165,-3746.8147277751464
835685.95936,-4770.1366523195165,-3746.8147277751464
835696.197374,-4770.1366523195165,-3746.8147277751464
835706.231724,-4768.927069339032,-3747.7969214825825
835716.115387,-4764.172156926285,-3748.136732581098
835725.953969,-4759.667503057666,-3749.323743931953
835736.403773,-4759.667503057666,-3749.323743931953
835746.196734,-4756.1708350155905,-3749.9102671899236
835756.980565,-4754.613670716756,-3747.885365465215
835766.526518,-4755.079429679174,-3744.9899887434945
835776.139088,-4756.810384636956,-3742.1365065107166
835786.06379,-4760.008132751894,-3738.9292483379572
835796.058005,-4759.723116072174,-3738.221696461692
835806.024757,-4759.723116072174,-3738.221696461692
835816.030217,-4764.6170610092995,-3742.0992669409598
835827.98599,-4766.083854166313,-3739.5669760205496
835838.72881,-4763.588220311282,-3738.319450336262
835846.029106,-4760.5156014729955,-3739.6368002157724
835857.973822,-4760.5156014729955,-3739.6368002157724
835867.313158,-4760.5156014729955,-3739.6368002157724
835877.334047,-4760.5156014729955,-3739.6368002157724
835887.392785,-4760.5156014729955,-3739.6368002157724
835896.091719,-4760.5156014729955,-3739.6368002157724
835906.030112,-4760.5156014729955,-3739.6368002157724
835916.775206,-4760.5156014729955,-3739.6368002157724
835926.030913,-4760.5156014729955,-3739.6368002157724
835935.547263,-4760.5156014729955,-3739.6368002157724
835946.147358,-4763.574317055671,-3743.942625771416
835956.510019,-4765.826643989757,-3738.97579780852
835966.417761,-4768.5725363892625,-3734.4511897330567
835976.538195,-4768.5725363892625,-3734.4511897330567
835986.482823,-4769.983716539898,-3728.748880116641
835997.143487,-4769.983716539898,-3728.748880116641
836005.868371,-4769.983716539898,-3728.748880116641
836015.655341,-4766.966710708317,-3738.5056482051273
836026.036596,-4766.452290363614,-3740.3815916705757
836037.213595,-4766.452290363614,-3740.3815916705757
836046.067738,-4766.452290363614,-3740.3815916705757
836057.697142,-4766.452290363614,-3740.3815916705757
836066.057397,-4766.452290363614,-3740.3815916705757
836078.017097,-4763.83847885592,-3735.0796075185854
836086.331837,-4760.974408811662,-3733.53416524377
836099.720594,-4760.967457179727,-3733.9298357108732
836106.04459,-4761.461022653451,-3734.306886387668
836116.044292,-4761.461022653451,-3734.306886387668
836125.646129,-4761.461022653451,-3734.306886387668
836137.456377,-4761.461022653451,-3734.306886387668
836145.896758,-4761.461022653451,-3734.306886387668
836157.751673,-4761.850313730091,-3730.2477729323973
836166.0274,-4761.182957597422,-3732.463527529391
836176.049876,-4758.534387962591,-3726.9101761990355
836188.150554,-4758.583049353414,-3726.8543168376727
836196.452781,-4758.583049353414,-3726.8543168376727
836206.522039,-4758.583049353414,-3726.8543168376727
836216.263331,-4760.960505556046,-3728.1111524356593
836226.004814,-4741.301306276853,-3735.8802583296406
836236.048782,-4739.785851736388,-3735.7219901497974
836246.025081,-4739.785851736388,-3735.7219901497974
836256.242011,-4743.1156807527195,-3731.2439315104166
836269.111543,-4742.670776669629,-3729.9265816247116
836277.004996,-4742.371856734169,-3725.0156129026577
836286.398185,-4743.421552312004,-3724.200997232377
836296.442329,-4743.484116950219,-3724.0008345344577
836306.340682,-4744.012440550972,-3727.063789435088
836316.471037,-4745.215071908477,-3726.686738754285
836326.029333,-4745.215071908477,-3726.686738754285
836336.047979,-4745.215071908477,-3726.686738754285
836345.99834,-4745.215071908477,-3726.686738754285
836356.017999,-4745.215071908477,-3726.686738754285
836366.650942,-4745.215071908477,-3726.686738754285
836375.541091,-4745.215071908477,-3726.686738754285
836387.906341,-4745.215071908477,-3726.686738754285
836396.479409,-4745.215071908477,-3726.686738754285
836406.023593,-4745.215071908477,-3726.686738754285
836416.69947,-4745.215071908477,-3726.686738754285
836423.745446,-4745.215071908477,-3726.686738754285
836427.263512,-4745.215071908477,-3726.686738754285
836437.743657,-4746.007557309566,-3727.2174026725443
837714.205059,-1018.1004408323648,-1678.3290513709585
837714.205702,-1018.1004408323648,-1678.3290513709585
837721.18377,-1084.9056236369843,-1516.8214516489911
837721.185117,-1084.9056236369843,-1516.8214516489911
837742.833921,-1085.1906403316927,-1513.6188372085926
837743.516239,-1085.1906403316927,-1513.6188372085926
837750.747632,-1122.8545538061999,-1573.444417118696
837761.95024,-1219.4126486732137,-1661.6931886637385
837770.706601,-1297.2361095478564,-1728.8037690895874
837781.162193,-1320.2738004133037,-1748.8247572729451
837793.98217,-1322.7833376458666,-1752.0366804481723
837803.759954,-1373.3147120808264,-1797.8694259653025
837811.159489,-1450.0189609718384,-1871.631930224044
837821.606142,-1483.4840918452508,-1904.0770022888207
837831.642468,-1523.977317282827,-1940.595162470013
837841.930367,-1529.9487646090645,-1946.4185170700703
837851.126376,-1529.9487646090645,-1946.4185170700703
837861.633023,-1541.6205458063841,-1951.6087971090178
837872.1267,-1606.9588849857635,-2009.9354389201162
837881.87601,-1655.9817563247166,-2054.236684352453
837891.98961,-1709.9472342048816,-2104.081982342885
837901.154043,-1770.7183545665762,-2162.6273931874257
837911.237341,-1775.4107025682392,-2167.6314731406333
837921.346714,-1775.4107025682392,-2167.6314731406333
837931.228836,-1815.0836359661773,-2201.095965850518
837942.958306,-1872.3997978246914,-2250.1638744202346
837952.494046,-1922.1873479835328,-2295.242480955477
837961.659739,-1940.2963354311878,-2318.610365363184
837971.184299,-1940.2963354311878,-2318.610365363184
837981.538349,-1940.2963354311878,-2318.610365363184
837991.88108,-1951.7248096551127,-2326.4958624225865
838001.806495,-1957.8769992504137,-2331.3928770741545
838011.950391,-2010.618990690181,-2380.735418025298
838021.563843,-2133.266539684068,-2493.785681836499
838031.185325,-2226.168078128976,-2573.376109147592
838041.225258,-2284.26282193563,-2611.7050083026497
838053.03006,-2325.4998711180374,-2660.0746420103947
838065.38266,-2382.8438391772333,-2708.0486009315837
838071.694384,-2464.157015789508,-2697.677363081705
838084.114449,-2532.004891574129,-2648.804997145843
838091.16019,-2532.3038115132204,-2648.744482737141
838102.976955,-2532.3038115132204,-2648.744482737141
838112.014436,-2584.656511528943,-2611.9424109980378
838121.564926,-2643.5784986445938,-2565.188043070431
838131.636283,-2690.627107481303,-2577.598153412595
838142.487917,-2684.1690463752866,-2625.600048287775
838151.550519,-2716.0353027053643,-2647.748322461327
838161.602239,-2787.233862277604,-2670.455190380263
838171.98256,-2804.022040492354,-2714.802939316168
838181.22947,-2791.9609683535537,-2759.4253274244893
838191.609029,-2837.320331844177,-2783.9383133415927
838201.755579,-2902.6517184694594,-2804.5364825120128
838211.155461,-2958.4802315041884,-2820.5960715687293
838221.195418,-2967.392216766114,-2822.8769986791895
838231.15617,-2967.392216766114,-2822.8769986791895
838241.177412,-2972.4460492878184,-2825.292919420624
838251.642476,-3034.3085741224445,-2850.722928551372
838267.977964,-3158.8261090523465,-2896.667313693783
838271.216607,-3197.922056774542,-2911.754015325225
838282.315056,-3235.3496140947786,-2925.909726104541
838285.292783,-3239.763896955159,-2928.106863680476
838291.226942,-3240.1531880352672,-2928.712007510511
838301.176598,-3240.1531880352672,-2928.712007510511
838311.614943,-3240.1531880352672,-2928.712007510511
838321.622648,-3240.1531880352672,-2928.712007510511
838331.150342,-3240.1531880352672,-2928.712007510511
838343.442345,-3240.1531880352672,-2928.712007510511
838351.189049,-3240.1531880352672,-2928.712007510511
838361.15032,-3240.1531880352672,-2928.712007510511
838372.042568,-3255.5649440795005,-2935.484963363621
838381.599828,-3255.5649440795005,-2935.484963363621
838393.853839,-3255.5649440795005,-2935.484963363621
838402.89615,-3255.5649440795005,-2935.484963363621
838415.213615,-3255.5649440795005,-2935.484963363621
838421.148429,-3255.5649440795005,-2935.484963363621
838432.295851,-3255.5649440795005,-2935.484963363621
838441.97076,-3255.5649440795005,-2935.484963363621
838451.153963,-3255.5649440795005,-2935.484963363621
838461.150072,-3255.5649440795005,-2935.484963363621
838471.160169,-3255.5649440795005,-2935.484963363621
838481.150379,-3255.5649440795005,-2935.484963363621
838491.552055,-3263.538459724444,-2938.8691137828855
838501.179955,-3270.9836517520484,-2942.383602856289
838511.610736,-3292.380758237311,-2949.3799962703865
838521.929794,-3292.380758237311,-2949.3799962703865
838531.148006,-3292.380758237311,-2949.3799962703865
838541.137948,-3292.380758237311,-2949.3799962703865
838553.794902,-3292.380758237311,-2949.3799962703865
838562.472261,-3292.380758237311,-2949.3799962703865
838571.149462,-3292.380758237311,-2949.3799962703865
838581.160104,-3292.380758237311,-2949.3799962703865
838591.570174,-3292.380758237311,-2949.3799962703865
838601.553481,-3292.380758237311,-2949.3799962703865
838613.02356,-3292.380758237311,-2949.3799962703865
838622.538655,-3292.380758237311,-2949.3799962703865
838631.622499,-3292.380758237311,-2949.3799962703865
838641.674323,-3292.380758237311,-2949.3799962703865
838651.148271,-3292.380758237311,-2949.3799962703865
838661.120842,-3292.380758237311,-2949.3799962703865
838674.095539,-3292.380758237311,-2949.3799962703865
838681.554853,-3292.380758237311,-2949.3799962703865
838691.125584,-3306.2075434207923,-2954.3468304042517
838701.651037,-3306.138027156903,-2954.3514853647266
838711.78268,-3306.138027156903,-2954.3514853647266
838721.676041,-3306.138027156903,-2954.3514853647266
838731.589673,-3306.138027156903,-2954.3514853647266
838741.592274,-3306.138027156903,-2954.3514853647266
838754.32556,-3306.138027156903,-2954.3514853647266
838761.608507,-3306.138027156903,-2954.3514853647266
838771.149782,-3306.138027156903,-2954.3514853647266
838781.12206,-3306.138027156903,-2954.3514853647266
838792.427403,-3311.5046828439263,-2955.1707569621894
838801.15013,-3318.4563093777733,-2957.3865142611808
838812.025145,-3318.4563093777733,-2957.3865142611808
838821.525116,-3318.4563093777733,-2957.3865142611808
838832.084891,-3318.4563093777733,-2957.3865142611808
838843.253403,-3318.4563093777733,-2957.3865142611808
838851.547293,-3318.4563093777733,-2957.3865142611808
838861.984768,-3318.4563093777733,-2957.3865142611808
838871.978928,-3318.4563093777733,-2957.3865142611808
838881.945398,-3318.4563093777733,-2957.3865142611808
838891.150542,-3318.4563093777733,-2957.3865142611808
838901.152682,-3318.4563093777733,-2957.3865142611808
838911.912339,-3318.4563093777733,-2957.3865142611808
838922.011358,-3318.4563093777733,-2957.3865142611808
838931.50978,-3318.4563093777733,-2957.3865142611808
838942.085237,-3318.4563093777733,-2957.3865142611808
838951.149964,-3318.4563093777733,-2957.3865142611808
838961.951322,-3318.4563093777733,-2957.3865142611808
838972.116977,-3318.4563093777733,-2957.3865142611808
838983.142863,-3321.6401543285556,-2959.3276293613662
838992.247152,-3324.149691511554,-2960.50998723472
839002.807823,-3324.149691511554,-2960.50998723472
839011.183027,-3324.149691511554,-2960.50998723472
839021.153217,-3324.149691511554,-2960.50998723472
839031.502801,-3324.149691511554,-2960.50998723472
839044.215412,-3331.1638826840826,-2963.4658819211722
839051.835192,-3339.9159804864044,-2965.3418276725624
839063.289508,-3339.9159804864044,-2965.3418276725624
839073.636728,-3339.9159804864044,-2965.3418276725624
839081.569452,-3339.9159804864044,-2965.3418276725624
839092.017662,-3339.9159804864044,-2965.3418276725624
839104.98894,-3339.9159804864044,-2965.3418276725624
839111.145633,-3339.9159804864044,-2965.3418276725624
839121.594904,-3339.9159804864044,-2965.3418276725624
839131.12279,-3339.9159804864044,-2965.3418276725624
839144.557621,-3339.9159804864044,-2965.3418276725624
839151.160607,-3339.9159804864044,-2965.3418276725624
839163.492453,-3339.9159804864044,-2965.3418276725624
839172.069921,-3339.9159804864044,-2965.3418276725624
839183.617413,-3339.9159804864044,-2965.3418276725624
839191.151088,-3339.9159804864044,-2965.3418276725624
839201.578867,-3339.9159804864044,-2965.3418276725624
839215.863377,-3339.9159804864044,-2965.3418276725624
839221.592079,-3339.9159804864044,-2965.3418276725624
839231.589501,-3339.9159804864044,-2965.3418276725624
839244.431167,-3339.9159804864044,-2965.3418276725624
839251.830095,-3339.9159804864044,-2965.3418276725624
839257.721375,-3339.9159804864044,-2965.3418276725624
839261.149879,-3339.9159804864044,-2965.3418276725624
839271.273207,-3346.5478321931623,-2964.0244761889576
839285.493681,-3349.9958389584635,-2963.8243132417924
839291.755132,-3349.9958389584635,-2963.8243132417924
839301.14881,-3349.9958389584635,-2963.8243132417924
839311.14884,-3349.9958389584635,-2963.8243132417924
839321.170439,-3377.162795432436,-2945.418631809084
839333.348127,-3429.0358325653488,-2853.5484850661746
839675.486945,-2728.5753209641694,-2156.8146975245872
839675.487661,-2728.5753209641694,-2156.8146975245872
839682.995047,-2903.0479611837372,-2158.600854410611
839682.995663,-2903.0479611837372,-2158.600854410611
839720.797022,-2999.1124888084755,-2084.829073532387
839720.800702,-2999.1124888084755,-2084.829073532387
839720.967064,-3007.23198864582,-2056.308141065028
839729.655356,-2968.852058349607,-1994.8999204365093
839739.746805,-2967.57991068726,-1989.6630911514053
839750.506326,-2965.4527129562803,-1977.2064197402337
839760.065039,-3009.929219753945,-1929.7444512269637
839769.140341,-3051.4443336067047,-1858.8261344743144
839779.14997,-3081.113875770222,-1775.1951115854051
839793.415714,-3117.40831803569,-1658.625568838863
839798.673488,-3127.3282891351805,-1630.5980432101364
839808.818972,-3127.3282891351805,-1630.5980432101364
839819.431429,-3127.509031423719,-1630.4304645745124
839828.792807,-3182.211380771573,-1530.8375446139626
839839.965088,-3236.3923580799255,-1525.293483967175
839852.441783,-3303.0862631093596,-1632.9441440579667
839859.565869,-3421.194397846001,-1650.6190344871873
839869.136778,-3545.628512472524,-1603.4921988688263
839879.067649,-3623.7578427459284,-1626.6878751138956
839889.427481,-3627.9149153863364,-1631.6454096637472
839899.11157,-3644.9603035592168,-1646.6064573580588
839909.064969,-3710.4515767371,-1693.6727752776935
839926.960009,-3821.628939034061,-1775.143907012193
839928.747044,-3874.8575429075036,-1777.950848463191
839939.582524,-3957.2829778533655,-1701.372081623568
839950.022404,-4023.3720905156397,-1579.7286163602987
839961.44295,-4074.556916008378,-1507.4929060461332
839970.63999,-4126.193597169618,-1492.3503115333983
839980.098406,-4139.213993473815,-1494.2076417720878
839980.690551,-4139.213993473815,-1494.2076417720878
839988.716649,-4163.5516376030155,-1477.7616572630182
839998.670676,-4167.993726883647,-1479.5119233890814
840009.174603,-4167.993726883647,-1479.5119233890814
840019.158518,-4167.993726883647,-1479.5119233890814
840029.254403,-4167.993726883647,-1479.5119233890814
840039.615442,-4177.1351156318415,-1491.7777510758
840049.858619,-4177.1351156318415,-1491.7777510758
840059.864233,-4186.644940580193,-1499.3886155721773
840068.698148,-4186.644940580193,-1499.3886155721773
840080.47578,-4186.644940580193,-1499.3886155721773
840088.70759,-4186.644940580193,-1499.3886155721773
840099.885727,-4186.644940580193,-1499.3886155721773
840108.698167,-4186.644940580193,-1499.3886155721773
840119.085271,-4186.644940580193,-1499.3886155721773
840129.060512,-4194.5002784424705,-1514.6196542222826
840139.299492,-4194.5002784424705,-1514.6196542222826
840149.510616,-4194.5002784424705,-1514.6196542222826
840159.601195,-4194.5002784424705,-1514.6196542222826
840171.823313,-4178.442021402661,-1525.0886656043244
840178.697208,-4178.442021402661,-1525.0886656043244
840188.74335,-4178.442021402661,-1525.0886656043244
840200.642696,-4178.442021402661,-1525.0886656043244
840209.337486,-4178.442021402661,-1525.0886656043244
840219.313618,-4178.442021402661,-1525.0886656043244
840228.707092,-4178.442021402661,-1525.0886656043244
840239.173076,-4178.442021402661,-1525.0886656043244
840249.224958,-4178.442021402661,-1525.0886656043244
840259.618398,-4178.442021402661,-1525.0886656043244
840269.457217,-4178.442021402661,-1525.0886656043244
840279.057087,-4178.442021402661,-1525.0886656043244
840289.47686,-4178.442021402661,-1525.0886656043244
840301.753977,-4178.442021402661,-1525.0886656043244
840308.913577,-4178.442021402661,-1525.0886656043244
840318.695712,-4178.442021402661,-1525.0886656043244
840328.691856,-4178.442021402661,-1525.0886656043244
840344.145574,-4178.442021402661,-1525.0886656043244
840348.737257,-4178.442021402661,-1525.0886656043244
840359.196986,-4178.442021402661,-1525.0886656043244
840370.272899,-4178.442021402661,-1525.0886656043244
840379.65908,-4165.984706852095,-1513.0183470031127
840389.485977,-4163.343088806254,-1510.853789262972
840399.568055,-4163.343088806254,-1510.853789262972
840409.437043,-4163.343088806254,-1510.853789262972
840418.71686,-4163.343088806254,-1510.853789262972
840428.68184,-4163.343088806254,-1510.853789262972
840438.696902,-4163.343088806254,-1510.853789262972
840450.888484,-4163.343088806254,-1510.853789262972
840458.7202,-4163.343088806254,-1510.853789262972
840469.068885,-4163.343088806254,-1510.853789262972
840479.661445,-4158.914902772748,-1508.4145887086117
840490.088956,-4158.914902772748,-1508.4145887086117
840499.620022,-4158.914902772748,-1508.4145887086117
840509.129906,-4158.914902772748,-1508.4145887086117
840519.665156,-4158.914902772748,-1508.4145887086117
840529.998645,-4158.914902772748,-1508.4145887086117
840538.696991,-4158.914902772748,-1508.4145887086117
840548.698876,-4158.914902772748,-1508.4145887086117
840576.098526,-4153.423117891604,-1504.1180579399277
840576.244971,-4153.179810967523,-1503.8294502350334
840578.722711,-4146.471491464877,-1501.0969869881997
840587.076986,-4146.471491464877,-1501.0969869881997
840587.077727,-4146.471491464877,-1501.0969869881997
840889.870939,-4291.836951492987,-1638.5487182697973
840889.871689,-4291.836951492987,-1638.5487182697973
840895.514618,-4351.322018625011,-1670.1652190389295
840895.515246,-4351.322018625011,-1670.1652190389295
840904.023847,-4384.912277375309,-1631.1473287303409
840904.024493,-4384.912277375309,-1631.1473287303409
840947.155879,-4522.790835053835,-1315.8620190944675
840947.156603,-4522.790835053835,-1315.8620190944675
840954.265602,-4526.530810045169,-1281.4804517569307
840957.382336,-4528.01845808976,-1262.2694127156492
840957.383069,-4528.01845808976,-1262.2694127156492
840959.385572,-4528.01845808976,-1262.2694127156492
840962.435938,-4520.0588458864195,-1226.3703238969285
840973.049081,-4523.221835891724,-1183.3956858613494
840984.644005,-4534.900568197331,-1170.9995131846185
842186.951909,-4215.834819922888,-3262.206681919505
842186.952555,-4215.834819922888,-3262.206681919505
842194.533631,-4238.9489777546705,-3273.439076310689
842194.534376,-4238.9489777546705,-3273.439076310689
842206.299207,-4259.970696029078,-3281.664372860581
842206.307468,-4259.970696029078,-3281.664372860581
842216.308938,-4282.153335913017,-3281.673682756839
842226.597498,-4361.791167983119,-3327.571487256664
842238.000726,-4391.370338289198,-3342.011140684613
842246.837643,-4441.2134994971775,-3365.4581207362485
842256.365699,-4466.385338635333,-3382.849011090381
842266.029933,-4519.127327956567,-3401.5898361802642
842276.658696,-4586.815313898491,-3438.0567058890983
842285.978782,-4628.212248870388,-3455.210191867327
842296.435244,-4638.570172134738,-3460.935778671717
842316.867588,-4646.668816840963,-3468.374386487763
842316.927929,-4651.145664209978,-3456.755634818324
842318.196383,-4651.145664209978,-3456.755634818324
842318.197013,-4651.145664209978,-3456.755634818324
842324.33052,-4653.509217171149,-3453.1340847662373
842335.148824,-4661.934588305555,-3429.4916000950598
842347.452508,-4670.777057027227,-3413.8742465732757
842355.402599,-4669.91505535433,-3405.4580988204284
842365.100314,-4669.928958610123,-3401.059171991855
842376.439507,-4669.928958610123,-3401.059171991855
842384.784581,-4669.928958610123,-3401.059171991855
842394.670705,-4662.977332261653,-3387.1036346216274
842406.495034,-4645.855476558543,-3345.995777412646
842415.214647,-4637.450960292279,-3325.4441752908588
842428.076175,-4593.9546341745145,-3211.4537594239378
842434.594663,-4586.2869902958255,-3105.65138233222
842456.857282,-4616.206790149739,-2931.1651674777318
842456.858007,-4616.206790149739,-2931.1651674777318
842459.125493,-4616.206790149739,-2931.1651674777318
842469.054053,-4657.527257199691,-2822.8490689595646
842483.732859,-4708.670372232916,-2719.0156727372664
842503.864252,-4801.537148449068,-2514.062668480111
842503.869807,-4801.537148449068,-2514.062668480111
842504.541132,-4861.140392547287,-2253.5107888430166
842504.541874,-4861.140392547287,-2253.5107888430166
842506.668462,-4861.140392547287,-2253.5107888430166
842517.391854,-4871.866751951502,-2169.1210597264603
842526.630466,-4883.149241463093,-2080.6768503802714
842536.631794,-4879.735992940456,-1916.0449043389183
842546.673077,-4862.377782028175,-1799.7639949949955
842556.631819,-4860.3687620195105,-1737.7273298161697
842566.692604,-4859.513711982379,-1728.8596286263696
842576.621319,-4835.537552811277,-1696.2330041209545
842592.40248,-4785.339859101857,-1690.335167839003
842596.661137,-4697.241898526758,-1683.8880460391565
842607.184469,-4653.87765336927,-1677.3478249312307
842618.430585,-4653.87765336927,-1677.3478249312307
842626.635582,-4641.767920258463,-1676.0444356574865
842637.034472,-4590.423207983701,-1649.8183810493588
842647.450439,-4514.226431359907,-1647.7189932384158
842657.133743,-4370.869992055174,-1678.055379102944
842666.628962,-4281.89612573368,-1634.1823639437366
842677.797899,-4231.343898455518,-1574.6966020136902
842687.086273,-4192.338322622192,-1531.0097782354067
842693.395805,-4170.426796132501,-1517.5150411160723
842698.388007,-4170.426796132501,-1517.5150411160723
842753.606472,-4196.801266779885,-1517.594175488296
842753.607105,-4196.801266779885,-1517.594175488296
842757.24789,-4196.801266779885,-1517.594175488296
842766.148058,-4196.801266779885,-1517.594175488296
842776.146579,-4196.801266779885,-1517.594175488296
842786.208069,-4196.801266779885,-1517.594175488296
842796.168123,-4196.801266779885,-1517.594175488296
842806.537897,-4196.801266779885,-1517.594175488296
842816.186489,-4196.801266779885,-1517.594175488296
842826.577134,-4196.801266779885,-1517.594175488296
842837.757428,-4196.801266779885,-1517.594175488296
842846.534553,-4196.801266779885,-1517.594175488296
842858.717674,-4196.801266779885,-1517.594175488296
842867.006342,-4196.801266779885,-1517.594175488296
842878.798399,-4196.801266779885,-1517.594175488296
842886.87475,-4196.801266779885,-1517.594175488296
842896.276828,-4196.801266779885,-1517.594175488296
842906.81436,-4196.801266779885,-1517.594175488296
842916.221231,-4196.801266779885,-1517.594175488296
842928.160011,-4196.801266779885,-1517.594175488296
842936.232763,-4196.801266779885,-1517.594175488296
842946.521199,-4196.801266779885,-1517.594175488296
842957.262381,-4192.567726290287,-1525.1538350801702
842966.698613,-4192.331370998421,-1525.4703725516185
842976.955975,-4192.331370998421,-1525.4703725516185
842996.315606,-4192.331370998421,-1525.4703725516185
842996.316228,-4192.331370998421,-1525.4703725516185
842998.978466,-4192.331370998421,-1525.4703725516185
843009.347833,-4192.331370998421,-1525.4703725516185
843020.877731,-4186.526762934247,-1530.4698025517
843029.872276,-4175.091337465011,-1523.3756393029807
843039.406988,-4175.091337465011,-1523.3756393029807
843051.687745,-4175.091337465011,-1523.3756393029807
843059.453463,-4175.091337465011,-1523.3756393029807
843069.669413,-4175.091337465011,-1523.3756393029807
843079.54652,-4175.091337465011,-1523.3756393029807
843089.430497,-4175.091337465011,-1523.3756393029807
843099.748955,-4175.091337465011,-1523.3756393029807
843110.006949,-4175.091337465011,-1523.3756393029807
843118.977423,-4172.581800329842,-1514.475350373054
843129.398413,-4167.145628465479,-1508.0189168559343
843138.948668,-4162.161312313061,-1502.777428609966
843151.65984,-4160.527680107271,-1501.1807763119834
843158.982461,-4160.527680107271,-1501.1807763119834
843172.272314,-4160.527680107271,-1501.1807763119834
843178.982435,-4160.527680107271,-1501.1807763119834
843189.468047,-4160.527680107271,-1501.1807763119834
843199.434006,-4160.527680107271,-1501.1807763119834
843208.960092,-4160.527680107271,-1501.1807763119834
843219.585273,-4160.527680107271,-1501.1807763119834
843229.589931,-4160.527680107271,-1501.1807763119834
843238.976941,-4160.527680107271,-1501.1807763119834
843250.190744,-4160.527680107271,-1501.1807763119834
843258.978897,-4160.527680107271,-1501.1807763119834
843271.820563,-4160.527680107271,-1501.1807763119834
843278.952203,-4160.527680107271,-1501.1807763119834
843288.976854,-4160.527680107271,-1501.1807763119834
843300.447042,-4160.527680107271,-1501.1807763119834
843310.491031,-4160.527680107271,-1501.1807763119834
843319.436103,-4160.145340649242,-1500.7199349851794
843772.029281,-4064.657799963972,-1422.851709845771
843772.029979,-4064.657799963972,-1422.851709845771
843776.559378,-4064.4144930393036,-1420.957139692794
843777.457407,-4064.4144930393036,-1420.957139692794
843777.458193,-4064.4144930393036,-1420.957139692794
843779.581662,-4064.4144930393036,-1420.957139692794
843784.020232,-4055.4190884199556,-1414.933616831152
843784.020889,-4055.4190884199556,-1414.933616831152
843786.310009,-4041.7799973423075,-1406.1357355987655
843786.446587,-4055.4190884199556,-1414.933616831152
843791.721297,-4041.7799973423075,-1406.1357355987655
843796.309114,-3988.8294586938687,-1366.9874900840307
843806.718148,-3981.217427732256,-1364.4412248017563
844688.499184,-2331.510276247051,-3272.5171137983907
844688.49992,-2331.510276247051,-3272.5171137983907
844697.678584,-2328.6420063522887,-3311.0557259363404
844697.679201,-2328.6420063522887,-3311.0557259363404
844715.077432,-2427.876476455344,-3403.763697375586
844715.099955,-2427.876476455344,-3403.763697375586
844725.127947,-2427.876476455344,-3403.763697375586
844735.364109,-2427.876476455344,-3403.763697375586
844745.130046,-2427.876476455344,-3403.763697375586
844757.149883,-2427.876476455344,-3403.763697375586
844796.017465,-2622.5289732795595,-3538.445323099474
844796.018114,-2622.5289732795595,-3538.445323099474
844799.308653,-2633.700237237122,-3545.916514654675
844811.785729,-2753.685312340639,-3519.4903744321714
844822.365734,-2823.0834005914576,-3454.996064232647
844829.344921,-2848.9990645086327,-3406.337884182434
844839.355242,-2839.3015454178258,-3374.498032214765
844852.370966,-2778.620796931144,-3318.326757327494
844859.949369,-2792.5657598702755,-3274.430580645964
844869.729796,-2803.9664274758115,-3255.36390530051
844881.493871,-2803.9664274758115,-3255.36390530051
844913.042157,-2857.4383391816114,-3201.245453049947
844913.042919,-2857.4383391816114,-3201.245453049947
844915.468654,-2857.4383391816114,-3201.245453049947
844926.476001,-2857.4383391816114,-3201.245453049947
844938.730928,-2857.4383391816114,-3201.245453049947
844945.57378,-2864.4872885321333,-3196.6975663912895
844955.470036,-2883.847568569214,-3177.030400071224
844967.83727,-2913.635288462897,-3134.8379257049105
844976.097726,-2967.114151700554,-3110.8742375623788
844986.082079,-3007.0929561089956,-3101.9879357239706
844995.964989,-3027.106689004602,-3036.3903595998368
845023.150464,-3077.7006271347814,-2795.5291476003385
845023.151112,-3077.7006271347814,-2795.5291476003385
845025.174857,-3077.7006271347814,-2795.5291476003385
845035.586732,-3077.4712234536923,-2787.387633924404
845045.240323,-3077.4712234536923,-2787.387633924404
845056.00722,-3077.4712234536923,-2787.387633924404
845065.995576,-3082.9699600646013,-2775.070626749354
845075.179631,-3092.3894140557168,-2721.734165880296
845085.214696,-3100.9607696028047,-2667.54584388003
845095.90961,-3112.6464538460223,-2615.3591478210387
845107.455196,-3121.6835683676704,-2573.7112659220707
845120.331217,-3135.148869011919,-2495.0844144699263
845126.089992,-3126.966804550145,-2375.2239494882156
845126.09057,-3126.966804550145,-2375.2239494882156
845128.534048,-3115.7538309190777,-2354.295264479886
845139.733168,-3075.052057413421,-2286.2165190056376
845149.382261,-3025.257556332717,-2155.351693628543
845159.281036,-3016.7696202960983,-2107.0797756332818
845168.982204,-3016.7696202960983,-2107.0797756332818
845178.125607,-3016.7696202960983,-2107.0797756332818
845188.127342,-3013.6274850904065,-2086.770191297347
845198.092758,-2990.249164934939,-2031.2830815803363
845208.59438,-2971.5214829551824,-2001.630991600427
845218.596862,-2971.5214829551824,-2001.630991600427
845230.116813,-2970.0894478758282,-1999.2848921135562
845238.863631,-2978.3340769890474,-1954.3319485036836
845248.118737,-3016.422038966539,-1920.9326122371835
845260.158568,-3037.395096319209,-1892.5932158457986
845268.541011,-3043.1023817259816,-1878.283868379577
845278.858539,-3055.935084367934,-1843.771992569764
845288.582212,-3084.123930076613,-1749.7650594220745
845298.121905,-3116.9495106823356,-1656.9963322006245
845308.138026,-3124.422509231192,-1649.2644405860008
845318.103545,-3156.2331523507,-1587.218450782876
845328.616362,-3188.155021470219,-1520.1730248841156
845338.603921,-3189.260330088022,-1517.5522808161368
845349.025522,-3189.260330088022,-1517.5522808161368
845358.920194,-3196.1493920036755,-1501.8417810554242
845369.053833,-3247.6192349458925,-1542.3166826197926
845379.905715,-3309.787631084017,-1641.8444313181885
845388.981248,-3362.0847174905257,-1671.389473972676
845398.552754,-3499.497518943906,-1619.3097602491775
845408.626508,-3601.3805570426634,-1606.8903212728292
845418.531199,-3687.698903239459,-1678.4417409194382
845431.022549,-3776.0332209796366,-1724.6375787235959
845438.150096,-3830.5756823026236,-1783.6159358868947
845448.161435,-3890.589073599882,-1758.8887831807783
845461.824546,-3947.8218142444252,-1693.049010434372
845471.159792,-3999.541915055305,-1625.7010231582308
845479.725719,-4056.8580750962483,-1519.3677163210189
845490.331982,-4090.052091338431,-1500.6826952745603
845498.119297,-4090.052091338431,-1500.6826952745603
845510.424985,-4115.995561195858,-1497.498700608124
845517.165229,-4134.50079075448,-1495.7111948185131
845518.477548,-4134.50079075448,-1495.7111948185131
845528.128996,-4151.831195444823,-1481.5368323394703
845538.567151,-4163.565540850565,-1484.16688649039
845548.56989,-4163.565540850565,-1484.16688649039
845560.748667,-4163.565540850565,-1484.16688649039
845569.734858,-4163.565540850565,-1484.16688649039
845578.882391,-4163.565540850565,-1484.16688649039
845588.912592,-4163.565540850565,-1484.16688649039
845601.309472,-4163.565540850565,-1484.16688649039
845609.161716,-4163.565540850565,-1484.16688649039
845618.559459,-4163.565540850565,-1484.16688649039
845628.116096,-4163.565540850565,-1484.16688649039
845638.577941,-4163.565540850565,-1484.16688649039
845649.252923,-4163.565540850565,-1484.16688649039
845658.129531,-4163.565540850565,-1484.16688649039
845668.091557,-4163.565540850565,-1484.16688649039
845680.891122,-4163.565540850565,-1484.16688649039
845691.071005,-4163.565540850565,-1484.16688649039
845699.340425,-4163.565540850565,-1484.16688649039
845708.972072,-4163.565540850565,-1484.16688649039
845720.263081,-4163.565540850565,-1484.16688649039
845730.712862,-4163.565540850565,-1484.16688649039
845739.358506,-4163.565540850565,-1484.16688649039
845748.219906,-4163.565540850565,-1484.16688649039
845758.593003,-4163.565540850565,-1484.16688649039
845768.191741,-4163.565540850565,-1484.16688649039
845778.714921,-4163.565540850565,-1484.16688649039
845789.112544,-4176.877905460188,-1479.7586364393085
845798.117545,-4176.877905460188,-1479.7586364393085
845811.429573,-4176.877905460188,-1479.7586364393085
845819.150382,-4176.877905460188,-1479.7586364393085
845829.313059,-4176.877905460188,-1479.7586364393085
845838.129222,-4176.877905460188,-1479.7586364393085
845848.129336,-4176.877905460188,-1479.7586364393085
845860.888981,-4176.877905460188,-1479.7586364393085
845868.153799,-4176.877905460188,-1479.7586364393085
845878.553449,-4187.381812984247,-1481.9092293915132
845888.103565,-4195.445699634629,-1490.7396943249712
845898.118872,-4195.139828071788,-1492.5690947905255
845908.496023,-4195.139828071788,-1492.5690947905255
845918.098753,-4195.139828071788,-1492.5690947905255
845928.129368,-4195.139828071788,-1492.5690947905255
845939.276367,-4195.139828071788,-1492.5690947905255
845948.493553,-4195.139828071788,-1492.5690947905255
845958.134608,-4195.139828071788,-1492.5690947905255
845968.494747,-4195.139828071788,-1492.5690947905255
845978.560321,-4195.139828071788,-1492.5690947905255
845988.119729,-4199.971208431003,-1494.4078051838976
845998.484533,-4198.872851457376,-1508.0235718276967
846009.230185,-4187.875378455835,-1512.2921727923206
846018.663663,-4181.000219928972,-1512.8880080372182
846029.232216,-4181.000219928972,-1512.8880080372182
846038.121738,-4181.000219928972,-1512.8880080372182
846048.137526,-4181.000219928972,-1512.8880080372182
846062.795282,-4181.000219928972,-1512.8880080372182
846068.837444,-4181.000219928972,-1512.8880080372182
846078.260347,-4181.000219928972,-1512.8880080372182
846088.76762,-4181.000219928972,-1512.8880080372182
846098.601674,-4181.000219928972,-1512.8880080372182
846108.091311,-4179.887959698975,-1513.3441944036751
846119.406836,-4178.970345009996,-1513.1952355921467
846129.214819,-4178.970345009996,-1513.1952355921467
846138.128329,-4178.970345009996,-1513.1952355921467
846150.617925,-4178.970345009996,-1513.1952355921467
846158.121125,-4178.970345009996,-1513.1952355921467
846168.128299,-4178.970345009996,-1513.1952355921467
846178.118724,-4178.970345009996,-1513.1952355921467
846188.579364,-4171.3583140775845,-1512.380617086695
846198.260977,-4171.42783034036,-1512.4411316035607
846208.535358,-4171.42783034036,-1512.4411316035607
846218.617557,-4171.42783034036,-1512.4411316035607
846228.11789,-4171.42783034036,-1512.4411316035607
846238.7236,-4171.42783034036,-1512.4411316035607
846249.006762,-4171.42783034036,-1512.4411316035607
846260.637193,-4171.42783034036,-1512.4411316035607
846268.892528,-4171.42783034036,-1512.4411316035607
846278.085421,-4171.42783034036,-1512.4411316035607
846288.116066,-4171.42783034036,-1512.4411316035607
846298.589619,-4171.42783034036,-1512.4411316035607
846308.598813,-4171.42783034036,-1512.4411316035607
846318.924065,-4171.42783034036,-1512.4411316035607
846328.852451,-4171.42783034036,-1512.4411316035607
846345.542574,-4171.42783034036,-1512.4411316035607
846348.132393,-4171.42783034036,-1512.4411316035607
846358.577765,-4171.42783034036,-1512.4411316035607
846368.605796,-4171.42783034036,-1512.4411316035607
846378.116295,-4171.42783034036,-1512.4411316035607
846391.120858,-4171.42783034036,-1512.4411316035607
846399.00397,-4163.301379046815,-1509.3874759529488
846408.117175,-4155.981316419236,-1505.384207855012
846418.117377,-4155.981316419236,-1505.384207855012
846428.592316,-4155.981316419236,-1505.384207855012
846438.098883,-4148.661253790558,-1499.2256918736211
846448.119525,-4144.47637467999,-1495.180529038357
846458.20589,-4144.47637467999,-1495.180529038357
846468.124979,-4144.47637467999,-1495.180529038357
846478.123086,-4144.47637467999,-1495.180529038357
846489.521296,-4148.598689151525,-1491.5496578848865
846498.117513,-4149.321658300205,-1491.2051906293527
846508.397087,-4149.321658300205,-1491.2051906293527
846518.622336,-4150.482579913984,-1490.9165829198146
846528.117531,-4150.482579913984,-1490.9165829198146
846538.793275,-4150.482579913984,-1490.9165829198146
846548.092056,-4150.482579913984,-1490.9165829198146
846558.518696,-4144.253922635444,-1492.0104992282413
846570.481521,-4142.488209527196,-1488.2818738375543
846579.034111,-4148.244156205155,-1487.4160507150043
846588.090287,-4148.2858659644635,-1487.802412646062
846599.820806,-4148.2858659644635,-1487.802412646062
846609.47922,-4148.2858659644635,-1487.802412646062
846618.126698,-4150.253176245692,-1486.936589512354
846628.787449,-4149.349464811958,-1486.005596895893
846638.756782,-4149.32860993223,-1485.0466745110252
846650.199071,-4149.32860993223,-1485.0466745110252
846658.869635,-4151.03175840135,-1481.6485514554088
846669.004071,-4151.03175840135,-1481.6485514554088
846679.049475,-4151.03175840135,-1481.6485514554088
846690.545564,-4151.03175840135,-1481.6485514554088
846699.906271,-4151.03175840135,-1481.6485514554088
846708.109918,-4151.03175840135,-1481.6485514554088
846721.267903,-4151.03175840135,-1481.6485514554088
846728.472318,-4151.03175840135,-1481.6485514554088
846738.117443,-4151.03175840135,-1481.6485514554088
846748.11716,-4151.03175840135,-1481.6485514554088
846758.484269,-4151.03175840135,-1481.6485514554088
846768.091199,-4152.519406457928,-1478.878848411104
846778.466872,-4153.666424824082,-1476.974968491793
846789.359576,-4153.666424824082,-1476.974968491793
846800.081944,-4153.666424824082,-1476.974968491793
846808.120252,-4153.666424824082,-1476.974968491793
846819.809088,-4153.666424824082,-1476.974968491793
846833.583287,-4153.666424824082,-1476.974968491793
846838.126228,-4153.666424824082,-1476.974968491793
846848.793384,-4153.666424824082,-1476.974968491793
846858.262112,-4153.666424824082,-1476.974968491793
846870.854074,-4153.666424824082,-1476.974968491793
846878.694921,-4153.666424824082,-1476.974968491793
846887.397693,-4153.666424824082,-1476.974968491793
846888.095947,-4153.666424824082,-1476.974968491793
846902.517397,-4160.965632572287,-1468.1398484045383
846908.137632,-4193.8120674217125,-1501.9348803128364
846918.093092,-4198.9979807354575,-1517.0402349091617
847606.104945,-3090.085642335885,-649.493168662237
847606.105705,-3090.085642335885,-649.493168662237
847614.107975,-3090.085642335885,-649.493168662237
847618.645301,-3090.085642335885,-649.493168662237
847618.645995,-3090.085642335885,-649.493168662237
847620.500009,-3453.7349615938506,-974.429605003306
847630.470116,-3549.292019640932,-938.8004880136579
847640.909329,-3611.7106740198883,-914.7575826226049
847651.493495,-3644.4041734344005,-946.7185869609817
847660.89951,-3648.4222135544114,-995.02783282102
847670.988681,-3694.4141744256003,-1036.5035844300069
847680.980103,-3630.6608078507024,-1094.0948256074246
847691.318678,-3644.2998990431506,-1123.0906077570942
847700.916134,-3657.6400702819515,-1138.354240183854
847711.207674,-3676.513736209652,-1170.813314573417
847721.05648,-3645.474723916066,-1194.1579654963034
847731.662601,-3591.1408111986398,-1256.01779508556
847740.897965,-3613.5180969059907,-1317.1421342842395
847750.487818,-3640.9283601911193,-1360.2936519064763
847760.488667,-3711.7167727519027,-1393.6557779192824
847771.35801,-3791.8064614529767,-1370.6137069867302
847783.736578,-3841.948543210388,-1353.2181066077478
847790.997719,-3936.9703253457646,-1354.3678827223862
847800.933722,-4004.8321027798625,-1383.186764383119
847810.924839,-4005.1866357272565,-1382.2278418323458
847820.889457,-4005.1866357272565,-1382.2278418323458
847831.014849,-4005.1866357272565,-1382.2278418323458
847846.18254,-4011.5265190540813,-1381.8275149496399
847851.27252,-4054.953329450444,-1413.3369643243534
847861.260432,-4119.255873994976,-1456.953971745009
847870.498023,-4143.030436382476,-1477.8547565225854
847872.447553,-4143.030436382476,-1477.8547565225854
847880.506412,-4148.584785903972,-1480.2334426749937
847892.562926,-4162.314248094586,-1479.7726013243966
847901.024848,-4162.314248094586,-1479.7726013243966
847912.507686,-4162.314248094586,-1479.7726013243966
847920.786476,-4162.314248094586,-1479.7726013243966
847931.338308,-4162.314248094586,-1479.7726013243966
847941.00059,-4162.314248094586,-1479.7726013243966
847951.212946,-4162.314248094586,-1479.7726013243966
847962.207135,-4179.9296694584,-1498.6764062401078
847972.896083,-4179.9296694584,-1498.6764062401078
847981.672158,-4179.9296694584,-1498.6764062401078
847990.503577,-4179.9296694584,-1498.6764062401078
848000.50979,-4188.64700898712,-1500.7385548316547
848011.069628,-4189.175332602595,-1501.2087060892882
848021.274683,-4189.175332602595,-1501.2087060892882
848030.901661,-4189.175332602595,-1501.2087060892882
848042.752199,-4189.175332602595,-1501.2087060892882
848051.581555,-4189.175332602595,-1501.2087060892882
848062.955226,-4194.486375186534,-1501.8883306894327
848071.601403,-4194.486375186534,-1501.8883306894327
848081.455224,-4194.486375186534,-1501.8883306894327
848093.49013,-4186.325165769607,-1507.432391529827
848101.408202,-4184.503839639274,-1500.282368466281
848110.492738,-4184.503839639274,-1500.282368466281
848120.474993,-4199.04664211849,-1501.6648924639967
848131.052682,-4199.04664211849,-1501.6648924639967
848141.023586,-4199.04664211849,-1501.6648924639967
848150.996508,-4199.04664211849,-1501.6648924639967
848161.232712,-4196.217330165793,-1507.1437838384738
848171.557681,-4195.181537831052,-1509.4619553643308
848182.505174,-4199.491546206928,-1515.7321903460336
848190.886875,-4194.813101629089,-1532.0199051448121
848200.916486,-4194.854811388503,-1531.9407707745554
848211.694935,-4194.854811388503,-1531.9407707745554
848222.385633,-4194.854811388503,-1531.9407707745554
848230.51771,-4194.854811388503,-1531.9407707745554
848240.526333,-4194.854811388503,-1531.9407707745554
848250.897619,-4194.854811388503,-1531.9407707745554
848260.855185,-4194.854811388503,-1531.9407707745554
848270.990982,-4194.854811388503,-1531.9407707745554
848282.237913,-4194.854811388503,-1531.9407707745554
848291.303773,-4194.854811388503,-1531.9407707745554
848301.281314,-4194.854811388503,-1531.9407707745554
848311.100455,-4194.854811388503,-1531.9407707745554
848321.540362,-4194.854811388503,-1531.9407707745554
848330.900877,-4194.854811388503,-1531.9407707745554
848340.980888,-4194.854811388503,-1531.9407707745554
848350.494597,-4194.854811388503,-1531.9407707745554
848360.471318,-4185.518777102782,-1534.0215391131308
848370.470253,-4185.518777102782,-1534.016884151676
848381.319079,-4185.518777102782,-1534.016884151676
848391.668443,-4185.518777102782,-1534.016884151676
848401.627411,-4185.518777102782,-1534.016884151676
848410.955704,-4185.518777102782,-1534.016884151676
848421.396464,-4185.518777102782,-1534.016884151676
848430.942123,-4185.518777102782,-1534.016884151676
848440.95249,-4185.518777102782,-1534.016884151676
848450.926009,-4185.518777102782,-1534.016884151676
848460.934984,-4185.518777102782,-1534.016884151676
848471.004092,-4185.518777102782,-1534.016884151676
848481.816912,-4185.518777102782,-1534.016884151676
848490.965893,-4185.518777102782,-1534.016884151676
848501.466113,-4185.518777102782,-1534.016884151676
848511.188414,-4185.073873005965,-1533.5141481794924
848521.574586,-4175.862967996498,-1523.459428623031
848531.305598,-4175.862967996498,-1523.459428623031
848542.780007,-4175.862967996498,-1523.459428623031
848551.79358,-4175.862967996498,-1523.459428623031
848560.896409,-4175.862967996498,-1523.459428623031
848570.852562,-4175.862967996498,-1523.459428623031
848580.873412,-4175.862967996498,-1523.459428623031
848592.046182,-4175.862967996498,-1523.459428623031
848600.467152,-4177.86503641212,-1518.148116055267
848611.090978,-4177.781616893412,-1516.5654287007274
848621.357116,-4177.837229900382,-1516.3326805581412
848631.512254,-4175.480628546842,-1512.1618338373364
848641.243125,-4170.398989629012,-1513.7165914244968
848651.559697,-4164.093864458063,-1511.0353328140545
848662.556882,-4164.093864458063,-1511.0353328140545
848670.47247,-4164.093864458063,-1511.0353328140545
848682.832293,-4161.188084616754,-1515.4808223577204
848691.044729,-4162.390715989546,-1512.6226751545037
848700.955032,-4162.390715989546,-1512.6226751545037
848714.519483,-4162.390715989546,-1512.6226751545037
848720.49724,-4162.390715989546,-1512.6226751545037
848733.750034,-4162.390715989546,-1512.6226751545037
848740.944056,-4160.395599205314,-1510.2393341608472
848753.198927,-4157.712271399872,-1509.0802484055769
848760.850561,-4151.226403942214,-1505.6123010291924
848771.990925,-4148.786383068621,-1507.1577487216089
848780.866074,-4148.786383068621,-1507.1577487216089
848790.972766,-4146.554910983639,-1511.7894368035086
848800.498725,-4144.928230401102,-1518.152771027005
848810.87561,-4145.324473106806,-1522.7053246587118
848820.933565,-4142.543822534061,-1518.152771027005
848831.465339,-4142.717613195377,-1515.1968696194542
848840.504685,-4142.717613195377,-1515.1968696194542
848852.497807,-4145.679006053195,-1504.3275312695732
848861.247045,-4145.679006053195,-1504.3275312695732
848871.404324,-4145.679006053195,-1504.3275312695732
848881.647003,-4145.679006053195,-1504.3275312695732
848890.871295,-4145.679006053195,-1504.3275312695732
848900.86557,-4145.679006053195,-1504.3275312695732
848911.147792,-4145.679006053195,-1504.3275312695732
848920.885625,-4145.679006053195,-1504.3275312695732
848930.845754,-4145.679006053195,-1504.3275312695732
848941.309395,-4145.679006053195,-1504.3275312695732
848952.729676,-4145.679006053195,-1504.3275312695732
848960.467838,-4145.679006053195,-1504.3275312695732
848973.706161,-4145.679006053195,-1504.3275312695732
848981.324653,-4145.679006053195,-1504.3275312695732
848990.497525,-4144.949085280683,-1500.892168616572
849000.471522,-4142.258805850614,-1499.5515392806158
849011.159035,-4142.258805850614,-1499.5515392806158
849020.972434,-4142.258805850614,-1499.5515392806158
849030.973813,-4142.258805850614,-1499.5515392806158
849041.077802,-4142.258805850614,-1499.5515392806158
849051.502931,-4142.258805850614,-1499.5515392806158
849060.991422,-4142.258805850614,-1499.5515392806158
849071.869577,-4142.258805850614,-1499.5515392806158
849080.669139,-4142.258805850614,-1499.5515392806158
849090.524387,-4142.258805850614,-1499.5515392806158
849103.5362,-4142.258805850614,-1499.5515392806158
849110.982127,-4142.258805850614,-1499.5515392806158
849120.928179,-4142.258805850614,-1499.5515392806158
849131.113699,-4142.258805850614,-1499.5515392806158
849141.162901,-4139.130573955039,-1502.949662239419
849154.350898,-4139.10276745153,-1502.9450072782472
849160.498187,-4137.364860846457,-1501.7812665378917
849171.015389,-4143.767308787189,-1503.0520714184172
849181.348272,-4144.775294619374,-1502.66105453542
849191.204246,-4141.31338465727,-1496.89821038803
849201.545576,-4144.504181191745,-1495.026915262555
849213.60953,-4144.504181191745,-1495.026915262555
849220.469853,-4144.504181191745,-1495.026915262555
849230.557817,-4144.504181191745,-1495.026915262555
849241.311509,-4144.504181191745,-1495.026915262555
849251.016413,-4144.504181191745,-1495.026915262555
849261.048292,-4144.504181191745,-1495.026915262555
849271.30923,-4144.504181191745,-1495.026915262555
849280.497743,-4144.504181191745,-1495.026915262555
849292.956634,-4144.504181191745,-1495.026915262555
849301.389297,-4144.504181191745,-1495.026915262555
849311.377544,-4144.504181191745,-1495.026915262555
849320.877512,-4148.209398077875,-1491.3913891465506
849331.2493,-4148.383188739173,-1490.7396943249712
849340.524039,-4148.383188739173,-1490.7396943249712
849353.660184,-4148.383188739173,-1490.7396943249712
849361.205667,-4148.383188739173,-1490.7396943249712
849370.476076,-4151.087371416603,-1485.8566380791985
849373.053678,-4151.087371416603,-1485.8566380791985
849380.498343,-4149.982062809695,-1481.504247598911
849390.917238,-4164.865494989725,-1483.4593321025882
849400.934495,-4176.766679429738,-1492.8949421996372
850662.984644,-1695.0777047437198,-2645.458084815967
850662.986313,-1695.0777047437198,-2645.458084815967
850672.708845,-1787.3744520679143,-2554.2395884351163
850682.849762,-1880.9085888674535,-2453.1386074958236
850692.785562,-1932.5939330957522,-2397.4886062872056
850705.42466,-1957.696256959365,-2372.538039545753
850714.122573,-1957.696256959365,-2372.538039545753
850722.853799,-1957.696256959365,-2372.538039545753
850732.834118,-1957.696256959365,-2372.538039545753
850742.851771,-1957.696256959365,-2372.538039545753
850752.440873,-1957.696256959365,-2372.538039545753
850775.246643,-2035.7421694233763,-2293.6085909944936
850775.248209,-2035.7421694233763,-2293.6085909944936
850780.264133,-2069.7217204944054,-2255.1400239416275
850790.229432,-2161.3024499417684,-2160.611796328602
850808.242628,-2226.9744668208486,-2103.379083602288
850810.282484,-2299.5842070364283,-2053.198628519498
850820.324451,-2365.2631754378563,-1971.0525632897677
850833.671808,-2371.74209145819,-1965.3316180205945
850840.265268,-2371.74209145819,-1965.3316180205945
850854.099781,-2391.074565106531,-1942.9878117649039
850860.677309,-2446.729287853014,-1881.5423405065537
850871.867329,-2473.7919702873523,-1849.679137344692
850880.936801,-2512.470820780192,-1790.8218152922875
850890.272617,-2525.727572736417,-1766.5042994373764
850903.864965,-2525.727572736417,-1766.5042994373764
850910.298825,-2525.727572736417,-1766.5042994373764
850921.73965,-2526.812026492675,-1762.771020697496
850930.781463,-2560.5413188112166,-1722.7755941865437
850940.253333,-2568.3479955023063,-1716.170204022381
850950.33293,-2579.1855813839047,-1705.3520736893386
850961.994038,-2610.5999820250913,-1669.625243483196
850970.702228,-2639.400571052425,-1638.111151845574
850980.251058,-2685.830485126089,-1591.9804772329376
850990.60412,-2755.9793491193286,-1527.3509775104358
851001.150745,-2883.986601098037,-1426.547750877491
851017.390202,-2975.303167805979,-1377.0561770017243
851020.429617,-3031.2776649420443,-1354.7030401394602
851033.068358,-3091.5204607328037,-1327.9090666278014
851040.343928,-3116.4281386970365,-1319.0832543938363
851050.319455,-3116.4281386970365,-1319.0832543938363
851060.329312,-3116.4281386970365,-1319.0832543938363
851072.586063,-3116.4281386970365,-1319.0832543938363
851080.335523,-3116.4281386970365,-1319.0832543938363
851090.334635,-3116.4281386970365,-1319.0832543938363
851112.8085,-3116.4281386970365,-1319.0832543938363
851112.809227,-3116.4281386970365,-1319.0832543938363
851115.04803,-3116.4281386970365,-1319.0832543938363
851124.908616,-3116.4281386970365,-1319.0832543938363
851139.122976,-3116.4281386970365,-1319.0832543938363
851145.377428,-3164.8392660172194,-1329.9432859863625
851158.05189,-3178.547873580797,-1456.8841472884017
851158.05244,-3178.547873580797,-1456.8841472884017
851161.226273,-3194.18903331241,-1469.8202901134002
851171.368756,-3209.4061438318404,-1488.342388356544
851181.216349,-3276.2390814180967,-1606.47602962856
851191.207468,-3335.411326489315,-1670.509686208345
851205.702153,-3420.1725087438876,-1646.8019657496754
851211.164465,-3562.020447777157,-1595.0713721818172
851221.223798,-3632.482134000531,-1629.5320569124526
851231.227825,-3635.6937854377543,-1632.5857119865798
851241.848613,-3635.6937854377543,-1632.5857119865798
851251.36799,-3639.3433893526117,-1636.5982892146772
851269.125896,-3779.648066749178,-1725.4335771071567
851271.213557,-3840.120265452188,-1796.4031133161407
851283.402657,-3915.6010256100567,-1741.7911109452732
851292.017011,-3966.146301579498,-1685.7081360289787
851301.137636,-4015.3290587167244,-1600.6107772594796
851312.706125,-4079.436957771059,-1507.8699580440182
851319.211484,-4139.262654856906,-1489.6225031960728
851321.530428,-4139.262654856906,-1489.6225031960728
851331.143762,-4189.432542774184,-1497.736103720391
851341.619759,-4192.282709606985,-1527.5511409105304
851351.500188,-4181.306091491904,-1526.2430963696474
851362.862641,-4181.306091491904,-1526.2430963696474
851371.646121,-4181.306091491904,-1526.2430963696474
851382.210022,-4181.306091491904,-1526.2430963696474
851392.204596,-4181.306091491904,-1526.2430963696474
851403.495708,-4181.306091491904,-1526.2430963696474
851411.94842,-4181.306091491904,-1526.2430963696474
851421.134076,-4181.306091491904,-1526.2430963696474
851434.256939,-4181.306091491904,-1526.2430963696474
851441.57227,-4181.306091491904,-1526.2430963696474
851451.148931,-4181.306091491904,-1526.2430963696474
851461.5692,-4181.306091491904,-1526.2430963696474
851473.758397,-4181.306091491904,-1526.2430963696474
851481.620618,-4173.944319107761,-1520.0147561515241
851492.640312,-4169.328439158204,-1516.0347629266723
851501.571808,-4169.328439158204,-1516.0347629266723
851511.591791,-4169.328439158204,-1516.0347629266723
851521.121593,-4169.328439158204,-1516.0347629266723
851531.107776,-4169.328439158204,-1516.0347629266723
851541.137662,-4169.328439158204,-1516.0347629266723
851551.786207,-4169.328439158204,-1516.0347629266723
851561.26474,-4169.328439158204,-1516.0347629266723
851571.185151,-4169.328439158204,-1516.0347629266723
851581.106178,-4169.328439158204,-1516.0347629266723
851591.109653,-4169.328439158204,-1516.0347629266723
851601.539462,-4169.328439158204,-1516.0347629266723
851612.159853,-4169.328439158204,-1516.0347629266723
851621.89466,-4157.5593356181835,-1508.1632207070309
851632.121587,-4157.5593356181835,-1508.1632207070309
851641.20364,-4157.5593356181835,-1508.1632207070309
851651.123505,-4157.5593356181835,-1508.1632207070309
851661.182948,-4157.5593356181835,-1508.1632207070309
851671.203481,-4157.5593356181835,-1508.1632207070309
851683.506636,-4157.5593356181835,-1508.1632207070309
851691.133438,-4157.5593356181835,-1508.1632207070309
851701.942918,-4157.5593356181835,-1508.1632207070309
851711.975762,-4157.5593356181835,-1508.1632207070309
851722.007789,-4157.5593356181835,-1508.1632207070309
851732.119272,-4155.195782631631,-1506.3338202864845
851741.68654,-4153.603860184909,-1505.104910074044
851753.036722,-4153.603860184909,-1505.104910074044
851761.143866,-4153.603860184909,-1505.104910074044
851771.143925,-4153.603860184909,-1505.104910074044
851781.107545,-4153.603860184909,-1505.104910074044
851791.143466,-4153.603860184909,-1505.104910074044
851801.589547,-4153.603860184909,-1505.104910074044
851811.323931,-4153.603860184909,-1505.104910074044
851821.706734,-4153.603860184909,-1505.104910074044
851833.77312,-4153.603860184909,-1505.104910074044
851842.272929,-4153.603860184909,-1505.104910074044
851852.181089,-4153.603860184909,-1505.104910074044
851862.226088,-4153.603860184909,-1505.104910074044
851871.664507,-4153.603860184909,-1505.104910074044
851881.133477,-4153.603860184909,-1505.104910074044
851891.58467,-4153.603860184909,-1505.104910074044
851904.672437,-4153.603860184909,-1505.104910074044
851912.216912,-4153.603860184909,-1505.104910074044
851922.298767,-4153.603860184909,-1505.104910074044
851932.336277,-4153.603860184909,-1505.104910074044
851941.134227,-4153.603860184909,-1505.104910074044
851951.587706,-4153.603860184909,-1505.104910074044
851962.008609,-4153.603860184909,-1505.104910074044
851972.130471,-4153.603860184909,-1505.104910074044
851982.649281,-4153.603860184909,-1505.104910074044
851991.590022,-4153.603860184909,-1505.104910074044
852001.134125,-4153.603860184909,-1505.104910074044
852014.107864,-4153.603860184909,-1505.104910074044
852021.524317,-4153.603860184909,-1505.104910074044
852032.251076,-4153.603860184909,-1505.104910074044
852044.508317,-4153.603860184909,-1505.104910074044
852053.313696,-4153.603860184909,-1505.104910074044
852061.899195,-4153.603860184909,-1505.104910074044
852072.436695,-4153.603860184909,-1505.104910074044
852083.034058,-4153.603860184909,-1505.104910074044
852092.7127,-4153.603860184909,-1505.104910074044
852101.715442,-4153.603860184909,-1505.104910074044
852111.614698,-4153.603860184909,-1505.104910074044
852121.145433,-4147.60460657522,-1497.6476594229116
852131.720941,-4149.2173839099705,-1491.2051906293527
852141.602679,-4154.924669204061,-1486.005596895893
852153.746009,-4156.321946117998,-1484.9023706551216
852162.144801,-4156.321946117998,-1484.9023706551216
852172.562811,-4156.321946117998,-1484.9023706551216
852183.130026,-4156.321946117998,-1484.9023706551216
852191.586867,-4156.321946117998,-1484.9023706551216
852201.625447,-4156.321946117998,-1484.9023706551216
852211.568202,-4156.321946117998,-1484.9023706551216
852221.564777,-4156.321946117998,-1484.9023706551216
852231.592017,-4156.321946117998,-1484.9023706551216
852241.647345,-4156.321946117998,-1484.9023706551216
852253.908792,-4156.321946117998,-1484.9023706551216
852263.330087,-4156.321946117998,-1484.9023706551216
852273.94525,-4156.321946117998,-1484.9023706551216
852281.944643,-4156.321946117998,-1484.9023706551216
852291.527458,-4156.321946117998,-1484.9023706551216
852301.133277,-4156.321946117998,-1484.9023706551216
852312.434421,-4156.321946117998,-1484.9023706551216
852321.571591,-4156.321946117998,-1484.9023706551216
852331.566326,-4156.321946117998,-1484.9023706551216
852341.532677,-4156.321946117998,-1484.9023706551216
852351.491478,-4156.321946117998,-1484.9023706551216
852362.017064,-4156.321946117998,-1484.9023706551216
852373.996057,-4156.321946117998,-1484.9023706551216
852381.589982,-4156.321946117998,-1484.9023706551216
852391.133995,-4156.321946117998,-1484.9023706551216
852401.875623,-4156.321946117998,-1484.9023706551216
852411.94475,-4156.321946117998,-1484.9023706551216
852421.103956,-4157.872158805184,-1481.9697439106912
852431.135205,-4200.645516195739,-1518.6461970785563
852431.507074,-4200.645516195739,-1518.6461970785563
852441.13924,-4149.32860993223,-1504.3228762974502
913373.735658,-4337.0364263715655,-601.1896013546217
913373.736244,-4337.0364263715655,-601.1896013546217
913383.727794,-4337.0364263715655,-601.1896013546217
913395.516242,-4337.0364263715655,-601.1896013546217
913404.130274,-4336.508102765989,-601.3618352304163
913414.546529,-4328.9308299941995,-649.7409318769203
913424.76517,-4258.357918706292,-701.2435089290256
913436.40112,-4172.713881231618,-759.0582189654157
913443.725565,-4079.360489876114,-838.9654013346046
913453.733082,-4059.325902477945,-922.9968746053411
913463.689015,-4075.8290636463503,-1049.1883676280117
913474.986498,-4099.631432566754,-1211.7537337291299
913484.191728,-4111.421391000308,-1298.8062296266203
913494.627866,-4120.972925720955,-1369.8363280060285
913503.730788,-4156.6903823202565,-1476.4349927606459
913514.41328,-4197.267025756299,-1518.1155313167021
913524.565989,-4180.826429267794,-1532.336442612375
913534.151457,-4164.789027103017,-1512.3201025708865
913544.968459,-4164.07300957849,-1512.4550964983202
913554.132664,-4164.07300957849,-1512.4550964983202
913564.122854,-4164.07300957849,-1512.4550964983202
913574.138404,-4164.07300957849,-1512.4550964983202
913583.716135,-4164.07300957849,-1512.4550964983202
913596.593972,-4164.07300957849,-1512.4550964983202
913606.435886,-4164.07300957849,-1512.4550964983202
913614.77421,-4164.07300957849,-1512.4550964983202
913623.747603,-4164.07300957849,-1512.4550964983202
913634.576704,-4164.07300957849,-1512.4550964983202
913644.454461,-4164.07300957849,-1512.4550964983202
913654.975401,-4164.07300957849,-1512.4550964983202
913664.134405,-4164.07300957849,-1512.4550964983202
913674.114712,-4164.07300957849,-1512.4550964983202
913683.718645,-4164.07300957849,-1512.4550964983202
913694.149092,-4164.07300957849,-1512.4550964983202
913703.686098,-4164.07300957849,-1512.4550964983202
913714.071752,-4164.07300957849,-1512.4550964983202
913724.54067,-4164.07300957849,-1512.4550964983202
913734.536721,-4164.07300957849,-1512.4550964983202
913744.153169,-4164.07300957849,-1512.4550964983202
913753.723107,-4164.07300957849,-1512.4550964983202
913766.393929,-4164.07300957849,-1512.4550964983202
913774.064737,-4164.07300957849,-1512.4550964983202
913784.19113,-4164.07300957849,-1512.4550964983202
913794.170422,-4164.07300957849,-1512.4550964983202
913804.072912,-4164.07300957849,-1512.4550964983202
913814.084957,-4164.07300957849,-1512.4550964983202
913823.708908,-4164.07300957849,-1512.4550964983202
913836.870099,-4164.07300957849,-1512.4550964983202
913845.094564,-4160.131437393294,-1512.31544760903
913853.714943,-4159.936791860567,-1512.3061376764788
913865.012285,-4159.936791860567,-1512.3061376764788
913876.429471,-4159.936791860567,-1512.3061376764788
913884.088588,-4159.936791860567,-1512.3061376764788
913894.066124,-4159.936791860567,-1512.3061376764788
913904.146629,-4159.936791860567,-1512.3061376764788
913914.067955,-4159.936791860567,-1512.3061376764788
913924.062343,-4159.936791860567,-1512.3061376764788
913934.543967,-4159.936791860567,-1512.3061376764788
913943.716871,-4158.900999516949,-1516.8726562437978
913954.062368,-4161.612133825823,-1514.4800053451538
913964.446607,-4161.612133825823,-1514.4800053451538
913974.543835,-4161.612133825823,-1514.4800053451538
913984.86619,-4161.612133825823,-1514.4800053451538
913993.705912,-4161.612133825823,-1514.4800053451538
914003.705854,-4161.612133825823,-1514.4800053451538
914014.082325,-4161.612133825823,-1514.4800053451538
914024.072812,-4161.612133825823,-1514.4800053451538
914034.075665,-4161.612133825823,-1514.4800053451538
914044.496264,-4161.612133825823,-1514.4800053451538
914054.159059,-4161.612133825823,-1514.4800053451538
914063.710172,-4161.612133825823,-1514.4800053451538
914074.159626,-4161.612133825823,-1514.4800053451538
914084.560072,-4161.612133825823,-1514.4800053451538
914094.126177,-4161.612133825823,-1514.4800053451538
914104.120322,-4161.612133825823,-1514.4800053451538
914113.706592,-4161.612133825823,-1514.4800053451538
914124.108755,-4161.612133825823,-1514.4800053451538
914134.072855,-4161.612133825823,-1514.4800053451538
914144.286305,-4161.612133825823,-1514.4800053451538
914154.722836,-4161.612133825823,-1514.4800053451538
914164.13288,-4161.612133825823,-1514.4800053451538
914174.571856,-4161.612133825823,-1514.4800053451538
914184.743458,-4161.612133825823,-1514.4800053451538
914195.263787,-4161.612133825823,-1514.4800053451538
914205.078189,-4161.612133825823,-1514.4800053451538
914214.087677,-4161.612133825823,-1514.4800053451538
914224.100267,-4161.612133825823,-1514.4800053451538
914233.709445,-4161.612133825823,-1514.4800053451538
914244.127694,-4161.612133825823,-1514.4800053451538
914254.504153,-4161.612133825823,-1514.4800053451538
914264.42667,-4161.612133825823,-1514.4800053451538
914274.644809,-4161.612133825823,-1514.4800053451538
914284.434278,-4161.612133825823,-1514.4800053451538
914294.66639,-4161.612133825823,-1514.4800053451538
914304.141158,-4161.612133825823,-1514.4800053451538
914316.799684,-4161.612133825823,-1514.4800053451538
914324.103783,-4161.612133825823,-1514.4800053451538
914334.136477,-4161.612133825823,-1514.4800053451538
914344.125146,-4161.612133825823,-1514.4800053451538
914353.708397,-4161.612133825823,-1514.4800053451538
914364.094549,-4161.612133825823,-1514.4800053451538
914374.098213,-4161.612133825823,-1514.4800053451538
914384.084996,-4161.612133825823,-1514.4800053451538
914394.576062,-4161.612133825823,-1514.4800053451538
914404.488886,-4161.612133825823,-1514.4800053451538
914414.552897,-4161.612133825823,-1514.4800053451538
914424.937108,-4161.612133825823,-1514.4800053451538
914433.717092,-4161.612133825823,-1514.4800053451538
914444.160431,-4161.612133825823,-1514.4800053451538
914454.070478,-4161.612133825823,-1514.4800053451538
914464.073552,-4161.612133825823,-1514.4800053451538
914473.679588,-4161.612133825823,-1514.4800053451538
914485.779861,-4161.612133825823,-1514.4800053451538
914494.063782,-4161.612133825823,-1514.4800053451538
914504.12424,-4161.612133825823,-1514.4800053451538
914513.848737,-4161.612133825823,-1514.4800053451538
914525.407684,-4161.612133825823,-1514.4800053451538
914534.862881,-4161.612133825823,-1514.4800053451538
914544.161179,-4161.612133825823,-1514.4800053451538
914553.707679,-4161.612133825823,-1514.4800053451538
914564.291821,-4161.612133825823,-1514.4800053451538
914565.496536,-4161.612133825823,-1514.4800053451538
914573.789236,-4161.612133825823,-1514.4800053451538
914584.167858,-4161.612133825823,-1514.4800053451538
914595.094464,-4161.612133825823,-1514.4800053451538
914604.173511,-4161.612133825823,-1514.4800053451538
914614.093708,-4161.612133825823,-1514.4800053451538
914624.141506,-4161.612133825823,-1514.4800053451538
914634.68353,-4161.612133825823,-1514.4800053451538
914645.830534,-4161.612133825823,-1514.4800053451538
914654.049537,-4161.612133825823,-1514.4800053451538
914664.073169,-4161.612133825823,-1514.4800053451538
914673.706994,-4161.612133825823,-1514.4800053451538
914684.062837,-4161.612133825823,-1514.4800053451538
914694.05077,-4161.612133825823,-1514.4800053451538
914704.449039,-4161.612133825823,-1514.4800053451538
914713.701106,-4162.6131680340095,-1517.34280748996
914724.138507,-4162.6131680340095,-1517.34280748996
914734.63289,-4162.6131680340095,-1517.34280748996
914744.522157,-4162.6131680340095,-1517.34280748996
914754.976941,-4162.6131680340095,-1517.34280748996
914764.154378,-4162.6131680340095,-1517.34280748996
914774.093127,-4162.6131680340095,-1517.34280748996
914784.435874,-4162.6131680340095,-1517.34280748996
914793.677232,-4162.6131680340095,-1517.34280748996
914804.09494,-4162.6131680340095,-1517.34280748996
914814.503472,-4162.6131680340095,-1517.34280748996
914824.044016,-4162.6131680340095,-1517.34280748996
914834.724204,-4162.6131680340095,-1517.34280748996
914844.133074,-4162.6131680340095,-1517.34280748996
914854.529465,-4162.6131680340095,-1517.34280748996
914864.913024,-4162.6131680340095,-1517.34280748996
914874.101031,-4162.6131680340095,-1517.34280748996
914884.100822,-4162.6131680340095,-1517.34280748996
914894.097155,-4162.6131680340095,-1517.34280748996
914904.087847,-4162.6131680340095,-1517.34280748996
914914.095728,-4162.6131680340095,-1517.34280748996
914924.075862,-4162.6131680340095,-1517.34280748996
914934.316978,-4162.6131680340095,-1517.34280748996
914944.493319,-4162.6131680340095,-1517.34280748996
914954.597074,-4162.6131680340095,-1517.34280748996
914965.772537,-4162.6131680340095,-1517.34280748996
914975.006479,-4162.6131680340095,-1517.34280748996
914984.124161,-4162.6131680340095,-1517.34280748996
914994.128194,-4162.6131680340095,-1517.34280748996
915004.07748,-4162.6131680340095,-1517.34280748996
915014.134572,-4162.6131680340095,-1517.34280748996
915024.242644,-4162.6131680340095,-1517.34280748996
915034.832865,-4162.6131680340095,-1517.34280748996
915044.166466,-4162.6131680340095,-1517.34280748996
915054.082901,-4162.6131680340095,-1517.34280748996
915064.533116,-4162.6131680340095,-1517.34280748996
915074.559809,-4162.6131680340095,-1517.34280748996
915086.128532,-4162.6131680340095,-1517.34280748996
915094.120088,-4162.6131680340095,-1517.34280748996
915104.119488,-4162.6131680340095,-1517.34280748996
915114.155894,-4162.6131680340095,-1517.34280748996
915124.14049,-4162.6131680340095,-1517.34280748996
915134.113087,-4162.6131680340095,-1517.34280748996
915144.479843,-4162.6131680340095,-1517.34280748996
915153.739734,-4162.6131680340095,-1517.34280748996
915164.327801,-4162.6131680340095,-1517.34280748996
915174.441159,-4162.6131680340095,-1517.34280748996
915184.501121,-4162.6131680340095,-1517.34280748996
915194.96513,-4162.6131680340095,-1517.34280748996
915203.714219,-4162.6131680340095,-1517.34280748996
915214.092398,-4162.6131680340095,-1517.34280748996
915224.072381,-4162.6131680340095,-1517.34280748996
915233.704125,-4162.6131680340095,-1517.34280748996
915246.524326,-4162.6131680340095,-1517.34280748996
915253.703398,-4162.6131680340095,-1517.34280748996
915264.496948,-4162.6131680340095,-1517.34280748996
915274.381236,-4162.6131680340095,-1517.34280748996
915285.781374,-4162.6131680340095,-1517.34280748996
915294.383441,-4162.6131680340095,-1517.34280748996
915305.044136,-4162.6131680340095,-1517.34280748996
915313.357895,-4162.6131680340095,-1517.34280748996
915313.869606,-4162.6131680340095,-1517.34280748996
915321.047654,-4162.6131680340095,-1517.34280748996
915323.66855,-4162.6131680340095,-1517.34280748996
915325.092556,-4162.6131680340095,-1517.34280748996
915333.707313,-4162.6131680340095,-1517.34280748996
915335.918949,-4162.6131680340095,-1517.34280748996
915343.700953,-4162.6131680340095,-1517.34280748996
915354.799972,-4162.6131680340095,-1517.34280748996
915364.480817,-4162.6131680340095,-1517.34280748996
915374.435968,-4162.6131680340095,-1517.34280748996
915384.495885,-4162.6131680340095,-1517.34280748996
915394.121622,-4162.6131680340095,-1517.34280748996
915403.707614,-4162.6131680340095,-1517.34280748996
915413.706437,-4162.6131680340095,-1517.34280748996
915423.669553,-4162.6131680340095,-1517.34280748996
915434.164352,-4162.6131680340095,-1517.34280748996
915445.212589,-4162.6131680340095,-1517.34280748996
915455.036035,-4162.6131680340095,-1517.34280748996
915464.241213,-4162.6131680340095,-1517.34280748996
915474.637138,-4162.6131680340095,-1517.34280748996
915484.539977,-4162.6131680340095,-1517.34280748996
915494.501038,-4162.6131680340095,-1517.34280748996
915504.378406,-4162.6131680340095,-1517.34280748996
915514.972876,-4162.6131680340095,-1517.34280748996
915523.701725,-4162.6131680340095,-1517.34280748996
915533.70683,-4162.6131680340095,-1517.34280748996
915544.136445,-4162.6131680340095,-1517.34280748996
915554.101328,-4162.6131680340095,-1517.34280748996
915563.707297,-4162.6131680340095,-1517.34280748996
915574.121724,-4162.6131680340095,-1517.34280748996
915584.72567,-4162.6131680340095,-1517.34280748996
915594.481085,-4162.6131680340095,-1517.34280748996
915604.559971,-4162.6131680340095,-1517.34280748996
915614.454638,-4162.6131680340095,-1517.34280748996
915624.539936,-4162.6131680340095,-1517.34280748996
915634.12336,-4162.6131680340095,-1517.34280748996
915643.700128,-4162.6131680340095,-1517.34280748996
915653.702887,-4162.6131680340095,-1517.34280748996
915664.078645,-4162.6131680340095,-1517.34280748996
915674.117326,-4162.6131680340095,-1517.34280748996
915683.793245,-4162.6131680340095,-1517.34280748996
915694.073761,-4162.6131680340095,-1517.34280748996
915704.432035,-4162.6131680340095,-1517.34280748996
915714.372144,-4162.6131680340095,-1517.34280748996
915724.443345,-4162.6131680340095,-1517.34280748996
915734.371533,-4162.6131680340095,-1517.34280748996
915744.862635,-4162.6131680340095,-1517.34280748996
915754.070712,-4162.6131680340095,-1517.34280748996
915763.699974,-4162.6131680340095,-1517.34280748996
915773.687813,-4162.6131680340095,-1517.34280748996
915783.667767,-4162.6131680340095,-1517.34280748996
915794.06454,-4162.6131680340095,-1517.34280748996
915804.049752,-4162.6131680340095,-1517.34280748996
915814.369289,-4162.6131680340095,-1517.34280748996
915825.033216,-4162.6131680340095,-1517.34280748996
915834.791157,-4162.6131680340095,-1517.34280748996
915844.429254,-4162.6131680340095,-1517.34280748996
915854.864508,-4162.6131680340095,-1517.34280748996
915864.070809,-4162.6131680340095,-1517.34280748996
915874.050841,-4162.6131680340095,-1517.34280748996
915883.663825,-4162.6131680340095,-1517.34280748996
915894.100159,-4162.6131680340095,-1517.34280748996
915904.158034,-4162.6131680340095,-1517.34280748996
915914.44036,-4162.6131680340095,-1517.34280748996
915924.532309,-4162.6131680340095,-1517.34280748996
915934.763158,-4162.6131680340095,-1517.34280748996
915944.525137,-4162.6131680340095,-1517.34280748996
915954.46119,-4162.6131680340095,-1517.34280748996
915965.001977,-4162.6131680340095,-1517.34280748996
915974.120595,-4162.6131680340095,-1517.34280748996
915984.098573,-4162.6131680340095,-1517.34280748996
915994.113737,-4162.6131680340095,-1517.34280748996
916004.404803,-4162.6131680340095,-1517.34280748996
916014.101843,-4162.6131680340095,-1517.34280748996
916024.099161,-4162.6131680340095,-1517.34280748996
916034.476059,-4162.6131680340095,-1517.34280748996
916044.526632,-4162.6131680340095,-1517.34280748996
916056.426828,-4162.6131680340095,-1517.34280748996
916064.558602,-4162.6131680340095,-1517.34280748996
916075.164317,-4162.6131680340095,-1517.34280748996
916084.257252,-4162.6131680340095,-1517.34280748996
916094.115422,-4162.6131680340095,-1517.34280748996
916104.10358,-4162.6131680340095,-1517.34280748996
916114.097697,-4162.6131680340095,-1517.34280748996
916125.483333,-4162.6131680340095,-1517.34280748996
916134.481329,-4162.6131680340095,-1517.34280748996
916144.807421,-4162.6131680340095,-1517.34280748996
916154.344033,-4162.6131680340095,-1517.34280748996
916164.445848,-4162.6131680340095,-1517.34280748996
916173.689784,-4162.6131680340095,-1517.34280748996
916185.002802,-4162.6131680340095,-1517.34280748996
916194.13913,-4162.6131680340095,-1517.34280748996
916204.07607,-4162.6131680340095,-1517.34280748996
916214.096195,-4162.6131680340095,-1517.34280748996
916224.15865,-4162.6131680340095,-1517.34280748996
916234.225198,-4162.6131680340095,-1517.34280748996
916244.549516,-4162.6131680340095,-1517.34280748996
916253.687971,-4162.6131680340095,-1517.34280748996
916265.195332,-4162.6131680340095,-1517.34280748996
916274.561313,-4162.6131680340095,-1517.34280748996
916284.540441,-4162.6131680340095,-1517.34280748996
916293.68828,-4162.6131680340095,-1517.34280748996
916303.688804,-4162.6131680340095,-1517.34280748996
916314.141546,-4162.6131680340095,-1517.34280748996
916324.132245,-4162.6131680340095,-1517.34280748996
916334.138981,-4162.6131680340095,-1517.34280748996
916344.363187,-4162.6131680340095,-1517.34280748996
916354.627095,-4162.6131680340095,-1517.34280748996
916364.526739,-4162.6131680340095,-1517.34280748996
916376.434103,-4162.6131680340095,-1517.34280748996
916385.396646,-4162.6131680340095,-1517.34280748996
916394.481551,-4162.6131680340095,-1517.34280748996
916405.104277,-4162.6131680340095,-1517.34280748996
916413.688595,-4162.6131680340095,-1517.34280748996
916424.1707,-4162.6131680340095,-1517.34280748996
916434.173459,-4162.6131680340095,-1517.34280748996
916444.182905,-4162.6131680340095,-1517.34280748996
916454.250859,-4162.6131680340095,-1517.34280748996
916464.623101,-4162.6131680340095,-1517.34280748996
916474.748954,-4162.6131680340095,-1517.34280748996
916484.672777,-4162.6131680340095,-1517.34280748996
916493.694464,-4162.6131680340095,-1517.34280748996
916505.729782,-4162.6131680340095,-1517.34280748996
916515.132585,-4162.6131680340095,-1517.34280748996
916524.222741,-4163.273572543318,-1515.0898054707282
916533.797843,-4153.5134890423815,-1503.4477432748804
916544.172183,-4150.53819292924,-1502.139698682592
916555.712034,-4150.53819292924,-1502.139698682592
916564.25941,-4150.53819292924,-1502.139698682592
916574.26716,-4150.53819292924,-1502.139698682592
916584.173624,-4150.53819292924,-1502.139698682592
916594.673291,-4150.53819292924,-1502.139698682592
916604.38471,-4150.53819292924,-1502.139698682592
916613.688409,-4150.53819292924,-1502.139698682592
916626.180318,-4150.53819292924,-1502.139698682592
916634.221952,-4150.53819292924,-1502.139698682592
916644.072262,-4150.53819292924,-1502.139698682592
916653.958107,-4150.53819292924,-1502.139698682592
916664.157674,-4150.53819292924,-1502.139698682592
916674.210907,-4150.53819292924,-1502.139698682592
916684.590746,-4150.53819292924,-1502.139698682592
916694.514881,-4150.53819292924,-1502.139698682592
916704.58933,-4150.53819292924,-1502.139698682592
916714.583095,-4150.53819292924,-1502.139698682592
916724.602943,-4150.53819292924,-1502.139698682592
916733.688775,-4150.53819292924,-1502.139698682592
916743.698759,-4150.53819292924,-1502.139698682592
916754.219368,-4150.53819292924,-1502.139698682592
916764.18979,-4150.53819292924,-1502.139698682592
916774.14552,-4150.53819292924,-1502.139698682592
916784.181477,-4150.53819292924,-1502.139698682592
916793.678884,-4150.53819292924,-1502.139698682592
916805.347967,-4150.53819292924,-1502.139698682592
916814.682984,-4150.53819292924,-1502.139698682592
916824.656366,-4150.53819292924,-1502.139698682592
916834.599738,-4150.53819292924,-1502.139698682592
916846.276144,-4150.53819292924,-1502.139698682592
916853.710958,-4150.53819292924,-1502.139698682592
916864.150877,-4150.53819292924,-1502.139698682592
916874.175248,-4150.53819292924,-1502.139698682592
916884.173958,-4150.53819292924,-1502.139698682592
916894.361856,-4150.53819292924,-1502.139698682592
916905.219207,-4150.53819292924,-1502.139698682592
916914.740904,-4150.53819292924,-1502.139698682592
916924.587683,-4150.53819292924,-1502.139698682592
916933.689602,-4150.53819292924,-1502.139698682592
916943.688279,-4150.53819292924,-1502.139698682592
916956.395237,-4150.53819292924,-1502.139698682592
916964.207064,-4150.53819292924,-1502.139698682592
916974.182999,-4150.53819292924,-1502.139698682592
916984.170898,-4150.53819292924,-1502.139698682592
916994.200956,-4150.53819292924,-1502.139698682592
917004.296084,-4147.81315537205,-1499.3793056501706
917014.512987,-4147.569848439544,-1494.5800388161738
917026.824526,-4147.569848439544,-1494.5800388161738
917033.689738,-4147.569848439544,-1494.5800388161738
917044.614856,-4148.3206240999925,-1493.4675026562154
917054.512323,-4147.444719169725,-1495.287593190951
917065.109599,-4146.881637426517,-1502.8239782319374
917074.177803,-4150.072433960626,-1503.8992746755525
917084.17166,-4150.072433960626,-1503.8992746755525
917094.212949,-4150.072433960626,-1503.8992746755525
917103.687664,-4150.072433960626,-1503.8992746755525
917114.936555,-4150.072433960626,-1503.8992746755525
917124.614741,-4150.072433960626,-1503.8992746755525
917134.509686,-4150.072433960626,-1503.8992746755525
917143.677153,-4150.072433960626,-1503.8992746755525
917154.751526,-4150.072433960626,-1503.8992746755525
917164.636412,-4150.072433960626,-1503.8992746755525
917174.191593,-4150.072433960626,-1503.8992746755525
917184.21525,-4150.072433960626,-1503.8992746755525
917194.4841,-4150.072433960626,-1503.8992746755525
917205.776655,-4150.072433960626,-1503.8992746755525
917213.67918,-4150.072433960626,-1503.8992746755525
917225.508475,-4150.072433960626,-1503.8992746755525
917234.921507,-4150.072433960626,-1503.8992746755525
917247.053585,-4150.072433960626,-1503.8992746755525
917254.558453,-4150.072433960626,-1503.8992746755525
917263.678898,-4150.072433960626,-1503.8992746755525
917275.060104,-4150.072433960626,-1503.8992746755525
917285.265887,-4150.072433960626,-1503.8992746755525
917294.177614,-4150.072433960626,-1503.8992746755525
917303.687411,-4150.072433960626,-1503.8992746755525
917314.14438,-4148.369285483221,-1502.0978040207194
917326.184416,-4144.142696613171,-1496.674772160991
917335.512197,-4151.122129543882,-1488.5006570951127
917343.679647,-4155.376524924929,-1488.761335027518
917354.134771,-4157.176996168382,-1483.7619046992952
917364.575507,-4157.176996168382,-1483.7619046992952
917374.600776,-4157.176996168382,-1483.7619046992952
917383.677336,-4157.176996168382,-1483.7619046992952
917393.6876,-4157.176996168382,-1483.7619046992952
917403.676405,-4157.176996168382,-1483.7619046992952
917414.113928,-4157.176996168382,-1483.7619046992952
917424.054916,-4157.176996168382,-1483.7619046992952
917434.067154,-4157.176996168382,-1483.7619046992952
917444.118939,-4157.176996168382,-1483.7619046992952
917446.516028,-4157.176996168382,-1483.7619046992952
917453.678517,-4159.352855237782,-1483.0357304551767
917464.183214,-4190.384915598609,-1497.5219754260618
917474.073416,-4237.725491512353,-1454.7102794342466
918601.58763,-3109.0385596675756,-3210.2853668624034
918601.588357,-3109.0385596675756,-3210.2853668624034
918609.178344,-3224.581544579192,-3166.5381411547505
918609.179822,-3224.581544579192,-3166.5381411547505
918624.255175,-3240.598092139951,-3155.6595211366653
918624.751494,-3240.598092139951,-3155.6595211366653
918633.910745,-3267.9527425828246,-3142.858406207162
918643.728213,-3322.3770267442933,-3083.005044319949
918654.997597,-3349.954129198539,-2991.442144294885
918666.205429,-3350.260000766205,-2990.748556436586
918674.953283,-3350.260000766205,-2990.748556436586
918684.19715,-3365.5883372627536,-2962.632645471913
918694.17438,-3419.88749205659,-2871.4700540495446
918703.709032,-3480.0051581990942,-2762.846718418769
918713.7412,-3418.274714707939,-2720.1654463804816
918724.135606,-3423.391111825272,-2681.9110330289263
918733.72177,-3456.1888857554572,-2686.85459449006
918744.195816,-3573.615760787795,-2630.636709279045
918754.151885,-3670.5839988161556,-2513.2480512569427
918765.986419,-3762.1369196461933,-2430.943776984149
918777.324265,-3867.7321257799645,-2362.7998703292305
918783.747452,-3989.6219441079047,-2295.470573858433
918793.839621,-4103.684230779039,-2262.0479807293723
918803.763658,-4157.886062061133,-2240.5606970907274
918813.706433,-4134.375661476376,-2164.666264841046
918824.111507,-4118.345210928491,-2086.7934660927945
918837.945888,-4102.439889645312,-2060.385885029583
918852.96376,-4054.049618014961,-2040.416111213935
918853.700949,-3987.077648827701,-2031.7718522865573
918902.122805,-3840.071604060411,-1815.6932705472009
918902.123424,-3840.071604060411,-1815.6932705472009
918906.868079,-3840.071604060411,-1815.6932705472009
918917.285162,-3851.242867800139,-1783.6392106934788
918939.196666,-3945.5138742634263,-1707.0744094189358
918940.318644,-4008.1966899848976,-1623.052349752856
918946.830497,-4040.473091567857,-1536.6283182301638
918959.524767,-4114.779026565964,-1495.5389611870387
918960.874258,-4122.745590462157,-1494.8174419291313
918966.848258,-4135.6686639925365,-1488.8451243638247
918976.852234,-4174.166771152023,-1484.8372011744627
918986.839791,-4201.3615337198735,-1507.0180998319556
918996.848184,-4201.3615337198735,-1507.0180998319556
919006.805722,-4201.3615337198735,-1507.0180998319556
919018.408557,-4201.3615337198735,-1507.0180998319556
919026.837962,-4201.3615337198735,-1507.0180998319556
919036.805917,-4201.3615337198735,-1507.0180998319556
919047.858288,-4201.3615337198735,-1507.0180998319556
919057.663346,-4201.3615337198735,-1507.0180998319556
919066.839788,-4201.3615337198735,-1507.0180998319556
919076.837809,-4201.3615337198735,-1507.0180998319556
919087.399218,-4201.3615337198735,-1507.0180998319556
919096.829216,-4201.3615337198735,-1507.0180998319556
919107.313257,-4201.3615337198735,-1507.0180998319556
919117.364859,-4201.3615337198735,-1507.0180998319556
919128.503284,-4201.3615337198735,-1507.0180998319556
919137.911538,-4201.3615337198735,-1507.0180998319556
919146.805697,-4201.3615337198735,-1507.0180998319556
919157.96855,-4201.3615337198735,-1507.0180998319556
919167.308439,-4201.3615337198735,-1507.0180998319556
919177.311229,-4201.3615337198735,-1507.0180998319556
919186.802612,-4201.3615337198735,-1507.0180998319556
919196.836506,-4201.3615337198735,-1507.0180998319556
919207.257754,-4201.3615337198735,-1507.0180998319556
919216.86292,-4196.411975706476,-1521.2669411525603
919227.327405,-4196.411975706476,-1521.2669411525603
919237.569921,-4184.211871332153,-1520.5780066514133
919247.648589,-4184.211871332153,-1520.5780066514133
919257.748738,-4184.211871332153,-1520.5780066514133
919267.161073,-4184.211871332153,-1520.5780066514133
919278.139316,-4184.211871332153,-1520.5780066514133
919287.208743,-4184.211871332153,-1520.5780066514133
919297.223707,-4184.211871332153,-1520.5780066514133
919306.839825,-4184.211871332153,-1520.5780066514133
919317.205162,-4184.211871332153,-1520.5780066514133
919327.286419,-4175.181708607497,-1513.292989809486
919336.802988,-4168.98085783576,-1509.6760836535275
919346.812542,-4168.98085783576,-1509.6760836535275
919357.433946,-4168.98085783576,-1509.6760836535275
919368.894482,-4168.98085783576,-1509.6760836535275
919377.571428,-4168.98085783576,-1509.6760836535275
919387.373709,-4168.98085783576,-1509.6760836535275
919399.672682,-4168.98085783576,-1509.6760836535275
919407.2098,-4168.98085783576,-1509.6760836535275
919417.240299,-4168.98085783576,-1509.6760836535275
919426.831911,-4168.98085783576,-1509.6760836535275
919437.385989,-4168.98085783576,-1509.6760836535275
919447.356805,-4168.98085783576,-1509.6760836535275
919456.828804,-4168.98085783576,-1509.6760836535275
919468.916861,-4168.98085783576,-1509.6760836535275
919477.631324,-4168.98085783576,-1509.6760836535275
919487.680412,-4168.98085783576,-1509.6760836535275
919497.633962,-4168.98085783576,-1509.6760836535275
919507.234406,-4168.98085783576,-1509.6760836535275
919516.827869,-4168.98085783576,-1509.6760836535275
919526.826324,-4168.98085783576,-1509.6760836535275
919537.239152,-4168.98085783576,-1509.6760836535275
919546.954462,-4168.98085783576,-1509.6760836535275
919556.801817,-4168.98085783576,-1509.6760836535275
919567.280898,-4168.98085783576,-1509.6760836535275
919576.829234,-4168.98085783576,-1509.6760836535275
919587.210126,-4168.98085783576,-1509.6760836535275
919597.618498,-4168.98085783576,-1509.6760836535275
919607.725283,-4168.98085783576,-1509.6760836535275
919617.228546,-4168.98085783576,-1509.6760836535275
919626.90053,-4168.98085783576,-1509.6760836535275
919636.90043,-4168.98085783576,-1509.6760836535275
919647.211455,-4168.98085783576,-1509.6760836535275
919657.195166,-4168.98085783576,-1509.6760836535275
919668.871541,-4168.98085783576,-1509.6760836535275
919677.469703,-4168.98085783576,-1509.6760836535275
919687.198826,-4168.98085783576,-1509.6760836535275
919697.053099,-4168.98085783576,-1509.6760836535275
919706.928944,-4168.98085783576,-1509.6760836535275
919718.41937,-4168.98085783576,-1509.6760836535275
919728.179258,-4168.98085783576,-1509.6760836535275
919737.21384,-4168.98085783576,-1509.6760836535275
919747.254313,-4168.98085783576,-1509.6760836535275
919756.817106,-4168.98085783576,-1509.6760836535275
919767.205663,-4168.98085783576,-1509.6760836535275
919777.255586,-4168.98085783576,-1509.6760836535275
919787.741754,-4168.98085783576,-1509.6760836535275
919797.767977,-4168.98085783576,-1509.6760836535275
919808.690092,-4168.98085783576,-1509.6760836535275
919817.198043,-4168.98085783576,-1509.6760836535275
919828.471656,-4168.98085783576,-1509.6760836535275
919838.035303,-4168.98085783576,-1509.6760836535275
919847.244684,-4168.98085783576,-1509.6760836535275
919857.215131,-4162.620119657783,-1507.0180998319556
919867.210175,-4162.620119657783,-1507.0180998319556
919876.800614,-4162.620119657783,-1507.0180998319556
919887.759455,-4162.620119657783,-1507.0180998319556
919897.74225,-4162.620119657783,-1507.0180998319556
919907.819656,-4162.620119657783,-1507.0180998319556
919919.440569,-4162.620119657783,-1507.0180998319556
919927.938267,-4162.620119657783,-1507.0180998319556
919937.438702,-4162.620119657783,-1507.0180998319556
919948.92969,-4162.620119657783,-1507.0180998319556
919957.290051,-4162.620119657783,-1507.0180998319556
919967.264724,-4162.620119657783,-1507.0180998319556
919977.280123,-4162.620119657783,-1507.0180998319556
919987.281671,-4162.620119657783,-1507.0180998319556
919996.797977,-4162.620119657783,-1507.0180998319556
920007.267129,-4162.620119657783,-1507.0180998319556
920017.845556,-4162.620119657783,-1507.0180998319556
920026.816226,-4162.620119657783,-1507.0180998319556
920036.817683,-4162.620119657783,-1507.0180998319556
920048.63682,-4162.620119657783,-1507.0180998319556
920057.228046,-4162.620119657783,-1507.0180998319556
920066.827117,-4162.620119657783,-1507.0180998319556
920076.828352,-4162.620119657783,-1507.0180998319556
920087.240824,-4162.620119657783,-1507.0180998319556
920097.261833,-4162.620119657783,-1507.0180998319556
920107.360459,-4162.620119657783,-1507.0180998319556
920116.817695,-4162.620119657783,-1507.0180998319556
920127.215032,-4162.620119657783,-1507.0180998319556
920137.200029,-4162.620119657783,-1507.0180998319556
920147.799453,-4162.620119657783,-1507.0180998319556
920156.828227,-4155.988268043012,-1503.2243050492616
920169.403928,-4152.6167292324835,-1500.7152800247102
920177.237952,-4152.011937729884,-1498.760195575654
920186.834004,-4152.011937729884,-1498.760195575654
920197.265865,-4152.011937729884,-1498.760195575654
920207.213228,-4152.011937729884,-1498.760195575654
920217.324862,-4152.011937729884,-1498.760195575654
920227.743339,-4152.011937729884,-1498.760195575654
920237.442594,-4152.011937729884,-1498.760195575654
920247.244742,-4151.136032799684,-1499.7330828348186
920257.243608,-4150.350499012,-1501.1481915710315
920267.300065,-4150.350499012,-1501.1481915710315
920276.788763,-4146.401975201917,-1492.3735863390243
920286.826479,-4146.401975201917,-1492.3689313778289
920297.195248,-4146.401975201917,-1492.3689313778289
920306.792781,-4146.401975201917,-1492.3689313778289
920317.188505,-4146.401975201917,-1492.3689313778289
920327.20915,-4146.401975201917,-1492.3689313778289
920337.679912,-4146.401975201917,-1492.3689313778289
920347.013698,-4146.401975201917,-1492.3689313778289
920358.671826,-4146.401975201917,-1492.3689313778289
920366.795071,-4146.401975201917,-1492.3689313778289
920376.795248,-4146.401975201917,-1492.3689313778289
920389.117033,-4146.401975201917,-1492.3689313778289
920396.832082,-4146.401975201917,-1492.3689313778289
920407.268441,-4146.401975201917,-1492.3689313778289
920416.792601,-4146.401975201917,-1492.3689313778289
920426.818476,-4151.337629964472,-1486.0661114266127
920436.793034,-4151.337629964472,-1486.0661114266127
920447.17636,-4151.337629964472,-1486.0661114266127
920457.737846,-4151.337629964472,-1486.0661114266127
920467.676454,-4151.337629964472,-1486.0661114266127
920468.246282,-4151.337629964472,-1486.0661114266127
920480.381486,-4151.337629964472,-1486.0661114266127
920486.824042,-4173.909560972102,-1486.3779939460628
920496.792176,-4195.021650417462,-1502.3538269743196
921165.457948,-4043.113059697138,-3200.998214088268
921165.458607,-4043.113059697138,-3200.998214088268
921172.59533,-4185.887213304817,-2983.3285628426274
921172.595971,-4185.887213304817,-2983.3285628426274
921186.865176,-4184.89313072103,-2976.448543595898
921186.875059,-4184.89313072103,-2976.448543595898
921197.002735,-4228.097488919865,-2925.5280199977265
921207.027908,-4288.812994005348,-2846.812767961252
921217.404508,-4340.950192038715,-2788.6863659575565
921226.07281,-4383.466339085124,-2725.495368712713
921238.879328,-4431.2379156345705,-2677.3538327485953
921246.991348,-4434.672019072059,-2669.263522061527
921248.405359,-4434.672019072059,-2669.263522061527
921257.002844,-4434.672019072059,-2669.263522061527
921269.249205,-4434.672019072059,-2669.263522061527
921276.514614,-4434.672019072059,-2669.263522061527
921286.026454,-4434.672019072059,-2669.263522061527
921296.028649,-4434.672019072059,-2669.263522061527
921307.914769,-4434.672019072059,-2669.263522061527
921316.469321,-4434.672019072059,-2669.263522061527
921326.90435,-4434.672019072059,-2669.263522061527
921336.872446,-4434.672019072059,-2669.263522061527
921347.45238,-4434.672019072059,-2669.263522061527
921356.502895,-4434.672019072059,-2669.263522061527
921366.477407,-4434.672019072059,-2669.263522061527
921376.481618,-4434.672019072059,-2669.263522061527
921387.013306,-4434.672019072059,-2669.263522061527
921397.087986,-4434.672019072059,-2669.263522061527
921406.461597,-4434.672019072059,-2669.263522061527
921416.080087,-4434.672019072059,-2669.263522061527
921426.982227,-4434.672019072059,-2669.263522061527
921436.901528,-4434.672019072059,-2669.263522061527
921446.496098,-4434.672019072059,-2669.263522061527
921458.048062,-4434.672019072059,-2669.263522061527
921466.508203,-4434.672019072059,-2669.263522061527
921476.78697,-4434.672019072059,-2669.263522061527
921486.152532,-4434.672019072059,-2669.263522061527
921496.499957,-4434.672019072059,-2669.263522061527
921506.73755,-4434.672019072059,-2669.263522061527
921517.779682,-4434.672019072059,-2669.263522061527
921526.449704,-4434.672019072059,-2669.263522061527
921536.039801,-4434.672019072059,-2669.263522061527
921546.177749,-4434.672019072059,-2669.263522061527
921556.089302,-4434.672019072059,-2669.263522061527
921569.195082,-4434.672019072059,-2669.263522061527
921576.517523,-4443.924633789917,-2657.7471647648013
921586.477629,-4443.757794753444,-2658.0264620397047
921596.640178,-4443.757794753444,-2658.0264620397047
921606.501142,-4443.757794753444,-2658.0264620397047
921616.579075,-4443.757794753444,-2658.0264620397047
921627.029501,-4443.757794753444,-2658.0264620397047
921636.905583,-4443.757794753444,-2658.0264620397047
921646.723512,-4443.757794753444,-2658.0264620397047
921656.073315,-4443.757794753444,-2658.0264620397047
921667.599148,-4443.757794753444,-2658.0264620397047
921677.442949,-4443.757794753444,-2658.0264620397047
921686.523306,-4443.757794753444,-2658.0264620397047
921697.266174,-4443.757794753444,-2658.0264620397047
921706.456063,-4443.757794753444,-2658.0264620397047
921719.1796,-4443.757794753444,-2658.0264620397047
921726.66807,-4447.247511204891,-2653.8044183079605
921736.13318,-4447.247511204891,-2653.8044183079605
921746.459176,-4447.247511204891,-2653.8044183079605
921756.460229,-4447.247511204891,-2653.8044183079605
921766.91352,-4447.247511204891,-2653.8044183079605
921776.811268,-4447.247511204891,-2653.8044183079605
921789.188993,-4447.247511204891,-2653.8044183079605
921796.47634,-4447.247511204891,-2653.8044183079605
921806.471964,-4447.247511204891,-2653.8044183079605
921816.454538,-4447.247511204891,-2653.8044183079605
921826.416072,-4447.247511204891,-2653.8044183079605
921836.540118,-4447.247511204891,-2653.8044183079605
921847.145297,-4447.247511204891,-2653.8044183079605
921856.881062,-4448.241593774865,-2651.951746410533
921866.961709,-4448.241593774865,-2651.951746410533
921878.937769,-4449.159208458719,-2649.475310602931
921879.543669,-4449.159208458719,-2649.475310602931
921886.496483,-4449.06883731676,-2648.548974642853
921896.484908,-4418.154954772139,-2622.5370880798023
923201.317078,-7220.418012735044,-2428.1321834638143
923201.317768,-7220.418012735044,-2428.1321834638143
923208.404952,-7220.418012735044,-2428.1321834638143
923208.405675,-7220.418012735044,-2428.1321834638143
923222.125168,-7220.418012735044,-2428.1321834638143
923222.146377,-7220.418012735044,-2428.1321834638143
923233.630536,-7220.418012735044,-2428.1321834638143
923245.316175,-7215.906407570948,-2460.954278538398
923254.498235,-7184.429445799416,-2508.844463299322
923264.492386,-7155.510682305774,-2536.285425820751
923275.264105,-7103.874005487379,-2558.964367988588
923284.399349,-7034.309085452358,-2584.897122926314
923293.63892,-6989.5753729197095,-2609.223917373888
923304.031013,-6909.9862080607745,-2660.45169331359
923313.657647,-6901.783289495493,-2665.4371495261476
923323.654348,-6901.783289495493,-2665.4371495261476
923333.659137,-6901.783289495493,-2665.4371495261476
923344.342535,-6901.783289495493,-2665.4371495261476
923354.40794,-6901.783289495493,-2665.4371495261476
923363.592243,-6849.388884994882,-2697.439960418276
923375.597204,-6839.823447733727,-2702.458001007964
923385.261938,-6839.823447733727,-2702.458001007964
923394.08054,-6839.823447733727,-2702.458001007964
923407.075851,-6768.117426285805,-2754.998466401635
923413.705233,-6698.524698952178,-2778.8830337573027
923432.174658,-6615.4944784496265,-2755.226559138442
923433.6491,-6554.007346668382,-2738.310456917195
923436.458189,-6537.657122344988,-2731.0254540324654
923436.458783,-6537.657122344988,-2731.0254540324654
923440.409154,-6520.896752085257,-2724.2199113242746
923450.299415,-6455.217789627473,-2702.025090279946
923462.835111,-6443.851881106924,-2695.405745424752
923475.890845,-6434.710492902491,-2690.210816507764
923480.835316,-6428.891981924977,-2683.703190446162
923490.394852,-6345.034517208675,-2660.344629368106
923500.392262,-6280.829299113363,-2644.6527776672256
923510.748879,-6254.593862404402,-2724.9134994622746
923522.771751,-6249.908466443287,-2761.89710785291
923530.390837,-6249.908466443287,-2761.89710785291
923540.341679,-6249.908466443287,-2761.89710785291
923552.703684,-6249.908466443287,-2761.89710785291
923563.863303,-6247.4684457013445,-2766.8313587761127
923571.457733,-6233.11333789747,-2834.9193626842716
923583.453262,-6220.245878065104,-2900.4657551205455
923598.929504,-6202.901571045575,-2997.5122017286985
923600.32108,-6182.866984726782,-3089.2380241805113
923610.293285,-6094.6508498149,-3113.085339358787
923620.743928,-6047.560534680684,-3126.859339657296
923630.699721,-6047.560534680684,-3126.859339657296
923640.759777,-6041.012102896032,-3128.1487610972667
923650.357609,-5980.108906602935,-3143.673022621793
923660.813664,-5917.307916273701,-3121.664414265179
923673.202701,-5838.935283286604,-3126.1936816640496
923683.31757,-5770.392249490098,-3131.309472847573
923690.313776,-5674.411147081299,-3140.6426495652854
923726.004671,-5422.136632472699,-3165.5559465382075
923726.005382,-5422.136632472699,-3165.5559465382075
923745.827162,-5402.032529444367,-3166.0959208332106
923745.827769,-5402.032529444367,-3166.0959208332106
923748.535138,-5381.122037761226,-3167.888076872692
923769.776177,-5311.564065671348,-3176.848856995241
923770.938972,-5247.504829828453,-3183.258724059831
923782.284516,-5193.789613748322,-3188.765530630704
923782.285088,-5193.789613748322,-3188.765530630704
923785.278768,-5182.305527163953,-3189.8315143114305
923795.278816,-5114.172638109705,-3184.897266672319
923805.674848,-5065.03854356791,-3158.91333176561
923816.070738,-5064.684010628793,-3158.973846124993
923825.614582,-5064.684010628793,-3158.973846124993
923836.563271,-5064.684010628793,-3158.973846124993
923845.609248,-5035.952939188418,-3146.4147887067047
923855.298712,-4958.365838109398,-3136.69525114427
923865.765135,-4922.509349629471,-3212.100797532675
923875.744508,-4888.8217685368845,-3280.6635586290445
923885.647796,-4862.53071780731,-3332.775720860023
923896.022081,-4852.040713689217,-3360.1980280070143
923906.943081,-4852.040713689217,-3360.1980280070143
923915.893135,-4852.040713689217,-3360.1980280070143
923925.540706,-4852.040713689217,-3360.1980280070143
923935.567292,-4852.040713689217,-3360.1980280070143
923945.540627,-4852.040713689217,-3360.1980280070143
923955.56226,-4851.98510068308,-3361.1802223220516
923965.566287,-4887.327168872725,-3412.2170847402213
923975.409635,-4915.495158684653,-3428.5187157893524
923985.68317,-4915.495158684653,-3428.5187157893524
923995.938914,-4915.495158684653,-3428.5187157893524
924005.972891,-4920.194458074129,-3438.992350582121
924015.560743,-4907.570304696443,-3483.4377998160476
924025.20941,-4896.030605015756,-3510.227027496624
924035.565051,-4896.030605015756,-3510.227027496624
924045.887276,-4896.030605015756,-3510.227027496624
924057.267323,-4896.030605015756,-3510.227027496624
924065.670148,-4896.030605015756,-3510.227027496624
924075.580476,-4896.030605015756,-3510.227027496624
924085.596748,-4884.755067139585,-3533.599522178784
924095.175641,-4869.746505922819,-3585.6278746236285
924105.564595,-4854.237427612582,-3629.6729881160036
924118.45496,-4839.611205828805,-3658.375392925134
924118.640637,-4833.472919786909,-3673.420181956548
924125.304179,-4825.791372703496,-3684.8527317921785
924135.225815,-4816.4483869254755,-3697.88192820473
924148.503502,-4816.4483869254755,-3697.88192820473
924157.481406,-4816.4483869254755,-3697.88192820473
924165.625285,-4816.4483869254755,-3697.88192820473
924175.640901,-4816.4483869254755,-3697.88192820473
924190.119226,-4816.4483869254755,-3697.88192820473
924195.664108,-4816.4483869254755,-3697.88192820473
924205.649172,-4816.4483869254755,-3697.88192820473
924215.576059,-4816.4483869254755,-3697.88192820473
924225.188711,-4816.4483869254755,-3697.88192820473
924235.587871,-4816.4483869254755,-3697.88192820473
924245.200001,-4816.4483869254755,-3697.88192820473
924255.726248,-4816.4483869254755,-3697.88192820473
924267.546337,-4816.4483869254755,-3697.88192820473
924276.521421,-4816.4483869254755,-3697.88192820473
924285.665243,-4816.4483869254755,-3697.88192820473
924295.638393,-4816.4483869254755,-3697.88192820473
924307.313193,-4816.4483869254755,-3697.88192820473
924316.456506,-4816.4483869254755,-3697.88192820473
924325.637582,-4816.4483869254755,-3697.88192820473
924336.717389,-4807.981306054457,-3713.10825922361
924348.065462,-4798.826014186879,-3734.004314850293
924357.656114,-4798.826014186879,-3734.004314850293
924365.176431,-4798.826014186879,-3734.004314850293
924376.281215,-4798.826014186879,-3734.004314850293
924385.25873,-4798.826014186879,-3734.004314850293
924395.278919,-4798.826014186879,-3734.004314850293
924405.653261,-4798.826014186879,-3734.004314850293
924415.555408,-4798.826014186879,-3734.004314850293
924427.807919,-4798.826014186879,-3734.004314850293
924435.779773,-4798.826014186879,-3734.004314850293
924446.309062,-4798.826014186879,-3734.004314850293
924460.363164,-4798.826014186879,-3734.004314850293
924468.472815,-4798.826014186879,-3734.004314850293
924475.893208,-4798.826014186879,-3734.004314850293
924485.272841,-4798.826014186879,-3734.004314850293
924496.634452,-4798.826014186879,-3734.004314850293
924505.282366,-4798.826014186879,-3734.004314850293
924515.599609,-4798.826014186879,-3734.004314850293
924520.245248,-4798.826014186879,-3734.004314850293
924525.227223,-4798.826014186879,-3734.004314850293
924535.278291,-4792.2845338067655,-3739.185270402363
924545.669108,-4709.935568229677,-3747.233672958214
924559.168928,-4692.271485687997,-3803.7912704733462
924569.396888,-4689.741093701793,-3880.304614745337
924569.397644,-4689.741093701793,-3880.304614745337
924571.618469,-4689.741093701793,-3880.304614745337
924581.954907,-4686.473829319615,-4002.1850418658323
924592.307901,-4672.299463193969,-4102.038251437431
924601.526285,-4660.961360619713,-4155.1930536770105
924613.894527,-4661.16295778226,-4154.969616383049
924622.765203,-4662.191798482734,-4166.751278327523
924631.907921,-4670.950847686543,-4180.632319479561
924641.931055,-4741.051047732082,-4158.07446370716
924658.792675,-4793.250809865941,-4133.836172460654
924661.49314,-4864.609254077718,-4116.668739960196
924671.49591,-4913.847623250765,-4103.2671566289755
924682.556465,-4969.029632858643,-4081.6495967974165
924694.086494,-5034.666888322431,-4063.2672224610474
924701.578147,-5072.163960506746,-4042.9297709678995
924712.193724,-5079.553539242533,-4002.096597916877
924722.293106,-5077.676600152032,-3990.887491140781
924733.199388,-5068.625582732643,-3959.9088332665715
924741.894379,-5066.76949851252,-3937.448723502567
924751.877622,-5059.984711256072,-3925.285351815898
924762.952069,-5057.63506157377,-3920.5652373624735
924771.876985,-5057.63506157377,-3920.5652373624735
924781.904078,-5022.96730128368,-3938.6078048407276
924798.265799,-4988.633219015942,-3967.403294583192
924801.880756,-4958.12253118973,-3986.9168232733564
924813.385379,-4949.87095077279,-3956.403659716277
924821.72594,-4931.588173592815,-3904.6220497339186
924834.202358,-4798.826014186879,-3734.004314850293
924834.207363,-4917.3999042940995,-3861.0098652345823
924841.545724,-4934.229791584762,-3854.869991867155
924856.055732,-4934.229791584762,-3854.869991867155
924862.232675,-4934.229791584762,-3854.869991867155
924871.933542,-4953.381522054303,-3845.6531992817863
924881.493484,-4977.169987251524,-3829.55174160738
924888.408441,-4798.826014186879,-3734.004314850293
924891.489847,-4998.254269809368,-3811.076261060075
924902.074689,-5007.868368976868,-3807.0590426158346
924912.022459,-5016.696934369815,-3815.614833433802
925825.340878,-5059.470489397802,-2202.9094214508445
925825.34271,-5059.470489397802,-2202.9094214508445
925832.25601,-5049.439094182863,-2153.266272367706
925832.256665,-5049.439094182863,-2153.266272367706
925843.306847,-5043.036646373977,-2174.3066829792992
925843.316754,-5043.036646373977,-2174.3066829792992
925853.372877,-4976.175904693802,-2197.297520256561
925865.022069,-4916.788161178065,-2187.4196996037113
925873.948879,-4882.530546723037,-2177.2253416606154
925884.332772,-4870.462523436061,-2152.5261340077022
925895.327028,-4882.662627622859,-2032.8983523768552
925904.055014,-4862.885250748039,-1831.1058450756032
925915.728644,-4851.8738746625595,-1720.7227562355442
925923.737512,-4848.780400951462,-1715.5231643912043
925933.791936,-4834.0846629040225,-1700.147826759144
925943.858604,-4787.168136831594,-1692.3181814686545
925953.321879,-4784.943616401605,-1692.7883325854098
925964.354563,-4784.943616401605,-1692.7883325854098
925973.829329,-4784.943616401605,-1692.7883325854098
925983.888918,-4784.943616401605,-1692.7883325854098
925994.271418,-4778.283958375092,-1694.6363523191262
926003.352473,-4702.705876831245,-1683.9485605393263
926013.352326,-4605.584705070479,-1667.0045000215516
926026.009103,-4491.445951729797,-1659.9615428800473
926033.790859,-4400.247565191565,-1687.4444367027613
926043.42946,-4327.9089409100025,-1664.4396161014681
926054.992141,-4225.970291236718,-1565.3121977097258
926063.347595,-4181.1183975749345,-1526.0568978623253
926073.291619,-4159.026128794987,-1510.039170755177
926073.979127,-4159.026128794987,-1510.039170755177
926083.953436,-4161.153326481088,-1477.8175168214436
926093.714637,-4169.689923736441,-1481.8207850919375
926104.155186,-4169.689923736441,-1481.8207850919375
926115.485451,-4169.689923736441,-1481.8207850919375
926123.827637,-4169.689923736441,-1481.8207850919375
926133.770911,-4169.689923736441,-1481.8207850919375
926143.756697,-4169.689923736441,-1481.8207850919375
926153.727925,-4169.689923736441,-1481.8207850919375
926164.562311,-4169.689923736441,-1481.8207850919375
926174.167889,-4169.689923736441,-1481.8207850919375
926185.226753,-4169.689923736441,-1481.8207850919375
926194.119414,-4169.689923736441,-1481.8207850919375
926205.489914,-4169.689923736441,-1481.8207850919375
926214.464743,-4169.689923736441,-1481.8207850919375
926226.919761,-4169.689923736441,-1481.8207850919375
926233.814585,-4169.689923736441,-1481.8207850919375
926244.007342,-4169.689923736441,-1481.8207850919375
926253.790961,-4169.689923736441,-1481.8207850919375
926263.766654,-4169.689923736441,-1481.8207850919375
926273.826506,-4169.689923736441,-1481.8207850919375
926284.994454,-4169.689923736441,-1481.8207850919375
926293.726459,-4169.689923736441,-1481.8207850919375
926303.354582,-4169.689923736441,-1481.8207850919375
926313.354722,-4169.689923736441,-1481.8207850919375
926323.321328,-4169.689923736441,-1481.8207850919375
926336.894824,-4169.689923736441,-1481.8207850919375
926343.804374,-4169.689923736441,-1481.8207850919375
926355.007908,-4178.428118146721,-1491.2517402537067
926363.876049,-4178.428118146721,-1491.2517402537067
926373.784898,-4178.428118146721,-1491.2517402537067
926383.753892,-4178.428118146721,-1491.2517402537067
926393.746291,-4178.428118146721,-1491.2517402537067
926405.0392,-4178.428118146721,-1491.2517402537067
926413.721126,-4178.428118146721,-1491.2517402537067
926423.319722,-4178.428118146721,-1491.2517402537067
926433.353781,-4183.627934709661,-1495.2596634132112
926443.353705,-4188.605299236097,-1498.3459038717926
926453.353762,-4198.824190074342,-1515.5832315353848
926463.712036,-4198.33062459432,-1516.5980134396696
926474.2262,-4198.33062459432,-1516.5980134396696
926483.718566,-4198.33062459432,-1516.5980134396696
926493.740588,-4198.33062459432,-1516.5980134396696
926507.059432,-4198.33062459432,-1516.5980134396696
926513.752551,-4198.33062459432,-1516.5980134396696
926524.180201,-4198.33062459432,-1516.5980134396696
926534.204801,-4198.33062459432,-1516.5980134396696
926544.700481,-4198.33062459432,-1516.5980134396696
926553.372708,-4198.33062459432,-1516.5980134396696
926563.356236,-4198.33062459432,-1516.5980134396696
926582.716523,-4187.611216652217,-1527.3230477338402
926584.085602,-4181.0627845597155,-1524.8279876874888
926593.797463,-4181.0627845597155,-1524.8279876874888
926604.014073,-4181.0627845597155,-1524.8279876874888
926614.190576,-4181.0627845597155,-1524.8279876874888
926624.318449,-4181.0627845597155,-1524.8279876874888
926634.260376,-4181.0627845597155,-1524.8279876874888
926644.540398,-4181.0627845597155,-1524.8279876874888
926656.774839,-4181.0627845597155,-1524.8279876874888
926663.368511,-4181.0627845597155,-1524.8279876874888
926673.417551,-4181.0627845597155,-1524.8279876874888
926683.368529,-4181.0627845597155,-1524.8279876874888
926693.815596,-4181.0627845597155,-1524.8279876874888
926703.820125,-4181.0627845597155,-1524.8279876874888
926713.824277,-4174.222384158998,-1518.8510154427572
926725.813762,-4170.141779449072,-1515.4854773185089
926734.069144,-4170.141779449072,-1515.4854773185089
926740.555366,-4170.141779449072,-1515.4854773185089
926743.420573,-4170.141779449072,-1515.4854773185089
926754.143426,-4157.642755136928,-1510.1834746057777
926764.293649,-4154.5423297542375,-1478.715924697134
926774.720987,-4155.536412330397,-1478.2038787581994
926783.788143,-4167.145628465479,-1479.4839936093617
926793.822343,-4192.713710447946,-1497.0332043083517
926803.343988,-4231.32999520799,-1479.0743568554071
926813.801905,-4268.451680251734,-1409.0590527592005
926826.151762,-4315.639320306729,-1328.0626804448016
926836.815224,-4349.3755632317325,-1272.6220541267085
926843.777247,-4393.2611806739915,-1217.940182286956
926862.894472,-4426.955713783189,-1190.5084727697583
926863.327042,-4403.716426766867,-1086.3117225044682
926873.360343,-4361.096005341049,-1057.6324763708965
926883.346668,-4298.788577898767,-1054.8860463112273
926893.320433,-4234.910082809465,-1105.8346495930443
926908.613219,-4170.141779449072,-1515.4854773185089
926908.689461,-4267.012693590104,-1165.9209459417386
926909.832164,-4269.494424216894,-1176.4504776174003
926909.832793,-4269.494424216894,-1176.4504776174003
926913.106729,-4269.494424216894,-1176.4504776174003
926923.382953,-4269.494424216894,-1176.4504776174003
926933.491526,-4269.494424216894,-1176.4504776174003
926943.108115,-4269.494424216894,-1176.4504776174003
926944.034034,-4170.141779449072,-1515.4854773185089
926953.05803,-4251.66350246583,-1208.8536904780478
926964.181078,-4282.320174941823,-1223.004784212526
928725.560177,-5646.104125306976,-994.082874589523
928725.560783,-5646.104125306976,-994.082874589523
928727.488348,-5566.153472562522,-1062.808798775335
928727.488908,-5566.153472562522,-1062.808798775335
928805.446803,-4980.645800404059,-1392.7154752428003
928805.447559,-4980.645800404059,-1392.7154752428003
928806.885131,-4996.773573413143,-1366.3357951351422
928806.885797,-4996.773573413143,-1366.3357951351422
928809.02318,-4975.334757914773,-1402.020747709992
928809.023804,-4975.334757914773,-1402.020747709992
928812.87876,-4971.427943928429,-1408.5097670587243
928812.879343,-4971.427943928429,-1408.5097670587243
928815.631403,-4966.62437015667,-1416.4464799999112
928815.632132,-4966.62437015667,-1416.4464799999112
928818.445822,-4966.62437015667,-1416.4464799999112
928828.426106,-4932.915934212538,-1488.9056388820918
928838.641646,-4915.9956757802065,-1490.2323033467053
928848.402981,-4893.729616706105,-1483.6455306219052
928860.589239,-4877.177794454174,-1476.9889333754854
928868.891596,-4836.608103257808,-1471.4029775962535
928878.713696,-4812.638895697247,-1520.6990356821877
928888.997631,-4801.043582984057,-1584.4208184234626
928898.737483,-4791.359967506423,-1622.5170291174438
928908.935913,-4791.387774009532,-1623.3688871753277
928919.786394,-4777.672215265417,-1670.1326343077176
928928.69945,-4732.382369683774,-1692.8395371648937
928938.353402,-4642.998358122024,-1678.060034063013
928948.389865,-4564.215576588947,-1640.1965747964157
928958.376428,-4475.102678110619,-1661.0554588961768
928972.115012,-4364.5718185430405,-1678.6093195405697
928984.847081,-4304.224749748141,-1653.6540696189722
928988.808909,-4267.0474517173,-1622.046877947957
928998.328226,-4206.589156783811,-1545.9242786667896
929009.006035,-4178.560199048628,-1525.6100214386015
929018.285023,-4143.280694938783,-1496.488573644626
929022.676316,-4141.299481401319,-1491.3075998103507
929028.349504,-4141.278626521736,-1490.4464316538135
929040.966616,-4141.278626521736,-1490.4464316538135
929049.007686,-4141.278626521736,-1490.4464316538135
929058.522474,-4141.278626521736,-1490.4464316538135
929070.53356,-4141.278626521736,-1490.4464316538135
929080.643835,-4141.278626521736,-1490.4464316538135
929088.929625,-4141.278626521736,-1490.4464316538135
929098.910205,-4141.278626521736,-1490.4464316538135
929114.278989,-4141.278626521736,-1490.4464316538135
929123.410247,-4141.278626521736,-1490.4464316538135
929128.535895,-4141.278626521736,-1490.4464316538135
929140.201667,-4141.278626521736,-1490.4464316538135
929149.001023,-4141.278626521736,-1490.4464316538135
929160.376138,-4141.278626521736,-1490.4464316538135
929168.797076,-4141.278626521736,-1490.4464316538135
929178.399896,-4141.278626521736,-1490.4464316538135
929190.60273,-4141.278626521736,-1490.4464316538135
929198.708551,-4141.278626521736,-1490.4464316538135
929209.288286,-4141.278626521736,-1490.4464316538135
929218.302965,-4141.278626521736,-1490.4464316538135
929228.358372,-4141.278626521736,-1490.4464316538135
929238.297228,-4141.278626521736,-1490.4464316538135
929248.759994,-4141.278626521736,-1490.4464316538135
929258.73732,-4141.278626521736,-1490.4464316538135
929270.017699,-4141.278626521736,-1490.4464316538135
929279.284911,-4141.278626521736,-1490.4464316538135
929289.787873,-4141.278626521736,-1490.4464316538135
929299.084658,-4141.278626521736,-1490.4464316538135
929308.31191,-4141.278626521736,-1490.4464316538135
929318.789316,-4141.278626521736,-1490.4464316538135
929328.32257,-4153.631666688409,-1487.1879575225435
929341.564684,-4153.631666688409,-1487.1879575225435
929348.686178,-4154.667459024037,-1486.568847436925
929358.269163,-4163.899218917248,-1487.0389987052279
929368.746086,-4171.5112498590815,-1493.7980050277906
929378.645733,-4177.941504298657,-1500.0542752784336
929389.347857,-4177.941504298657,-1500.0542752784336
929398.64627,-4177.941504298657,-1500.0542752784336
929412.057409,-4177.941504298657,-1500.0542752784336
929419.991262,-4177.941504298657,-1500.0542752784336
929428.295481,-4177.941504298657,-1500.0542752784336
929438.662282,-4177.941504298657,-1500.0542752784336
929448.266692,-4177.941504298657,-1500.0542752784336
929458.310819,-4177.941504298657,-1500.0542752784336
929468.928446,-4177.941504298657,-1500.0542752784336
929478.295451,-4187.882330088002,-1506.2221011743638
929488.814055,-4187.882330088002,-1506.2221011743638
929499.520029,-4187.882330088002,-1506.2221011743638
929511.593982,-4187.882330088002,-1506.2221011743638
929518.939144,-4187.882330088002,-1506.2221011743638
929528.815368,-4187.882330088002,-1506.2221011743638
929538.770187,-4187.882330088002,-1506.2221011743638
929549.031936,-4187.882330088002,-1506.2221011743638
929560.079779,-4187.882330088002,-1506.2221011743638
929568.29769,-4187.882330088002,-1506.2221011743638
929578.490469,-4187.882330088002,-1506.2221011743638
929588.819019,-4187.882330088002,-1506.2221011743638
929598.417289,-4187.882330088002,-1506.2221011743638
929608.741733,-4187.882330088002,-1506.2221011743638
929619.352264,-4187.882330088002,-1506.2221011743638
929629.451647,-4187.882330088002,-1506.2221011743638
929639.730046,-4187.882330088002,-1506.2221011743638
929648.763223,-4187.882330088002,-1506.2221011743638
929659.023347,-4187.882330088002,-1506.2221011743638
929673.718797,-4187.882330088002,-1506.2221011743638
929681.243007,-4187.882330088002,-1506.2221011743638
929681.243742,-4187.882330088002,-1506.2221011743638
929684.25057,-4187.882330088002,-1506.2221011743638
929694.250569,-4187.882330088002,-1506.2221011743638
929704.765709,-4187.882330088002,-1506.2221011743638
929714.788709,-4187.882330088002,-1506.2221011743638
929724.325876,-4187.882330088002,-1506.2221011743638
929737.087889,-4187.882330088002,-1506.2221011743638
929744.235443,-4187.882330088002,-1506.2221011743638
929754.67164,-4187.882330088002,-1506.2221011743638
929764.727114,-4187.882330088002,-1506.2221011743638
929774.745108,-4187.882330088002,-1506.2221011743638
929784.752158,-4187.882330088002,-1506.2221011743638
929797.58048,-4187.882330088002,-1506.2221011743638
929804.214898,-4187.882330088002,-1506.2221011743638
929815.14433,-4187.882330088002,-1506.2221011743638
929825.639721,-4187.882330088002,-1506.2221011743638
929834.825534,-4187.882330088002,-1506.2221011743638
929844.235411,-4187.882330088002,-1506.2221011743638
929854.245134,-4187.882330088002,-1506.2221011743638
929864.23525,-4187.882330088002,-1506.2221011743638
929875.117193,-4187.882330088002,-1506.2221011743638
929884.808023,-4187.882330088002,-1506.2221011743638
929895.037857,-4187.882330088002,-1506.2221011743638
929904.317898,-4187.882330088002,-1506.2221011743638
929914.317838,-4187.882330088002,-1506.2221011743638
929925.788809,-4187.882330088002,-1506.2221011743638
929935.667588,-4187.882330088002,-1506.2221011743638
929945.29772,-4187.882330088002,-1506.2221011743638
929959.741695,-4187.882330088002,-1506.2221011743638
929964.359806,-4187.882330088002,-1506.2221011743638
929974.244043,-4187.882330088002,-1506.2221011743638
929984.814291,-4187.882330088002,-1506.2221011743638
929997.285786,-4187.882330088002,-1506.2221011743638
930004.777668,-4187.882330088002,-1506.2221011743638
930015.298399,-4187.882330088002,-1506.2221011743638
930024.808343,-4187.882330088002,-1506.2221011743638
930038.845832,-4187.882330088002,-1506.2221011743638
930046.511003,-4187.882330088002,-1506.2221011743638
930055.779295,-4193.999761338637,-1507.8559931612435
930065.691581,-4183.607079838345,-1532.1735189104265
930074.651035,-4179.144135671184,-1529.2967519379426
930084.322005,-4179.144135671184,-1529.2967519379426
930094.75,-4179.144135671184,-1529.2967519379426
930104.737535,-4179.144135671184,-1529.2967519379426
930114.814466,-4179.144135671184,-1529.2967519379426
930125.27453,-4179.144135671184,-1529.2967519379426
930135.791094,-4179.144135671184,-1529.2967519379426
930145.008456,-4179.144135671184,-1529.2967519379426
930154.245142,-4179.144135671184,-1529.2967519379426
930165.819205,-4179.144135671184,-1529.2967519379426
930174.245874,-4179.144135671184,-1529.2967519379426
930184.244819,-4179.144135671184,-1529.2967519379426
930194.609819,-4179.144135671184,-1529.2967519379426
930204.753711,-4179.144135671184,-1529.2967519379426
930215.996297,-4179.144135671184,-1529.2967519379426
930224.801133,-4179.144135671184,-1529.2967519379426
930235.152431,-4179.144135671184,-1529.2967519379426
930245.112263,-4179.144135671184,-1529.2967519379426
930255.126594,-4179.144135671184,-1529.2967519379426
930264.988685,-4179.144135671184,-1529.2967519379426
930274.231657,-4179.144135671184,-1529.2967519379426
930287.37101,-4179.144135671184,-1529.2967519379426
930294.235363,-4179.144135671184,-1529.2967519379426
930304.707302,-4163.642008745524,-1514.5637946676866
930314.764037,-4162.599264778064,-1513.9586495023964
930324.693673,-4162.599264778064,-1513.9586495023964
930335.367206,-4162.599264778064,-1513.9586495023964
930345.275306,-4162.599264778064,-1513.9586495023964
930354.739138,-4162.599264778064,-1513.9586495023964
930364.705116,-4162.599264778064,-1513.9586495023964
930374.674988,-4162.599264778064,-1513.9586495023964
930385.005823,-4162.599264778064,-1513.9586495023964
930394.204988,-4162.599264778064,-1513.9586495023964
930404.245759,-4162.599264778064,-1513.9586495023964
930414.275512,-4162.599264778064,-1513.9586495023964
930424.747359,-4162.599264778064,-1513.9586495023964
930434.71519,-4162.599264778064,-1513.9586495023964
930446.308786,-4162.599264778064,-1513.9586495023964
930456.663504,-4154.007054514464,-1506.4036447265626
930466.955173,-4154.007054514464,-1506.589843250512
930475.149872,-4150.830161236563,-1505.635575845623
930485.228823,-4148.786383068621,-1504.797682526384
930495.232938,-4148.786383068621,-1504.797682526384
930504.241102,-4148.786383068621,-1504.797682526384
930514.237823,-4148.786383068621,-1504.797682526384
930524.288797,-4148.786383068621,-1504.797682526384
930534.236138,-4148.786383068621,-1504.797682526384
930552.349149,-4148.786383068621,-1504.797682526384
930557.426858,-4148.786383068621,-1504.797682526384
930557.42743,-4148.786383068621,-1504.797682526384
930561.256332,-4148.786383068621,-1504.797682526384
930571.972205,-4149.245190413472,-1503.5594623761933
930581.843424,-4149.245190413472,-1503.5548074146707
930591.643277,-4149.245190413472,-1503.5548074146707
930602.335861,-4149.245190413472,-1503.5548074146707
930611.628617,-4149.245190413472,-1503.5548074146707
930622.271816,-4149.245190413472,-1503.5548074146707
930631.687651,-4149.245190413472,-1503.5548074146707
930641.266098,-4149.245190413472,-1503.5548074146707
930651.953369,-4149.245190413472,-1503.5548074146707
930657.827707,-4151.747775926069,-1498.7462306914038
930661.230099,-4153.096391457023,-1496.2604804556481
930671.6316,-4153.096391457023,-1496.265135417542
930681.785899,-4153.096391457023,-1496.265135417542
930692.077408,-4154.952475707556,-1489.2873458527265
930701.265743,-4154.952475707556,-1489.2873458527265
930711.265012,-4154.952475707556,-1489.2873458527265
930726.251473,-4154.952475707556,-1489.2873458527265
930731.69582,-4154.952475707556,-1489.2873458527265
930741.733245,-4154.952475707556,-1489.2873458527265
930742.341719,-4154.952475707556,-1489.2873458527265
930751.703724,-4154.952475707556,-1489.2873458527265
930761.299307,-4154.952475707556,-1489.2873458527265
930773.451295,-4154.952475707556,-1489.2873458527265
930781.265408,-4154.952475707556,-1489.2873458527265
930792.169126,-4154.952475707556,-1489.2873458527265
930802.215361,-4154.952475707556,-1489.2873458527265
930812.867445,-4154.952475707556,-1489.2873458527265
930823.89426,-4154.952475707556,-1489.2873458527265
930831.76507,-4154.952475707556,-1489.2873458527265
930841.747,-4154.952475707556,-1489.2873458527265
930851.777611,-4154.952475707556,-1489.2873458527265
930861.747601,-4154.952475707556,-1489.2873458527265
930871.777235,-4154.952475707556,-1489.2873458527265
930881.229383,-4154.952475707556,-1489.2873458527265
930891.826221,-4154.952475707556,-1489.2873458527265
930905.941984,-4154.952475707556,-1489.2873458527265
930913.933275,-4154.952475707556,-1489.2873458527265
930923.666761,-4154.952475707556,-1489.2873458527265
930932.219474,-4154.952475707556,-1489.2873458527265
930942.143612,-4154.952475707556,-1489.2873458527265
930951.259877,-4154.952475707556,-1489.2873458527265
930961.951126,-4154.952475707556,-1489.2873458527265
930973.500507,-4154.952475707556,-1489.2873458527265
930981.773259,-4154.952475707556,-1489.2873458527265
930991.875615,-4154.952475707556,-1489.2873458527265
931001.285167,-4154.952475707556,-1489.2873458527265
931014.676447,-4154.952475707556,-1489.2873458527265
931021.344409,-4154.952475707556,-1489.2873458527265
931032.635255,-4154.952475707556,-1489.2873458527265
931041.762718,-4154.952475707556,-1489.2873458527265
931051.66329,-4154.952475707556,-1489.2873458527265
931061.334275,-4154.952475707556,-1489.2873458527265
931073.877622,-4154.952475707556,-1489.2873458527265
931081.230384,-4154.952475707556,-1489.2873458527265
931091.753856,-4154.952475707556,-1489.2873458527265
931101.681878,-4154.952475707556,-1489.2873458527265
931115.903194,-4154.952475707556,-1489.2873458527265
931121.317386,-4154.952475707556,-1489.2873458527265
931131.706348,-4154.952475707556,-1489.2873458527265
931141.25631,-4154.952475707556,-1489.2873458527265
931157.585616,-4154.952475707556,-1489.2873458527265
931161.73534,-4154.952475707556,-1489.2873458527265
931171.760621,-4154.952475707556,-1489.2873458527265
931181.265245,-4154.952475707556,-1489.2873458527265
931191.729082,-4150.857967740063,-1487.304331599733
931201.752983,-4150.413063651032,-1487.5650095308777
931213.107497,-4150.413063651032,-1487.5650095308777
931221.879856,-4150.413063651032,-1487.5650095308777
931227.404998,-4150.413063651032,-1487.5650095308777
931231.828498,-4150.413063651032,-1487.5650095308777
931242.14496,-4150.413063651032,-1487.5650095308777
931252.551632,-4150.413063651032,-1487.5650095308777
931261.607637,-4156.5583014100375,-1485.093224135873
931933.129414,-2682.0813232261503,-3636.120452746631
931933.130156,-2682.0813232261503,-3636.120452746631
931943.045536,-2980.927033705945,-3627.271035268526
931943.047331,-2980.927033705945,-3627.271035268526
931952.867736,-3054.669888331001,-3697.8772732595708
931952.875665,-3054.669888331001,-3697.8772732595708
931964.852665,-3152.45841912592,-3793.061619638949
931989.784392,-3219.5277120769942,-3851.69531888253
932011.129255,-3422.876691466576,-3825.8464046615554
932011.129884,-3422.876691466576,-3825.8464046615554
932033.662384,-3706.7046500598058,-3501.9924240113746
932033.663183,-3706.7046500598058,-3501.9924240113746
932042.018534,-3714.031664375354,-3485.9049224823916
932052.462047,-3715.484554308754,-3491.9051509616716
932062.817933,-3729.0680324644386,-3474.1372127699096
932073.861176,-3738.5917607522383,-3466.3727586114496
932082.728443,-3743.124221213021,-3458.6781285946026
932092.87923,-3754.399759372519,-3451.0067732305884
932102.028488,-3781.7752644511197,-3421.303545046148
932112.008266,-3788.6921327918076,-3403.079419874435
932122.445279,-3796.9228585444703,-3395.0868723497106
932134.439512,-3805.8696018172027,-3375.768833361381
932142.041005,-3840.231491474981,-3337.3329164417064
932152.431098,-3873.585395264507,-3304.1850201431994
932162.032375,-3931.575863215372,-3248.167352395489
932176.443295,-3957.957285621401,-3232.563959264883
932182.465202,-3976.4833701183306,-3190.9114628486177
932192.039349,-3983.2264477795393,-3169.6848878569836
932202.085704,-4003.6989876745074,-3163.1167523328304
932213.431693,-4024.4217861098346,-3173.8184840970657
932222.012252,-4033.1113191625113,-3181.4665680630296
932232.008823,-4046.806023258043,-3187.2387068335033
932242.779234,-4068.376920103538,-3197.810099569302
932252.403561,-4080.305911078752,-3203.945324336507
932263.486374,-4130.427137665,-3228.756209926742
932272.639586,-4142.73151645133,-3223.0120012362872
932282.030665,-4162.800861942803,-3232.9270453929817
932311.480007,-4263.9817844687195,-3287.729772562107
932311.480709,-4263.9817844687195,-3287.729772562107
932314.183001,-4269.4805209609785,-3287.729772562107
932324.312447,-4314.1586238872305,-3314.1791971826256
932333.944965,-4359.900325605288,-3336.713808157734
932344.540799,-4419.865054863548,-3367.6226721600633
932353.991128,-4441.87390400272,-3365.0671049986195
932364.505007,-4443.319842291062,-3328.94004242453
932374.427937,-4432.572627901656,-3317.88453711106
932384.4402,-4415.8192083102385,-3271.4467577167325
932390.729474,-4405.030284155139,-3260.926570646928
932398.148216,-4385.47535910744,-3261.3687909031514
932403.929767,-4385.7256176623205,-3261.5736087071537
932414.906891,-4385.7256176623205,-3261.5736087071537
932423.940389,-4385.7256176623205,-3261.5736087071537
932434.412211,-4385.7256176623205,-3261.5736087071537
932446.93569,-4385.7256176623205,-3261.5736087071537
932454.012258,-4385.7256176623205,-3261.5736087071537
932467.082704,-4385.7256176623205,-3261.5736087071537
932476.037247,-4385.7256176623205,-3261.5736087071537
932484.434388,-4385.7256176623205,-3261.5736087071537
932494.346151,-4385.7256176623205,-3261.5736087071537
932505.307379,-4385.7256176623205,-3261.5736087071537
932515.677178,-4381.714529233117,-3258.4873768098146
932523.952295,-4355.618123739168,-3259.5673252299075
932534.396886,-4349.966451475932,-3260.097989537756
932544.80534,-4349.966451475932,-3260.097989537756
932555.474766,-4349.966451475932,-3260.097989537756
932564.615721,-4349.966451475932,-3260.097989537756
932574.486157,-4343.598761698435,-3260.093334589936
932586.652076,-4343.598761698435,-3260.093334589936
932593.951358,-4343.598761698435,-3260.093334589936
932604.664287,-4343.598761698435,-3260.093334589936
932614.497381,-4343.598761698435,-3260.093334589936
932624.385423,-4343.598761698435,-3260.093334589936
932634.40562,-4343.598761698435,-3260.093334589936
932643.926525,-4343.598761698435,-3260.093334589936
932654.481074,-4342.354420570944,-3258.627025314861
932664.452491,-4342.354420570944,-3258.627025314861
932674.905133,-4342.354420570944,-3258.627025314861
932684.893314,-4342.354420570944,-3258.627025314861
932695.299762,-4342.354420570944,-3258.627025314861
932704.396081,-4342.354420570944,-3258.627025314861
932713.966693,-4342.354420570944,-3258.627025314861
932724.398549,-4342.354420570944,-3258.627025314861
932734.421205,-4342.354420570944,-3258.627025314861
932744.84499,-4342.354420570944,-3258.627025314861
932756.981826,-4342.354420570944,-3258.627025314861
932764.938708,-4342.354420570944,-3258.627025314861
932775.581254,-4342.354420570944,-3258.627025314861
932784.39706,-4342.354420570944,-3258.627025314861
932798.038332,-4342.354420570944,-3258.627025314861
932804.426556,-4342.354420570944,-3258.627025314861
932814.429232,-4342.354420570944,-3258.627025314861
932825.040392,-4342.354420570944,-3258.627025314861
932833.939929,-4342.354420570944,-3258.627025314861
932844.468987,-4342.354420570944,-3258.627025314861
932854.628093,-4340.164658254015,-3260.7729572982134
932864.842547,-4340.164658254015,-3260.7729572982134
932874.817198,-4340.164658254015,-3260.7729572982134
932884.86677,-4340.164658254015,-3260.7729572982134
932896.134698,-4340.164658254015,-3260.7729572982134
932904.404446,-4340.164658254015,-3260.7729572982134
932915.357525,-4340.164658254015,-3260.7729572982134
932928.48525,-4340.164658254015,-3260.7729572982134
932934.380619,-4340.164658254015,-3260.7729572982134
932945.855439,-4340.164658254015,-3260.7729572982134
932953.981955,-4340.164658254015,-3260.7729572982134
932965.485769,-4316.334482949474,-3266.819737408213
932974.95097,-4316.40399921204,-3266.7964626553967
932984.373632,-4316.40399921204,-3266.7964626553967
932994.959173,-4316.40399921204,-3266.7964626553967
933004.63256,-4316.40399921204,-3266.7964626553967
933013.950013,-4313.692864911962,-3266.9873156101853
933025.455169,-4313.692864911962,-3266.9873156101853
933034.505994,-4313.692864911962,-3266.9873156101853
933044.488115,-4313.692864911962,-3266.9873156101853
933054.376034,-4313.692864911962,-3266.9873156101853
933064.399992,-4313.692864911962,-3266.9873156101853
933075.278156,-4313.692864911962,-3266.9873156101853
933083.915684,-4313.692864911962,-3266.9873156101853
933095.13345,-4313.692864911962,-3266.9873156101853
933104.333546,-4313.692864911962,-3266.9873156101853
933114.368153,-4313.692864911962,-3266.9873156101853
933125.094483,-4313.692864911962,-3266.9873156101853
933133.915298,-4313.692864911962,-3266.9873156101853
933143.946715,-4313.692864911962,-3266.9873156101853
933154.370067,-4313.692864911962,-3266.9873156101853
933164.445939,-4313.692864911962,-3266.9873156101853
933174.405627,-4313.692864911962,-3266.9873156101853
933184.518745,-4313.692864911962,-3266.9873156101853
933194.844035,-4313.692864911962,-3266.9873156101853
933203.941422,-4313.692864911962,-3266.9873156101853
933215.42373,-4313.692864911962,-3266.9873156101853
933223.952807,-4313.692864911962,-3266.9873156101853
933234.396064,-4313.692864911962,-3266.9873156101853
933244.477602,-4313.692864911962,-3266.9873156101853
933253.956165,-4313.692864911962,-3266.9873156101853
933263.96416,-4313.692864911962,-3266.9873156101853
933274.418739,-4313.692864911962,-3266.9873156101853
933284.447019,-4313.692864911962,-3266.9873156101853
933294.658944,-4313.692864911962,-3266.9873156101853
933304.85623,-4313.692864911962,-3266.9873156101853
933314.866437,-4310.974778987826,-3268.095193717622
933323.942673,-4310.974778987826,-3268.095193717622
933333.945175,-4310.974778987826,-3268.095193717622
933345.173644,-4310.974778987826,-3268.095193717622
933354.737422,-4303.07773139385,-3268.4675897115644
933364.416608,-4298.934562056101,-3266.945421055188
933376.00303,-4298.934562056101,-3266.945421055188
933384.012745,-4298.934562056101,-3266.945421055188
933389.514982,-4298.934562056101,-3266.945421055188
933393.924447,-4298.934562056101,-3266.945421055188
933406.521077,-4292.121968175693,-3267.0199002596732
933414.426209,-4289.396930626556,-3266.6195745539076
933970.103942,-4867.973841211048,-1461.8370282017377
933970.104569,-4867.973841211048,-1461.8370282017377
933977.042819,-4869.676989660981,-1455.3200796274314
933977.043431,-4869.676989660981,-1455.3200796274314
933994.01097,-4863.441380858748,-1466.5292311350274
933994.014548,-4863.441380858748,-1466.5292311350274
934002.672398,-4861.557490126211,-1471.6915853134874
934012.650247,-4861.557490126211,-1471.6915853134874
934024.592264,-4843.13568037528,-1465.2351513623116
934033.636815,-4826.569954847482,-1503.3034394223896
934042.617979,-4825.972114985853,-1504.0621983832782
934052.625624,-4825.972114985853,-1504.0621983832782
934062.828251,-4824.199450272223,-1509.0523186287332
934073.137087,-4793.869504615569,-1606.5458540687753
934083.20373,-4780.02186496386,-1654.040431449918
934095.057303,-4779.806364546261,-1656.1724039593723
934103.65773,-4779.806364546261,-1656.1724039593723
934215.371634,-4290.9193368061615,-1607.2487533589267
934215.372313,-4290.9193368061615,-1607.2487533589267
934219.22645,-4290.9193368061615,-1607.2487533589267
934243.693512,-4254.332927010255,-1584.9142444343784
934243.694104,-4254.332927010255,-1584.9142444343784
934249.198738,-4230.023089438607,-1562.0909636586991
934257.562288,-4189.307413504473,-1525.2981389272354
934298.576388,-4156.106445697431,-1507.7396190880456
934298.586148,-4139.2974129925915,-1487.7465530893205
934299.313292,-4167.639193937419,-1477.3706403522272
934299.313911,-4167.639193937419,-1477.3706403522272
934302.668044,-4167.639193937419,-1477.3706403522272
934313.118543,-4167.639193937419,-1477.3706403522272
934323.517442,-4167.639193937419,-1477.3706403522272
934332.690938,-4167.639193937419,-1477.3706403522272
934342.69688,-4167.639193937419,-1477.3706403522272
934352.695683,-4167.639193937419,-1477.3706403522272
934362.696219,-4167.639193937419,-1477.3706403522272
934374.126577,-4167.639193937419,-1477.3706403522272
934382.696857,-4167.639193937419,-1477.3706403522272
934393.112694,-4167.639193937419,-1477.3706403522272
934403.201034,-4167.639193937419,-1477.3706403522272
934413.496684,-4172.540090570407,-1473.116004036064
934423.596347,-4172.540090570407,-1473.116004036064
934433.507148,-4172.540090570407,-1473.116004036064
934443.853842,-4172.540090570407,-1473.116004036064
934454.910034,-4172.540090570407,-1473.116004036064
934462.686069,-4172.540090570407,-1473.116004036064
934472.688621,-4172.540090570407,-1473.116004036064
934482.687724,-4172.540090570407,-1473.116004036064
934493.728717,-4172.540090570407,-1473.116004036064
934503.090576,-4173.214398327275,-1481.1411604816083
934513.927719,-4194.256971510199,-1509.5690195038073
934517.49839,-4196.377217570982,-1517.4359067452558
934523.07328,-4196.106104143641,-1518.525168046955
934533.668955,-4196.106104143641,-1518.525168046955
934543.678854,-4196.106104143641,-1518.525168046955
934553.072656,-4196.106104143641,-1518.525168046955
934563.097705,-4196.106104143641,-1518.525168046955
934573.253122,-4196.106104143641,-1518.525168046955
934583.143904,-4196.106104143641,-1518.525168046955
934593.139765,-4196.106104143641,-1518.525168046955
934602.687139,-4196.106104143641,-1518.525168046955
934613.543288,-4196.106104143641,-1518.525168046955
934623.230736,-4196.106104143641,-1518.525168046955
934633.094267,-4196.106104143641,-1518.525168046955
934643.57242,-4196.106104143641,-1518.525168046955
934653.428381,-4196.106104143641,-1518.525168046955
934664.653957,-4196.106104143641,-1518.525168046955
934673.57692,-4196.106104143641,-1518.525168046955
934684.240659,-4196.106104143641,-1518.525168046955
934693.097323,-4196.106104143641,-1518.525168046955
934703.119333,-4196.106104143641,-1518.525168046955
934713.840995,-4188.368943935816,-1528.5147182030757
934722.664959,-4182.891062313949,-1530.7025506884436
934733.138351,-4182.891062313949,-1530.7025506884436
934744.533294,-4182.891062313949,-1530.7025506884436
934753.515573,-4182.891062313949,-1530.7025506884436
934764.741066,-4182.891062313949,-1530.7025506884436
934773.587541,-4182.891062313949,-1530.7025506884436
934786.042057,-4182.891062313949,-1530.7025506884436
934794.298065,-4182.891062313949,-1530.7025506884436
934803.150442,-4182.891062313949,-1530.7025506884436
934813.935385,-4182.891062313949,-1530.7025506884436
934823.141235,-4182.891062313949,-1530.7025506884436
934833.069967,-4182.891062313949,-1530.7025506884436
934843.341934,-4182.891062313949,-1530.7025506884436
934853.276973,-4182.891062313949,-1530.7025506884436
934865.059191,-4182.891062313949,-1530.7025506884436
934873.516599,-4182.891062313949,-1530.7025506884436
934885.476865,-4182.891062313949,-1530.7025506884436
934893.92899,-4182.585190750878,-1529.8879322058388
934903.098329,-4182.585190750878,-1529.8879322058388
934913.160886,-4182.585190750878,-1529.8879322058388
934923.142602,-4182.585190750878,-1529.8879322058388
934933.147631,-4182.585190750878,-1529.8879322058388
934943.137883,-4182.585190750878,-1529.8879322058388
934954.063173,-4182.585190750878,-1529.8879322058388
934966.61888,-4182.585190750878,-1529.8879322058388
934972.726499,-4182.585190750878,-1529.8879322058388
934984.115795,-4182.585190750878,-1529.8879322058388
934993.553963,-4182.585190750878,-1529.8879322058388
935003.807751,-4182.585190750878,-1529.8879322058388
935014.325603,-4182.585190750878,-1529.8879322058388
935023.331918,-4182.585190750878,-1529.8879322058388
935033.861469,-4182.585190750878,-1529.8879322058388
935043.139558,-4182.585190750878,-1529.8879322058388
935053.144021,-4182.585190750878,-1529.8879322058388
935064.599865,-4182.585190750878,-1529.8879322058388
935074.553557,-4182.585190750878,-1529.8879322058388
935083.775478,-4182.585190750878,-1529.8879322058388
935092.686477,-4182.585190750878,-1529.8879322058388
935104.19822,-4182.585190750878,-1529.8879322058388
935113.521657,-4182.585190750878,-1529.8879322058388
935124.152652,-4182.585190750878,-1529.8879322058388
935133.139521,-4182.585190750878,-1529.8879322058388
935143.163707,-4182.585190750878,-1529.8879322058388
935153.295311,-4182.585190750878,-1529.8879322058388
935163.742473,-4182.585190750878,-1529.8879322058388
935173.163763,-4182.585190750878,-1529.8879322058388
936223.622358,-4221.785412132845,-1494.3147059250834
936223.623115,-4221.785412132845,-1494.3147059250834
936229.1186,-4244.308681724485,-1452.3455580816276
936244.462561,-4276.300066468411,-1393.1111471672489
999051.771079,-3985.3605970971166,-589.9385398633399
999051.771748,-3985.3605970971166,-589.9385398633399
999060.713245,-3986.0349048647795,-591.2791711189114
999071.196784,-3986.0349048647795,-591.2791711189114
999083.684415,-3986.0349048647795,-591.2791711189114
999092.499054,-3986.0349048647795,-591.2791711189114
999101.435353,-3986.0349048647795,-591.2791711189114
999111.90554,-3986.3546796766614,-592.3079194030107
999121.142987,-3951.137740069811,-581.1685770187867
999131.10406,-3945.6529067896086,-582.0018166003811
999141.16471,-3945.6529067896086,-582.0018166003811
999151.05787,-3945.6529067896086,-582.0018166003811
999161.165541,-3945.6529067896086,-582.0018166003811
999171.581928,-3945.6529067896086,-582.0018166003811
999181.510165,-3945.6529067896086,-582.0018166003811
999191.611076,-3945.6529067896086,-582.0018166003811
999201.529593,-3945.6529067896086,-582.0018166003811
999211.65107,-3945.6529067896086,-582.0018166003811
999222.051314,-3945.6529067896086,-582.0018166003811
999231.150869,-3945.6529067896086,-582.0018166003811
999241.151256,-3945.6529067896086,-582.0018166003811
999251.141374,-3945.6529067896086,-582.0018166003811
999261.125439,-3945.6529067896086,-582.0018166003811
999271.142999,-3945.6529067896086,-582.0018166003811
999281.525724,-3945.6529067896086,-582.0018166003811
999291.56881,-3945.6529067896086,-582.0018166003811
999301.148728,-3945.6529067896086,-582.0018166003811
999311.612384,-3945.6529067896086,-582.0018166003811
999321.518297,-3945.6529067896086,-582.0018166003811
999332.031307,-3934.3773686794984,-559.6626166771564
999340.728766,-3934.384320303305,-559.7138213367028
999351.194936,-3934.384320303305,-559.7138213367028
999361.214878,-3934.384320303305,-559.7138213367028
999371.189567,-3934.384320303305,-559.7138213367028
999381.329088,-3956.6086700853193,-568.1858664134307
999391.597562,-4047.7862025886466,-632.2196275966029
999401.491108,-4192.797129966629,-632.8201186450713
999411.540356,-4337.23107191167,-594.6772989232092
999421.735234,-4333.122660712339,-645.7283484171479
999431.611104,-4238.1008793377505,-713.9236438524191
999442.111797,-4097.949138975598,-822.0073534001956
999451.123002,-4061.5087131837095,-910.3493286227992
999461.07303,-4074.390076979004,-1043.0996717174025
999471.422848,-4100.131949671412,-1209.9103675542865
999481.047169,-4116.642062449986,-1326.512577354221
999491.149602,-4147.917429762142,-1443.449923129222
999501.408711,-4190.252834696732,-1505.2911085864475
999510.706053,-4183.9546611522865,-1534.5894445706347
999521.096542,-4176.989131482385,-1526.7504873192188
999531.19084,-4176.989131482385,-1526.7504873192188
999542.292911,-4176.989131482385,-1526.7504873192188
999551.959954,-4176.989131482385,-1526.7504873192188
999561.113589,-4176.989131482385,-1526.7504873192188
999571.051141,-4176.989131482385,-1526.7504873192188
999581.053777,-4176.989131482385,-1526.7504873192188
999591.097037,-4176.989131482385,-1526.7504873192188
999601.172334,-4176.989131482385,-1526.7504873192188
999611.594858,-4176.989131482385,-1526.7504873192188
999621.443465,-4176.989131482385,-1526.7504873192188
999631.54013,-4176.989131482385,-1526.7504873192188
999643.501921,-4176.989131482385,-1526.7504873192188
999651.533486,-4176.989131482385,-1526.7504873192188
999663.398918,-4176.989131482385,-1526.7504873192188
999671.070754,-4176.989131482385,-1526.7504873192188
999681.124185,-4176.989131482385,-1526.7504873192188
999691.096536,-4176.989131482385,-1526.7504873192188
999701.100253,-4176.989131482385,-1526.7504873192188
999711.17892,-4176.989131482385,-1526.7504873192188
999721.457498,-4176.989131482385,-1526.7504873192188
999731.514985,-4176.989131482385,-1526.7504873192188
999742.537647,-4176.989131482385,-1526.7504873192188
999751.102999,-4176.989131482385,-1526.7504873192188
999761.093602,-4176.989131482385,-1526.7504873192188
999771.091827,-4176.989131482385,-1526.7504873192188
999781.075386,-4176.989131482385,-1526.7504873192188
999791.05746,-4176.989131482385,-1526.7504873192188
999801.097532,-4176.989131482385,-1526.7504873192188
999811.053245,-4176.989131482385,-1526.7504873192188
999821.174995,-4176.989131482385,-1526.7504873192188
999831.57752,-4176.989131482385,-1526.7504873192188
999841.04263,-4176.989131482385,-1526.7504873192188
999851.4868,-4176.989131482385,-1526.7504873192188
999861.4506,-4176.989131482385,-1526.7504873192188
999871.568221,-4176.989131482385,-1526.7504873192188
999881.0417,-4176.989131482385,-1526.7504873192188
999891.046978,-4176.989131482385,-1526.7504873192188
999901.045293,-4176.989131482385,-1526.7504873192188
999911.046611,-4176.989131482385,-1526.7504873192188
999921.047972,-4176.989131482385,-1526.7504873192188
999931.14421,-4176.989131482385,-1526.7504873192188
999941.401556,-4176.989131482385,-1526.7504873192188
999951.083517,-4176.989131482385,-1526.7504873192188
999961.629486,-4176.989131482385,-1526.7504873192188
999971.828268,-4176.989131482385,-1526.7504873192188
999981.113839,-4176.989131482385,-1526.7504873192188
999991.887708,-4176.989131482385,-1526.7504873192188
1000001.129776,-4176.989131482385,-1526.7504873192188
1000011.150955,-4175.480628546842,-1524.1623280051706
1000021.151996,-4175.480628546842,-1524.1623280051706
1000031.168318,-4175.480628546842,-1524.1623280051706
1000041.22302,-4175.480628546842,-1524.1623280051706
1000051.626836,-4175.480628546842,-1524.1623280051706
1000061.546709,-4175.480628546842,-1524.1623280051706
1000071.653301,-4175.480628546842,-1524.1623280051706
1000081.582636,-4175.480628546842,-1524.1623280051706
1000091.609824,-4175.480628546842,-1524.1623280051706
1000102.132647,-4175.480628546842,-1524.1623280051706
1000111.145439,-4175.480628546842,-1524.1623280051706
1000121.165236,-4175.480628546842,-1524.1623280051706
1000131.101476,-4175.480628546842,-1524.1623280051706
1000141.148441,-4175.480628546842,-1524.1623280051706
1000151.32047,-4175.480628546842,-1524.1623280051706
1000161.500091,-4175.480628546842,-1524.1623280051706
1000171.622952,-4175.480628546842,-1524.1623280051706
1000181.54164,-4175.480628546842,-1524.1623280051706
1000191.627559,-4175.480628546842,-1524.1623280051706
1000201.551004,-4175.480628546842,-1524.1623280051706
1000212.143243,-4175.480628546842,-1524.1623280051706
1000221.189392,-4175.480628546842,-1524.1623280051706
1000231.149854,-4175.480628546842,-1524.1623280051706
1000241.145206,-4175.480628546842,-1524.1623280051706
1000251.144148,-4175.480628546842,-1524.1623280051706
1000261.243119,-4175.480628546842,-1524.1623280051706
1000271.614686,-4175.480628546842,-1524.1623280051706
1000281.630055,-4175.480628546842,-1524.1623280051706
1000291.627985,-4175.480628546842,-1524.1623280051706
1000301.552123,-4175.480628546842,-1524.1623280051706
1000311.171228,-4175.480628546842,-1524.1623280051706
1000322.086926,-4175.480628546842,-1524.1623280051706
1000332.972649,-4175.480628546842,-1524.1623280051706
1000340.694998,-4175.480628546842,-1524.1623280051706
1000351.145389,-4175.480628546842,-1524.1623280051706
1000361.153243,-4175.480628546842,-1524.1623280051706
1000371.425589,-4175.480628546842,-1524.1623280051706
1000381.410267,-4175.480628546842,-1524.1623280051706
1000391.608098,-4175.480628546842,-1524.1623280051706
1000401.556033,-4175.480628546842,-1524.1623280051706
1000411.630951,-4175.480628546842,-1524.1623280051706
1000421.521547,-4175.480628546842,-1524.1623280051706
1000432.129419,-4175.480628546842,-1524.1623280051706
1000441.187127,-4175.480628546842,-1524.1623280051706
1000451.175933,-4175.480628546842,-1524.1623280051706
1000461.145632,-4175.480628546842,-1524.1623280051706
1000471.330829,-4175.480628546842,-1524.1623280051706
1000481.250595,-4175.480628546842,-1524.1623280051706
1000491.61324,-4175.480628546842,-1524.1623280051706
1000501.689314,-4175.480628546842,-1524.1623280051706
1000511.628086,-4175.480628546842,-1524.1623280051706
1000521.613761,-4175.480628546842,-1524.1623280051706
1000531.612222,-4175.480628546842,-1524.1623280051706
1000542.094678,-4175.480628546842,-1524.1623280051706
1000551.313272,-4175.480628546842,-1524.1623280051706
1000561.165282,-4175.480628546842,-1524.1623280051706
1000571.150661,-4175.480628546842,-1524.1623280051706
1000581.148409,-4175.480628546842,-1524.1623280051706
1000591.49346,-4175.480628546842,-1524.1623280051706
1000601.145303,-4175.480628546842,-1524.1623280051706
1000611.653464,-4175.480628546842,-1524.1623280051706
1000621.55412,-4175.480628546842,-1524.1623280051706
1000631.64523,-4175.480628546842,-1524.1623280051706
1000641.552334,-4175.480628546842,-1524.1623280051706
1000652.273238,-4175.480628546842,-1524.1623280051706
1000661.1654,-4175.480628546842,-1524.1623280051706
1000671.1667,-4175.480628546842,-1524.1623280051706
1000681.166655,-4175.480628546842,-1524.1623280051706
1000691.170513,-4175.480628546842,-1524.1623280051706
1000701.35075,-4175.480628546842,-1524.1623280051706
1000711.162852,-4175.480628546842,-1524.1623280051706
1000721.761117,-4175.480628546842,-1524.1623280051706
1000730.686039,-4175.480628546842,-1524.1623280051706
1000741.233375,-4175.480628546842,-1524.1623280051706
1000751.652252,-4175.480628546842,-1524.1623280051706
1000762.214261,-4175.480628546842,-1524.1623280051706
1000771.173633,-4175.480628546842,-1524.1623280051706
1000781.15349,-4175.480628546842,-1524.1623280051706
1000790.700327,-4175.480628546842,-1524.1623280051706
1000800.697858,-4175.480628546842,-1524.1623280051706
1000811.193257,-4175.480628546842,-1524.1623280051706
1000820.686598,-4175.480628546842,-1524.1623280051706
1000831.17331,-4175.480628546842,-1524.1623280051706
1000841.583322,-4175.480628546842,-1524.1623280051706
1000851.639195,-4175.480628546842,-1524.1623280051706
1000861.569604,-4175.480628546842,-1524.1623280051706
1000872.10652,-4175.480628546842,-1524.1623280051706
1000881.164128,-4175.480628546842,-1524.1623280051706
1000890.670725,-4175.480628546842,-1524.1623280051706
1000901.213617,-4175.480628546842,-1524.1623280051706
1000910.68702,-4175.480628546842,-1524.1623280051706
1000921.316354,-4175.480628546842,-1524.1623280051706
1000931.62926,-4175.480628546842,-1524.1623280051706
1000941.574899,-4175.480628546842,-1524.1623280051706
1000951.60342,-4175.480628546842,-1524.1623280051706
1000961.549773,-4175.480628546842,-1524.1623280051706
1000972.594638,-4175.480628546842,-1524.1623280051706
1000982.213548,-4175.480628546842,-1524.1623280051706
1000990.664427,-4175.480628546842,-1524.1623280051706
1001000.696426,-4175.480628546842,-1524.1623280051706
1001011.872326,-4175.480628546842,-1524.1623280051706
1001020.457728,-4175.480628546842,-1524.1623280051706
1001020.661905,-4175.480628546842,-1524.1623280051706
1001030.665169,-4175.480628546842,-1524.1623280051706
1001040.68755,-4175.480628546842,-1524.1623280051706
1001053.704962,-4175.480628546842,-1524.1623280051706
1001053.720367,-4175.480628546842,-1524.1623280051706
1001060.660164,-4175.480628546842,-1524.1623280051706
1001061.738261,-4175.480628546842,-1524.1623280051706
1001071.980194,-4175.480628546842,-1524.1623280051706
1001072.091503,-4175.480628546842,-1524.1623280051706
1001080.671231,-4175.480628546842,-1524.1623280051706
1001081.162672,-4175.480628546842,-1524.1623280051706
1001093.674629,-4175.480628546842,-1524.1623280051706
1001100.685754,-4175.480628546842,-1524.1623280051706
1001110.687515,-4175.480628546842,-1524.1623280051706
1001121.605602,-4175.480628546842,-1524.1623280051706
1001131.174667,-4175.480628546842,-1524.1623280051706
1001141.284107,-4175.480628546842,-1524.1623280051706
1001151.598687,-4175.480628546842,-1524.1623280051706
1001161.550598,-4175.480628546842,-1524.1623280051706
1001171.678623,-4175.480628546842,-1524.1623280051706
1001181.529434,-4175.480628546842,-1524.1623280051706
1001191.704369,-4175.480628546842,-1524.1623280051706
1001201.197056,-4175.480628546842,-1524.1623280051706
1001213.387149,-4175.480628546842,-1524.1623280051706
1001221.173129,-4175.480628546842,-1524.1623280051706
1001230.697077,-4175.480628546842,-1524.1623280051706
1001241.156405,-4175.480628546842,-1524.1623280051706
1001251.278672,-4175.480628546842,-1524.1623280051706
1001261.549158,-4175.480628546842,-1524.1623280051706
1001271.74562,-4175.480628546842,-1524.1623280051706
1001281.665231,-4175.480628546842,-1524.1623280051706
1001290.817389,-4175.480628546842,-1524.1623280051706
1001301.913271,-4175.480628546842,-1524.1623280051706
1001312.127942,-4175.480628546842,-1524.1623280051706
1001321.175834,-4175.480628546842,-1524.1623280051706
1001331.173106,-4175.480628546842,-1524.1623280051706
1001341.145191,-4175.480628546842,-1524.1623280051706
1001350.687704,-4175.480628546842,-1524.1623280051706
1001361.145228,-4175.480628546842,-1524.1623280051706
1001371.669729,-4175.480628546842,-1524.1623280051706
1001381.546836,-4175.480628546842,-1524.1623280051706
1001391.601833,-4175.480628546842,-1524.1623280051706
1001401.543971,-4175.480628546842,-1524.1623280051706
1001411.626577,-4175.480628546842,-1524.1623280051706
1001422.165199,-4175.480628546842,-1524.1623280051706
1001431.153229,-4175.480628546842,-1524.1623280051706
1001441.169091,-4175.480628546842,-1524.1623280051706
1001451.167765,-4175.480628546842,-1524.1623280051706
1001461.142719,-4175.480628546842,-1524.1623280051706
1001470.681313,-4175.480628546842,-1524.1623280051706
1001481.146571,-4175.480628546842,-1524.1623280051706
1001491.627628,-4175.480628546842,-1524.1623280051706
1001501.534431,-4175.480628546842,-1524.1623280051706
1001511.706813,-4175.480628546842,-1524.1623280051706
1001521.669626,-4175.480628546842,-1524.1623280051706
1001532.08577,-4175.480628546842,-1524.1623280051706
1001541.187,-4175.480628546842,-1524.1623280051706
1001550.658753,-4175.480628546842,-1524.1623280051706
1001561.145876,-4175.480628546842,-1524.1623280051706
1001571.137052,-4175.480628546842,-1524.1623280051706
1001581.309782,-4175.480628546842,-1524.1623280051706
1001591.939067,-4175.480628546842,-1524.1623280051706
1001602.709516,-4175.480628546842,-1524.1623280051706
1001611.651902,-4175.480628546842,-1524.1623280051706
1001621.554986,-4175.480628546842,-1524.1623280051706
1001631.634961,-4175.480628546842,-1524.1623280051706
1001642.214863,-4175.480628546842,-1524.1623280051706
1001651.142655,-4175.480628546842,-1524.1623280051706
1001661.406577,-4175.480628546842,-1524.1623280051706
1001671.362718,-4175.480628546842,-1524.1623280051706
1001681.152654,-4175.480628546842,-1524.1623280051706
1001691.246714,-4175.480628546842,-1524.1623280051706
1001701.55234,-4175.480628546842,-1524.1623280051706
1001711.157199,-4175.480628546842,-1524.1623280051706
1001723.009052,-4175.480628546842,-1524.1623280051706
1001731.624312,-4175.480628546842,-1524.1623280051706
1001741.532374,-4175.480628546842,-1524.1623280051706
1001752.109858,-4175.480628546842,-1524.1623280051706
1001761.170489,-4175.480628546842,-1524.1623280051706
1001771.155922,-4175.480628546842,-1524.1623280051706
1001781.198608,-4175.480628546842,-1524.1623280051706
1001791.15724,-4175.480628546842,-1524.1623280051706
1001801.273426,-4175.480628546842,-1524.1623280051706
1001811.770505,-4175.480628546842,-1524.1623280051706
1001821.5577,-4175.480628546842,-1524.1623280051706
1001831.6438,-4175.480628546842,-1524.1623280051706
1001840.676612,-4175.480628546842,-1524.1623280051706
1001852.311421,-4175.480628546842,-1524.1623280051706
1001862.152269,-4175.480628546842,-1524.1623280051706
1001871.149017,-4175.480628546842,-1524.1623280051706
1001881.193018,-4175.480628546842,-1524.1623280051706
1001891.160543,-4175.480628546842,-1524.1623280051706
1001901.153121,-4175.480628546842,-1524.1623280051706
1001911.165385,-4175.480628546842,-1524.1623280051706
1001921.590634,-4175.480628546842,-1524.1623280051706
1001931.62544,-4175.480628546842,-1524.1623280051706
1001941.576261,-4175.480628546842,-1524.1623280051706
1001951.608851,-4175.480628546842,-1524.1623280051706
1001960.651325,-4175.480628546842,-1524.1623280051706
1001970.687749,-4175.480628546842,-1524.1623280051706
1001981.126859,-4175.480628546842,-1524.1623280051706
1001991.246449,-4175.480628546842,-1524.1623280051706
1002001.165247,-4175.480628546842,-1524.1623280051706
1002011.150532,-4175.480628546842,-1524.1623280051706
1002021.209015,-4175.480628546842,-1524.1623280051706
1002032.723867,-4175.480628546842,-1524.1623280051706
1002041.581664,-4175.480628546842,-1524.1623280051706
1002051.720533,-4175.480628546842,-1524.1623280051706
1002061.153141,-4175.480628546842,-1524.1623280051706
1002071.178683,-4175.480628546842,-1524.1623280051706
1002080.743308,-4175.480628546842,-1524.1623280051706
1002090.687418,-4175.480628546842,-1524.1623280051706
1002101.148344,-4175.480628546842,-1524.1623280051706
1002111.371931,-4175.480628546842,-1524.1623280051706
1002121.88897,-4175.480628546842,-1524.1623280051706
1002131.431029,-4175.480628546842,-1524.1623280051706
1002141.614471,-4175.480628546842,-1524.1623280051706
1002151.652355,-4175.480628546842,-1524.1623280051706
1002161.554525,-4175.480628546842,-1524.1623280051706
1002171.676032,-4175.480628546842,-1524.1623280051706
1002181.15296,-4175.480628546842,-1524.1623280051706
1002192.110313,-4175.480628546842,-1524.1623280051706
1002200.680559,-4175.480628546842,-1524.1623280051706
1002211.173147,-4175.480628546842,-1524.1623280051706
1002221.14999,-4175.480628546842,-1524.1623280051706
1002231.15508,-4175.480628546842,-1524.1623280051706
1002241.268775,-4175.480628546842,-1524.1623280051706
1002251.766621,-4175.480628546842,-1524.1623280051706
1002261.149278,-4175.480628546842,-1524.1623280051706
1002271.369105,-4175.480628546842,-1524.1623280051706
1002281.12427,-4175.480628546842,-1524.1623280051706
1002291.623983,-4175.480628546842,-1524.1623280051706
1002302.082731,-4175.480628546842,-1524.1623280051706
1002311.150616,-4175.480628546842,-1524.1623280051706
1002321.049411,-4175.480628546842,-1524.1623280051706
1002331.126877,-4175.480628546842,-1524.1623280051706
1002341.123674,-4175.480628546842,-1524.1623280051706
1002353.62625,-4174.5630138576325,-1519.107038400984
1002361.401223,-4173.325624349484,-1517.7710640751707
1002371.492859,-4173.325624349484,-1517.7710640751707
1002381.432432,-4173.325624349484,-1517.7710640751707
1002391.460882,-4173.325624349484,-1517.7710640751707
1002401.401091,-4173.325624349484,-1517.7710640751707
1002411.908713,-4173.325624349484,-1517.7710640751707
1002421.046434,-4173.325624349484,-1517.7710640751707
1002431.105477,-4173.325624349484,-1517.7710640751707
1002441.026324,-4173.325624349484,-1517.7710640751707
1002451.628003,-4173.325624349484,-1517.7710640751707
1002461.163677,-4173.325624349484,-1517.7710640751707
1002471.468958,-4173.325624349484,-1517.7710640751707
1002481.468198,-4173.325624349484,-1517.7710640751707
1002491.509117,-4173.325624349484,-1517.7710640751707
1002501.502805,-4173.325624349484,-1517.7710640751707
1002511.742286,-4173.325624349484,-1517.7710640751707
1002521.10803,-4173.325624349484,-1517.7710640751707
1002531.030168,-4173.325624349484,-1517.7710640751707
1002541.047987,-4173.325624349484,-1517.7710640751707
1002551.045148,-4173.325624349484,-1517.7710640751707
1002561.673439,-4173.325624349484,-1517.7710640751707
1002573.102852,-4173.325624349484,-1517.7710640751707
1002581.405799,-4173.325624349484,-1517.7710640751707
1002591.468289,-4173.325624349484,-1517.7710640751707
1002600.919401,-4173.325624349484,-1517.7710640751707
1002610.643042,-4173.325624349484,-1517.7710640751707
1002622.66349,-4173.325624349484,-1517.7710640751707
1002631.98899,-4173.325624349484,-1517.7710640751707
1002641.199756,-4173.325624349484,-1517.7710640751707
1002651.069276,-4166.652062985281,-1512.6971545650604
1002661.092016,-4158.136320608966,-1505.384207855012
1002671.367066,-4158.038997842673,-1504.8954367427102
1002681.21062,-4158.038997842673,-1504.8954367427102
1002690.687148,-4158.038997842673,-1504.8954367427102
1002700.642969,-4158.038997842673,-1504.8954367427102
1002711.11708,-4158.038997842673,-1504.8954367427102
1002721.448985,-4158.038997842673,-1504.8954367427102
1002731.576844,-4158.038997842673,-1504.8954367427102
1002741.922383,-4158.038997842673,-1504.8954367427102
1002751.699486,-4158.038997842673,-1504.8954367427102
1002761.077256,-4158.038997842673,-1504.8954367427102
1002771.026234,-4158.038997842673,-1504.8954367427102
1002781.0288,-4158.038997842673,-1504.8954367427102
1002791.121064,-4158.038997842673,-1504.8954367427102
1002801.729068,-4158.038997842673,-1504.8954367427102
1002810.667547,-4158.038997842673,-1504.8954367427102
1002821.057151,-4158.038997842673,-1504.8954367427102
1002832.148674,-4158.038997842673,-1504.8954367427102
1002841.850397,-4158.038997842673,-1504.8954367427102
1002851.050325,-4158.038997842673,-1504.8954367427102
1002861.100302,-4158.038997842673,-1504.8954367427102
1002871.065463,-4158.038997842673,-1504.8954367427102
1002881.09744,-4158.038997842673,-1504.8954367427102
1002891.05582,-4158.038997842673,-1504.8954367427102
1002901.055544,-4158.038997842673,-1504.8954367427102
1002911.53486,-4158.038997842673,-1504.8954367427102
1002921.373319,-4158.038997842673,-1504.8954367427102
1002930.66508,-4158.038997842673,-1504.8954367427102
1002941.43163,-4158.038997842673,-1504.8954367427102
1002951.484829,-4158.038997842673,-1504.8954367427102
1002961.068114,-4158.038997842673,-1504.8954367427102
1002971.049945,-4158.038997842673,-1504.8954367427102
1002981.065367,-4158.038997842673,-1504.8954367427102
1002991.053468,-4158.038997842673,-1504.8954367427102
1003001.105207,-4158.038997842673,-1504.8954367427102
1003011.128205,-4158.038997842673,-1504.8954367427102
1003021.213111,-4158.038997842673,-1504.8954367427102
1003032.239284,-4158.038997842673,-1504.8954367427102
1003041.054389,-4158.038997842673,-1504.8954367427102
1003050.665974,-4158.038997842673,-1504.8954367427102
1003061.88644,-4158.038997842673,-1504.8954367427102
1003071.165556,-4158.038997842673,-1504.8954367427102
1003080.665735,-4158.038997842673,-1504.8954367427102
1003091.174773,-4158.038997842673,-1504.8954367427102
1003101.105132,-4158.038997842673,-1504.8954367427102
1003112.948901,-4158.038997842673,-1504.8954367427102
1003121.066339,-4158.038997842673,-1504.8954367427102
1003131.492045,-4158.038997842673,-1504.8954367427102
1003141.367172,-4158.038997842673,-1504.8954367427102
1003151.696192,-4158.038997842673,-1504.8954367427102
1003161.430505,-4158.038997842673,-1504.8954367427102
1003171.59186,-4158.038997842673,-1504.8954367427102
1003183.512518,-4158.038997842673,-1504.8954367427102
1003191.127687,-4158.038997842673,-1504.8954367427102
1003201.110389,-4158.038997842673,-1504.8954367427102
1003210.643307,-4158.038997842673,-1504.8954367427102
1003221.09057,-4158.038997842673,-1504.8954367427102
1003231.162561,-4158.038997842673,-1504.8954367427102
1003241.103741,-4158.038997842673,-1504.8954367427102
1003251.675293,-4158.038997842673,-1504.8954367427102
1003261.544909,-4158.038997842673,-1504.8954367427102
1003271.629481,-4158.038997842673,-1504.8954367427102
1003281.524011,-4158.038997842673,-1504.8954367427102
1003291.935769,-4158.038997842673,-1504.8954367427102
1003300.734766,-4158.038997842673,-1504.8954367427102
1003310.754686,-4154.090474033213,-1500.659420468321
1003321.054729,-4152.811374773489,-1500.3521929079816
1003331.038173,-4152.811374773489,-1500.3521929079816
1003341.228814,-4152.811374773489,-1500.3521929079816
1003351.533489,-4152.811374773489,-1500.3521929079816
1003361.539926,-4152.811374773489,-1500.3521929079816
1003371.535975,-4152.811374773489,-1500.3521929079816
1003381.45326,-4152.811374773489,-1500.3521929079816
1003391.55297,-4152.811374773489,-1500.3521929079816
1003402.020662,-4152.811374773489,-1500.3521929079816
1003411.052838,-4152.811374773489,-1500.3521929079816
1003420.66843,-4152.811374773489,-1500.3521929079816
1003431.154672,-4152.811374773489,-1500.3521929079816
1003441.130574,-4152.811374773489,-1500.3521929079816
1003451.120055,-4152.811374773489,-1500.3521929079816
1003461.56534,-4152.811374773489,-1500.3521929079816
1003471.605167,-4152.811374773489,-1500.3521929079816
1003482.870185,-4152.811374773489,-1500.3521929079816
1003492.278523,-4152.811374773489,-1500.3521929079816
1003501.443583,-4152.811374773489,-1500.3521929079816
1003511.928314,-4152.811374773489,-1500.3521929079816
1003521.350318,-4152.811374773489,-1500.3521929079816
1003530.669458,-4152.811374773489,-1500.3521929079816
1003540.637029,-4152.811374773489,-1500.3521929079816
1003551.034194,-4152.811374773489,-1500.3521929079816
1003561.226514,-4152.811374773489,-1500.3521929079816
1003571.623801,-4151.782534061745,-1499.7051530553729
1003581.618236,-4151.782534061745,-1499.7051530553729
1003591.336686,-4145.018601543646,-1495.501721486221
1003601.165107,-4145.658151173613,-1494.2309165900615
1003611.768175,-4145.658151173613,-1494.2309165900615
1003622.200599,-4145.658151173613,-1494.2309165900615
1003631.147706,-4145.658151173613,-1494.2309165900615
1003641.107963,-4145.658151173613,-1494.2309165900615
1003658.196595,-4145.658151173613,-1494.2309165900615
1003902.230427,-4256.195962888896,-1427.562532925189
1003902.232101,-4256.195962888896,-1427.562532925189
1003903.082258,-4256.195962888896,-1427.562532925189
1003903.082849,-4256.195962888896,-1427.562532925189
1003904.51336,-4271.051588532583,-1402.1743615206972
1003909.962261,-4271.051588532583,-1402.1743615206972
1003926.840417,-4318.280938344133,-1314.2653663379226
1003930.054837,-4346.539299664126,-1267.5248678448756
1004687.459657,-3126.5443674290964,-2656.4257908206755
1004687.460436,-3126.5443674290964,-2656.4257908206755
1004694.513931,-3146.7580853524532,-2555.5057362577727
1004694.514614,-3146.7580853524532,-2555.5057362577727
1004706.09305,-3146.5981979442176,-2545.4510328821416
1004706.103122,-3146.5981979442176,-2545.4510328821416
1004716.137095,-3152.729532566653,-2425.6510918297213
1004725.563908,-3120.5574048685935,-2368.851313936318
1004734.773635,-3083.338396273938,-2301.20082606628
1004746.03903,-3082.094055117657,-2299.4598721139528
1004756.095836,-3062.93537231395,-2262.378482711612
1004765.328122,-3016.9086528246526,-2113.671196863851
1004775.198004,-2970.8054654155826,-2011.5134700979715
1004784.745235,-3000.273410445859,-1934.9626611620236
1004801.590638,-3061.3712563402482,-1814.143168645422
1004804.758365,-3096.581244869157,-1698.0065444657587
1004814.771425,-3115.1629426614186,-1642.5892252323656
1004825.911174,-3129.7822133098257,-1609.2550420499977
1004834.741625,-3179.9521021435207,-1521.578823653232
1004846.03822,-3199.7572861772205,-1496.1487613426282
1004855.630595,-3199.7572861772205,-1496.1487613426282
1004866.16602,-3199.7572861772205,-1496.1487613426282
1004875.180795,-3199.7572861772205,-1496.1487613426282
1004885.157446,-3248.1892683222504,-1561.369444474702
1004895.48773,-3305.8530104689185,-1641.3789351242112
1004905.174106,-3335.0428902814515,-1668.182205349891
1004915.200115,-3427.993088583511,-1643.6459015874682
1004927.012121,-3516.793165706473,-1610.4979169430662
1004935.00308,-3578.9754648182807,-1594.8758637633894
1004944.922019,-3622.360565817679,-1625.0912231382215
1004954.804912,-3679.1205961444307,-1671.7153212905962
1004964.800975,-3750.291348116913,-1713.8334134122276
1004974.860112,-3823.262571259028,-1776.009729753302
1004984.852134,-3834.5242061373137,-1795.0764494803109
1005013.018382,-3883.262059308779,-1770.637904804942
1005014.705708,-4008.029850946906,-1628.652269091431
1005014.707312,-4008.029850946906,-1628.652269091431
1005020.614197,-4024.9431580950254,-1558.571812000651
1005031.087937,-4093.6043724467836,-1495.3341428145045
1005041.540217,-4122.6482676873975,-1495.245698518335
1005042.295152,-4122.6482676873975,-1495.245698518335
1005052.150478,-4138.70652474563,-1486.983139147407
1005060.612628,-4150.732838470255,-1482.2816264420735
1005070.623861,-4150.732838470255,-1482.2816264420735
1005080.622645,-4150.732838470255,-1482.2816264420735
1005091.088757,-4150.732838470255,-1482.2816264420735
1005101.070266,-4150.732838470255,-1482.2816264420735
1005111.169058,-4150.732838470255,-1482.2816264420735
1005121.196071,-4150.732838470255,-1482.2816264420735
1005131.451633,-4150.732838470255,-1482.2816264420735
1005140.613769,-4150.732838470255,-1482.2816264420735
1005151.069266,-4161.201987864305,-1483.217274024977
1005161.519615,-4169.669068856872,-1488.3563532518215
1005171.612374,-4169.669068856872,-1488.3563532518215
1005180.612101,-4169.669068856872,-1488.3563532518215
1005190.613434,-4169.669068856872,-1488.3563532518215
1005200.672272,-4169.669068856872,-1488.3563532518215
1005211.19567,-4169.669068856872,-1488.3563532518215
1005221.169071,-4169.669068856872,-1488.3563532518215
1005231.5011,-4169.669068856872,-1488.3563532518215
1005241.786511,-4169.669068856872,-1488.3563532518215
1005251.731475,-4169.669068856872,-1488.3563532518215
1005260.587677,-4169.669068856872,-1488.3563532518215
1005271.070344,-4169.669068856872,-1488.3563532518215
1005281.533342,-4169.669068856872,-1488.3563532518215
1005290.613824,-4169.669068856872,-1488.3563532518215
1005300.625946,-4169.669068856872,-1488.3563532518215
1005311.315546,-4169.669068856872,-1488.3563532518215
1005321.504254,-4169.669068856872,-1488.3563532518215
1005331.306528,-4169.669068856872,-1488.3563532518215
1005341.416372,-4169.669068856872,-1488.3563532518215
1005351.583579,-4169.669068856872,-1488.3563532518215
1005360.615385,-4169.669068856872,-1488.3563532518215
1005371.191404,-4169.669068856872,-1488.3563532518215
1005380.607999,-4169.669068856872,-1488.3563532518215
1005390.603499,-4169.669068856872,-1488.3563532518215
1005402.967912,-4169.669068856872,-1488.3563532518215
1005411.070423,-4169.669068856872,-1488.3563532518215
1005420.58023,-4169.669068856872,-1488.3563532518215
1005430.613985,-4169.669068856872,-1488.3563532518215
1005441.024789,-4169.669068856872,-1488.3563532518215
1005451.994379,-4169.669068856872,-1488.3563532518215
1005461.528002,-4169.669068856872,-1488.3563532518215
1005472.429544,-4169.669068856872,-1488.3563532518215
1005481.025268,-4177.169873767351,-1489.3990649675347
1005491.496724,-4179.992234097393,-1490.9864073614792
1005500.576482,-4179.992234097393,-1490.9864073614792
1005510.780018,-4179.992234097393,-1490.9864073614792
1005520.616386,-4179.992234097393,-1490.9864073614792
1005530.59175,-4179.992234097393,-1490.9864073614792
1005541.012653,-4179.992234097393,-1490.9864073614792
1005550.975751,-4179.992234097393,-1490.9864073614792
1005561.116745,-4179.992234097393,-1490.9864073614792
1005573.308651,-4179.992234097393,-1490.9864073614792
1005582.332264,-4179.992234097393,-1490.9864073614792
1005592.406079,-4179.992234097393,-1490.9864073614792
1005601.450802,-4179.992234097393,-1490.9864073614792
1005611.070236,-4179.992234097393,-1490.9864073614792
1005620.588084,-4184.107596933891,-1492.6947787887407
1005630.605943,-4190.23197981717,-1495.8182589717837
1005641.072449,-4190.23197981717,-1495.8182589717837
1005651.682846,-4190.23197981717,-1495.8182589717837
1005661.063519,-4190.23197981717,-1495.8182589717837
1005672.170173,-4190.23197981717,-1495.8182589717837
1005682.820714,-4190.23197981717,-1495.8182589717837
1005690.615204,-4190.23197981717,-1495.8182589717837
1005700.613808,-4190.23197981717,-1495.8182589717837
1005711.439705,-4190.23197981717,-1495.8182589717837
1005721.678765,-4190.23197981717,-1495.8182589717837
1005732.800956,-4190.23197981717,-1495.8182589717837
1005741.396558,-4190.23197981717,-1495.8182589717837
1005750.6211,-4190.23197981717,-1495.8182589717837
1005761.006464,-4190.23197981717,-1495.8182589717837
1005772.000338,-4190.23197981717,-1495.8182589717837
1005781.706126,-4190.23197981717,-1495.8182589717837
1005793.432709,-4190.23197981717,-1495.8182589717837
1005801.795,-4190.23197981717,-1495.8182589717837
1005810.613796,-4190.23197981717,-1495.8182589717837
1005821.525317,-4190.23197981717,-1495.8182589717837
1005831.444853,-4190.23197981717,-1495.8182589717837
1005842.437993,-4190.23197981717,-1495.8182589717837
1005851.049318,-4190.23197981717,-1495.8182589717837
1005861.077185,-4190.23197981717,-1495.8182589717837
1005870.604544,-4190.23197981717,-1495.8182589717837
1005881.001106,-4190.23197981717,-1495.8182589717837
1005890.988599,-4195.43874800261,-1498.9743238691494
1005901.429007,-4199.137013260933,-1515.8951140496408
1005910.577322,-4199.137013260933,-1515.8951140496408
1005921.022487,-4199.137013260933,-1515.8951140496408
1005930.663838,-4199.137013260933,-1515.8951140496408
1005941.839539,-4199.137013260933,-1515.8951140496408
1005951.847067,-4199.137013260933,-1515.8951140496408
1005960.999288,-4199.137013260933,-1515.8951140496408
1005971.120573,-4199.137013260933,-1515.8951140496408
1005981.047745,-4199.137013260933,-1515.8951140496408
1005990.581584,-4199.137013260933,-1515.8951140496408
1006001.047291,-4199.137013260933,-1515.8951140496408
1006011.400846,-4199.137013260933,-1515.8951140496408
1006020.991562,-4199.137013260933,-1515.8951140496408
1006030.60483,-4199.137013260933,-1515.8951140496408
1006041.619446,-4199.137013260933,-1515.8951140496408
1006050.6096,-4199.137013260933,-1515.8951140496408
1006063.341128,-4199.137013260933,-1515.8951140496408
1006071.018542,-4199.137013260933,-1515.8951140496408
1006080.988536,-4199.137013260933,-1515.8951140496408
1006090.985275,-4199.137013260933,-1515.8951140496408
1006100.956461,-4199.137013260933,-1515.8951140496408
1006110.585648,-4199.137013260933,-1515.8951140496408
1006120.60782,-4199.137013260933,-1515.8951140496408
1006130.602854,-4199.137013260933,-1515.8951140496408
1006141.556247,-4199.137013260933,-1515.8951140496408
1006150.604192,-4199.137013260933,-1515.8951140496408
1006162.333233,-4199.137013260933,-1515.8951140496408
1006170.701239,-4199.137013260933,-1515.8951140496408
1006180.606024,-4199.137013260933,-1515.8951140496408
1006190.6032,-4199.137013260933,-1515.8951140496408
1006201.298198,-4199.137013260933,-1515.8951140496408
1006211.907341,-4199.137013260933,-1515.8951140496408
1006221.213686,-4199.137013260933,-1515.8951140496408
1006230.657902,-4199.137013260933,-1515.8951140496408
1006244.013323,-4199.137013260933,-1515.8951140496408
1006252.989683,-4199.137013260933,-1515.8951140496408
1006260.577435,-4199.137013260933,-1515.8951140496408
1006270.603216,-4199.137013260933,-1515.8951140496408
1006280.602115,-4199.137013260933,-1515.8951140496408
1006290.603422,-4199.137013260933,-1515.8951140496408
1006301.253099,-4199.137013260933,-1515.8951140496408
1006311.063986,-4199.137013260933,-1515.8951140496408
1006321.029405,-4199.137013260933,-1515.8951140496408
1006331.288815,-4199.137013260933,-1515.8951140496408
1006341.585702,-4199.137013260933,-1515.8951140496408
1006350.70389,-4199.137013260933,-1515.8951140496408
1006361.73213,-4199.137013260933,-1515.8951140496408
1006371.343675,-4199.137013260933,-1515.8951140496408
1006381.052142,-4199.137013260933,-1515.8951140496408
1006391.946548,-4199.137013260933,-1515.8951140496408
1006400.664249,-4199.137013260933,-1515.8951140496408
1006411.679118,-4199.137013260933,-1515.8951140496408
1006420.611863,-4199.137013260933,-1515.8951140496408
1006430.602205,-4199.137013260933,-1515.8951140496408
1006441.065503,-4199.137013260933,-1515.8951140496408
1006451.347413,-4199.137013260933,-1515.8951140496408
1006461.685909,-4199.137013260933,-1515.8951140496408
1006471.390082,-4199.137013260933,-1515.8951140496408
1006481.028823,-4199.137013260933,-1515.8951140496408
1006491.579226,-4199.137013260933,-1515.8951140496408
1006503.784561,-4199.137013260933,-1515.8951140496408
1006510.953902,-4199.137013260933,-1515.8951140496408
1006520.605962,-4189.3491232554925,-1527.7233745350775
1006531.078603,-4184.295290850853,-1528.0771517042378
1006542.57405,-4184.295290850853,-1528.0771517042378
1006551.205394,-4184.295290850853,-1528.0771517042378
1006560.612152,-4184.295290850853,-1528.0771517042378
1006571.803562,-4184.295290850853,-1528.0771517042378
1006581.679659,-4184.295290850853,-1528.0771517042378
1006591.544807,-4184.295290850853,-1528.0771517042378
1006602.419685,-4177.858084779951,-1523.1894407840898
1006611.91897,-4175.737838726753,-1521.0155731557354
1006620.971239,-4175.737838726753,-1521.0155731557354
1006630.982809,-4172.470574299383,-1516.9797203934916
1006640.603488,-4172.470574299383,-1516.9797203934916
1006651.075257,-4162.856474958043,-1514.5498297838963
1006660.577285,-4162.856474958043,-1514.5498297838963
1006671.054109,-4162.856474958043,-1514.5498297838963
1006681.500561,-4167.270757735245,-1514.2100174901905
1006691.095737,-4166.923176412785,-1510.9143037798835
1006701.490219,-4166.923176412785,-1510.9143037798835
1006711.451083,-4166.923176412785,-1510.9143037798835
1006720.607171,-4166.923176412785,-1510.9143037798835
1006731.0366,-4166.923176412785,-1510.9143037798835
1006741.096017,-4166.923176412785,-1510.9143037798835
1006751.045771,-4166.923176412785,-1510.9143037798835
1006760.607011,-4166.923176412785,-1510.9143037798835
1006771.075905,-4166.923176412785,-1510.9143037798835
1006780.600237,-4166.923176412785,-1510.9143037798835
1006790.595974,-4166.923176412785,-1510.9143037798835
1006801.075525,-4166.923176412785,-1510.9143037798835
1006811.476567,-4166.923176412785,-1510.9143037798835
1006821.143013,-4166.923176412785,-1510.9143037798835
1006832.517783,-4166.923176412785,-1510.9143037798835
1006840.612093,-4166.923176412785,-1510.9143037798835
1006851.075545,-4166.923176412785,-1510.9143037798835
1006861.031485,-4166.923176412785,-1510.9143037798835
1006871.058005,-4166.923176412785,-1510.9143037798835
1006880.572204,-4166.923176412785,-1510.9143037798835
1006893.048307,-4166.923176412785,-1510.9143037798835
1006900.576239,-4166.923176412785,-1510.9143037798835
1006911.057984,-4166.923176412785,-1510.9143037798835
1006921.714242,-4166.923176412785,-1510.9143037798835
1006931.059815,-4166.923176412785,-1510.9143037798835
1006941.950387,-4166.923176412785,-1510.9143037798835
1006951.050546,-4166.923176412785,-1510.9143037798835
1006960.593843,-4166.923176412785,-1510.9143037798835
1006971.085971,-4166.923176412785,-1510.9143037798835
1006981.048576,-4166.923176412785,-1510.9143037798835
1006992.849664,-4166.923176412785,-1510.9143037798835
1007000.563669,-4166.923176412785,-1510.9143037798835
1007011.0706,-4166.923176412785,-1510.9143037798835
1007020.60469,-4166.923176412785,-1510.9143037798835
1007030.594261,-4166.923176412785,-1510.9143037798835
1007042.689958,-4166.923176412785,-1510.9143037798835
1007051.944741,-4166.923176412785,-1510.9143037798835
1007061.05036,-4166.923176412785,-1510.9143037798835
1007071.028688,-4166.923176412785,-1510.9143037798835
1007081.047962,-4166.923176412785,-1510.9143037798835
1007091.092218,-4166.923176412785,-1510.9143037798835
1007101.238349,-4166.923176412785,-1510.9143037798835
1007111.58978,-4166.923176412785,-1510.9143037798835
1007121.670457,-4161.660795209038,-1508.2563199623896
1007132.568657,-4158.970515787993,-1506.3757149472094
1007140.572505,-4158.970515787993,-1506.3757149472094
1007150.59468,-4158.970515787993,-1506.3757149472094
1007162.986551,-4158.970515787993,-1506.3757149472094
1007171.272944,-4158.970515787993,-1506.3757149472094
1007181.025818,-4158.970515787993,-1506.3757149472094
1007191.071229,-4158.970515787993,-1506.3757149472094
1007201.39254,-4158.970515787993,-1506.3757149472094
1007211.958351,-4158.970515787993,-1506.3757149472094
1007221.579718,-4158.970515787993,-1506.3757149472094
1007231.445649,-4158.970515787993,-1506.3757149472094
1007241.708655,-4158.970515787993,-1506.3757149472094
1007253.915177,-4158.970515787993,-1506.3757149472094
1007262.272825,-4158.970515787993,-1506.3757149472094
1007273.087417,-4158.970515787993,-1506.3757149472094
1007281.050364,-4158.970515787993,-1506.3757149472094
1007291.059339,-4158.970515787993,-1506.3757149472094
1007301.055231,-4158.970515787993,-1506.3757149472094
1007312.470847,-4158.970515787993,-1506.3757149472094
1007321.005948,-4158.970515787993,-1506.3757149472094
1007331.932951,-4158.970515787993,-1506.3757149472094
1007343.833809,-4158.970515787993,-1506.3757149472094
1007350.594671,-4158.970515787993,-1506.3757149472094
1007361.399661,-4158.970515787993,-1506.3757149472094
1007373.009861,-4158.970515787993,-1506.3757149472094
1007383.635243,-4158.970515787993,-1506.3757149472094
1007390.594344,-4158.970515787993,-1506.3757149472094
1007401.080641,-4154.41720047604,-1504.104093044404
1007413.333056,-4147.639364710752,-1500.547701355539
1007421.219389,-4147.639364710752,-1500.547701355539
1007430.594597,-4147.639364710752,-1500.547701355539
1007441.083586,-4147.639364710752,-1500.547701355539
1007450.605128,-4147.639364710752,-1500.547701355539
1007461.173324,-4147.639364710752,-1500.547701355539
1007471.540578,-4147.639364710752,-1500.547701355539
1007481.299438,-4147.639364710752,-1500.547701355539
1007490.665187,-4148.390140362948,-1489.305965708141
1007500.667132,-4148.390140362948,-1489.305965708141
1007510.665568,-4148.390140362948,-1489.305965708141
1007521.131761,-4148.390140362948,-1489.305965708141
1007531.138293,-4148.390140362948,-1489.305965708141
1007541.047182,-4148.390140362948,-1489.305965708141
1007550.017444,-4151.539227129259,-1482.6772983000687
1007551.014457,-4151.539227129259,-1482.6772983000687
1007560.593052,-4155.098459865332,-1477.8640664453962
1007570.594689,-4168.862680189769,-1478.0875046797855
1008936.253073,-3984.9017897507542,-4240.466958236761
1008936.253694,-3984.9017897507542,-4240.466958236761
1008944.519185,-4005.9374113898584,-4187.898685981914
1008944.519921,-4005.9374113898584,-4187.898685981914
1008958.700023,-4007.8073989018962,-4185.780686788582
1008958.728061,-4007.8073989018962,-4185.780686788582
1008977.063363,-4007.8073989018962,-4185.780686788582
1008977.064017,-4007.8073989018962,-4185.780686788582
1008984.906279,-4007.8073989018962,-4185.780686788582
1008984.90705,-4007.8073989018962,-4185.780686788582
1008988.094234,-4007.8073989018962,-4185.780686788582
1009003.591981,-4014.6895090850753,-4181.819330033592
1009008.102134,-4080.027846018731,-4179.985282357261
1009018.307376,-4234.2218717975375,-4216.498656828181
1009029.710633,-4293.414970687604,-4232.628034358763
1009038.600441,-4312.0522810876055,-4235.933043838064
1009048.484246,-4356.605254687377,-4238.213965870399
1009058.52065,-4463.389187662433,-4223.313493441266
1009069.328656,-4556.464513187071,-4190.1842631285435
1009079.824294,-4650.47830808384,-4159.6012851710075
1009088.803996,-4664.221673380265,-4110.049409849447
1009102.020734,-4672.647044512589,-4057.876797072944
1009108.533276,-4677.520134580025,-4034.7510337188914
1009119.538634,-4683.665372276537,-3986.130137607429
1009128.998721,-4689.41436726279,-3890.5827343909546
1009138.105178,-4692.966648324914,-3790.1662431224463
1009157.403548,-4693.335084522843,-3782.3180037906363
1009158.095208,-4699.028466501469,-3745.031883257209
1009168.101219,-4762.67755725783,-3739.9998860535834
1009178.111494,-4800.070355293137,-3719.5739802287244
1009188.097101,-4814.696577090717,-3687.2267547399415
1009206.352792,-4823.712836431302,-3679.97434736058
1009206.364016,-4823.712836431302,-3679.97434736058
1009206.625355,-4823.712836431302,-3679.97434736058
1009206.626058,-4823.712836431302,-3679.97434736058
1009209.235429,-4823.712836431302,-3679.97434736058
1009219.602868,-4823.712836431302,-3679.97434736058
1009230.015159,-4823.712836431302,-3679.97434736058
1009241.145126,-4823.712836431302,-3679.97434736058
1009249.581419,-4823.712836431302,-3679.97434736058
1009259.167102,-4823.712836431302,-3679.97434736058
1009269.144718,-4823.712836431302,-3679.97434736058
1009279.169328,-4823.712836431302,-3679.97434736058
1009289.563907,-4823.712836431302,-3679.97434736058
1009299.671922,-4823.712836431302,-3679.97434736058
1009312.253191,-4823.712836431302,-3679.97434736058
1009321.161426,-4823.712836431302,-3679.97434736058
1009330.009741,-4823.712836431302,-3679.97434736058
1009339.949225,-4823.712836431302,-3679.97434736058
1009350.048366,-4823.712836431302,-3679.97434736058
1009359.94268,-4823.712836431302,-3679.97434736058
1009370.536036,-4823.712836431302,-3679.97434736058
1009379.169881,-4823.712836431302,-3679.97434736058
1009389.542421,-4823.712836431302,-3679.97434736058
1009399.600245,-4823.712836431302,-3679.97434736058
1009411.684428,-4823.712836431302,-3679.97434736058
1009419.184073,-4823.712836431302,-3679.97434736058
1009429.203994,-4823.712836431302,-3679.97434736058
1009441.215357,-4823.712836431302,-3679.97434736058
1009450.185615,-4823.712836431302,-3679.97434736058
1009459.965139,-4823.712836431302,-3679.97434736058
1009469.968227,-4823.712836431302,-3679.97434736058
1009481.047996,-4823.712836431302,-3679.97434736058
1009489.585559,-4813.04209002091,-3699.3016869940466
1009499.144364,-4813.04209002091,-3699.3016869940466
1009509.607932,-4813.04209002091,-3699.3016869940466
1009520.624992,-4813.04209002091,-3699.3016869940466
1009529.608352,-4813.04209002091,-3699.3016869940466
1009539.567974,-4813.04209002091,-3699.3016869940466
1009550.001972,-4813.04209002091,-3699.3016869940466
1009559.165221,-4813.04209002091,-3699.3016869940466
1009572.602347,-4813.04209002091,-3699.3016869940466
1009580.266142,-4813.04209002091,-3699.3016869940466
1009590.463336,-4813.04209002091,-3699.3016869940466
1009599.585144,-4813.04209002091,-3699.3016869940466
1009610.653717,-4813.04209002091,-3699.3016869940466
1009619.923498,-4813.04209002091,-3699.3016869940466
1009629.961724,-4813.04209002091,-3699.3016869940466
1009645.191262,-4813.04209002091,-3699.3016869940466
1009649.550926,-4813.04209002091,-3699.3016869940466
1009659.989595,-4813.04209002091,-3699.3016869940466
1009669.574407,-4813.04209002091,-3699.3016869940466
1009679.170315,-4813.04209002091,-3699.3016869940466
1009689.688155,-4813.431381097222,-3698.4265569813383
1009699.566726,-4814.557544558752,-3698.0495062958616
1009709.61064,-4808.057773948325,-3696.778705791965
1009719.590614,-4808.057773948325,-3696.778705791965
1009729.615852,-4808.057773948325,-3696.778705791965
1009739.586845,-4808.057773948325,-3696.778705791965
1009749.91366,-4808.057773948325,-3696.778705791965
1009759.620059,-4808.057773948325,-3696.778705791965
1009769.562592,-4808.057773948325,-3696.778705791965
1009780.814675,-4808.057773948325,-3696.778705791965
1009790.055115,-4802.2948757223285,-3695.6428987614604
1009799.170633,-4806.604884048365,-3706.6890876133034
1009809.630931,-4804.651477043075,-3721.2078665247946
1009819.620023,-4804.658428674999,-3721.2078665247946
1009829.671794,-4804.658428674999,-3721.2078665247946
1009840.533828,-4804.658428674999,-3721.2078665247946
1009849.769614,-4804.658428674999,-3721.2078665247946
1009860.263977,-4804.658428674999,-3721.2078665247946
1009870.136775,-4804.658428674999,-3721.2078665247946
1009881.758375,-4804.658428674999,-3721.2078665247946
1009890.559766,-4804.658428674999,-3721.2078665247946
1009900.012026,-4804.658428674999,-3721.2078665247946
1009909.630604,-4804.658428674999,-3721.2078665247946
1009919.23097,-4804.658428674999,-3721.2078665247946
1009929.586615,-4804.658428674999,-3721.2078665247946
1009939.613166,-4804.658428674999,-3721.2078665247946
1009950.637849,-4804.658428674999,-3721.2078665247946
1009959.766546,-4804.658428674999,-3721.2078665247946
1009970.112002,-4804.658428674999,-3721.2078665247946
1009980.257451,-4804.658428674999,-3721.2078665247946
1009989.136388,-4804.658428674999,-3721.2078665247946
1009999.610544,-4804.658428674999,-3721.2078665247946
1010009.615954,-4804.658428674999,-3721.2078665247946
1010021.463468,-4804.658428674999,-3721.2078665247946
1010029.61974,-4804.658428674999,-3721.2078665247946
1010039.424998,-4804.658428674999,-3721.2078665247946
1010049.157084,-4804.658428674999,-3721.2078665247946
1010059.166621,-4804.512444519328,-3722.087651438997
1010069.57097,-4800.188532945871,-3747.224363067386
1010079.652418,-4798.951143454892,-3747.3547015661866
1010090.086333,-4798.951143454892,-3747.3547015661866
1010099.864315,-4798.951143454892,-3747.3547015661866
1010109.195073,-4798.951143454892,-3747.3547015661866
1010120.694428,-4798.951143454892,-3747.3547015661866
1010130.53569,-4798.951143454892,-3747.3547015661866
1010141.168312,-4798.951143454892,-3747.3547015661866
1010149.804002,-4798.951143454892,-3747.3547015661866
1010159.814158,-4798.951143454892,-3747.3547015661866
1010169.139607,-4798.951143454892,-3747.3547015661866
1010179.733445,-4798.951143454892,-3747.3547015661866
1010190.018896,-4798.951143454892,-3747.3547015661866
1010201.76239,-4798.951143454892,-3747.3547015661866
1010210.011838,-4798.951143454892,-3747.3547015661866
1010220.613736,-4798.951143454892,-3747.3547015661866
1010229.575731,-4798.951143454892,-3747.3547015661866
1010229.576425,-4798.951143454892,-3747.3547015661866
1010237.892945,-4798.951143454892,-3747.3547015661866
1010237.893666,-4798.951143454892,-3747.3547015661866
1010240.466824,-4798.951143454892,-3747.3547015661866
1010251.102573,-4798.951143454892,-3747.3547015661866
1010261.466273,-4798.951143454892,-3747.3547015661866
1010271.022255,-4798.951143454892,-3747.3547015661866
1010281.41342,-4798.951143454892,-3747.3547015661866
1010290.476133,-4798.951143454892,-3747.3547015661866
1010300.47588,-4798.951143454892,-3747.3547015661866
1010311.388387,-4778.47165228973,-3745.83718901165
1010320.54997,-4774.488370399171,-3745.2972152089474
1010331.237576,-4774.488370399171,-3745.2972152089474
1010340.930692,-4774.488370399171,-3745.2972152089474
1010350.873516,-4774.488370399171,-3745.2972152089474
1010361.013485,-4774.488370399171,-3745.2972152089474
1010372.082793,-4774.488370399171,-3745.2972152089474
1010381.318691,-4774.488370399171,-3745.2972152089474
1010391.457288,-4774.488370399171,-3745.2972152089474
1010400.938689,-4774.488370399171,-3745.2972152089474
1010410.475697,-4774.488370399171,-3745.2972152089474
1010420.445759,-4774.488370399171,-3745.2972152089474
1010430.936246,-4774.488370399171,-3745.2972152089474
1010441.455154,-4774.488370399171,-3745.2972152089474
1010454.007886,-4774.488370399171,-3745.2972152089474
1010461.213154,-4774.488370399171,-3745.2972152089474
1010471.533471,-4774.488370399171,-3745.2972152089474
1010480.932478,-4774.488370399171,-3745.2972152089474
1010491.397835,-4766.79987168147,-3741.577912925095
1010503.368255,-4763.490897546289,-3738.4544437912436
1010512.050844,-4763.490897546289,-3738.4544437912436
1010520.905718,-4763.490897546289,-3738.4544437912436
1010530.469899,-4763.490897546289,-3738.4544437912436
1010541.04548,-4763.490897546289,-3738.4544437912436
1010550.936225,-4761.759942588777,-3738.165837100958
1010560.918842,-4758.152048517853,-3737.988949132118
1010574.713498,-4758.152048517853,-3737.988949132118
1010584.625411,-4758.152048517853,-3737.988949132118
1010591.964047,-4758.152048517853,-3737.988949132118
1010600.955858,-4758.152048517853,-3737.988949132118
1010611.321442,-4758.152048517853,-3737.988949132118
1010621.063957,-4758.152048517853,-3737.988949132118
1010631.321525,-4758.152048517853,-3737.988949132118
1010642.819905,-4758.152048517853,-3737.988949132118
1010651.158084,-4758.152048517853,-3737.988949132118
1010660.937163,-4758.152048517853,-3737.988949132118
1010672.991468,-4758.152048517853,-3737.988949132118
1010681.63358,-4758.152048517853,-3737.988949132118
1010690.458282,-4758.152048517853,-3737.988949132118
1010702.08525,-4758.152048517853,-3737.988949132118
1010711.818674,-4758.152048517853,-3737.988949132118
1010720.476595,-4758.152048517853,-3737.988949132118
1010731.014948,-4758.152048517853,-3737.988949132118
1010741.51056,-4757.276143599346,-3737.141748854021
1010751.139102,-4733.2791294822555,-3738.109977741986
1010761.057563,-4733.390355503088,-3737.970329352155
1010770.977534,-4733.390355503088,-3737.970329352155
1010781.965186,-4733.390355503088,-3737.970329352155
1010791.362918,-4733.390355503088,-3737.970329352155
1010800.598206,-4733.390355503088,-3737.970329352155
1012058.09676,-3522.083382696881,-1730.099574024694
1012058.097463,-3522.083382696881,-1730.099574024694
1012066.091518,-3198.9856556321474,-1809.3718339436798
1012066.092138,-3198.9856556321474,-1809.3718339436798
1012070.357962,-3198.9856556321474,-1809.3718339436798
1012070.398253,-3198.9856556321474,-1809.3718339436798
1012080.36711,-3198.9856556321474,-1809.3718339436798
1012090.397967,-3198.9856556321474,-1809.3718339436798
1012101.025758,-3198.9856556321474,-1809.3718339436798
1012110.735371,-3198.9856556321474,-1809.3718339436798
1012120.676077,-3198.9856556321474,-1809.3718339436798
1012130.387066,-3198.9856556321474,-1809.3718339436798
1012140.371271,-3198.9856556321474,-1809.3718339436798
1012150.285864,-3198.9856556321474,-1809.3718339436798
1012160.282158,-3198.9856556321474,-1809.3718339436798
1012171.284576,-3201.1267566115957,-1803.492618557827
1012180.31473,-3201.1267566115957,-1803.492618557827
1012190.043904,-3201.1267566115957,-1803.492618557827
1012200.383646,-3201.1267566115957,-1803.492618557827
1012210.31668,-3201.1267566115957,-1803.492618557827
1012222.562425,-3201.1267566115957,-1803.492618557827
1012231.652128,-3201.1267566115957,-1803.492618557827
1012241.105402,-3201.1267566115957,-1803.492618557827
1012250.003224,-3201.1267566115957,-1803.492618557827
1012270.418287,-3201.1267566115957,-1803.492618557827
1012271.038693,-3201.1267566115957,-1803.492618557827
1012271.039307,-3201.1267566115957,-1803.492618557827
1012271.95234,-3201.1267566115957,-1803.492618557827
1012287.048721,-3201.1267566115957,-1803.492618557827
1012291.992794,-3201.1267566115957,-1803.492618557827
1012301.964499,-3201.1267566115957,-1803.492618557827
1012312.004198,-3201.1267566115957,-1803.492618557827
1012322.00448,-3201.1267566115957,-1803.492618557827
1012333.695867,-3201.1267566115957,-1803.492618557827
1012342.014113,-3201.1267566115957,-1803.492618557827
1012353.376437,-3201.1267566115957,-1803.492618557827
1012362.660761,-3204.783312177172,-1801.1232435343782
1012373.914341,-3204.783312177172,-1801.1232435343782
1012382.961005,-3204.783312177172,-1801.1232435343782
1012391.983385,-3204.783312177172,-1801.1232435343782
1012406.06569,-3204.783312177172,-1801.1232435343782
1012412.344593,-3204.783312177172,-1801.1232435343782
1012422.668537,-3204.783312177172,-1801.1232435343782
1012432.009795,-3204.783312177172,-1801.1232435343782
1012442.443852,-3204.783312177172,-1801.1232435343782
1012452.120844,-3204.783312177172,-1801.1232435343782
1012461.999916,-3204.783312177172,-1801.1232435343782
1012472.653334,-3204.783312177172,-1801.1232435343782
1012486.881875,-3204.783312177172,-1801.1232435343782
1012492.133753,-3207.424930260754,-1800.066567440777
1012506.246688,-3210.6782914896366,-1798.7538685114164
1012512.082773,-3210.6782914896366,-1798.7538685114164
1012522.404657,-3210.6782914896366,-1798.7538685114164
1012532.093191,-3210.6782914896366,-1798.7538685114164
1012542.03056,-3210.6782914896366,-1798.7538685114164
1012552.04189,-3210.6782914896366,-1798.7538685114164
1012569.255145,-3210.6782914896366,-1798.7538685114164
1012578.286378,-3210.6782914896366,-1798.7538685114164
1012588.327666,-3210.6782914896366,-1798.7538685114164
1012592.028035,-3210.6782914896366,-1798.7538685114164
1012604.781835,-3210.6782914896366,-1798.7538685114164
1012614.993045,-3210.6782914896366,-1798.7538685114164
1012623.579583,-3210.6782914896366,-1798.7538685114164
1012634.914028,-3210.6782914896366,-1798.7538685114164
1012644.073966,-3210.6782914896366,-1798.7538685114164
1012652.450418,-3210.6782914896366,-1798.7538685114164
1012662.476144,-3210.6782914896366,-1798.7538685114164
1012675.369817,-3210.6782914896366,-1798.7538685114164
1012683.239705,-3210.6782914896366,-1798.7538685114164
1012703.424989,-3210.6782914896366,-1798.7538685114164
1012704.174596,-3210.6782914896366,-1798.7538685114164
1012704.175296,-3210.6782914896366,-1798.7538685114164
1012747.936754,-3210.6782914896366,-1798.7538685114164
1012747.93833,-3210.6782914896366,-1798.7538685114164
1012749.991137,-3210.6782914896366,-1798.7538685114164
1012762.024185,-3210.6782914896366,-1798.7538685114164
1012770.014926,-3210.6782914896366,-1798.7538685114164
1012781.754333,-3210.6782914896366,-1798.7538685114164
1012790.366793,-3210.6782914896366,-1798.7538685114164
1012800.061764,-3210.6782914896366,-1798.7538685114164
1012814.544774,-3210.6782914896366,-1798.7538685114164
1012821.113958,-3210.6782914896366,-1798.7538685114164
1012836.564953,-3210.6782914896366,-1798.7538685114164
1012861.117011,-3210.6782914896366,-1798.7538685114164
1012861.11764,-3210.6782914896366,-1798.7538685114164
1012862.692106,-3210.6782914896366,-1798.7538685114164
1012862.692829,-3210.6782914896366,-1798.7538685114164
1012864.015718,-3210.6782914896366,-1798.7538685114164
1012874.358238,-3210.6782914896366,-1798.7538685114164
1012886.968395,-3210.6782914896366,-1798.7538685114164
1012896.325719,-3210.6782914896366,-1798.7538685114164
1012904.893783,-3210.6782914896366,-1798.7538685114164
1012923.147796,-3210.6782914896366,-1798.7538685114164
1012923.148503,-3210.6782914896366,-1798.7538685114164
1012924.941886,-3210.6782914896366,-1798.7538685114164
1012937.327741,-3210.6782914896366,-1798.7538685114164
1012961.093144,-3210.6782914896366,-1798.7538685114164
1012961.097468,-3210.6782914896366,-1798.7538685114164
1012990.765012,-3210.6782914896366,-1798.7538685114164
1012990.789486,-3210.6782914896366,-1798.7538685114164
1012994.383274,-3210.6782914896366,-1798.7538685114164
1013005.643799,-3210.6782914896366,-1798.7538685114164
1013032.047113,-3210.6782914896366,-1798.7538685114164
1013032.047786,-3210.6782914896366,-1798.7538685114164
1013039.341593,-3210.6782914896366,-1798.7538685114164
1013039.34226,-3210.6782914896366,-1798.7538685114164
1013040.834481,-3210.6782914896366,-1798.7538685114164
1013067.997052,-3210.6782914896366,-1798.7538685114164
1013067.998418,-3210.6782914896366,-1798.7538685114164
1013070.47353,-3210.6782914896366,-1798.7538685114164
1013080.921917,-3210.6782914896366,-1798.7538685114164
1013091.794602,-3210.6782914896366,-1798.7538685114164
1013102.055447,-3210.6782914896366,-1798.7538685114164
1013112.784247,-3210.6782914896366,-1798.7538685114164
1013129.98401,-3210.6782914896366,-1798.7538685114164
1013130.849126,-3210.6782914896366,-1798.7538685114164
1013140.747576,-3210.6782914896366,-1798.7538685114164
1013150.711734,-3210.6782914896366,-1798.7538685114164
1013160.660379,-3210.6782914896366,-1798.7538685114164
1013179.633329,-3210.6782914896366,-1798.7538685114164
1013180.262089,-3210.6782914896366,-1798.7538685114164
1013192.036259,-3210.6782914896366,-1798.7538685114164
1013202.983401,-3210.6782914896366,-1798.7538685114164
1013211.954842,-3210.6782914896366,-1798.7538685114164
1013221.312107,-3210.6782914896366,-1798.7538685114164
1013231.608687,-3210.6782914896366,-1798.7538685114164
1013240.744449,-3210.6782914896366,-1798.7538685114164
1013251.911711,-3210.6782914896366,-1798.7538685114164
1013354.472675,-3210.6782914896366,-1798.7538685114164
1013354.546377,-3210.6782914896366,-1798.7538685114164
1013422.54958,-3210.6782914896366,-1798.7538685114164
1013423.615969,-3210.6782914896366,-1798.7538685114164
1013438.468319,-3212.3466818598313,-1797.5016840579447
1013448.251883,-3213.4589421011033,-1796.6637911114562
1013455.498029,-3213.4589421011033,-1796.6637911114562
1013463.53655,-3213.4589421011033,-1796.6637911114562
1013470.037748,-3213.4589421011033,-1796.6637911114562
1013478.632289,-3213.4589421011033,-1796.6637911114562
1013483.778528,-3213.4589421011033,-1796.6637911114562
1013487.817545,-3213.4589421011033,-1796.6637911114562
1013498.597066,-3200.494158594554,-1785.8689369540093
1013508.392315,-3163.3724728140173,-1815.683960618843
1014178.99462,-3755.9013106882935,-4117.301812321237
1014178.995351,-3755.9013106882935,-4117.301812321237
1014185.144196,-3770.089580341097,-4102.713218303335
1014185.144816,-3770.089580341097,-4102.713218303335
1014191.455753,-3787.9761152702354,-4085.2478685469505
1014191.465033,-3787.9761152702354,-4085.2478685469505
1014201.441869,-3844.4789352418543,-4107.610219270645
1014211.474085,-3852.2230471346347,-4110.542833899455
1014221.47134,-3879.6402619223695,-4121.440057341634
1014230.891811,-3953.8836325175416,-4138.519045782707
1014243.289019,-3973.264767069495,-4144.426169230566
1014253.100272,-4037.247536899315,-4166.509221259507
1014261.251192,-4080.298959446715,-4176.903709860972
1014277.859096,-4175.9741940187,-4202.845708665742
1014289.983605,-4308.826726428742,-4229.946787208097
1014783.228957,-4297.572043281748,-1647.3372863639524
1014783.229626,-4297.572043281748,-1647.3372863639524
1014789.049473,-4297.711075807079,-1646.8252405613307
1014799.057757,-4297.711075807079,-1646.8252405613307
1014811.549447,-4266.171546789047,-1619.6821572084198
1014818.995208,-4253.373602563338,-1604.4930157412646
1014830.1807,-4227.277197006211,-1571.9594841089151
1014839.577942,-4216.335337026497,-1554.331141113013
1014849.025813,-4211.921054245384,-1549.1175830120665
1014859.480672,-4204.169990792711,-1542.1072093021494
1014869.476275,-4184.302242474624,-1529.6505291075377
1014879.475705,-4143.656082764917,-1491.9546396709084
1014907.417502,-4153.562150425607,-1483.4453672062168
1014907.418191,-4153.562150425607,-1483.4453672062168
1014910.851097,-4153.562150425607,-1483.4453672062168
1014919.390499,-4153.562150425607,-1483.4453672062168
1014920.849024,-4153.562150425607,-1483.4453672062168
1014932.65328,-4153.562150425607,-1483.4453672062168
1014940.843529,-4153.562150425607,-1483.4453672062168
1014951.319927,-4153.562150425607,-1483.4453672062168
1014961.384302,-4153.562150425607,-1483.4453672062168
1014974.391731,-4153.562150425607,-1483.4453672062168
1014982.7217,-4153.562150425607,-1483.4453672062168
1014991.188035,-4153.562150425607,-1483.4453672062168
1015001.31696,-4153.562150425607,-1483.4453672062168
1015011.271313,-4153.562150425607,-1483.4453672062168
1015021.569083,-4153.562150425607,-1483.4453672062168
1015032.152772,-4153.562150425607,-1483.4453672062168
1015040.844637,-4153.562150425607,-1483.4453672062168
1015050.856949,-4153.562150425607,-1483.4453672062168
1015060.843763,-4153.562150425607,-1483.4453672062168
1015073.395259,-4153.562150425607,-1483.4453672062168
1015081.305414,-4153.562150425607,-1483.4453672062168
1015091.292688,-4153.562150425607,-1483.4453672062168
1015101.202502,-4153.562150425607,-1483.4453672062168
1015111.242049,-4153.562150425607,-1483.4453672062168
1015123.293532,-4153.562150425607,-1483.4453672062168
1015132.160573,-4153.562150425607,-1483.4453672062168
1015141.552649,-4153.562150425607,-1483.4453672062168
1015151.655913,-4153.562150425607,-1483.4453672062168
1015160.844797,-4153.562150425607,-1483.4453672062168
1015170.813278,-4153.562150425607,-1483.4453672062168
1015180.855181,-4162.112650929844,-1480.8246229884785
1015190.845584,-4163.120636761795,-1481.0853009232737
1015200.856633,-4167.180386592744,-1482.4678249618507
1015210.844969,-4167.180386592744,-1482.4678249618507
1015222.92157,-4167.180386592744,-1482.4678249618507
1015231.428278,-4167.180386592744,-1482.4678249618507
1015241.738612,-4167.180386592744,-1482.4678249618507
1015252.168611,-4167.180386592744,-1482.4678249618507
1015261.501352,-4167.180386592744,-1482.4678249618507
1015272.885247,-4167.180386592744,-1482.4678249618507
1015281.663571,-4167.180386592744,-1482.4678249618507
1015293.694122,-4167.180386592744,-1482.4678249618507
1015300.843499,-4167.180386592744,-1482.4678249618507
1015311.315146,-4167.180386592744,-1482.4678249618507
1015322.17517,-4167.180386592744,-1482.4678249618507
1015331.285843,-4167.180386592744,-1482.4678249618507
1015341.509759,-4167.180386592744,-1482.4678249618507
1015351.649836,-4170.148731081095,-1485.0466745110252
1015362.116094,-4170.148731081095,-1485.0466745110252
1015372.304376,-4170.148731081095,-1485.0466745110252
1015382.016844,-4170.148731081095,-1485.0466745110252
1015392.99784,-4170.148731081095,-1485.0466745110252
1015401.94921,-4170.148731081095,-1485.0466745110252
1015410.842926,-4170.148731081095,-1485.0466745110252
1015420.842782,-4170.148731081095,-1485.0466745110252
1015431.28105,-4170.148731081095,-1485.0466745110252
1015441.535918,-4170.148731081095,-1485.0466745110252
1015451.422543,-4170.148731081095,-1485.0466745110252
1015462.503525,-4170.148731081095,-1485.0466745110252
1015471.99739,-4170.148731081095,-1485.0466745110252
1015481.246015,-4170.148731081095,-1485.0466745110252
1015492.121806,-4170.148731081095,-1485.0466745110252
1015501.724606,-4170.148731081095,-1485.0466745110252
1015511.34962,-4170.148731081095,-1485.0466745110252
1015521.292161,-4172.519235690839,-1484.8977156942628
1015530.914224,-4172.519235690839,-1484.8977156942628
1015540.805445,-4172.519235690839,-1484.8977156942628
1015550.849921,-4172.519235690839,-1484.8977156942628
1015561.245858,-4172.519235690839,-1484.8977156942628
1015571.739778,-4172.519235690839,-1484.8977156942628
1015583.84825,-4172.519235690839,-1484.8977156942628
1015592.743545,-4172.519235690839,-1484.8977156942628
1015601.267605,-4172.519235690839,-1484.8977156942628
1015611.836415,-4172.519235690839,-1484.8977156942628
1015622.509665,-4172.519235690839,-1484.8977156942628
1015632.716473,-4172.519235690839,-1484.8977156942628
1015641.19908,-4172.519235690839,-1484.8977156942628
1015651.037313,-4172.519235690839,-1484.8977156942628
1015661.5352,-4172.519235690839,-1484.8977156942628
1015671.583384,-4172.783397494541,-1485.1258088869783
1015681.671678,-4177.927601042865,-1489.464234448049
1015691.696638,-4177.927601042865,-1489.464234448049
1015707.823951,-4177.927601042865,-1489.464234448049
1015710.834103,-4177.927601042865,-1489.464234448049
1015722.336437,-4177.927601042865,-1489.464234448049
1015731.315131,-4177.927601042865,-1489.464234448049
1015741.449229,-4177.927601042865,-1489.464234448049
1015751.192951,-4193.770357662299,-1493.8771394019911
1015761.193859,-4193.770357662299,-1493.8771394019911
1015770.809791,-4193.770357662299,-1493.8771394019911
1015781.216711,-4193.770357662299,-1493.8771394019911
1015791.336705,-4193.770357662299,-1493.8771394019911
1015801.686934,-4193.770357662299,-1493.8771394019911
1015811.940416,-4193.770357662299,-1493.8771394019911
1015821.799442,-4193.770357662299,-1493.8771394019911
1015831.825536,-4193.770357662299,-1493.8771394019911
1015843.411884,-4193.770357662299,-1493.8771394019911
1015851.312215,-4193.770357662299,-1493.8771394019911
1015861.270282,-4193.770357662299,-1493.8771394019911
1015871.248425,-4193.770357662299,-1493.8771394019911
1015881.242175,-4193.770357662299,-1493.8771394019911
1015890.806245,-4193.770357662299,-1493.8771394019911
1015901.220373,-4193.770357662299,-1493.8771394019911
1015912.963959,-4193.770357662299,-1493.8771394019911
1015921.977547,-4193.770357662299,-1493.8771394019911
1015931.227947,-4193.770357662299,-1493.8771394019911
1015941.247401,-4193.770357662299,-1493.8771394019911
1015951.279607,-4193.770357662299,-1493.8771394019911
1015961.227098,-4193.770357662299,-1493.8771394019911
1015971.319606,-4193.770357662299,-1493.8771394019911
1015982.347508,-4203.210666344789,-1513.7072815025556
1015991.349157,-4195.570828904325,-1524.9443617568895
1016000.808765,-4195.570828904325,-1524.9443617568895
1016010.809073,-4195.570828904325,-1524.9443617568895
1016021.990196,-4195.570828904325,-1524.9443617568895
1016031.276047,-4195.570828904325,-1524.9443617568895
1016041.292541,-4195.570828904325,-1524.9443617568895
1016052.65001,-4195.570828904325,-1524.9443617568895
1016062.251108,-4195.570828904325,-1524.9443617568895
1016071.288981,-4195.570828904325,-1524.9443617568895
1016081.291405,-4195.570828904325,-1524.9443617568895
1016091.671334,-4195.570828904325,-1524.9443617568895
1016101.351245,-4195.570828904325,-1524.9443617568895
1016111.388509,-4195.570828904325,-1524.9443617568895
1016121.667066,-4195.570828904325,-1524.9443617568895
1016131.498975,-4195.570828904325,-1524.9443617568895
1016142.181639,-4195.570828904325,-1524.9443617568895
1016150.869847,-4195.570828904325,-1524.9443617568895
1016160.901971,-4195.570828904325,-1524.9443617568895
1016172.565388,-4195.570828904325,-1524.9443617568895
1016180.886022,-4178.198714478556,-1521.9838054198972
1016191.304715,-4177.260244909835,-1521.0016082734026
1016201.29985,-4177.260244909835,-1521.0016082734026
1016211.252581,-4173.151833696674,-1517.5290060001944
1016221.484364,-4173.151833696674,-1517.5290060001944
1016231.700009,-4173.151833696674,-1517.5290060001944
1016241.557514,-4173.151833696674,-1517.5290060001944
1016251.21922,-4173.151833696674,-1517.5290060001944
1016261.539292,-4173.151833696674,-1517.5290060001944
1016270.815384,-4173.151833696674,-1517.5290060001944
1016280.832,-4160.187050408536,-1509.215242324389
1016290.838676,-4159.443226380296,-1508.9452544793346
1016301.263164,-4159.443226380296,-1508.9452544793346
1016311.562366,-4159.443226380296,-1508.9452544793346
1016321.191615,-4154.84124968531,-1508.3540741919799
1016331.248558,-4154.84124968531,-1508.3540741919799
1016341.614088,-4154.84124968531,-1508.3540741919799
1016351.780533,-4154.84124968531,-1508.3540741919799
1016361.859674,-4148.550027768295,-1496.6887370441966
1016372.118213,-4148.550027768295,-1496.6887370441966
1016380.869791,-4148.550027768295,-1496.6887370441966
1016390.868349,-4148.550027768295,-1496.6887370441966
1016400.869777,-4148.550027768295,-1496.6887370441966
1016411.252838,-4148.550027768295,-1496.6887370441966
1016421.201473,-4151.650453159766,-1490.1019643853717
1016431.295932,-4151.650453159766,-1490.1019643853717
1016441.249203,-4151.650453159766,-1490.1019643853717
1016451.792944,-4151.344581596643,-1482.649368520392
1016464.471984,-4151.344581596643,-1482.649368520392
1016471.316554,-4151.344581596643,-1482.649368520392
1016481.810642,-4151.344581596643,-1482.649368520392
1016492.071563,-4151.344581596643,-1482.649368520392
1016501.15724,-4151.344581596643,-1482.649368520392
1016510.834364,-4151.344581596643,-1482.649368520392
1016520.842718,-4151.344581596643,-1482.649368520392
1016531.286292,-4151.344581596643,-1482.649368520392
1016541.281656,-4151.344581596643,-1482.649368520392
1016551.823165,-4151.344581596643,-1482.649368520392
1016562.614261,-4151.344581596643,-1482.649368520392
1016571.348475,-4151.344581596643,-1482.649368520392
1016581.653867,-4151.344581596643,-1482.649368520392
1016592.582086,-4157.309077070348,-1478.236463499164
1016601.243322,-4157.309077070348,-1478.236463499164
1016612.831151,-4157.309077070348,-1478.236463499164
1016620.808828,-4157.309077070348,-1478.236463499164
1016630.841996,-4157.309077070348,-1478.236463499164
1016641.267132,-4157.309077070348,-1478.236463499164
1016651.269672,-4157.309077070348,-1478.236463499164
1016661.464893,-4157.309077070348,-1478.236463499164
1016671.721169,-4157.309077070348,-1478.236463499164
1016681.641392,-4157.309077070348,-1478.236463499164
1016692.532522,-4157.309077070348,-1478.236463499164
1016701.561593,-4157.309077070348,-1478.236463499164
1016703.678615,-4157.309077070348,-1478.236463499164
1016711.723247,-4158.344869405897,-1476.649121073789
1016721.406702,-4164.5179136755005,-1478.6042055803302
1017603.366024,-4690.255414996963,-3274.0832210016683
1017603.366749,-4690.255414996963,-3274.0832210016683
1017612.28781,-4852.012907186149,-3563.600661774229
1017612.28844,-4852.012907186149,-3563.600661774229
1017623.640564,-4857.400417585134,-3567.1756617159303
1017623.686721,-4857.400417585134,-3567.1756617159303
1017635.704435,-4857.400417585134,-3567.1756617159303
1017635.705227,-4857.400417585134,-3567.1756617159303
1017644.274995,-4857.400417585134,-3567.1756617159303
1017654.315365,-4857.400417585134,-3567.1756617159303
1017664.333636,-4857.400417585134,-3567.1756617159303
1017675.712021,-4857.400417585134,-3567.1756617159303
1017684.251425,-4857.400417585134,-3567.1756617159303
1017698.206983,-4857.400417585134,-3567.1756617159303
1017705.099013,-4857.400417585134,-3567.1756617159303
1017714.610515,-4857.400417585134,-3567.1756617159303
1017724.222376,-4857.400417585134,-3567.1756617159303
1017734.863012,-4862.509862928063,-3571.0066837680224
1017745.344862,-4866.458386674995,-3603.8845791940316
1017748.435755,-4863.052089782903,-3622.713841767596
1017754.685546,-4849.28786967149,-3647.948311214197
1017764.254025,-4835.370713776302,-3654.7212594025095
1017775.190924,-4835.370713776302,-3654.7212594025095
1017783.74645,-4829.253282613049,-3653.692516074702
1017785.140667,-4829.253282613049,-3653.692516074702
1017794.651876,-4814.425463658858,-3693.8693639897806
1017804.707201,-4796.24000919254,-3728.4090690191647
1017814.628062,-4759.396389633706,-3735.2099460297322
1017824.699555,-4750.4287916619805,-3734.893409659339
1017836.730401,-4697.436544065444,-3757.2231880741456
1017844.771228,-4630.728737612625,-3776.061756005044
1017854.64807,-4612.619750946017,-3768.800039749698
1017864.213328,-4609.415051196454,-3746.698354111854
1017875.219913,-4608.17071007628,-3729.819517848995
1017885.539081,-4600.523921087843,-3691.4394817039515
1017894.964033,-4596.137444847059,-3638.200851636713
1017906.19405,-4595.873283045782,-3580.265374859767
1017915.452521,-4596.505881045809,-3557.353721740024
1017924.623785,-4588.101364778179,-3501.5502039236508
1017935.908347,-4604.354267206009,-3439.211133178836
1017944.235429,-4642.4908893993925,-3462.3601929477795
1017954.215106,-4672.382882711777,-3425.576788108658
1017964.699134,-4643.088729263592,-3365.951545363478
1017975.04665,-4633.057532439594,-3336.881386343208
1017984.322242,-4622.331172967152,-3308.9284139252995
1017996.725458,-4600.482211328942,-3246.2774426223227
1018004.570139,-4589.463883543835,-3187.9555692334493
1018014.788661,-4587.114233835022,-3071.977464437466
1018027.403569,-4600.815889392323,-3000.3656872933743
1018034.795181,-4619.2724573746045,-2897.500550239282
1018044.618819,-4649.943032849991,-2837.819398515242
1018054.321572,-4704.534154564529,-2735.3964557743407
1018070.977525,-4755.413107741504,-2630.529645316545
1018076.90732,-4784.554325333431,-2539.4461405029074
1018084.260627,-4850.984066490417,-2300.90756376912
1018096.288263,-4864.080930478482,-2208.7626813470474
1018104.319524,-4864.080930478482,-2208.7626813470474
1018115.465199,-4869.628328278681,-2188.145873041167
1018124.699988,-4881.348770248848,-2073.433734583755
1018139.747061,-4885.547552538045,-1962.3850286201966
1018147.88242,-4862.064958846086,-1823.4111952605163
1018147.883048,-4862.064958846086,-1823.4111952605163
1018445.355102,-4187.889281711776,-1515.5459918359898
1018445.355714,-4187.889281711776,-1515.5459918359898
1018451.474717,-4189.905253374439,-1517.8176136975076
1018459.805819,-4191.497175819967,-1519.0511788465085
1018461.48499,-4191.497175819967,-1519.0511788465085
1018471.837301,-4191.497175819967,-1519.0511788465085
1018482.368226,-4191.497175819967,-1519.0511788465085
1018492.274051,-4191.497175819967,-1519.0511788465085
1018501.855867,-4191.497175819967,-1519.0511788465085
1018511.832689,-4191.497175819967,-1519.0511788465085
1018521.939057,-4191.497175819967,-1519.0511788465085
1018531.971949,-4191.497175819967,-1519.0511788465085
1018541.98941,-4191.497175819967,-1519.0511788465085
1018551.911282,-4191.497175819967,-1519.0511788465085
1018561.834255,-4191.497175819967,-1519.0511788465085
1018574.813472,-4191.497175819967,-1519.0511788465085
1018583.011565,-4191.497175819967,-1519.0511788465085
1018594.165535,-4191.497175819967,-1519.0511788465085
1018602.359002,-4191.497175819967,-1519.0511788465085
1018611.875013,-4191.497175819967,-1519.0511788465085
1018621.856668,-4191.497175819967,-1519.0511788465085
1018631.839657,-4191.497175819967,-1519.0511788465085
1018641.997237,-4191.497175819967,-1519.0511788465085
1018651.909952,-4191.497175819967,-1519.0511788465085
1018661.982371,-4191.497175819967,-1519.0511788465085
1018671.987365,-4191.497175819967,-1519.0511788465085
1018682.280367,-4191.497175819967,-1519.0511788465085
1018693.16824,-4191.497175819967,-1519.0511788465085
1018701.485791,-4191.497175819967,-1519.0511788465085
1018711.482441,-4191.497175819967,-1519.0511788465085
1018721.482951,-4176.523372505628,-1517.8455434756456
1018731.482352,-4176.7180180465375,-1518.2225954659757
1018741.960426,-4176.7180180465375,-1518.2225954659757
1018752.053493,-4176.7180180465375,-1518.2225954659757
1018761.969973,-4176.7180180465375,-1518.2225954659757
1018771.887256,-4175.536241553669,-1517.6779648103486
1018781.863715,-4169.453568436217,-1513.8329654959423
1018792.529834,-4169.453568436217,-1513.8329654959423
1018802.313768,-4169.453568436217,-1513.8329654959423
1018812.416405,-4159.547500778761,-1507.7582389429397
1018821.500132,-4154.243409814763,-1503.7922105230562
1018831.500295,-4154.243409814763,-1503.7922105230562
1018841.589156,-4154.243409814763,-1503.7922105230562
1018852.471121,-4154.243409814763,-1503.7922105230562
1018862.107813,-4154.243409814763,-1503.7922105230562
1018872.200677,-4154.243409814763,-1503.7922105230562
1018881.996138,-4154.243409814763,-1503.7922105230562
1018892.466147,-4154.243409814763,-1503.7922105230562
1018902.328457,-4154.243409814763,-1503.7922105230562
1018911.92573,-4154.243409814763,-1503.7922105230562
1018922.445582,-4154.243409814763,-1503.7922105230562
1018931.90205,-4154.243409814763,-1503.7922105230562
1018941.449224,-4154.243409814763,-1503.7922105230562
1018951.485616,-4154.243409814763,-1503.7922105230562
1018961.514877,-4154.243409814763,-1503.7922105230562
1018971.872304,-4154.243409814763,-1503.7922105230562
1018983.227061,-4154.243409814763,-1503.7922105230562
1018991.449454,-4154.243409814763,-1503.7922105230562
1019002.009788,-4154.243409814763,-1503.7922105230562
1019012.646672,-4154.243409814763,-1503.7922105230562
1019021.908544,-4151.775582429572,-1499.8168721685545
1019034.216633,-4151.761679182019,-1499.8029072857244
1019042.498201,-4151.761679182019,-1499.8029072857244
1019052.533552,-4151.761679182019,-1499.8029072857244
1019061.663425,-4151.761679182019,-1499.8029072857244
1019071.556756,-4151.761679182019,-1499.8029072857244
1019081.566707,-4151.761679182019,-1499.8029072857244
1019092.189615,-4151.761679182019,-1499.8029072857244
1019101.985823,-4151.761679182019,-1499.8029072857244
1019112.45437,-4151.761679182019,-1499.8029072857244
1019121.837945,-4151.761679182019,-1499.8029072857244
1019132.577945,-4151.761679182019,-1499.8029072857244
1019142.340456,-4151.761679182019,-1499.8029072857244
1019152.301498,-4151.761679182019,-1499.8029072857244
1019162.755031,-4151.761679182019,-1499.8029072857244
1019171.864196,-4151.761679182019,-1499.8029072857244
1019181.474031,-4151.761679182019,-1499.8029072857244
1019191.839239,-4151.761679182019,-1499.8029072857244
1019201.839118,-4151.761679182019,-1499.8029072857244
1019211.857827,-4151.761679182019,-1499.8029072857244
1019222.173803,-4151.761679182019,-1499.8029072857244
1019232.475572,-4151.761679182019,-1499.8029072857244
1019243.58306,-4151.761679182019,-1499.8029072857244
1019252.814189,-4147.736687477066,-1495.929978086589
1019262.527189,-4155.313960285904,-1488.4354876149218
1019272.556461,-4155.313960285904,-1488.4354876149218
1019282.307528,-4155.313960285904,-1488.4354876149218
1019292.538428,-4155.313960285904,-1488.4354876149218
1019301.529316,-4155.313960285904,-1488.4354876149218
1019312.091346,-4155.313960285904,-1488.4354876149218
1019322.184348,-4155.313960285904,-1488.4354876149218
1019332.004688,-4155.313960285904,-1488.4354876149218
1019344.15938,-4155.313960285904,-1488.4354876149218
1019352.195028,-4155.313960285904,-1488.4354876149218
1019362.379432,-4155.313960285904,-1488.4354876149218
1019372.506965,-4155.313960285904,-1488.4354876149218
1019383.065665,-4155.313960285904,-1488.4354876149218
1019392.079279,-4155.313960285904,-1488.4354876149218
1019402.021205,-4155.313960285904,-1488.4354876149218
1019411.955085,-4155.313960285904,-1488.4354876149218
1019421.442196,-4155.313960285904,-1488.4354876149218
1019433.306196,-4155.313960285904,-1488.4354876149218
1019444.372285,-4155.313960285904,-1488.4354876149218
1019452.476518,-4155.313960285904,-1488.4354876149218
1019461.724198,-4155.890945276715,-1484.2692956713868
1019461.810232,-4158.768918614989,-1479.7632914015933
1020269.799398,-2984.92262261836,-1331.2409651041098
1020269.79996,-2984.92262261836,-1331.2409651041098
1020276.045938,-3129.573664509177,-1310.6810437984689
1020276.0466,-3129.573664509177,-1310.6810437984689
1020290.07712,-3129.573664509177,-1310.6810437984689
1020290.084262,-3129.573664509177,-1310.6810437984689
1020300.508499,-3129.573664509177,-1310.6810437984689
1020310.090478,-3129.573664509177,-1310.6810437984689
1020320.086184,-3129.573664509177,-1310.6810437984689
1020331.040914,-3129.573664509177,-1310.6810437984689
1020342.552994,-3134.557980754289,-1306.6032950146757
1020350.243146,-3168.0439658641917,-1340.2121369513065
1020360.084355,-3172.9448625778336,-1440.303167880919
1020370.078514,-3200.9668692033497,-1469.7178809302686
1020380.106957,-3233.4865781809212,-1523.2871950104952
1020389.66713,-3311.9078771795985,-1643.6040069231728
1020400.835416,-3430.0994314187774,-1640.3455335768492
1020409.742087,-3545.44777018523,-1599.4563466189247
1020428.581935,-3631.140470079912,-1630.737692072322
1020429.649627,-3636.5905452565803,-1635.1273212347678
1020446.614699,-3636.5905452565803,-1635.1273212347678
1020449.69502,-3641.1369089817317,-1639.516950354313
1020459.774918,-3725.5157513310546,-1701.6141396183082
1020470.604674,-3780.9132627623585,-1723.3528093954462
1020479.745057,-3847.217876071414,-1789.8582384082163
1020490.690818,-3922.976701288286,-1732.0250022849432
1020500.342133,-3989.7679282663107,-1652.1458619737166
1020509.759146,-4041.4741257783585,-1525.6705359529587
1020521.012238,-4125.6166121786055,-1491.6799968567302
1020526.015397,-4140.451382982684,-1488.3656631738777
1020529.681182,-4146.054393879309,-1487.0669284844917
1020540.346404,-4156.898931108794,-1476.039320898972
1020550.717715,-4156.898931108794,-1476.039320898972
1020561.180376,-4156.898931108794,-1476.039320898972
1020570.095631,-4156.898931108794,-1476.039320898972
1020580.293417,-4164.545720178993,-1476.6351561780784
1020590.091134,-4164.545720178993,-1476.6351561780784
1020599.719671,-4164.545720178993,-1476.6351561780784
1020610.115156,-4164.545720178993,-1476.6351561780784
1020619.689048,-4164.545720178993,-1476.6351561780784
1020629.644529,-4164.545720178993,-1476.6351561780784
1020640.135423,-4164.545720178993,-1476.6351561780784
1020650.305668,-4164.545720178993,-1476.6351561780784
1020662.069083,-4164.545720178993,-1476.6351561780784
1020670.124724,-4164.545720178993,-1476.6351561780784
1020682.254203,-4164.545720178993,-1476.6351561780784
1020690.135484,-4164.545720178993,-1476.6351561780784
1020700.304269,-4164.545720178993,-1476.6351561780784
1020710.10712,-4164.545720178993,-1476.6351561780784
1020720.317581,-4164.545720178993,-1476.6351561780784
1020730.059188,-4164.545720178993,-1476.6351561780784
1020740.531142,-4164.545720178993,-1476.6351561780784
1020753.960287,-4164.545720178993,-1476.6351561780784
1020759.641024,-4164.545720178993,-1476.6351561780784
1020769.646948,-4164.545720178993,-1476.6351561780784
1020782.223471,-4164.545720178993,-1476.6351561780784
1020790.139018,-4164.545720178993,-1476.6351561780784
1020800.052275,-4164.545720178993,-1476.6351561780784
1020810.133597,-4164.545720178993,-1476.6351561780784
1020821.355405,-4164.545720178993,-1476.6351561780784
1020830.051113,-4164.545720178993,-1476.6351561780784
1020840.453807,-4164.545720178993,-1476.6351561780784
1020850.428677,-4164.545720178993,-1476.6351561780784
1020861.345323,-4164.545720178993,-1476.6351561780784
1020870.112916,-4164.545720178993,-1476.6351561780784
1020879.661596,-4164.545720178993,-1476.6351561780784
1020891.753971,-4164.545720178993,-1476.6351561780784
1020899.676454,-4164.545720178993,-1476.6351561780784
1020909.683539,-4164.545720178993,-1476.6351561780784
1020922.080004,-4164.545720178993,-1476.6351561780784
1020930.096464,-4164.545720178993,-1476.6351561780784
1020940.611548,-4164.545720178993,-1476.6351561780784
1020950.508729,-4180.506654448917,-1489.2594160731398
1020960.188409,-4181.250478476686,-1489.5852634852524
1020976.081131,-4181.250478476686,-1489.5852634852524
1020980.568478,-4181.250478476686,-1489.5852634852524
1020991.809895,-4181.250478476686,-1489.5852634852524
1020999.674988,-4179.950524338114,-1490.9864073614792
1021009.707104,-4179.950524338114,-1490.9864073614792
1021019.673465,-4182.543480991601,-1495.6599902235307
1021031.251736,-4182.543480991601,-1495.6599902235307
1021040.042866,-4182.543480991601,-1495.6599902235307
1021050.276201,-4182.543480991601,-1495.6599902235307
1021062.083693,-4182.543480991601,-1495.6599902235307
1021071.377963,-4182.543480991601,-1495.6599902235307
1021080.034555,-4182.543480991601,-1495.6599902235307
1021093.311835,-4182.543480991601,-1495.6599902235307
1021100.456064,-4182.543480991601,-1495.6599902235307
1021110.959233,-4182.543480991601,-1495.6599902235307
1021119.664769,-4182.543480991601,-1495.6599902235307
1021130.865526,-4182.543480991601,-1495.6599902235307
1021139.683186,-4181.076687815508,-1495.8694635678232
1021150.080628,-4181.076687815508,-1495.8694635678232
1021160.12903,-4181.076687815508,-1495.8694635678232
1021170.034957,-4181.125349198705,-1497.0378592695367
1021180.629199,-4181.125349198705,-1497.0378592695367
1021190.53988,-4181.125349198705,-1497.0378592695367
1021200.10434,-4186.220891371347,-1500.4406372042833
1021210.498198,-4186.220891371347,-1500.4406372042833
1021221.758162,-4186.220891371347,-1500.4406372042833
1021231.972308,-4186.220891371347,-1500.4406372042833
1021239.639379,-4186.220891371347,-1500.4406372042833
1021250.291043,-4186.624085700483,-1500.0542752784336
1021263.104264,-4188.938977302461,-1500.8595838777348
1021271.221555,-4188.938977302461,-1500.8595838777348
1021280.552472,-4188.938977302461,-1500.8595838777348
1021290.112334,-4188.938977302461,-1500.8595838777348
1021300.115326,-4188.938977302461,-1500.8595838777348
1021310.529713,-4188.938977302461,-1500.8595838777348
1021320.553756,-4188.938977302461,-1500.8595838777348
1021331.32413,-4195.174586199032,-1506.4781241376993
1021340.066036,-4192.866646229375,-1527.178743886916
1021350.113725,-4184.56640427826,-1530.0462009465057
1021363.187982,-4184.56640427826,-1530.0462009465057
1021369.683685,-4184.56640427826,-1530.0462009465057
1021379.639528,-4184.56640427826,-1530.0462009465057
1021390.21771,-4184.56640427826,-1530.0462009465057
1021403.948824,-4184.56640427826,-1530.0462009465057
1021411.297805,-4184.56640427826,-1530.0462009465057
1021421.755037,-4184.56640427826,-1530.0462009465057
1021431.092024,-4184.56640427826,-1530.0462009465057
1021441.069707,-4184.56640427826,-1530.0462009465057
1021450.156276,-4184.56640427826,-1530.0462009465057
1021460.340454,-4184.56640427826,-1530.0462009465057
1021470.080726,-4184.56640427826,-1530.0462009465057
1021479.639227,-4184.56640427826,-1530.0462009465057
1021489.639519,-4184.56640427826,-1530.0462009465057
1021503.911746,-4184.56640427826,-1530.0462009465057
1021509.662185,-4184.56640427826,-1530.0462009465057
1021520.083066,-4184.56640427826,-1530.0462009465057
1021530.413108,-4184.56640427826,-1530.0462009465057
1021544.126461,-4184.56640427826,-1530.0462009465057
1021550.069869,-4184.56640427826,-1530.0462009465057
1021560.041069,-4184.56640427826,-1530.0462009465057
1021570.070857,-4184.56640427826,-1530.0462009465057
1021587.197316,-4184.56640427826,-1530.0462009465057
1021592.901737,-4184.56640427826,-1530.0462009465057
1021592.902324,-4184.56640427826,-1530.0462009465057
1021594.674279,-4184.56640427826,-1530.0462009465057
1021601.674434,-4184.56640427826,-1530.0462009465057
1021608.673704,-4184.56640427826,-1530.0462009465057
1021615.700201,-4184.56640427826,-1530.0462009465057
1021627.634954,-4184.56640427826,-1530.0462009465057
1021630.078975,-4184.56640427826,-1530.0462009465057
1021637.506864,-4182.2237061727365,-1527.830438671836
1021644.059681,-4180.652638606614,-1526.3501605174379
1021651.028932,-4180.652638606614,-1526.3501605174379
1021658.72703,-4180.652638606614,-1526.3501605174379
1021665.028973,-4172.978043035467,-1518.9394597368487
1021672.170928,-4170.433747764527,-1516.9424806821053
1021679.123388,-4170.433747764527,-1516.9424806821053
1021702.908548,-4170.433747764527,-1516.9424806821053
1021702.921731,-4170.433747764527,-1516.9424806821053
1021726.289093,-4170.433747764527,-1516.9424806821053
1021726.289731,-4170.433747764527,-1516.9424806821053
1021740.00694,-4170.433747764527,-1516.9424806821053
1021741.901874,-4170.433747764527,-1516.9424806821053
1021758.566284,-4170.433747764527,-1516.9424806821053
1021758.57002,-4170.433747764527,-1516.9424806821053
1021765.450969,-4170.433747764527,-1516.9424806821053
1021777.390029,-4170.433747764527,-1516.9424806821053
1021777.393675,-4170.433747764527,-1516.9424806821053
1021786.158874,-4170.433747764527,-1516.9424806821053
1021791.235737,-4170.433747764527,-1516.9424806821053
1021798.421462,-4170.433747764527,-1516.9424806821053
1021804.480897,-4170.433747764527,-1516.9424806821053
1021812.982559,-4170.433747764527,-1516.9424806821053
1021818.479615,-4170.433747764527,-1516.9424806821053
1021825.587402,-4170.433747764527,-1516.9424806821053
1021833.18667,-4170.433747764527,-1516.9424806821053
1021843.217277,-4170.433747764527,-1516.9424806821053
1021846.061743,-4170.433747764527,-1516.9424806821053
1021854.855981,-4170.433747764527,-1516.9424806821053
1021861.176729,-4170.433747764527,-1516.9424806821053
1021869.39507,-4170.433747764527,-1516.9424806821053
1021874.013444,-4170.433747764527,-1516.9424806821053
1021881.287004,-4170.433747764527,-1516.9424806821053
1021903.817206,-4170.433747764527,-1516.9424806821053
1021903.821655,-4170.433747764527,-1516.9424806821053
1021928.933967,-4163.20405628053,-1509.9088317986357
1021928.934739,-4163.20405628053,-1509.9088317986357
1021948.346363,-4158.1641271207145,-1504.914056599042
1021948.347008,-4158.1641271207145,-1504.914056599042
1021968.031147,-4158.1641271207145,-1504.914056599042
1021968.03175,-4158.1641271207145,-1504.914056599042
1021981.333328,-4158.1641271207145,-1504.914056599042
1021992.431224,-4158.1641271207145,-1504.914056599042
1021995.363923,-4158.1641271207145,-1504.914056599042
1022002.515609,-4151.407146227423,-1500.212544016099
1022008.795351,-4149.335561556007,-1497.973506829803
1022015.82559,-4149.335561556007,-1497.973506829803
1022025.146315,-4149.335561556007,-1497.973506829803
1022029.77423,-4149.335561556007,-1497.973506829803
1022038.123367,-4149.335561556007,-1497.973506829803
1022046.774606,-4149.335561556007,-1497.973506829803
1022051.225168,-4149.335561556007,-1497.973506829803
1022058.568106,-4149.335561556007,-1497.973506829803
1022066.285719,-4149.335561556007,-1497.973506829803
1022072.22058,-4149.335561556007,-1497.973506829803
1022079.229917,-4149.335561556007,-1497.973506829803
1022086.358752,-4149.335561556007,-1497.973506829803
1022092.795513,-4149.335561556007,-1497.973506829803
1022102.475315,-4149.335561556007,-1497.973506829803
1022106.796365,-4149.335561556007,-1497.973506829803
1022114.572933,-4149.335561556007,-1497.973506829803
1022123.624673,-4149.335561556007,-1497.973506829803
1022128.18377,-4149.335561556007,-1497.973506829803
1022136.801717,-4149.335561556007,-1497.973506829803
1022142.230051,-4149.335561556007,-1497.973506829803
1022149.206713,-4149.335561556007,-1497.973506829803
1022158.476902,-4149.335561556007,-1497.973506829803
1022163.484335,-4149.335561556007,-1497.973506829803
1022170.404038,-4149.335561556007,-1497.973506829803
1022177.198986,-4149.335561556007,-1497.973506829803
1022184.187764,-4149.335561556007,-1497.973506829803
1022191.206398,-4149.335561556007,-1497.973506829803
1022198.860189,-4149.335561556007,-1497.973506829803
1022205.23135,-4149.335561556007,-1497.973506829803
1022211.795507,-4149.335561556007,-1497.973506829803
1022219.226482,-4149.335561556007,-1497.973506829803
1022225.795965,-4148.244156205155,-1497.424221194895
1022232.795276,-4147.284831756126,-1491.5962075201876
1022242.701828,-4149.224335533894,-1489.8133566763854
1022247.15536,-4149.196529030389,-1491.0841615816419
1022254.184851,-4149.196529030389,-1491.0841615816419
1022261.181133,-4149.196529030389,-1491.0841615816419
1022268.628801,-4149.196529030389,-1491.0841615816419
1022275.801781,-4149.196529030389,-1491.0841615816419
1022282.152446,-4153.638618312183,-1482.821602156837
1022289.99798,-4153.610811808831,-1482.914701416172
1022295.803344,-4153.610811808831,-1482.914701416172
1022302.803093,-4153.610811808831,-1482.914701416172
1022309.8332,-4153.610811808831,-1482.914701416172
1022319.31383,-4153.610811808831,-1482.914701416172
1022326.969808,-4153.610811808831,-1482.914701416172
1022330.81429,-4153.610811808831,-1482.914701416172
1022337.793869,-4153.610811808831,-1482.914701416172
1022344.771858,-4153.610811808831,-1482.914701416172
1022354.222837,-4153.610811808831,-1482.914701416172
1022361.094335,-4153.610811808831,-1482.914701416172
1022366.248367,-4153.610811808831,-1482.914701416172
1022373.947007,-4153.610811808831,-1482.914701416172
1022380.437201,-4153.610811808831,-1482.914701416172
1022394.460409,-4153.610811808831,-1482.914701416172
1022396.173068,-4153.610811808831,-1482.914701416172
1022401.348489,-4153.610811808831,-1482.914701416172
1022408.988161,-4153.610811808831,-1482.914701416172
1022415.319906,-4153.610811808831,-1482.914701416172
1022423.319368,-4153.610811808831,-1482.914701416172
1022429.319601,-4153.610811808831,-1482.914701416172
1022436.311191,-4153.610811808831,-1482.914701416172
1022443.809734,-4153.610811808831,-1482.914701416172
1022449.807732,-4153.610811808831,-1482.914701416172
1022461.835495,-4153.610811808831,-1482.914701416172
1022466.569526,-4153.610811808831,-1482.914701416172
1022470.877421,-4153.610811808831,-1482.914701416172
1022477.897028,-4153.610811808831,-1482.914701416172
1022487.437339,-4153.610811808831,-1482.914701416172
1022492.172438,-4153.610811808831,-1482.914701416172
1022503.954431,-4153.610811808831,-1482.914701416172
1022506.179243,-4153.610811808831,-1482.914701416172
1022513.176267,-4153.610811808831,-1482.914701416172
1022521.663182,-4153.610811808831,-1482.914701416172
1022527.148542,-4153.610811808831,-1482.914701416172
1022535.26156,-4153.610811808831,-1482.914701416172
1022542.528011,-4153.610811808831,-1482.914701416172
1022549.813637,-4153.610811808831,-1482.914701416172
1022555.176735,-4153.610811808831,-1482.914701416172
1022562.653837,-4153.610811808831,-1482.914701416172
1022571.692329,-4153.610811808831,-1482.914701416172
1022575.773393,-4153.610811808831,-1482.914701416172
1022582.795117,-4153.610811808831,-1482.914701416172
1022589.794932,-4153.610811808831,-1482.914701416172
1022600.088835,-4153.610811808831,-1482.914701416172
1022607.65833,-4153.610811808831,-1482.914701416172
1022611.30401,-4153.610811808831,-1482.914701416172
1022618.332172,-4153.610811808831,-1482.914701416172
1022622.763408,-4153.610811808831,-1482.914701416172
1022624.82232,-4153.610811808831,-1482.914701416172
1022631.870952,-4153.610811808831,-1482.914701416172
1022640.735503,-4153.610811808831,-1482.914701416172
1024183.106875,-4072.397808591295,-1440.4467221791717
1024183.107527,-4072.397808591295,-1440.4467221791717
1024191.515002,-4196.523201728627,-1452.075570211058
1024191.515649,-4196.523201728627,-1452.075570211058
1024206.172837,-4197.114089974883,-1455.4131788911984
1024209.688205,-4197.56594568711,-1459.8074642260751
1024216.683532,-4197.56594568711,-1459.8074642260751
1024225.826082,-4197.56594568711,-1459.8074642260751
1024231.147563,-4197.56594568711,-1459.8074642260751
1024238.136465,-4197.56594568711,-1459.8074642260751
1024245.764425,-4197.56594568711,-1459.8074642260751
1024252.076277,-4197.600703822606,-1468.4936256076542
1024261.261682,-4197.600703822606,-1468.4936256076542
1024267.828479,-4197.600703822606,-1468.4936256076542
1024269.199183,-4197.600703822606,-1468.4936256076542
1024273.456424,-4197.600703822606,-1468.4936256076542
1024281.067255,-4192.936162492268,-1471.5333165598365
1024287.055192,-4191.789144135295,-1467.1716160591186
1024294.029964,-4191.789144135295,-1467.1716160591186
1024301.156247,-4191.789144135295,-1467.1716160591186
1024308.41266,-4191.789144135295,-1467.1716160591186
1024314.689636,-4191.789144135295,-1467.1716160591186
1024323.813029,-4191.789144135295,-1467.1716160591186
1024329.143572,-4191.789144135295,-1467.1716160591186
1024336.148645,-4191.789144135295,-1467.1716160591186
1024343.055933,-4192.303564486693,-1465.6680629447512
1024350.061634,-4192.50516165131,-1463.680393645794
1024357.483602,-4192.50516165131,-1463.680393645794
1024364.999037,-4192.50516165131,-1463.680393645794
1024371.072305,-4192.50516165131,-1463.680393645794
1024378.050351,-4192.50516165131,-1463.680393645794
1024385.040528,-4192.50516165131,-1463.680393645794
1024396.072887,-4192.50516165131,-1463.680393645794
1024399.692941,-4192.50516165131,-1463.680393645794
1024406.055702,-4192.50516165131,-1463.680393645794
1024413.911541,-4192.50516165131,-1463.680393645794
1024424.173885,-4192.50516165131,-1463.680393645794
1024426.684563,-4192.50516165131,-1463.680393645794
1024433.641088,-4192.50516165131,-1463.680393645794
1024441.789638,-4192.50516165131,-1463.680393645794
1024448.075348,-4192.50516165131,-1463.680393645794
1024464.592585,-4192.50516165131,-1463.680393645794
1024464.600477,-4192.50516165131,-1463.680393645794
1024468.677912,-4192.50516165131,-1463.680393645794
1024475.651898,-4192.50516165131,-1463.680393645794
1024482.68377,-4192.50516165131,-1463.680393645794
1024489.64993,-4192.50516165131,-1463.680393645794
1024500.245393,-4189.043251700862,-1466.8178388557744
1024504.589599,-4189.043251700862,-1466.8178388557744
1024510.673837,-4189.043251700862,-1466.8178388557744
1024519.674794,-4189.043251700862,-1466.8178388557744
1024525.063721,-4189.043251700862,-1466.8178388557744
1024532.440013,-4189.043251700862,-1466.8178388557744
1024539.235129,-4189.043251700862,-1466.8178388557744
1024546.03392,-4189.043251700862,-1466.8178388557744
1024552.760455,-4189.043251700862,-1466.8178388557744
1024565.399592,-4189.043251700862,-1466.8178388557744
1024568.526294,-4189.043251700862,-1466.8178388557744
1024573.787333,-4189.043251700862,-1466.8178388557744
1024580.680187,-4189.043251700862,-1466.8178388557744
1024587.68228,-4189.043251700862,-1466.8178388557744
1024605.141045,-4189.043251700862,-1466.8178388557744
1024605.1447,-4189.043251700862,-1466.8178388557744
1024609.582986,-4189.043251700862,-1466.8178388557744
1024617.254211,-4189.043251700862,-1466.8178388557744
1024623.077175,-4189.043251700862,-1466.8178388557744
1024630.50998,-4189.043251700862,-1466.8178388557744
1024638.698559,-4189.043251700862,-1466.8178388557744
1024644.420424,-4189.043251700862,-1466.8178388557744
1024651.906505,-4189.043251700862,-1466.8178388557744
1024658.107184,-4189.043251700862,-1466.8178388557744
1024665.48718,-4189.043251700862,-1466.8178388557744
1024674.474698,-4189.043251700862,-1466.8178388557744
1024678.684572,-4189.043251700862,-1466.8178388557744
1024687.500708,-4189.043251700862,-1466.8178388557744
1024693.059835,-4189.043251700862,-1466.8178388557744
1024700.04838,-4189.043251700862,-1466.8178388557744
1024710.037572,-4189.043251700862,-1466.8178388557744
1024714.055501,-4184.323097354335,-1466.3151028303687
1024718.21467,-4184.323097354335,-1466.3151028303687
1024721.366367,-4184.323097354335,-1466.3151028303687
1024727.708783,-4184.323097354335,-1466.3151028303687
1024734.698653,-4185.6230515011885,-1463.708323424668
1024743.011127,-4204.079619650279,-1479.362964570148
1024748.687907,-4205.3031058933075,-1509.1640377297442
1024755.684947,-4155.098459865332,-1488.8358144407093
1024764.191155,-4118.498146710157,-1451.1864722109194
1024770.380676,-4059.110402065201,-1410.7115648536333
1024777.141076,-3941.975496400483,-1339.0251210907209
1024787.528558,-3864.847200801259,-1335.6316522278107
1024791.113891,-3829.9361326686844,-1342.8002970025245
1024798.529128,-3830.10992333107,-1342.6932328242704
1024806.806099,-3830.10992333107,-1342.6932328242704
1024811.69686,-3816.755848878892,-1346.3380697251891
1024818.714507,-3771.021098285254,-1334.6680746422055
1024826.103306,-3783.31157390205,-1281.7737145249264
1024833.132999,-3808.608542648616,-1225.2810620945265
1024840.148142,-3817.6387054386832,-1201.3545416704249
1024849.851932,-3843.3944815164964,-1161.1496063846348
1024855.228149,-3869.122451078048,-1129.709968988279
1024860.684373,-3895.9696324870765,-1064.6009607457486
1024865.823075,-4184.323097354335,-1466.3151028303687
1024867.676361,-3892.55638389119,-1041.889380478074
1024877.293564,-3892.55638389119,-1041.889380478074
1024882.251889,-3882.671171058968,-1019.4524424284594
1024886.526705,-4184.323097354335,-1466.3151028303687
1024889.200069,-3861.6703075051532,-1037.4997472307207
1024895.673917,-3845.2088560270945,-1054.8534615479075
1024902.672191,-3829.7414871264364,-1073.6083201890187
1025689.802966,-3053.7264405848346,-3688.9237795777494
1025689.803607,-3053.7264405848346,-3688.9237795777494
1025698.503058,-2735.1731307241107,-3276.4182442820743
1025698.503782,-2735.1731307241107,-3276.4182442820743
1025710.842809,-2690.154396877242,-3227.3411050357577
1025710.846467,-2690.154396877242,-3227.3411050357577
1025714.469538,-2671.475376203264,-3209.0052554987815
1025721.462999,-2671.475376203264,-3209.0052554987815
1025730.158876,-2661.2564850920635,-3200.295843150656
1025735.903079,-2618.9627888365776,-3156.669645474385
1025748.61884,-2566.915960414897,-3107.4668133018245
1025753.200477,-2513.868097731966,-3065.82827353732
1025756.813977,-2489.016032576523,-3036.022618420158
1025764.431373,-2463.6286921672954,-3013.3809328759635
1025770.857056,-2446.9308850234065,-2991.9262593115823
1025777.75895,-2423.2466931262456,-2976.6254317754815
1025790.354421,-2381.529981744383,-3014.6005302714684
1025792.833539,-2354.286556989953,-3008.8656295464607
1025806.042144,-2313.2580566240986,-2968.1627287184333
1025809.773497,-2256.345089365157,-2909.840829796501
1025818.384561,-2212.515083408344,-2885.071826328092
1282193.646142,336.6116691981585,-2858.678243298609
1282193.648396,336.6116691981585,-2858.678243298609
1282197.451655,336.6116691981585,-2858.678243298609
1282204.456971,336.6116691981585,-2858.678243298609
1282211.509768,336.6116691981585,-2858.678243298609
1282221.041959,336.6116691981585,-2858.678243298609
1282227.725619,336.6116691981585,-2858.678243298609
1282233.1634,336.6116691981585,-2858.678243298609
1282240.271178,336.6116691981585,-2858.678243298609
1282246.981622,336.6116691981585,-2858.678243298609
1282254.557979,336.6116691981585,-2858.678243298609
1282261.816367,336.6116691981585,-2858.678243298609
1282267.88016,303.94597523266145,-2873.3134154050695
1282275.472347,231.94797726255018,-2878.7131607526885
1282284.168738,139.5400032273755,-2881.399068544958
1282288.806029,-26.861085657522327,-2857.2165880601383
1282298.4313,-152.84541677618162,-2845.7421287531097
1282302.816409,-272.78183263341896,-2862.3975507471214
1282309.822138,-380.1079976012763,-2895.6571889541488
1282316.860518,-390.0696786892126,-2899.078579214895
1282324.015637,-390.0696786892126,-2899.078579214895
1282334.529552,-390.0696786892126,-2899.078579214895
1282340.551741,-416.5206183655127,-2909.631356929306
1282344.879506,-476.2489951491565,-2937.5284874785093
1282351.404847,-586.9466990214286,-3026.926842705517
1282361.250016,-648.6701926458255,-3101.825012425661
1282375.993729,-699.6325681018343,-3166.500901551903
1282375.997357,-765.109940126408,-3253.469340599688
1282379.489137,-818.1230454449636,-3327.6087268515435
1282386.501032,-864.2053789228102,-3397.5400305056814
1282393.492075,-889.5162517705635,-3436.3017901989606
1282400.502389,-889.5162517705635,-3436.3017901989606
1282415.615812,-897.4272029676366,-3449.6801128590273
1282416.093357,-962.4318643273955,-3431.400129113106
1282421.439655,-1005.7683052200634,-3384.087227567552
1282429.580023,-1064.481744378327,-3321.049902867264
1282441.317002,-1153.1288880908103,-3227.7321208689905
1282442.868755,-1191.6409000107813,-3184.771583007328
1282451.491491,-1215.554495855661,-3157.5820158351003
1282456.815935,-1265.9468377860655,-3114.0582241473553
1282474.361327,-1384.4651212878684,-2987.7461123630587
1282474.361925,-1384.4651212878684,-2987.7461123630587
1282476.396099,-1384.4651212878684,-2987.7461123630587
1282487.448701,-1415.3511986720691,-2953.9465045120432
1282490.468341,-1458.2010255808973,-2909.4777434949056
1282510.642155,-1513.4038930991042,-2847.939266606428
1282510.646433,-1587.9531376430466,-2762.3626032266784
1282511.283283,-1612.1795566206017,-2735.0519891834338
1282511.283845,-1612.1795566206017,-2735.0519891834338
1282513.900583,-1613.444752678597,-2733.613608421043
1282522.754951,-1613.444752678597,-2733.613608421043
1282527.915136,-1613.444752678597,-2733.613608421043
1282537.077314,-1613.444752678597,-2733.613608421043
1282544.698037,-1613.444752678597,-2733.613608421043
1282549.275042,-1613.444752678597,-2733.613608421043
1282556.73883,-1656.3640957882624,-2691.0440533235255
1282563.072078,-1712.4359165495027,-2632.093710085764
1282572.449171,-1771.0242261405035,-2570.5971009420036
1282587.973476,-1846.7969568195558,-2485.9234616359854
1282587.977258,-1900.4496114117433,-2427.5363490777927
1282590.879404,-1941.5962896139697,-2383.728555057062
1282597.878317,-1950.758533550305,-2373.5714399134936
1282605.308211,-1950.758533550305,-2373.5714399134936
1282616.851655,-1962.9586383387255,-2361.5942365578217
1282618.961375,-2022.471514137711,-2297.686333446494
1282625.962915,-2044.3413315898774,-2273.3921117752725
1282635.063965,-2044.2370571880324,-2273.420041519653
1282640.346888,-2044.2370571880324,-2273.420041519653
1282649.296273,-2044.2370571880324,-2273.420041519653
1282654.064521,-2066.2111490372095,-2253.385104983833
1282660.880067,-2137.5974030794537,-2172.197986987812
1282672.780915,-2191.2778640284923,-2109.1326123367635
1282674.875346,-2263.0047476840377,-2030.4079492725218
1282683.31769,-2315.211463706656,-1974.655501945755
1282694.983334,-2371.095590177572,-1916.1519684192353
1282699.271849,-2426.444441373849,-1860.664843807617
1282702.887077,-2465.331840691615,-1815.2789790503168
1282709.896031,-2466.061761484163,-1814.2316128989717
1282720.4315,-2473.159372263856,-1804.0465588884863
1282723.852714,-2487.201658027403,-1789.7930689481323
1282737.207545,-2487.201658027403,-1789.7930689481323
1282738.010546,-2487.201658027403,-1789.7930689481323
1282744.950964,-2487.201658027403,-1789.7930689481323
1282753.944224,-2489.829372889889,-1790.3330444121702
1282758.961035,-2496.9964999323547,-1793.0887812225587
1282770.944795,-2511.080495460606,-1772.9048707960721
1282772.873638,-2555.2580825867053,-1729.2366804809735
1282779.881058,-2606.415102807032,-1680.475959155112
1282789.207644,-2681.4648636225993,-1588.6289043657225
1282793.882476,-2738.134523652834,-1531.0609828174918
1282803.084441,-2800.740872739811,-1465.737887387984
1282823.208056,-2926.8572822113356,-1400.1447973532734
1282823.215897,-3013.286855384745,-1360.689323839692
1282823.222643,-3078.5765320817864,-1335.315114660881
1282824.105889,-3090.21355494471,-1330.2039639835389
1282824.107566,-3090.21355494471,-1330.2039639835389
1282825.201063,-3092.5562530963903,-1329.412620068424
1282833.210017,-3092.5562530963903,-1329.412620068424
1282839.265083,-3092.5562530963903,-1329.412620068424
1282854.617955,-3114.954393860574,-1317.4214321350892
1282854.621595,-3154.5717136029302,-1306.8081134471447
1282860.273835,-3170.2893412366184,-1354.237543734716
1282870.258621,-3182.843978788799,-1446.4709943553826
1282874.322717,-3217.8176119468285,-1489.1895916321223
1282883.403883,-3246.374893792809,-1546.6411429074997
1282888.312507,-3298.2340277815156,-1629.6158462313629
1282895.403805,-3325.72771073478,-1664.5513351866318
1282904.590359,-3362.6825573781216,-1663.6017229906506
1282909.644956,-3482.778857182558,-1619.258555662219
1282916.251898,-3559.2258939175617,-1593.674883496528
1282928.898874,-3610.306445467492,-1612.6019598372366
1282930.409063,-3651.7798491500494,-1648.1146650045291
1282939.906057,-3705.960826025153,-1690.2001739592608
1282944.220957,-3777.027303563176,-1723.715896375036
1282951.328773,-3839.6823129842437,-1794.2711412659978
1282958.308839,-3888.3158917437813,-1766.1319025525902
1282972.736822,-3952.7783239064147,-1715.7093628531627
1282972.743634,-3998.4991710843915,-1660.96701462232
1282979.244947,-4012.0131329037827,-1632.9255242066788
1282987.665201,-4020.3759395147454,-1584.81183525769
1282993.966742,-4055.613733961346,-1518.953424630151
1283001.140015,-4103.218471809981,-1497.0471692032163
1283007.346336,-4134.2852903338135,-1495.7763642991795
1283014.23603,-4161.424439908625,-1477.2449563502464
1283025.985922,-4165.414673485177,-1478.7624743334334
1283028.645223,-4165.414673485177,-1478.7624743334334
1283036.824706,-4165.414673485177,-1478.7624743334334
1283042.235861,-4165.414673485177,-1478.7624743334334
1283049.708297,-4165.414673485177,-1478.7624743334334
1283060.396834,-4165.414673485177,-1478.7624743334334
1283063.207857,-4165.414673485177,-1478.7624743334334
1283111.463604,-4172.915478396317,-1486.610742099822
1283111.464169,-4172.915478396317,-1486.610742099822
1283113.608555,-4172.915478396317,-1486.610742099822
1283122.238461,-4172.915478396317,-1486.610742099822
1283127.607513,-4169.717730239933,-1486.5316077239268
1283140.65451,-4166.373997925601,-1484.4834239815912
1283142.833033,-4165.699690168637,-1484.3577399701503
1283149.044517,-4160.499873595522,-1485.498205925291
1283156.721224,-4162.6826842967985,-1485.3818318490587
1283163.068742,-4171.010732755156,-1486.936589512354
1283175.95069,-4171.573814498084,-1488.0305058278527
1283178.120009,-4171.573814498084,-1488.0305058278527
1283184.11622,-4171.573814498084,-1488.0305058278527
1283191.469019,-4171.573814498084,-1488.0305058278527
1283199.08925,-4171.573814498084,-1488.0305058278527
1283212.134519,-4171.573814498084,-1488.0305058278527
1283212.536454,-4171.573814498084,-1488.0305058278527
1283221.022905,-4171.573814498084,-1488.0305058278527
1283226.071363,-4171.573814498084,-1488.0305058278527
1283233.557167,-4171.573814498084,-1488.0305058278527
1283240.049895,-4171.573814498084,-1488.0305058278527
1283249.9021,-4171.573814498084,-1488.0305058278527
1283253.596884,-4171.573814498084,-1488.0305058278527
1283260.600955,-4171.573814498084,-1488.0305058278527
1283269.285153,-4171.573814498084,-1488.0305058278527
1283275.033255,-4171.573814498084,-1488.0305058278527
1283290.295682,-4171.573814498084,-1488.0305058278527
1283290.299222,-4171.573814498084,-1488.0305058278527
1283303.432656,-4171.573814498084,-1488.0305058278527
1283317.655719,-4171.573814498084,-1488.0305058278527
1283317.656382,-4171.573814498084,-1488.0305058278527
1283320.357019,-4171.573814498084,-1488.0305058278527
1283329.449636,-4171.573814498084,-1488.0305058278527
1283334.851152,-4171.573814498084,-1488.0305058278527
1283342.164071,-4171.573814498084,-1488.0305058278527
1283355.667442,-4171.573814498084,-1488.0305058278527
1283356.162454,-4171.573814498084,-1488.0305058278527
1283364.097737,-4171.573814498084,-1488.0305058278527
1283372.670295,-4171.573814498084,-1488.0305058278527
1283376.330246,-4171.573814498084,-1488.0305058278527
1283384.355352,-4171.573814498084,-1488.0305058278527
1283390.734655,-4171.573814498084,-1488.0305058278527
1283398.019465,-4171.573814498084,-1488.0305058278527
1283405.262619,-4171.573814498084,-1488.0305058278527
1283411.819684,-4171.573814498084,-1488.0305058278527
1283418.357252,-4171.573814498084,-1488.0305058278527
1283425.930983,-4171.573814498084,-1488.0305058278527
1283432.798381,-4171.573814498084,-1488.0305058278527
1283440.460551,-4171.573814498084,-1488.0305058278527
1283446.929386,-4171.573814498084,-1488.0305058278527
1283453.805251,-4171.573814498084,-1488.0305058278527
1283461.183223,-4171.573814498084,-1488.0305058278527
1283468.186629,-4171.573814498084,-1488.0305058278527
1283476.039033,-4171.573814498084,-1488.0305058278527
1283481.735567,-4171.573814498084,-1488.0305058278527
1283489.296939,-4171.462588467625,-1488.877709103913
1283502.082947,-4181.368656122646,-1498.9044994288158
1283503.365163,-4183.9616127844565,-1500.547701355539
1283503.372549,-4183.9616127844565,-1500.547701355539
1283509.447749,-4183.9616127844565,-1500.547701355539
1283516.394163,-4183.9616127844565,-1500.547701355539
1283523.442696,-4189.147526090865,-1501.6555825416476
1283536.484699,-4189.147526090865,-1501.6555825416476
1283539.440099,-4189.147526090865,-1501.6555825416476
1283544.366648,-4189.147526090865,-1501.6555825416476
1283553.449938,-4189.147526090865,-1501.6555825416476
1283558.800852,-4189.147526090865,-1501.6555825416476
1283575.243697,-4189.147526090865,-1501.6555825416476
1283575.247246,-4189.147526090865,-1501.6555825416476
1283579.80565,-4189.147526090865,-1501.6555825416476
1283586.835912,-4189.147526090865,-1501.6555825416476
1283595.276505,-4189.147526090865,-1501.6555825416476
1283600.834135,-4189.147526090865,-1501.6555825416476
1283616.761404,-4189.147526090865,-1501.6555825416476
1283616.765011,-4189.147526090865,-1501.6555825416476
1283621.907032,-4189.147526090865,-1501.6555825416476
1283630.188035,-4189.147526090865,-1501.6555825416476
1283635.813817,-4189.147526090865,-1501.6555825416476
1283653.6299,-4189.147526090865,-1501.6555825416476
1283653.634498,-4189.147526090865,-1501.6555825416476
1283656.963628,-4189.147526090865,-1501.6555825416476
1283656.964257,-4189.147526090865,-1501.6555825416476
1283660.515344,-4191.830853894712,-1502.972937056941
1283667.537192,-4198.845044953901,-1521.0900525659883
1283674.505141,-4198.907609592869,-1520.475597473642
1283682.670103,-4198.907609592869,-1520.475597473642
1283698.161953,-4198.907609592869,-1520.475597473642
1283698.165571,-4198.907609592869,-1520.475597473642
1283702.93934,-4198.907609592869,-1520.475597473642
1283709.535502,-4198.907609592869,-1520.475597473642
1283718.708743,-4198.907609592869,-1520.475597473642
1283728.271785,-4198.907609592869,-1520.475597473642
1283731.232511,-4198.907609592869,-1520.475597473642
1283737.526911,-4198.907609592869,-1520.475597473642
1283746.545739,-4198.907609592869,-1520.475597473642
1283751.933774,-4194.097084105003,-1523.3011598931655
1283763.34871,-4181.299139859883,-1525.1817648578553
1283766.362992,-4179.046812896535,-1523.1754759014182
1283772.897038,-4179.046812896535,-1523.1754759014182
1283781.499441,-4179.046812896535,-1523.1754759014182
1283786.938534,-4179.046812896535,-1523.1754759014182
1283800.21692,-4179.046812896535,-1523.1754759014182
1283801.994247,-4179.046812896535,-1523.1754759014182
1283807.997545,-4179.046812896535,-1523.1754759014182
1283816.532088,-4179.046812896535,-1523.1754759014182
1283821.963487,-4179.046812896535,-1523.1754759014182
1283829.721778,-4179.046812896535,-1523.1754759014182
1283839.954835,-4179.046812896535,-1523.1754759014182
1283843.023483,-4179.046812896535,-1523.1754759014182
1283849.89192,-4179.046812896535,-1523.1754759014182
1283857.854193,-4179.046812896535,-1523.1754759014182
1283863.54042,-4179.046812896535,-1523.1754759014182
1283874.504867,-4179.046812896535,-1523.1754759014182
1283878.041585,-4179.046812896535,-1523.1754759014182
1283885.014617,-4179.046812896535,-1523.1754759014182
1283892.486969,-4179.046812896535,-1523.1754759014182
1283900.010547,-4179.046812896535,-1523.1754759014182
1283908.341112,-4179.046812896535,-1523.1754759014182
1283912.894849,-4179.046812896535,-1523.1754759014182
1283920.924196,-4179.046812896535,-1523.1754759014182
1283926.915986,-4179.046812896535,-1523.1754759014182
1283934.265225,-4179.046812896535,-1523.1754759014182
1283948.737131,-4179.046812896535,-1523.1754759014182
1283948.740777,-4179.046812896535,-1523.1754759014182
1283955.049488,-4179.046812896535,-1523.1754759014182
1283962.564075,-4179.046812896535,-1523.1754759014182
1283968.537234,-4179.046812896535,-1523.1754759014182
1283976.949467,-4179.046812896535,-1523.1754759014182
1283982.616143,-4179.046812896535,-1523.1754759014182
1283992.314753,-4179.046812896535,-1523.1754759014182
1283996.505443,-4179.046812896535,-1523.1754759014182
1284003.537423,-4179.046812896535,-1523.1754759014182
1284011.507393,-4179.046812896535,-1523.1754759014182
1284017.881104,-4179.046812896535,-1523.1754759014182
1284025.177709,-4179.046812896535,-1523.1754759014182
1284031.527459,-4179.046812896535,-1523.1754759014182
1284039.079909,-4175.5779513131,-1520.4569776185108
1284046.885924,-4168.313501702607,-1514.782577927392
1284054.329167,-4168.313501702607,-1514.782577927392
1284063.092307,-4168.313501702607,-1514.782577927392
1284068.587914,-4168.313501702607,-1514.782577927392
1284074.024875,-4168.313501702607,-1514.782577927392
1284080.990572,-4168.313501702607,-1514.782577927392
1284088.471606,-4168.313501702607,-1514.782577927392
1284095.014646,-4168.313501702607,-1514.782577927392
1284106.043801,-4168.313501702607,-1514.782577927392
1284108.527303,-4168.313501702607,-1514.782577927392
1284115.534881,-4168.313501702607,-1514.782577927392
1284125.08529,-4168.313501702607,-1514.782577927392
1284130.003615,-4168.313501702607,-1514.782577927392
1284143.295297,-4168.313501702607,-1514.782577927392
1284144.684325,-4168.313501702607,-1514.782577927392
1284151.325423,-4168.313501702607,-1514.782577927392
1284158.00626,-4168.313501702607,-1514.782577927392
1284165.003418,-4168.313501702607,-1514.782577927392
1284179.407813,-4168.313501702607,-1514.782577927392
1284179.676677,-4168.313501702607,-1514.782577927392
1284186.929234,-4168.313501702607,-1514.782577927392
1284193.00148,-4168.313501702607,-1514.782577927392
1284200.009268,-4168.313501702607,-1514.782577927392
1284214.076918,-4168.313501702607,-1514.782577927392
1284215.206664,-4168.313501702607,-1514.782577927392
1284221.089498,-4168.313501702607,-1514.782577927392
1284227.545543,-4168.313501702607,-1514.782577927392
1284234.526692,-4168.313501702607,-1514.782577927392
1284244.745563,-4168.313501702607,-1514.782577927392
1284248.54069,-4168.313501702607,-1514.782577927392
1284258.008641,-4168.313501702607,-1514.782577927392
1284263.013733,-4168.313501702607,-1514.782577927392
1284270.104419,-4167.799081342703,-1512.4457865647116
1284277.395287,-4167.799081342703,-1512.4457865647116
1284284.784585,-4167.799081342703,-1512.4457865647116
1284291.008182,-4167.799081342703,-1512.4457865647116
1284298.352105,-4167.799081342703,-1512.4457865647116
1284304.966509,-4167.799081342703,-1512.4457865647116
1284314.402631,-4167.799081342703,-1512.4457865647116
1284319.008218,-4167.799081342703,-1512.4457865647116
1284325.944203,-4167.799081342703,-1512.4457865647116
1284333.341286,-4167.799081342703,-1512.4457865647116
1284340.607985,-4167.799081342703,-1512.4457865647116
1284350.920687,-4167.799081342703,-1512.4457865647116
1284353.536598,-4167.799081342703,-1512.4457865647116
1284362.342746,-4163.197104648506,-1507.916507677889
1284367.951612,-4163.197104648506,-1507.916507677889
1284375.40101,-4163.197104648506,-1507.916507677889
1284382.987601,-4163.197104648506,-1507.916507677889
1284388.940066,-4163.197104648506,-1507.916507677889
1284396.620173,-4163.197104648506,-1507.916507677889
1284402.942973,-4163.197104648506,-1507.916507677889
1284410.313612,-4163.197104648506,-1507.916507677889
1284421.543435,-4163.197104648506,-1507.916507677889
1284423.937712,-4163.197104648506,-1507.916507677889
1284431.504153,-4163.197104648506,-1507.916507677889
1284438.774381,-4163.197104648506,-1507.916507677889
1284444.981467,-4163.197104648506,-1507.916507677889
1284457.107606,-4163.197104648506,-1507.916507677889
1284460.985043,-4163.197104648506,-1507.916507677889
1284465.988241,-4163.197104648506,-1507.916507677889
1284472.597408,-4163.197104648506,-1507.916507677889
1284479.54304,-4163.197104648506,-1507.916507677889
1284488.015387,-4163.197104648506,-1507.916507677889
1284494.035682,-4163.197104648506,-1507.916507677889
1284501.014597,-4163.197104648506,-1507.916507677889
1284508.019931,-4163.197104648506,-1507.916507677889
1284516.136231,-4163.197104648506,-1507.916507677889
1284521.534585,-4163.197104648506,-1507.916507677889
1284529.99475,-4163.197104648506,-1507.916507677889
1284538.428183,-4163.197104648506,-1507.916507677889
1284542.97705,-4163.197104648506,-1507.916507677889
1284550.543172,-4163.197104648506,-1507.916507677889
1284556.974833,-4163.197104648506,-1507.916507677889
1284572.080833,-4163.197104648506,-1507.916507677889
1284572.084599,-4163.197104648506,-1507.916507677889
1284577.95924,-4163.197104648506,-1507.916507677889
1284585.993584,-4163.197104648506,-1507.916507677889
1284593.266251,-4163.197104648506,-1507.916507677889
1284598.536951,-4163.197104648506,-1507.916507677889
1284610.612334,-4163.197104648506,-1507.916507677889
1284614.224467,-4163.197104648506,-1507.916507677889
1284619.923595,-4163.197104648506,-1507.916507677889
1284627.460367,-4163.197104648506,-1507.916507677889
1284633.904498,-4163.197104648506,-1507.916507677889
1284641.083188,-4163.197104648506,-1507.916507677889
1284649.060966,-4163.197104648506,-1507.916507677889
1284654.952369,-4163.197104648506,-1507.916507677889
1284662.273142,-4163.197104648506,-1507.916507677889
1284669.692666,-4163.197104648506,-1507.916507677889
1284677.001678,-4163.197104648506,-1507.916507677889
1284684.219121,-4163.197104648506,-1507.916507677889
1284689.995745,-4163.197104648506,-1507.916507677889
1284696.91399,-4163.197104648506,-1507.916507677889
1284704.414451,-4163.197104648506,-1507.916507677889
1284710.957673,-4163.197104648506,-1507.916507677889
1284718.033429,-4163.197104648506,-1507.916507677889
1284727.226977,-4163.197104648506,-1507.916507677889
1284731.983834,-4163.197104648506,-1507.916507677889
1284739.785336,-4163.197104648506,-1507.916507677889
1284747.812725,-4163.197104648506,-1507.916507677889
1284752.981544,-4163.197104648506,-1507.916507677889
1284760.429599,-4163.197104648506,-1507.916507677889
1284766.936617,-4163.197104648506,-1507.916507677889
1284773.896233,-4163.197104648506,-1507.916507677889
1284785.470901,-4163.197104648506,-1507.916507677889
1284787.957672,-4163.197104648506,-1507.916507677889
1284795.334831,-4163.197104648506,-1507.916507677889
1284802.481476,-4163.197104648506,-1507.916507677889
1284808.917909,-4163.197104648506,-1507.916507677889
1284820.576493,-4163.197104648506,-1507.916507677889
1284823.862279,-4163.197104648506,-1507.916507677889
1284830.037759,-4163.197104648506,-1507.916507677889
1284837.272515,-4163.197104648506,-1507.916507677889
1284843.493589,-4163.197104648506,-1507.916507677889
1284850.961973,-4163.197104648506,-1507.916507677889
1284859.789631,-4163.197104648506,-1507.916507677889
1284864.98285,-4163.197104648506,-1507.916507677889
1284877.000365,-4163.197104648506,-1507.916507677889
1284878.977517,-4163.197104648506,-1507.916507677889
1284885.982191,-4163.197104648506,-1507.916507677889
1284893.793521,-4163.197104648506,-1507.916507677889
1284900.215521,-4163.197104648506,-1507.916507677889
1284906.959421,-4163.197104648506,-1507.916507677889
1284913.997617,-4163.197104648506,-1507.916507677889
1284922.769758,-4163.197104648506,-1507.916507677889
1284928.063352,-4163.197104648506,-1507.916507677889
1284934.653213,-4163.197104648506,-1507.916507677889
1284941.500175,-4163.197104648506,-1507.916507677889
1284950.340437,-4163.197104648506,-1507.916507677889
1284955.545734,-4163.197104648506,-1507.916507677889
1284962.5778,-4163.197104648506,-1507.916507677889
1284971.559081,-4163.197104648506,-1507.916507677889
1284976.964207,-4163.197104648506,-1507.916507677889
1284983.939386,-4163.197104648506,-1507.916507677889
1284991.395203,-4163.197104648506,-1507.916507677889
1284999.121425,-4163.197104648506,-1507.916507677889
1285004.9327,-4163.197104648506,-1507.916507677889
1285012.544983,-4163.197104648506,-1507.916507677889
1285018.940247,-4160.110582521823,-1507.5766953806121
1285027.507105,-4157.093576649638,-1506.2453759914958
1285032.945817,-4149.43983595449,-1497.4800807517242
1285040.005663,-4148.723818429591,-1493.0252811710425
1285047.529147,-4148.723818429591,-1493.0252811710425
1285055.45063,-4148.723818429591,-1493.0252811710425
1285061.012416,-4148.723818429591,-1493.0252811710425
1285068.488273,-4148.723818429591,-1493.0252811710425
1285076.136297,-4148.723818429591,-1493.0252811710425
1285081.502911,-4148.723818429591,-1493.0252811710425
1285090.788545,-4148.723818429591,-1493.0252811710425
1285095.995732,-4148.723818429591,-1493.0252811710425
1285102.9342,-4148.723818429591,-1493.0252811710425
1285110.235297,-4148.723818429591,-1493.0252811710425
1285118.627035,-4148.723818429591,-1493.0252811710425
1285123.885442,-4148.723818429591,-1493.0252811710425
1285131.464438,-4148.723818429591,-1493.0252811710425
1285137.900174,-4148.723818429591,-1493.0252811710425
1285145.221716,-4148.723818429591,-1493.0252811710425
1285154.888377,-4148.723818429591,-1493.0252811710425
1285158.89282,-4148.723818429591,-1493.0252811710425
1285166.20527,-4148.723818429591,-1493.0252811710425
1285176.847101,-4148.723818429591,-1493.0252811710425
1285185.515023,-4148.723818429591,-1493.0252811710425
1285187.105093,-4148.723818429591,-1493.0252811710425
1285193.904414,-4148.723818429591,-1493.0252811710425
1285201.245165,-4148.723818429591,-1493.0252811710425
1285207.566145,-4148.723818429591,-1493.0252811710425
1285214.526721,-4148.723818429591,-1493.0252811710425
1285223.763961,-4148.723818429591,-1493.0252811710425
1285228.884728,-4148.723818429591,-1493.0252811710425
1285235.906971,-4148.723818429591,-1493.0252811710425
1285243.464079,-4148.723818429591,-1493.0252811710425
1285249.904984,-4148.723818429591,-1493.0252811710425
1285258.109681,-4148.723818429591,-1493.0252811710425
1285263.881606,-4148.723818429591,-1493.0252811710425
1285270.987832,-4148.723818429591,-1493.0252811710425
1285279.403647,-4148.723818429591,-1493.0252811710425
1285284.881976,-4148.723818429591,-1493.0252811710425
1285292.227169,-4148.723818429591,-1493.0252811710425
1285299.459757,-4148.723818429591,-1493.0252811710425
1285306.78225,-4148.723818429591,-1493.0252811710425
1285312.90555,-4148.723818429591,-1493.0252811710425
1285321.74321,-4148.723818429591,-1493.0252811710425
1285326.769122,-4148.723818429591,-1493.0252811710425
1285335.326255,-4148.723818429591,-1493.0252811710425
1285340.883818,-4148.723818429591,-1493.0252811710425
1285347.902188,-4148.723818429591,-1493.0252811710425
1285357.475433,-4148.723818429591,-1493.0252811710425
1285361.911016,-4148.723818429591,-1493.0252811710425
1285369.050548,-4148.723818429591,-1493.0252811710425
1285375.995423,-4148.723818429591,-1493.0252811710425
1285390.635911,-4152.734906878512,-1489.4037199283841
1285390.639518,-4152.734906878512,-1489.4037199283841
1285396.888278,-4152.734906878512,-1489.4037199283841
1285403.907294,-4152.734906878512,-1489.4037199283841
1285411.210906,-4152.734906878512,-1489.4037199283841
1285418.265869,-4152.734906878512,-1489.4037199283841
1285424.936876,-4152.734906878512,-1489.4037199283841
1285432.287375,-4152.734906878512,-1489.4037199283841
1285439.433734,-4152.734906878512,-1489.4037199283841
1285445.911121,-4152.734906878512,-1489.4037199283841
1285452.527724,-4152.734906878512,-1489.4037199283841
1285461.772315,-4152.734906878512,-1489.4037199283841
1285470.053239,-4152.734906878512,-1489.4037199283841
1285473.90993,-4152.734906878512,-1489.4037199283841
1285480.90725,-4152.734906878512,-1489.4037199283841
1285488.968935,-4152.734906878512,-1489.4037199283841
1285496.748632,-4152.734906878512,-1489.4037199283841
1285501.983574,-4152.734906878512,-1489.4037199283841
1285509.312684,-4152.734906878512,-1489.4037199283841
1285516.477689,-4152.734906878512,-1489.4037199283841
1285525.630711,-4152.734906878512,-1489.4037199283841
1285529.8928,-4152.734906878512,-1489.4037199283841
1285536.936165,-4152.734906878512,-1489.4037199283841
1285543.912687,-4152.734906878512,-1489.4037199283841
1285551.537857,-4152.734906878512,-1489.4037199283841
1285557.529582,-4152.734906878512,-1489.4037199283841
1285565.785805,-4152.811374773489,-1485.8333632727913
1285573.13192,-4152.811374773489,-1485.8333632727913
1285578.530128,-4152.811374773489,-1485.8333632727913
1285587.263657,-4152.811374773489,-1485.8333632727913
1285595.814093,-4152.811374773489,-1485.8333632727913
1285599.983414,-4152.811374773489,-1485.8333632727913
1285607.355385,-4152.811374773489,-1485.8333632727913
1285614.767783,-4152.811374773489,-1485.8333632727913
1285621.134672,-4152.811374773489,-1485.8333632727913
1285628.479584,-4152.811374773489,-1485.8333632727913
1285634.960934,-4152.811374773489,-1485.8333632727913
1285642.345883,-4152.811374773489,-1485.8333632727913
1285649.449016,-4152.811374773489,-1485.8333632727913
1285655.898333,-4152.811374773489,-1485.8333632727913
1285666.162118,-4152.811374773489,-1485.8333632727913
1285669.908717,-4152.811374773489,-1485.8333632727913
1285676.917666,-4152.811374773489,-1485.8333632727913
1285684.546994,-4152.811374773489,-1485.8333632727913
1285690.924619,-4152.811374773489,-1485.8333632727913
1285697.532879,-4152.811374773489,-1485.8333632727913
1285706.403814,-4152.811374773489,-1485.8333632727913
1285711.535394,-4152.811374773489,-1485.8333632727913
1285718.500526,-4152.811374773489,-1485.8333632727913
1285726.722099,-4152.811374773489,-1485.8333632727913
1285732.907807,-4152.811374773489,-1485.8333632727913
1285741.120882,-4152.811374773489,-1485.8333632727913
1285748.208732,-4152.811374773489,-1485.8333632727913
1285753.883227,-4152.811374773489,-1485.8333632727913
1285761.284436,-4152.811374773489,-1485.8333632727913
1285773.070129,-4152.811374773489,-1485.8333632727913
1285776.098301,-4152.811374773489,-1485.8333632727913
1285783.345523,-4152.811374773489,-1485.8333632727913
1285788.916991,-4152.811374773489,-1485.8333632727913
1285795.797215,-4152.811374773489,-1485.8333632727913
1285804.7939,-4152.811374773489,-1485.8333632727913
1285810.258201,-4152.811374773489,-1485.8333632727913
1285817.62468,-4152.811374773489,-1485.8333632727913
1285823.501151,-4152.811374773489,-1485.8333632727913
1285830.543369,-4152.811374773489,-1485.8333632727913
1285839.327397,-4152.811374773489,-1485.8333632727913
1285844.930763,-4152.811374773489,-1485.8333632727913
1285851.904637,-4152.811374773489,-1485.8333632727913
1285858.594174,-4152.811374773489,-1485.8333632727913
1285865.546851,-4152.811374773489,-1485.8333632727913
1285877.860856,-4152.811374773489,-1485.8333632727913
1285879.910094,-4152.811374773489,-1485.8333632727913
1285886.88604,-4152.811374773489,-1485.8333632727913
1285894.409978,-4152.811374773489,-1485.8333632727913
1285900.5329,-4152.811374773489,-1485.8333632727913
1285907.543751,-4152.811374773489,-1485.8333632727913
1285916.200054,-4152.811374773489,-1485.8333632727913
1285921.905053,-4152.811374773489,-1485.8333632727913
1285928.893682,-4152.811374773489,-1485.8333632727913
1285936.353965,-4152.811374773489,-1485.8333632727913
1285945.932192,-4152.811374773489,-1485.8333632727913
1285949.501797,-4152.811374773489,-1485.8333632727913
1285958.769934,-4152.811374773489,-1485.8333632727913
1285963.901954,-4152.811374773489,-1485.8333632727913
1285971.445894,-4152.811374773489,-1485.8333632727913
1285980.263358,-4152.811374773489,-1485.8333632727913
1285985.264326,-4152.811374773489,-1485.8333632727913
1285992.14957,-4152.811374773489,-1485.8333632727913
1286000.082201,-4152.811374773489,-1485.8333632727913
1286005.906815,-4152.811374773489,-1485.8333632727913
1286017.22715,-4152.811374773489,-1485.8333632727913
1286019.907515,-4152.811374773489,-1485.8333632727913
1286027.155358,-4152.811374773489,-1485.8333632727913
1286034.324991,-4152.811374773489,-1485.8333632727913
1286040.528815,-4152.811374773489,-1485.8333632727913
1286049.314367,-4152.811374773489,-1485.8333632727913
1286054.526923,-4152.811374773489,-1485.8333632727913
1286061.533423,-4152.811374773489,-1485.8333632727913
1286069.315835,-4152.811374773489,-1485.8333632727913
1286079.71298,-4152.811374773489,-1485.8333632727913
1286082.94362,-4152.811374773489,-1485.8333632727913
1286090.321849,-4152.811374773489,-1485.8333632727913
1286098.759282,-4152.811374773489,-1485.8333632727913
1286103.928783,-4152.811374773489,-1485.8333632727913
1286112.818834,-4152.811374773489,-1485.8333632727913
1286117.914204,-4152.811374773489,-1485.8333632727913
1286125.314857,-4152.811374773489,-1485.8333632727913
1286132.508956,-4152.811374773489,-1485.8333632727913
1286138.925473,-4152.811374773489,-1485.8333632727913
1286146.207405,-4152.811374773489,-1485.8333632727913
1286152.983924,-4152.811374773489,-1485.8333632727913
1286159.907184,-4152.811374773489,-1485.8333632727913
1286167.388465,-4152.811374773489,-1485.8333632727913
1286173.885257,-4152.811374773489,-1485.8333632727913
1286181.134521,-4152.811374773489,-1485.8333632727913
1286187.52761,-4152.811374773489,-1485.8333632727913
1286194.498597,-4152.811374773489,-1485.8333632727913
1286201.526525,-4152.811374773489,-1485.8333632727913
1286210.651212,-4152.811374773489,-1485.8333632727913
1286215.900687,-4152.811374773489,-1485.8333632727913
1286223.732708,-4152.811374773489,-1485.8333632727913
1286230.987719,-4152.811374773489,-1485.8333632727913
1286236.933995,-4152.811374773489,-1485.8333632727913
1286244.32825,-4152.811374773489,-1485.8333632727913
1286250.955745,-4152.811374773489,-1485.8333632727913
1286258.682603,-4152.811374773489,-1485.8333632727913
1286265.946191,-4152.811374773489,-1485.8333632727913
1286271.93403,-4152.811374773489,-1485.8333632727913
1286281.135752,-4152.811374773489,-1485.8333632727913
1286285.907053,-4152.811374773489,-1485.8333632727913
1286292.937996,-4152.811374773489,-1485.8333632727913
1286300.28837,-4152.811374773489,-1485.8333632727913
1286308.55505,-4152.811374773489,-1485.8333632727913
1286314.195038,-4152.811374773489,-1485.8333632727913
1286323.193066,-4152.811374773489,-1485.8333632727913
1286327.910151,-4152.811374773489,-1485.8333632727913
1286334.888977,-4152.811374773489,-1485.8333632727913
1286342.409629,-4152.811374773489,-1485.8333632727913
1286348.940921,-4152.811374773489,-1485.8333632727913
1286356.306003,-4152.811374773489,-1485.8333632727913
1286363.463868,-4152.811374773489,-1485.8333632727913
1286375.327058,-4152.811374773489,-1485.8333632727913
1286377.385149,-4152.811374773489,-1485.8333632727913
1286384.923208,-4152.811374773489,-1485.8333632727913
1286390.904802,-4152.811374773489,-1485.8333632727913
1286398.207452,-4152.811374773489,-1485.8333632727913
1286406.481138,-4152.811374773489,-1485.8333632727913
1286411.497495,-4152.811374773489,-1485.8333632727913
1286420.552678,-4152.811374773489,-1485.8333632727913
1286425.90884,-4152.811374773489,-1485.8333632727913
1286432.525383,-4152.811374773489,-1485.8333632727913
1286440.945947,-4152.811374773489,-1485.8333632727913
1286446.990197,-4152.811374773489,-1485.8333632727913
1286456.482828,-4152.811374773489,-1485.8333632727913
1286462.280314,-4152.811374773489,-1485.8333632727913
1286467.914168,-4152.811374773489,-1485.8333632727913
1286475.399124,-4152.811374773489,-1485.8333632727913
1286481.908093,-4152.811374773489,-1485.8333632727913
1286489.386079,-4152.811374773489,-1485.8333632727913
1286496.602098,-4152.811374773489,-1485.8333632727913
1286502.96491,-4152.811374773489,-1485.8333632727913
1286510.610245,-4152.811374773489,-1485.8333632727913
1286516.883888,-4152.811374773489,-1485.8333632727913
1286531.846049,-4152.811374773489,-1485.8333632727913
1286531.849629,-4152.811374773489,-1485.8333632727913
1286534.7965,-4152.811374773489,-1485.8333632727913
1286534.797081,-4152.811374773489,-1485.8333632727913
1286537.146056,-4152.811374773489,-1485.8333632727913
1286545.886086,-4152.811374773489,-1485.8333632727913
1286551.528913,-4152.811374773489,-1485.8333632727913
1286560.279098,-4152.811374773489,-1485.8333632727913
1286565.176545,-4152.811374773489,-1485.8333632727913
1286572.187124,-4152.811374773489,-1485.8333632727913
1286580.46497,-4152.811374773489,-1485.8333632727913
1286586.605988,-4152.811374773489,-1485.8333632727913
1286597.32885,-4152.811374773489,-1485.8333632727913
1286601.238467,-4152.811374773489,-1485.8333632727913
1286607.534841,-4152.811374773489,-1485.8333632727913
1286614.850357,-4152.811374773489,-1485.8333632727913
1286622.108952,-4152.811374773489,-1485.8333632727913
1286632.410963,-4152.811374773489,-1485.8333632727913
1286635.543654,-4152.811374773489,-1485.8333632727913
1286643.370279,-4152.811374773489,-1485.8333632727913
1286649.536886,-4152.811374773489,-1485.8333632727913
1286656.95408,-4152.811374773489,-1485.8333632727913
1286671.606138,-4152.811374773489,-1485.8333632727913
1286671.609771,-4152.811374773489,-1485.8333632727913
1286681.088896,-4152.811374773489,-1485.8333632727913
1286684.241405,-4152.811374773489,-1485.8333632727913
1286693.403127,-4152.811374773489,-1485.8333632727913
1286698.5498,-4152.811374773489,-1485.8333632727913
1286709.475004,-4152.811374773489,-1485.8333632727913
1286712.542129,-4152.811374773489,-1485.8333632727913
1286720.489738,-4152.811374773489,-1485.8333632727913
1286726.592911,-4152.811374773489,-1485.8333632727913
1286735.138504,-4152.811374773489,-1485.8333632727913
1286745.991592,-4152.811374773489,-1485.8333632727913
1286747.596468,-4152.811374773489,-1485.8333632727913
1286755.189898,-4152.811374773489,-1485.8333632727913
1286761.548003,-4152.811374773489,-1485.8333632727913
1286768.907719,-4152.811374773489,-1485.8333632727913
1286776.558963,-4152.811374773489,-1485.8333632727913
1286783.58918,-4152.811374773489,-1485.8333632727913
1286791.265536,-4152.811374773489,-1485.8333632727913
1286796.528908,-4152.811374773489,-1485.8333632727913
1286803.197772,-4152.811374773489,-1485.8333632727913
1286812.133849,-4152.811374773489,-1485.8333632727913
1286817.52723,-4152.811374773489,-1485.8333632727913
1286825.023666,-4152.811374773489,-1485.8333632727913
1286832.029735,-4152.811374773489,-1485.8333632727913
1286838.524583,-4152.811374773489,-1485.8333632727913
1286848.158847,-4152.811374773489,-1485.8333632727913
1286852.567546,-4152.811374773489,-1485.8333632727913
1286859.527049,-4152.811374773489,-1485.8333632727913
1286867.032891,-4152.811374773489,-1485.8333632727913
1286875.008852,-4152.811374773489,-1485.8333632727913
1286880.560172,-4152.811374773489,-1485.8333632727913
1286888.188629,-4152.811374773489,-1485.8333632727913
1286894.545021,-4152.811374773489,-1485.8333632727913
1286901.825194,-4152.811374773489,-1485.8333632727913
1286909.029095,-4152.811374773489,-1485.8333632727913
1286915.5227,-4152.811374773489,-1485.8333632727913
1286923.282465,-4152.811374773489,-1485.8333632727913
1286932.465286,-4152.811374773489,-1485.8333632727913
1286936.549408,-4152.811374773489,-1485.8333632727913
1286943.966644,-4152.811374773489,-1485.8333632727913
1286953.744762,-4152.811374773489,-1485.8333632727913
1286957.527593,-4152.811374773489,-1485.8333632727913
1286964.989084,-4152.811374773489,-1485.8333632727913
1286974.360869,-4152.811374773489,-1485.8333632727913
1286978.566085,-4152.811374773489,-1485.8333632727913
1286987.977562,-4152.811374773489,-1485.8333632727913
1286992.544337,-4152.811374773489,-1485.8333632727913
1287000.121823,-4152.811374773489,-1485.8333632727913
1287006.549922,-4152.811374773489,-1485.8333632727913
1287014.663305,-4152.811374773489,-1485.8333632727913
1287021.774129,-4152.811374773489,-1485.8333632727913
1287029.626862,-4152.811374773489,-1485.8333632727913
1287034.549007,-4152.811374773489,-1485.8333632727913
1287042.163577,-4152.811374773489,-1485.8333632727913
1287048.177724,-4152.811374773489,-1485.8333632727913
1287056.86388,-4152.811374773489,-1485.8333632727913
1287064.090173,-4152.811374773489,-1485.8333632727913
1287069.17678,-4152.811374773489,-1485.8333632727913
1287077.227451,-4152.811374773489,-1485.8333632727913
1287084.688328,-4152.811374773489,-1485.8333632727913
1287090.706323,-4152.811374773489,-1485.8333632727913
1287097.149296,-4152.811374773489,-1485.8333632727913
1287104.167743,-4152.811374773489,-1485.8333632727913
1287111.150286,-4152.811374773489,-1485.8333632727913
1287118.14856,-4152.811374773489,-1485.8333632727913
1287124.285942,-4152.811374773489,-1485.8333632727913
1287125.143936,-4152.811374773489,-1485.8333632727913
1287132.142241,-4162.967700980274,-1489.6085383032787
1287724.958688,-3232.569922723594,-1188.602579198072
1287724.959443,-3232.569922723594,-1188.602579198072
1287731.886326,-3232.569922723594,-1188.602579198072
1287731.887051,-3232.569922723594,-1188.602579198072
1287736.625579,-3232.569922723594,-1188.602579198072
1287736.646594,-3232.569922723594,-1188.602579198072
1287745.481585,-3232.569922723594,-1188.602579198072
1287750.631522,-3121.0509703580933,-1281.9552581398568
1287762.392302,-3121.0509703580933,-1281.9552581398568
1287765.123485,-3121.0509703580933,-1281.9552581398568
1287772.138133,-3121.0509703580933,-1281.9552581398568
1287780.720114,-3121.0509703580933,-1281.9552581398568
1287786.750107,-3121.0509703580933,-1281.9552581398568
1287793.16165,-3121.0509703580933,-1281.9552581398568
1287800.090818,-3121.0509703580933,-1281.9552581398568
1287807.081947,-3121.0509703580933,-1281.9552581398568
1287817.789427,-3121.0509703580933,-1281.9552581398568
1287821.132826,-3121.0509703580933,-1281.9552581398568
1287828.125434,-3121.0509703580933,-1281.9552581398568
1287835.165033,-3163.170875645776,-1337.49363788685
1287848.523436,-3167.5156422387586,-1409.7433324198862
1287849.618187,-3192.7917563822944,-1461.9021976852493
1287856.097527,-3194.835534585559,-1462.940254494158
1287865.655503,-3194.835534585559,-1462.940254494158
1287870.069881,-3194.835534585559,-1462.940254494158
1287878.849911,-3194.835534585559,-1462.940254494158
1287884.093968,-3194.835534585559,-1462.940254494158
1287893.465274,-3206.312670011124,-1470.4812948902766
1287898.479514,-3252.0265661731155,-1550.402352693136
1287905.103024,-3297.4971553735886,-1624.602452118666
1287915.025029,-3345.3104426743607,-1669.6997228654634
1287919.468589,-3453.588977434149,-1632.194695183319
1287926.498705,-3542.389054517945,-1598.748792360212
1287936.379963,-3602.7430758353953,-1602.1143300549415
1287940.694555,-3642.4021050063807,-1635.9046998781728
1287947.524502,-3642.395153382538,-1635.9046998781728
1287955.976082,-3642.395153382538,-1635.9046998781728
1287961.45676,-3642.395153382538,-1635.9046998781728
1287968.472086,-3661.797142928074,-1651.4336528135748
1287975.113909,-3706.662940300143,-1686.3970703403152
1287982.163978,-3772.717295151414,-1716.6589749704776
1287993.478187,-3782.0602811367257,-1722.407852247526
1287996.117005,-3808.1427836768685,-1751.8411720880408
1288003.147275,-3836.081370466429,-1794.5178541839227
1288011.476514,-3874.7810750203553,-1769.4276149510736
1288017.446211,-3933.5709800085965,-1721.6444385882614
1288045.13132,-4111.991424367706,-1490.5860805477744
1288045.132015,-4111.991424367706,-1490.5860805477744
1288778.229119,-4077.589610574104,-1457.7517010833008
1288778.229818,-4077.589610574104,-1457.7517010833008
1288782.207072,-4195.4526512584,-1513.0090370698579
1288789.190174,-4195.4526512584,-1513.0090370698579
1288789.950879,-4195.4526512584,-1513.0090370698579
1288796.73876,-4195.4526512584,-1513.0090370698579
1288805.414575,-4195.4526512584,-1513.0090370698579
1288810.799921,-4195.4526512584,-1513.0090370698579
1288818.196034,-4195.4526512584,-1513.0090370698579
1288825.741259,-4195.4526512584,-1513.0090370698579
1288832.465359,-4195.4526512584,-1513.0090370698579
1288839.17469,-4195.4526512584,-1513.0090370698579
1288846.263898,-4195.4526512584,-1513.0090370698579
1288853.170644,-4195.4526512584,-1513.0090370698579
1288860.18011,-4195.4526512584,-1513.0090370698579
1288872.035074,-4195.4526512584,-1513.0090370698579
1288874.231689,-4195.4526512584,-1513.0090370698579
1288881.281316,-4195.4526512584,-1513.0090370698579
1288889.240981,-4195.355328492181,-1516.7562821718186
1288895.280218,-4193.645228384351,-1518.604302417728
1288902.759722,-4193.645228384351,-1518.604302417728
1288908.799077,-4193.645228384351,-1518.604302417728
1288918.697139,-4193.645228384351,-1518.604302417728
1288923.462355,-4193.645228384351,-1518.604302417728
1288930.175984,-4193.645228384351,-1518.604302417728
1288938.131296,-4193.645228384351,-1518.604302417728
1288945.588355,-4193.645228384351,-1518.604302417728
1288951.198166,-4193.645228384351,-1518.604302417728
1288958.654071,-4193.645228384351,-1518.604302417728
1288966.499132,-4193.645228384351,-1518.604302417728
1288976.899987,-4193.645228384351,-1518.604302417728
1288981.135958,-4193.645228384351,-1518.604302417728
1288986.179362,-4193.645228384351,-1518.604302417728
1288993.72109,-4193.645228384351,-1518.604302417728
1289000.204701,-4193.645228384351,-1518.604302417728
1289007.802091,-4193.645228384351,-1518.604302417728
1289015.559941,-4193.645228384351,-1518.604302417728
1289021.204115,-4193.645228384351,-1518.604302417728
1289028.199784,-4193.645228384351,-1518.604302417728
1289034.767069,-4193.645228384351,-1518.604302417728
1289043.177367,-4193.645228384351,-1518.604302417728
1289048.797276,-4193.645228384351,-1518.604302417728
1289057.348352,-4193.645228384351,-1518.604302417728
1289063.150183,-4193.645228384351,-1518.604302417728
1289072.148508,-4193.645228384351,-1518.604302417728
1289077.149954,-4190.5795611394615,-1522.10948941207
1289084.216405,-4187.666829667431,-1525.2050396740638
1289091.174295,-4187.666829667431,-1525.2050396740638
1289097.793575,-4187.666829667431,-1525.2050396740638
1289104.829714,-4187.666829667431,-1525.2050396740638
1289114.047458,-4187.666829667431,-1525.2050396740638
1289118.87127,-4187.666829667431,-1525.2050396740638
1289125.866932,-4187.666829667431,-1525.2050396740638
1289132.815834,-4187.666829667431,-1525.2050396740638
1289144.096316,-4187.666829667431,-1525.2050396740638
1289146.924123,-4187.666829667431,-1525.2050396740638
1289156.22709,-4187.666829667431,-1525.2050396740638
1289160.805194,-4187.666829667431,-1525.2050396740638
1289169.94475,-4178.247375861759,-1521.9232909040188
1289176.057678,-4178.539344168913,-1522.1746589003792
1289182.181287,-4178.539344168913,-1522.1746589003792
1289189.748,-4178.539344168913,-1522.1746589003792
1289197.119919,-4178.539344168913,-1522.1746589003792
1289203.173039,-4178.539344168913,-1522.1746589003792
1289214.966022,-4178.539344168913,-1522.1746589003792
1289217.197666,-4178.539344168913,-1522.1746589003792
1289224.854494,-4178.539344168913,-1522.1746589003792
1289231.17709,-4178.539344168913,-1522.1746589003792
1289238.174337,-4178.539344168913,-1522.1746589003792
1289245.833124,-4178.539344168913,-1522.1746589003792
1289252.154506,-4178.539344168913,-1522.1746589003792
1289259.194405,-4178.539344168913,-1522.1746589003792
1289265.788085,-4178.539344168913,-1522.1746589003792
1289277.210935,-4178.539344168913,-1522.1746589003792
1289279.788952,-4178.539344168913,-1522.1746589003792
1289287.669454,-4175.5084350503275,-1518.4972382688272
1289294.22957,-4175.723935470809,-1518.7067115952393
1289301.447673,-4175.723935470809,-1518.7067115952393
1289308.646228,-4175.723935470809,-1518.7067115952393
1289315.168507,-4175.723935470809,-1518.7067115952393
1289322.143733,-4175.723935470809,-1518.7067115952393
1289329.645222,-4175.723935470809,-1518.7067115952393
1289336.208908,-4175.723935470809,-1518.7067115952393
1289343.149918,-4175.723935470809,-1518.7067115952393
1289352.043039,-4175.723935470809,-1518.7067115952393
1289357.188124,-4175.723935470809,-1518.7067115952393
1289364.629278,-4175.723935470809,-1518.7067115952393
1289371.170403,-4175.723935470809,-1518.7067115952393
1289382.721556,-4175.723935470809,-1518.7067115952393
1289385.17105,-4175.723935470809,-1518.7067115952393
1289392.143037,-4175.723935470809,-1518.7067115952393
1289400.513794,-4175.723935470809,-1518.7067115952393
1289405.799845,-4175.723935470809,-1518.7067115952393
1289412.805663,-4175.723935470809,-1518.7067115952393
1289422.239843,-4175.723935470809,-1518.7067115952393
1289427.143145,-4175.723935470809,-1518.7067115952393
1289434.315676,-4175.723935470809,-1518.7067115952393
1289442.672899,-4175.723935470809,-1518.7067115952393
1289448.313177,-4175.723935470809,-1518.7067115952393
1289458.389404,-4175.723935470809,-1518.7067115952393
1289461.788971,-4175.723935470809,-1518.7067115952393
1289468.789047,-4175.723935470809,-1518.7067115952393
1289477.115061,-4175.723935470809,-1518.7067115952393
1289484.266228,-4175.723935470809,-1518.7067115952393
1289491.052833,-4175.723935470809,-1518.7067115952393
1289497.173547,-4175.723935470809,-1518.7067115952393
1289503.808526,-4175.723935470809,-1518.7067115952393
1289510.798431,-4175.723935470809,-1518.7067115952393
1289522.762612,-4175.723935470809,-1518.7067115952393
1289524.952552,-4175.723935470809,-1518.7067115952393
1289534.030411,-4175.723935470809,-1518.7067115952393
1289539.177261,-4175.723935470809,-1518.7067115952393
1289546.178175,-4175.723935470809,-1518.7067115952393
1289553.202951,-4175.723935470809,-1518.7067115952393
1289561.571315,-4175.723935470809,-1518.7067115952393
1289567.168834,-4175.723935470809,-1518.7067115952393
1289574.692102,-4175.723935470809,-1518.7067115952393
1289582.347854,-4175.723935470809,-1518.7067115952393
1289588.198437,-4175.723935470809,-1518.7067115952393
1289599.439466,-4175.723935470809,-1518.7067115952393
1289602.612469,-4175.723935470809,-1518.7067115952393
1289609.195776,-4175.723935470809,-1518.7067115952393
1289616.656401,-4175.723935470809,-1518.7067115952393
1289623.147808,-4175.723935470809,-1518.7067115952393
1289630.757006,-4175.160853727929,-1518.7858459660035
1289637.381874,-4171.198426663917,-1515.7275353838309
1289643.759944,-4171.198426663917,-1515.7275353838309
1289652.597844,-4171.198426663917,-1515.7275353838309
1289658.174744,-4171.198426663917,-1515.7275353838309
1289665.221459,-4171.198426663917,-1515.7275353838309
1289680.141893,-4171.198426663917,-1515.7275353838309
1289680.145525,-4171.198426663917,-1515.7275353838309
1289689.464847,-4171.198426663917,-1515.7275353838309
1289694.224125,-4171.198426663917,-1515.7275353838309
1289700.20252,-4171.198426663917,-1515.7275353838309
1289707.761406,-4171.198426663917,-1515.7275353838309
1289715.722879,-4171.198426663917,-1515.7275353838309
1289720.798856,-4171.198426663917,-1515.7275353838309
1289729.379887,-4171.198426663917,-1515.7275353838309
1289736.778928,-4171.198426663917,-1515.7275353838309
1289742.195656,-4171.198426663917,-1515.7275353838309
1289750.209142,-4171.198426663917,-1515.7275353838309
1289756.221584,-4171.198426663917,-1515.7275353838309
1289763.491624,-4171.198426663917,-1515.7275353838309
1289769.838458,-4171.198426663917,-1515.7275353838309
1289776.787857,-4171.198426663917,-1515.7275353838309
1289785.868006,-4171.198426663917,-1515.7275353838309
1289790.788657,-4171.198426663917,-1515.7275353838309
1289798.27512,-4171.198426663917,-1515.7275353838309
1289807.742619,-4171.198426663917,-1515.7275353838309
1289812.224911,-4171.198426663917,-1515.7275353838309
1289822.002457,-4171.198426663917,-1515.7275353838309
1289826.201762,-4171.198426663917,-1515.7275353838309
1289833.242412,-4171.198426663917,-1515.7275353838309
1289840.698166,-4171.198426663917,-1515.7275353838309
1289847.984273,-4171.198426663917,-1515.7275353838309
1289854.265199,-4171.198426663917,-1515.7275353838309
1289861.680169,-4171.198426663917,-1515.7275353838309
1289869.334406,-4171.198426663917,-1515.7275353838309
1289875.271822,-4171.198426663917,-1515.7275353838309
1289883.487033,-4171.198426663917,-1515.7275353838309
1289889.155356,-4171.198426663917,-1515.7275353838309
1289895.789159,-4171.198426663917,-1515.7275353838309
1289904.861676,-4171.198426663917,-1515.7275353838309
1289910.297914,-4171.198426663917,-1515.7275353838309
1289918.563994,-4171.198426663917,-1515.7275353838309
1289924.277126,-4171.198426663917,-1515.7275353838309
1289931.331861,-4171.198426663917,-1515.7275353838309
1289939.358474,-4171.198426663917,-1515.7275353838309
1289947.298844,-4171.198426663917,-1515.7275353838309
1289952.281576,-4171.198426663917,-1515.7275353838309
1289963.304633,-4171.198426663917,-1515.7275353838309
1289966.375677,-4171.198426663917,-1515.7275353838309
1289973.320001,-4171.198426663917,-1515.7275353838309
1289980.430409,-4171.198426663917,-1515.7275353838309
1289988.959649,-4171.198426663917,-1515.7275353838309
1289994.421199,-4171.198426663917,-1515.7275353838309
1290002.192354,-4171.198426663917,-1515.7275353838309
1290008.274642,-4171.198426663917,-1515.7275353838309
1290014.788454,-4171.198426663917,-1515.7275353838309
1290021.787685,-4164.99062426775,-1512.3759621255433
1290029.373693,-4164.99062426775,-1512.3759621255433
1290037.838891,-4164.99062426775,-1512.3759621255433
1290043.151089,-4164.99062426775,-1512.3759621255433
1290053.095987,-4164.99062426775,-1512.3759621255433
1290057.214099,-4164.99062426775,-1512.3759621255433
1290069.26969,-4164.99062426775,-1512.3759621255433
1290071.758479,-4164.99062426775,-1512.3759621255433
1290078.940282,-4164.99062426775,-1512.3759621255433
1290085.180586,-4164.99062426775,-1512.3759621255433
1290092.654366,-4164.99062426775,-1512.3759621255433
1290100.797619,-4164.99062426775,-1512.3759621255433
1290107.828182,-4164.99062426775,-1512.3759621255433
1290113.61644,-4164.99062426775,-1512.3759621255433
1290120.180747,-4164.99062426775,-1512.3759621255433
1290127.174863,-4164.99062426775,-1512.3759621255433
1290134.917059,-4164.99062426775,-1512.3759621255433
1290144.912534,-4164.99062426775,-1512.3759621255433
1290147.826642,-4164.99062426775,-1512.3759621255433
1290154.877993,-4164.99062426775,-1512.3759621255433
1290161.868118,-4164.99062426775,-1512.3759621255433
1290171.155745,-4164.99062426775,-1512.3759621255433
1290176.368517,-4164.99062426775,-1512.3759621255433
1290183.194689,-4164.99062426775,-1512.3759621255433
1290190.150724,-4164.99062426775,-1512.3759621255433
1290197.951545,-4164.99062426775,-1512.3759621255433
1290204.197543,-4164.99062426775,-1512.3759621255433
1290215.339958,-4164.99062426775,-1512.3759621255433
1290218.173513,-4164.99062426775,-1512.3759621255433
1290225.662398,-4164.99062426775,-1512.3759621255433
1290233.25163,-4164.99062426775,-1512.3759621255433
1290239.19525,-4164.99062426775,-1512.3759621255433
1290246.768208,-4164.99062426775,-1512.3759621255433
1290253.19299,-4164.99062426775,-1512.3759621255433
1290259.794666,-4164.99062426775,-1512.3759621255433
1290268.158159,-4164.99062426775,-1512.3759621255433
1290274.165515,-4164.99062426775,-1512.3759621255433
1290281.175927,-4164.99062426775,-1512.3759621255433
1290288.792219,-4164.99062426775,-1512.3759621255433
1290295.21845,-4164.99062426775,-1512.3759621255433
1290302.653253,-4164.99062426775,-1512.3759621255433
1290309.238383,-4164.99062426775,-1512.3759621255433
1290319.512776,-4164.99062426775,-1512.3759621255433
1290323.239368,-4164.99062426775,-1512.3759621255433
1290330.676914,-4164.99062426775,-1512.3759621255433
1290337.247344,-4164.99062426775,-1512.3759621255433
1290344.788912,-4164.99062426775,-1512.3759621255433
1290353.627899,-4164.99062426775,-1512.3759621255433
1290358.221089,-4164.99062426775,-1512.3759621255433
1290365.698682,-4164.99062426775,-1512.3759621255433
1290372.199736,-4164.99062426775,-1512.3759621255433
1290378.752421,-4164.99062426775,-1512.3759621255433
1290387.391987,-4164.99062426775,-1512.3759621255433
1290393.250494,-4164.99062426775,-1512.3759621255433
1290400.800203,-4164.99062426775,-1512.3759621255433
1290407.221083,-4164.99062426775,-1512.3759621255433
1290414.199193,-4164.99062426775,-1512.3759621255433
1290424.509132,-4164.99062426775,-1512.3759621255433
1290428.261807,-4164.99062426775,-1512.3759621255433
1290435.247468,-4164.99062426775,-1512.3759621255433
1290442.661652,-4164.99062426775,-1512.3759621255433
1290449.250721,-4164.99062426775,-1512.3759621255433
1290457.165195,-4164.99062426775,-1512.3759621255433
1290471.832572,-4164.99062426775,-1512.3759621255433
1290471.836169,-4164.99062426775,-1512.3759621255433
1290477.202875,-4164.99062426775,-1512.3759621255433
1290484.780974,-4164.99062426775,-1512.3759621255433
1290491.218654,-4164.99062426775,-1512.3759621255433
1290498.801886,-4164.99062426775,-1512.3759621255433
1290504.788433,-4164.99062426775,-1512.3759621255433
1290512.175137,-4164.99062426775,-1512.3759621255433
1290519.20156,-4164.99062426775,-1512.3759621255433
1290526.174826,-4164.99062426775,-1512.3759621255433
1290539.301143,-4164.99062426775,-1512.3759621255433
1290540.822574,-4164.99062426775,-1512.3759621255433
1290547.321334,-4164.99062426775,-1512.3759621255433
1290554.239282,-4164.99062426775,-1512.3759621255433
1290561.396858,-4164.99062426775,-1512.3759621255433
1290568.445406,-4164.99062426775,-1512.3759621255433
1290579.903669,-4164.99062426775,-1512.3759621255433
1290581.795848,-4164.99062426775,-1512.3759621255433
1290588.870612,-4164.99062426775,-1512.3759621255433
1290597.195906,-4164.99062426775,-1512.3759621255433
1290603.679006,-4164.99062426775,-1512.3759621255433
1290609.8025,-4164.99062426775,-1512.3759621255433
1290618.918589,-4164.99062426775,-1512.3759621255433
1290623.789024,-4164.99062426775,-1512.3759621255433
1290631.701159,-4164.99062426775,-1512.3759621255433
1290638.896873,-4164.99062426775,-1512.3759621255433
1290645.406196,-4164.99062426775,-1512.3759621255433
1290652.213165,-4164.99062426775,-1512.3759621255433
1290660.104482,-4164.99062426775,-1512.3759621255433
1290666.179506,-4164.99062426775,-1512.3759621255433
1290673.653187,-4164.99062426775,-1512.3759621255433
1290681.879243,-4164.99062426775,-1512.3759621255433
1290687.155849,-4164.99062426775,-1512.3759621255433
1290694.197796,-4164.99062426775,-1512.3759621255433
1290701.175468,-4155.230540767156,-1504.2716717136373
1290709.599735,-4154.333780957291,-1503.6618715668249
1290715.19766,-4154.333780957291,-1503.6618715668249
1290723.126706,-4154.333780957291,-1503.6618715668249
1290730.465814,-4154.333780957291,-1503.6618715668249
1290736.273181,-4154.333780957291,-1503.6618715668249
1290744.328513,-4154.333780957291,-1503.6618715668249
1290751.338723,-4146.325507315329,-1493.0951056122824
1290756.764389,-4147.479477297006,-1493.1975147931857
1290763.761968,-4147.479477297006,-1493.1975147931857
1290772.507586,-4147.479477297006,-1493.1975147931857
1290778.148374,-4147.479477297006,-1493.1975147931857
1290785.64927,-4147.479477297006,-1493.1975147931857
1290793.345769,-4147.479477297006,-1493.1975147931857
1290799.329999,-4147.479477297006,-1493.1975147931857
1290808.370527,-4147.479477297006,-1493.1975147931857
1290812.789589,-4147.479477297006,-1493.1975147931857
1290819.796139,-4147.479477297006,-1493.1975147931857
1290826.769498,-4147.479477297006,-1493.1975147931857
1290833.789869,-4147.479477297006,-1493.1975147931857
1290843.389709,-4147.479477297006,-1493.1975147931857
1290848.224274,-4147.479477297006,-1493.1975147931857
1290855.227925,-4147.479477297006,-1493.1975147931857
1290862.256466,-4147.479477297006,-1493.1975147931857
1290868.787389,-4147.479477297006,-1493.1975147931857
1290879.033776,-4147.479477297006,-1493.1975147931857
1290882.788264,-4147.479477297006,-1493.1975147931857
1290892.783988,-4147.479477297006,-1493.1975147931857
1290897.181829,-4147.479477297006,-1493.1975147931857
1290904.735459,-4147.479477297006,-1493.1975147931857
1290914.050903,-4147.479477297006,-1493.1975147931857
1290920.374763,-4147.479477297006,-1493.1975147931857
1290924.789148,-4147.479477297006,-1493.1975147931857
1290931.787897,-4147.479477297006,-1493.1975147931857
1290940.299896,-4147.479477297006,-1493.1975147931857
1290948.024161,-4147.479477297006,-1493.1975147931857
1290954.252994,-4147.479477297006,-1493.1975147931857
1290961.468677,-4147.479477297006,-1493.1975147931857
1290967.23005,-4147.479477297006,-1493.1975147931857
1290977.470404,-4147.479477297006,-1493.1975147931857
1290981.225435,-4147.479477297006,-1493.1975147931857
1290988.458908,-4147.479477297006,-1493.1975147931857
1290994.760061,-4147.479477297006,-1493.1975147931857
1291003.049381,-4147.479477297006,-1493.1975147931857
1291009.225058,-4147.479477297006,-1493.1975147931857
1291016.833441,-4147.479477297006,-1493.1975147931857
1291024.453102,-4147.479477297006,-1493.1975147931857
1291030.241386,-4147.479477297006,-1493.1975147931857
1291037.791845,-4147.479477297006,-1493.1975147931857
1291045.441163,-4147.479477297006,-1493.1975147931857
1291051.384491,-4147.479477297006,-1493.1975147931857
1291058.648004,-4147.479477297006,-1493.1975147931857
1291064.788108,-4147.479477297006,-1493.1975147931857
1291076.344495,-4147.479477297006,-1493.1975147931857
1291079.226485,-4147.479477297006,-1493.1975147931857
1291085.778739,-4147.479477297006,-1493.1975147931857
1291093.983858,-4147.479477297006,-1493.1975147931857
1291101.332233,-4147.479477297006,-1493.1975147931857
1291110.413638,-4147.479477297006,-1493.1975147931857
1291113.793307,-4147.479477297006,-1493.1975147931857
1291123.182893,-4147.479477297006,-1493.1975147931857
1291128.157145,-4147.479477297006,-1493.1975147931857
1291135.50511,-4147.479477297006,-1493.1975147931857
1291142.174547,-4147.479477297006,-1493.1975147931857
1291149.404995,-4147.479477297006,-1493.1975147931857
1291156.1426,-4147.479477297006,-1493.1975147931857
1291163.149173,-4147.479477297006,-1493.1975147931857
1291170.648179,-4147.479477297006,-1493.1975147931857
1291177.225509,-4147.479477297006,-1493.1975147931857
1291185.749957,-4147.479477297006,-1493.1975147931857
1291191.177535,-4155.654589976421,-1485.2421829533298
1291199.357425,-4155.654589976421,-1485.2421829533298
1291202.195876,-4155.654589976421,-1485.2421829533298
1291207.693691,-4155.654589976421,-1485.2421829533298
1291212.157722,-4155.654589976421,-1485.2421829533298
1291219.717375,-4155.654589976421,-1485.2421829533298
1292724.123563,-5262.742794565555,-5113.58468690935
1292724.124344,-5262.742794565555,-5113.58468690935
1292730.628586,-5237.418020138853,-5024.936070066276
1292737.655253,-5261.547114847044,-4995.749613488132
1292744.623874,-5316.847301612453,-4953.431576530923
1292754.579485,-5350.222059170194,-4923.458432165315
1292759.041127,-5352.6481767277655,-4891.66520558169
1292766.124323,-5324.598364870352,-4840.409679846032
1292773.060035,-5309.179657877718,-4818.214932699738
1292780.036454,-5308.748657048062,-4817.367733860251
1292787.520858,-5290.243427995749,-4792.491741131755
1292794.081868,-5269.861259844803,-4760.1538801310435
1292801.01643,-5248.297315219706,-4729.27766842224
1292808.411423,-5218.141160531134,-4684.599559335041
1292814.623207,-5210.41095213081,-4679.362752212542
1292821.907064,-5204.5924409567115,-4671.081614473785
1292830.087657,-5218.815468279883,-4642.262881897308
1292836.080414,-5222.909976146047,-4633.651242936648
1292843.11981,-5233.3443671532805,-4611.298220609152
1292850.385386,-5235.846952602932,-4606.778273682162
1292856.624818,-5235.846952602932,-4606.778273682162
1292864.942162,-5238.509425453865,-4603.347582736988
1292870.653657,-5268.297143933948,-4543.359365101744
1292877.653735,-5290.750896710158,-4514.9502615323245
1292886.627687,-5313.281117357832,-4459.3376803912715
1292892.102101,-5345.4810500821195,-4402.314647035893
1292899.074899,-5346.016325298519,-4390.705222319786
1292906.042987,-5343.763998396943,-4387.777263924157
1292913.965963,-5343.763998396943,-4387.777263924157
1292920.023623,-5343.763998396943,-4387.777263924157
1292929.583223,-5343.763998396943,-4387.777263924157
1292934.126641,-5312.551196597001,-4366.313326862228
1292941.15378,-5279.482310569545,-4393.842653081435
1292948.44407,-5230.556765018812,-4444.618755858336
1292955.069923,-5145.858150651465,-4536.814518479601
1292963.181839,-5096.550265499686,-4591.086470037983
1292968.938361,-5059.136612855155,-4629.885396457647
1292969.788467,-5059.136612855155,-4629.885396457647
1292975.653014,-5047.645574608001,-4640.214708324673
1292986.026852,-5047.645574608001,-4640.214708324673
1292990.125598,-5047.645574608001,-4640.214708324673
1292997.101605,-5035.320341195008,-4656.399934370453
1293004.036442,-5032.762142726728,-4661.054874204803
1293011.04054,-5032.762142726728,-4661.054874204803
1293018.553766,-5032.762142726728,-4661.054874204803
1293026.221993,-5032.762142726728,-4661.054874204803
1293031.760237,-5032.762142726728,-4661.054874204803
1293041.447314,-5032.762142726728,-4661.054874204803
1293048.211676,-5032.762142726728,-4661.054874204803
1293053.155884,-5032.762142726728,-4661.054874204803
1293062.644693,-5032.762142726728,-4661.054874204803
1293067.509692,-5032.762142726728,-4661.054874204803
1293074.109593,-5032.762142726728,-4661.054874204803
1293083.560499,-5032.762142726728,-4661.054874204803
1293088.113982,-5032.762142726728,-4661.054874204803
1293097.983403,-5032.762142726728,-4661.054874204803
1293102.903179,-5032.762142726728,-4661.054874204803
1293109.115124,-5032.762142726728,-4661.054874204803
1293116.496648,-5032.762142726728,-4661.054874204803
1293123.815345,-5032.762142726728,-4661.054874204803
1293130.094174,-5032.762142726728,-4661.054874204803
1293137.672427,-5032.762142726728,-4661.054874204803
1293145.290364,-5032.762142726728,-4661.054874204803
1293151.137744,-5032.762142726728,-4661.054874204803
1293158.65106,-5032.762142726728,-4661.054874204803
1293165.215041,-5032.762142726728,-4661.054874204803
1293172.701705,-5032.762142726728,-4661.054874204803
1293179.955432,-5032.762142726728,-4661.054874204803
1293186.164399,-5032.762142726728,-4661.054874204803
1293193.69833,-5032.762142726728,-4661.054874204803
1293201.1328,-5032.762142726728,-4661.054874204803
1293206.657062,-5032.762142726728,-4661.054874204803
1293215.878334,-5032.762142726728,-4661.054874204803
1293220.653807,-5032.762142726728,-4661.054874204803
1293227.778851,-5032.762142726728,-4661.054874204803
1293237.158109,-5032.762142726728,-4661.054874204803
1293241.726201,-5032.762142726728,-4661.054874204803
1293250.316666,-5032.762142726728,-4661.054874204803
1293259.137766,-5032.762142726728,-4661.054874204803
1293263.123285,-5032.762142726728,-4661.054874204803
1293270.725759,-5032.762142726728,-4661.054874204803
1293277.095528,-5023.857109443834,-4672.873766269808
1293283.719306,-4987.931104760157,-4703.200697854245
1293284.079214,-4987.931104760157,-4703.200697854245
1293290.993717,-4932.046980929604,-4749.042540430936
1295041.048862,-5381.476570697295,-3158.494386195443
1295041.049532,-5381.476570697295,-3158.494386195443
1295047.898751,-5381.476570697295,-3158.494386195443
1295057.833817,-5381.476570697295,-3158.494386195443
1295062.282377,-5381.476570697295,-3158.494386195443
1295069.821468,-5348.901250188284,-3172.5709573020054
1295077.374327,-5309.58980381996,-3176.262333209103
1295086.987578,-5240.810413743493,-3182.425487888518
1295090.413638,-5194.679421913034,-3188.118492497569
1295097.308307,-5145.809489269348,-3192.5686252597275
1295104.725906,-5081.673785260269,-3167.417926847084
1295110.872046,-5028.570312068217,-3142.6675532237987
1295117.866014,-4988.181363311687,-3124.8716755639794
1295133.860467,-4948.744787306538,-3156.3996583275307
1295133.960716,-4927.743924240374,-3202.683832753964
1295138.939192,-4903.767765100359,-3258.9342520260034
1295147.637215,-4868.050309104658,-3342.5604247152687
1295153.268471,-4855.120284152738,-3364.303693311465
1295160.335826,-4854.7031865738945,-3364.9274565157034
1295167.699914,-4854.7031865738945,-3364.9274565157034
1295175.750127,-4854.7031865738945,-3364.9274565157034
1295181.359946,-4855.433107334877,-3387.2758677417446
1295188.358155,-4913.249783390539,-3430.1386379816295
1295195.293286,-4914.2716724610655,-3430.929979282333
1295207.396012,-4914.2716724610655,-3430.929979282333
1295209.277711,-4914.2716724610655,-3430.929979282333
1295216.227674,-4914.2716724610655,-3430.929979282333
1295223.766956,-4920.243119456519,-3443.023536203982
1295230.049608,-4891.449483275853,-3521.608375845047
1295238.301891,-4884.463098837051,-3541.261566653622
1295244.088054,-4884.504808595672,-3541.191742437184
1295251.26832,-4884.504808595672,-3541.191742437184
1295258.276185,-4884.504808595672,-3541.191742437184
1295266.297823,-4884.504808595672,-3541.191742437184
1295272.298311,-4884.504808595672,-3541.191742437184
1295279.685423,-4884.504808595672,-3541.191742437184
1295286.322989,-4884.504808595672,-3541.191742437184
1295292.866662,-4884.504808595672,-3541.191742437184
1295301.775404,-4881.772819451234,-3555.0076279954287
1295307.268531,-4878.269199787268,-3571.6956160366367
1295314.268956,-4863.295396703281,-3605.6813889451846
1295319.993699,-4837.101668730792,-3657.15114181822
1295323.485558,-4837.101668730792,-3657.15114181822
1295343.171568,-4818.9579240247285,-3700.8657491419917
1295343.172159,-4818.9579240247285,-3700.8657491419917
1295344.989891,-4818.9579240247285,-3700.8657491419917
1295352.039997,-4818.9579240247285,-3700.8657491419917
1295360.154945,-4818.9579240247285,-3700.8657491419917
1295366.396285,-4818.9579240247285,-3700.8657491419917
1295374.184318,-4818.9579240247285,-3700.8657491419917
1295380.389325,-4818.9579240247285,-3700.8657491419917
1295387.742846,-4818.9579240247285,-3700.8657491419917
1295394.368594,-4818.9579240247285,-3700.8657491419917
1295401.733337,-4818.9579240247285,-3700.8657491419917
1295409.906584,-4818.9579240247285,-3700.8657491419917
1295414.956016,-4818.9579240247285,-3700.8657491419917
1295423.92399,-4818.9579240247285,-3700.8657491419917
1295434.441485,-4818.9579240247285,-3700.8657491419917
1295436.32529,-4818.9579240247285,-3700.8657491419917
1295443.76395,-4818.9579240247285,-3700.8657491419917
1295451.37096,-4818.9579240247285,-3700.8657491419917
1295457.321688,-4818.9579240247285,-3700.8657491419917
1295465.872734,-4818.9579240247285,-3700.8657491419917
1295472.731626,-4818.9579240247285,-3700.8657491419917
1295477.984283,-4818.9579240247285,-3700.8657491419917
1295485.451927,-4818.9579240247285,-3700.8657491419917
1295492.389582,-4818.9579240247285,-3700.8657491419917
1295499.41346,-4818.9579240247285,-3700.8657491419917
1295506.849722,-4818.9579240247285,-3700.8657491419917
1295513.364038,-4818.9579240247285,-3700.8657491419917
1295520.032035,-4819.256843959645,-3702.5787695746913
1295528.921536,-4818.088970731155,-3728.85128894943
1295534.013721,-4813.626026635228,-3737.4769050146747
1295544.401592,-4813.626026635228,-3737.4769050146747
1295548.028644,-4813.626026635228,-3737.4769050146747
1295556.152408,-4813.626026635228,-3737.4769050146747
1295562.39285,-4813.626026635228,-3737.4769050146747
1295569.322949,-4813.626026635228,-3737.4769050146747
1295583.209007,-4813.626026635228,-3737.4769050146747
1295585.437244,-4813.626026635228,-3737.4769050146747
1295589.956191,-4813.626026635228,-3737.4769050146747
1295599.003553,-4813.626026635228,-3737.4769050146747
1295607.033182,-4813.626026635228,-3737.4769050146747
1295612.535479,-4813.626026635228,-3737.4769050146747
1295618.36789,-4813.626026635228,-3737.4769050146747
1295625.505575,-4813.626026635228,-3737.4769050146747
1295632.36787,-4813.626026635228,-3737.4769050146747
1295639.389874,-4813.626026635228,-3737.4769050146747
1295652.984296,-4813.626026635228,-3737.4769050146747
1295653.858084,-4813.626026635228,-3737.4769050146747
1295660.024557,-4813.626026635228,-3737.4769050146747
1295667.870028,-4813.626026635228,-3737.4769050146747
1295674.887861,-4813.626026635228,-3737.4769050146747
1295682.411639,-4813.626026635228,-3737.4769050146747
1295688.366421,-4813.626026635228,-3737.4769050146747
1295695.748349,-4813.626026635228,-3737.4769050146747
1295702.563921,-4813.626026635228,-3737.4769050146747
1295711.414317,-4813.626026635228,-3737.4769050146747
1295718.29625,-4813.626026635228,-3737.4769050146747
1295722.970394,-4813.626026635228,-3737.4769050146747
1295730.62121,-4813.626026635228,-3737.4769050146747
1295737.772055,-4813.626026635228,-3737.4769050146747
1295747.184849,-4813.626026635228,-3737.4769050146747
1295751.320255,-4794.995668077769,-3745.469448231458
1295758.324846,-4794.995668077769,-3745.469448231458
1295765.330321,-4794.995668077769,-3745.469448231458
1295772.297209,-4794.995668077769,-3745.469448231458
1295778.945115,-4794.995668077769,-3745.469448231458
1295789.040621,-4794.995668077769,-3745.469448231458
1295792.956216,-4794.995668077769,-3745.469448231458
1295799.958585,-4794.995668077769,-3745.469448231458
1295807.299597,-4794.995668077769,-3745.469448231458
1295815.831556,-4794.995668077769,-3745.469448231458
1295821.312953,-4790.9776280619835,-3748.914108641146
1295828.76157,-4787.425347008019,-3748.1925919405326
1295835.133012,-4787.425347008019,-3748.1925919405326
1295842.906546,-4787.425347008019,-3748.1925919405326
1295851.950389,-4787.425347008019,-3748.1925919405326
1295855.948096,-4787.425347008019,-3748.1925919405326
1295863.583627,-4787.425347008019,-3748.1925919405326
1295870.509721,-4787.425347008019,-3748.1925919405326
1295877.463986,-4787.425347008019,-3748.1925919405326
1295888.033326,-4787.425347008019,-3748.1925919405326
1295891.470942,-4787.425347008019,-3748.1925919405326
1295898.510449,-4787.425347008019,-3748.1925919405326
1295904.946952,-4787.425347008019,-3748.1925919405326
1295916.090504,-4787.425347008019,-3748.1925919405326
1295919.509257,-4787.425347008019,-3748.1925919405326
1295926.966383,-4787.425347008019,-3748.1925919405326
1295934.802728,-4787.425347008019,-3748.1925919405326
1297207.933692,-4182.1389008658925,-665.2209482868053
1297207.934361,-4182.1389008658925,-665.2209482868053
1297220.545885,-4078.6861821179555,-836.9032505947353
1297224.664066,-4068.272645713278,-872.0529116316411
1297231.643137,-4072.1655565142873,-904.4002804030607
1297238.676645,-4074.876690827944,-943.050472940299
1297245.638983,-4079.7011195752607,-1003.3276383172223
1297252.618885,-4086.6736008913376,-1085.864845771262
1297259.613132,-4091.8734174638844,-1134.02977711906
1297266.581506,-4098.574785350214,-1186.5657172114002
1297275.906637,-4105.769718708202,-1228.409198544935
1297280.96202,-4108.432191636895,-1256.5717358914353
1297287.652854,-4112.985506953128,-1287.4388063714039
1297294.640787,-4117.010498652543,-1324.0547562294826
1297301.976338,-4122.106040831892,-1355.9831552383523
1297308.639267,-4128.710085939355,-1377.7404566865728
1297319.249234,-4145.991829240273,-1426.5989554791508
1297322.195821,-4150.920532379094,-1446.5268539178423
1297329.206415,-4157.670561640425,-1469.159285347267
1297332.680866,-4165.143560049412,-1473.642014874829
1297336.189219,-4175.126095600667,-1485.9916320126142
1297343.194878,-4175.251224870414,-1486.168520608928
1297350.226502,-4175.251224870414,-1486.168520608928
1297359.748425,-4175.251224870414,-1486.168520608928
1297364.194117,-4175.251224870414,-1486.168520608928
1297371.188459,-4175.251224870414,-1486.168520608928
1297380.173256,-4175.251224870414,-1486.168520608928
1297388.517596,-4175.251224870414,-1486.168520608928
1297392.889721,-4175.251224870414,-1486.168520608928
1297400.966583,-4175.251224870414,-1486.168520608928
1297406.689907,-4175.251224870414,-1486.168520608928
1297414.366255,-4181.431220761637,-1494.4078051838976
1297420.724016,-4181.577204919478,-1494.850026668066
1297428.592444,-4181.577204919478,-1494.850026668066
1297435.787595,-4181.577204919478,-1494.850026668066
1297441.9767,-4181.577204919478,-1494.850026668066
1297448.205677,-4181.577204919478,-1494.850026668066
1297461.318365,-4181.577204919478,-1494.850026668066
1297464.780767,-4181.577204919478,-1494.850026668066
1297469.208527,-4181.577204919478,-1494.850026668066
1297478.582662,-4181.577204919478,-1494.850026668066
1297488.673189,-4181.577204919478,-1494.850026668066
1297490.166697,-4181.577204919478,-1494.850026668066
1297497.204636,-4181.577204919478,-1494.850026668066
1297506.130005,-4181.577204919478,-1494.850026668066
1297511.206533,-4181.577204919478,-1494.850026668066
1297518.208,-4181.577204919478,-1494.850026668066
1297525.194052,-4181.577204919478,-1494.850026668066
1297534.956686,-4181.577204919478,-1494.850026668066
1297539.195944,-4181.577204919478,-1494.850026668066
1297546.258416,-4181.577204919478,-1494.850026668066
1297555.428133,-4181.577204919478,-1494.850026668066
1297561.149712,-4181.577204919478,-1494.850026668066
1297575.194728,-4181.577204919478,-1494.850026668066
1297575.202304,-4181.577204919478,-1494.850026668066
1297581.171973,-4181.577204919478,-1494.850026668066
1297590.181611,-4181.577204919478,-1494.850026668066
1297595.665269,-4181.577204919478,-1494.850026668066
1297603.418302,-4181.577204919478,-1494.850026668066
1297614.300946,-4181.577204919478,-1494.850026668066
1297616.652267,-4181.577204919478,-1494.850026668066
1297624.044002,-4181.577204919478,-1494.850026668066
1297630.610827,-4177.461842074514,-1509.3595461739887
1297638.074329,-4177.461842074514,-1509.3595461739887
1297650.367259,-4177.461842074514,-1509.3595461739887
1297651.171947,-4177.461842074514,-1509.3595461739887
1297658.180326,-4177.461842074514,-1509.3595461739887
1297666.683918,-4177.461842074514,-1509.3595461739887
1297672.633551,-4177.461842074514,-1509.3595461739887
1297683.393065,-4177.461842074514,-1509.3595461739887
1297688.613758,-4177.461842074514,-1509.3595461739887
1297693.198114,-4177.461842074514,-1509.3595461739887
1297702.000764,-4177.461842074514,-1509.3595461739887
1297707.270706,-4177.461842074514,-1509.3595461739887
1297714.261255,-4177.461842074514,-1509.3595461739887
1297723.003769,-4179.9018629466655,-1510.1508898667335
1297728.342885,-4196.432830586183,-1520.959713601313
1297737.538036,-4198.261108331584,-1524.0971585285845
1297742.6801,-4198.261108331584,-1524.0971585285845
1297749.596711,-4198.261108331584,-1524.0971585285845
1297765.80632,-4198.261108331584,-1524.0971585285845
1297765.809945,-4198.261108331584,-1524.0971585285845
1297770.048164,-4198.261108331584,-1524.0971585285845
1297770.048845,-4198.261108331584,-1524.0971585285845
1297772.196292,-4198.261108331584,-1524.0971585285845
1297782.764867,-4191.073126611167,-1527.737339418423
1297786.625267,-4191.073126611167,-1527.737339418423
1297796.445999,-4191.073126611167,-1527.737339418423
1297800.578715,-4191.073126611167,-1527.737339418423
1297807.606648,-4191.073126611167,-1527.737339418423
1297814.157419,-4191.073126611167,-1527.737339418423
1297821.334789,-4191.073126611167,-1527.737339418423
1297828.21515,-4191.073126611167,-1527.737339418423
1297836.777336,-4191.073126611167,-1527.737339418423
1297842.529605,-4191.073126611167,-1527.737339418423
1297849.186906,-4191.073126611167,-1527.737339418423
1297858.527934,-4191.073126611167,-1527.737339418423
1297863.183665,-4191.073126611167,-1527.737339418423
1297873.110164,-4191.073126611167,-1527.737339418423
1297877.533486,-4191.073126611167,-1527.737339418423
1297884.529228,-4191.073126611167,-1527.737339418423
1297892.25096,-4191.073126611167,-1527.737339418423
1297898.69013,-4191.073126611167,-1527.737339418423
1297905.90834,-4191.073126611167,-1527.737339418423
1297913.127645,-4191.073126611167,-1527.737339418423
1297919.634439,-4191.073126611167,-1527.737339418423
1297927.114811,-4191.073126611167,-1527.737339418423
1297933.435796,-4191.073126611167,-1527.737339418423
1297940.184624,-4191.073126611167,-1527.737339418423
1297947.184746,-4191.073126611167,-1527.737339418423
1297957.093738,-4191.073126611167,-1527.737339418423
1297961.555922,-4191.073126611167,-1527.737339418423
1297968.911892,-4191.073126611167,-1527.737339418423
1297975.185128,-4191.073126611167,-1527.737339418423
1297984.214452,-4191.073126611167,-1527.737339418423
1297989.5897,-4191.073126611167,-1527.737339418423
1297996.537647,-4191.073126611167,-1527.737339418423
1298003.950385,-4191.073126611167,-1527.737339418423
1298011.190922,-4191.073126611167,-1527.737339418423
1298017.176438,-4191.073126611167,-1527.737339418423
1298030.83364,-4191.073126611167,-1527.737339418423
1298031.666954,-4191.073126611167,-1527.737339418423
1298038.581508,-4191.073126611167,-1527.737339418423
1298045.961164,-4191.073126611167,-1527.737339418423
1298052.583514,-4191.073126611167,-1527.737339418423
1298060.463724,-4191.073126611167,-1527.737339418423
1298066.195096,-4191.073126611167,-1527.737339418423
1298074.259193,-4191.073126611167,-1527.737339418423
1298082.516292,-4191.073126611167,-1527.737339418423
1298090.498879,-4191.073126611167,-1527.737339418423
1298094.194556,-4191.073126611167,-1527.737339418423
1298103.154255,-4191.073126611167,-1527.737339418423
1298108.53324,-4191.073126611167,-1527.737339418423
1298115.562468,-4191.073126611167,-1527.737339418423
1298123.058529,-4191.073126611167,-1527.737339418423
1298129.668306,-4191.073126611167,-1527.737339418423
1298137.037219,-4195.730716317911,-1525.065390787761
1298143.886288,-4195.730716317911,-1525.065390787761
1298150.555807,-4195.730716317911,-1525.065390787761
1298157.947837,-4195.730716317911,-1525.065390787761
1298175.156547,-4200.138047468343,-1522.7611842127333
1298175.160216,-4200.138047468343,-1522.7611842127333
1298178.244959,-4200.138047468343,-1522.7611842127333
1298187.571111,-4200.138047468343,-1522.7611842127333
1298192.181503,-4200.138047468343,-1522.7611842127333
1298205.648217,-4200.138047468343,-1522.7611842127333
1298206.5905,-4200.138047468343,-1522.7611842127333
1298214.041923,-4200.138047468343,-1522.7611842127333
1298222.032198,-4200.138047468343,-1522.7611842127333
1298227.553022,-4200.138047468343,-1522.7611842127333
1298234.529029,-4200.138047468343,-1522.7611842127333
1298241.976912,-4200.138047468343,-1522.7611842127333
1298248.530358,-4200.138047468343,-1522.7611842127333
1298255.95289,-4200.138047468343,-1522.7611842127333
1298262.556987,-4200.138047468343,-1522.7611842127333
1298274.79148,-4200.138047468343,-1522.7611842127333
1298277.064947,-4200.138047468343,-1522.7611842127333
1298283.186584,-4200.138047468343,-1522.7611842127333
1298291.637153,-4200.138047468343,-1522.7611842127333
1298299.960642,-4190.120753795003,-1532.3178227562917
1298305.709184,-4187.131554428167,-1533.6770718682594
1298311.384076,-4187.131554428167,-1533.6770718682594
1298318.268022,-4187.131554428167,-1533.6770718682594
1298325.207337,-4187.131554428167,-1533.6770718682594
1298333.613185,-4187.131554428167,-1533.6770718682594
1298343.521075,-4187.131554428167,-1533.6770718682594
1298346.305856,-4187.131554428167,-1533.6770718682594
1298353.155389,-4187.131554428167,-1533.6770718682594
1298360.197979,-4187.131554428167,-1533.6770718682594
1298369.695007,-4187.131554428167,-1533.6770718682594
1298378.556375,-4187.131554428167,-1533.6770718682594
1298381.625249,-4187.131554428167,-1533.6770718682594
1298388.600391,-4187.131554428167,-1533.6770718682594
1298395.552851,-4187.131554428167,-1533.6770718682594
1298402.568205,-4187.131554428167,-1533.6770718682594
1298410.046516,-4187.131554428167,-1533.6770718682594
1298417.848542,-4187.131554428167,-1533.6770718682594
1298423.260099,-4187.131554428167,-1533.6770718682594
1298432.206358,-4187.131554428167,-1533.6770718682594
1298437.185888,-4187.131554428167,-1533.6770718682594
1298449.332895,-4187.131554428167,-1533.6770718682594
1298451.586665,-4187.131554428167,-1533.6770718682594
1298459.009016,-4187.131554428167,-1533.6770718682594
1298467.983021,-4187.131554428167,-1533.6770718682594
1298473.165431,-4187.131554428167,-1533.6770718682594
1298479.663454,-4187.131554428167,-1533.6770718682594
1298487.198607,-4187.131554428167,-1533.6770718682594
1298494.982651,-4187.131554428167,-1533.6770718682594
1298500.593231,-4187.131554428167,-1533.6770718682594
1298508.17673,-4181.486833777003,-1530.5768666978568
1298514.682675,-4181.535495160053,-1530.6094514362235
1298522.402886,-4181.535495160053,-1530.6094514362235
1298528.662818,-4181.535495160053,-1530.6094514362235
1298535.652905,-4181.535495160053,-1530.6094514362235
1298543.566273,-4181.535495160053,-1530.6094514362235
1298552.474413,-4181.535495160053,-1530.6094514362235
1298556.582226,-4181.535495160053,-1530.6094514362235
1298563.190802,-4181.535495160053,-1530.6094514362235
1298572.843706,-4181.535495160053,-1530.6094514362235
1298577.549601,-4181.535495160053,-1530.6094514362235
1298584.184314,-4181.535495160053,-1530.6094514362235
1298591.182992,-4181.535495160053,-1530.6094514362235
1298600.242549,-4181.535495160053,-1530.6094514362235
1298605.533155,-4181.535495160053,-1530.6094514362235
1298612.558559,-4181.535495160053,-1530.6094514362235
1298620.135955,-4181.535495160053,-1530.6094514362235
1298627.290014,-4181.535495160053,-1530.6094514362235
1298633.585933,-4181.535495160053,-1530.6094514362235
1298640.562566,-4181.535495160053,-1530.6094514362235
1298654.655129,-4181.535495160053,-1530.6094514362235
1298654.658795,-4181.535495160053,-1530.6094514362235
1298661.535134,-4181.535495160053,-1530.6094514362235
1298668.147861,-4181.535495160053,-1530.6094514362235
1298675.152568,-4181.535495160053,-1530.6094514362235
1298689.676545,-4181.535495160053,-1530.6094514362235
1298689.684483,-4181.535495160053,-1530.6094514362235
1298698.295006,-4181.535495160053,-1530.6094514362235
1298703.554343,-4181.535495160053,-1530.6094514362235
1298710.186409,-4181.535495160053,-1530.6094514362235
1298718.824998,-4181.535495160053,-1530.6094514362235
1298724.959552,-4181.535495160053,-1530.6094514362235
1298731.588156,-4181.535495160053,-1530.6094514362235
1298739.027799,-4181.535495160053,-1530.6094514362235
1298745.825423,-4181.535495160053,-1530.6094514362235
1298756.17369,-4181.535495160053,-1530.6094514362235
1298761.426297,-4181.535495160053,-1530.6094514362235
1298766.567997,-4181.535495160053,-1530.6094514362235
1298774.036612,-4181.535495160053,-1530.6094514362235
1298780.579014,-4175.0357244497845,-1528.9709045476857
1298787.611193,-4175.0357244497845,-1528.9709045476857
1298795.150681,-4175.0357244497845,-1528.9709045476857
1298801.184031,-4175.0357244497845,-1528.9709045476857
1298808.184007,-4175.0357244497845,-1528.9709045476857
1298815.16075,-4175.0357244497845,-1528.9709045476857
1298822.18303,-4175.0357244497845,-1528.9709045476857
1298829.198296,-4175.0357244497845,-1528.9709045476857
1298838.111974,-4175.0357244497845,-1528.9709045476857
1298843.567936,-4175.0357244497845,-1528.9709045476857
1298851.035037,-4175.0357244497845,-1528.9709045476857
1298858.31572,-4175.0357244497845,-1528.9709045476857
1298864.968965,-4175.0357244497845,-1528.9709045476857
1298871.559538,-4175.0357244497845,-1528.9709045476857
1298879.478539,-4175.0357244497845,-1528.9709045476857
1298885.557388,-4175.0357244497845,-1528.9709045476857
1298892.939207,-4175.0357244497845,-1528.9709045476857
1298900.207542,-4175.0357244497845,-1528.9709045476857
1298906.637183,-4175.0357244497845,-1528.9709045476857
1298913.189268,-4175.0357244497845,-1528.9709045476857
1298920.186418,-4175.0357244497845,-1528.9709045476857
1298927.186568,-4175.0357244497845,-1528.9709045476857
1298941.485203,-4175.0357244497845,-1528.9709045476857
1298941.72974,-4174.535207354145,-1527.3742523259118
1298949.346983,-4168.619373265619,-1520.0613057847665
1298955.184023,-4168.612421633594,-1520.0613057847665
1298962.161011,-4168.612421633594,-1520.0613057847665
1298971.03324,-4168.612421633594,-1520.0613057847665
1298979.610231,-4168.612421633594,-1520.0613057847665
1298983.650405,-4168.612421633594,-1520.0613057847665
1298991.428494,-4168.612421633594,-1520.0613057847665
1298997.560442,-4168.612421633594,-1520.0613057847665
1299005.064476,-4168.612421633594,-1520.0613057847665
1299012.519971,-4168.612421633594,-1520.0613057847665
1299018.589201,-4168.612421633594,-1520.0613057847665
1299025.194597,-4168.612421633594,-1520.0613057847665
1299035.797393,-4168.612421633594,-1520.0613057847665
1299039.151128,-4168.612421633594,-1520.0613057847665
1299046.186838,-4168.612421633594,-1520.0613057847665
1299053.19377,-4168.612421633594,-1520.0613057847665
1299062.293141,-4168.612421633594,-1520.0613057847665
1299067.61126,-4168.612421633594,-1520.0613057847665
1299074.156028,-4168.612421633594,-1520.0613057847665
1299082.333383,-4168.612421633594,-1520.0613057847665
1299089.724626,-4168.612421633594,-1520.0613057847665
1299095.609146,-4168.612421633594,-1520.0613057847665
1299103.089488,-4168.612421633594,-1520.0613057847665
1299110.678607,-4168.612421633594,-1520.0613057847665
1299117.154848,-4168.612421633594,-1520.0613057847665
1299124.262848,-4168.612421633594,-1520.0613057847665
1299130.655327,-4168.612421633594,-1520.0613057847665
1299138.055833,-4168.612421633594,-1520.0613057847665
1299145.369566,-4168.612421633594,-1520.0613057847665
1299152.72842,-4168.612421633594,-1520.0613057847665
1299158.412923,-4168.612421633594,-1520.0613057847665
1299165.178155,-4168.612421633594,-1520.0613057847665
1299172.176682,-4168.612421633594,-1520.0613057847665
1299180.925736,-4168.612421633594,-1520.0613057847665
1299187.252988,-4168.612421633594,-1520.0613057847665
1299193.184081,-4168.612421633594,-1520.0613057847665
1299201.385325,-4168.612421633594,-1520.0613057847665
1299207.675101,-4168.612421633594,-1520.0613057847665
1299218.064207,-4166.394852805319,-1514.7499931880673
1299221.619783,-4166.394852805319,-1514.7499931880673
1299228.630757,-4166.394852805319,-1514.7499931880673
1299236.502581,-4166.394852805319,-1514.7499931880673
1299243.752996,-4166.394852805319,-1514.7499931880673
1299253.76921,-4166.394852805319,-1514.7499931880673
1299257.873242,-4166.394852805319,-1514.7499931880673
1299263.767753,-4166.394852805319,-1514.7499931880673
1299270.949205,-4166.394852805319,-1514.7499931880673
1299279.631237,-4166.394852805319,-1514.7499931880673
1299289.726311,-4166.394852805319,-1514.7499931880673
1299291.151397,-4166.394852805319,-1514.7499931880673
1299300.125155,-4166.394852805319,-1514.7499931880673
1299305.633389,-4166.394852805319,-1514.7499931880673
1299313.572096,-4166.394852805319,-1514.7499931880673
1299319.172782,-4166.394852805319,-1514.7499931880673
1299326.184322,-4166.394852805319,-1514.7499931880673
1299334.525031,-4166.394852805319,-1514.7499931880673
1299341.888467,-4166.394852805319,-1514.7499931880673
1299347.569844,-4166.394852805319,-1514.7499931880673
1299361.110248,-4166.394852805319,-1514.7499931880673
1299361.61057,-4166.394852805319,-1514.7499931880673
1299368.573689,-4162.821716822523,-1512.2130384205975
1299376.371245,-4148.612592407327,-1501.95815512931
1299382.577619,-4147.076282967545,-1498.5367573488193
1299390.042745,-4147.076282967545,-1498.5367573488193
1299397.255035,-4147.076282967545,-1498.5367573488193
1299403.174842,-4147.076282967545,-1498.5367573488193
1299412.335839,-4147.076282967545,-1498.5367573488193
1299417.175205,-4147.076282967545,-1498.5367573488193
1299429.168998,-4147.076282967545,-1498.5367573488193
1299434.692001,-4147.076282967545,-1498.5367573488193
1299438.148982,-4147.076282967545,-1498.5367573488193
1299447.888139,-4147.076282967545,-1498.5367573488193
1299452.738472,-4147.076282967545,-1498.5367573488193
1299459.638811,-4147.076282967545,-1498.5367573488193
1299467.199876,-4147.076282967545,-1498.5367573488193
1299474.338376,-4147.076282967545,-1498.5367573488193
1299480.536605,-4147.076282967545,-1498.5367573488193
1299487.632022,-4147.076282967545,-1498.5367573488193
1299494.5636,-4147.076282967545,-1498.5367573488193
1299501.555084,-4147.076282967545,-1498.5367573488193
1299508.935889,-4147.076282967545,-1498.5367573488193
1299515.563136,-4147.076282967545,-1498.5367573488193
1299522.879867,-4147.076282967545,-1498.5367573488193
1299529.185078,-4147.076282967545,-1498.5367573488193
1299536.193337,-4147.076282967545,-1498.5367573488193
1299543.199136,-4147.076282967545,-1498.5367573488193
1299550.207088,-4147.076282967545,-1498.5367573488193
1299557.147125,-4147.076282967545,-1498.5367573488193
1299567.398815,-4147.076282967545,-1498.5367573488193
1299574.836234,-4147.076282967545,-1498.5367573488193
1299578.593683,-4149.9055949231115,-1493.1509651692284
1299585.655827,-4150.85101611614,-1492.443410791595
1299592.748075,-4150.85101611614,-1492.443410791595
1299599.604104,-4150.85101611614,-1492.443410791595
1299607.199846,-4150.85101611614,-1492.443410791595
1299613.792925,-4150.85101611614,-1492.443410791595
1299621.317428,-4150.85101611614,-1492.443410791595
1299628.783451,-4150.85101611614,-1492.443410791595
1299637.627092,-4150.85101611614,-1492.443410791595
1299637.631215,-4150.85101611614,-1492.443410791595
1299641.145899,-4150.85101611614,-1492.443410791595
1299650.563151,-4155.800574134192,-1487.0436536667894
1299656.000206,-4195.661200046773,-1509.6202240977357
1299662.175049,-4193.228130799334,-1535.3109637834639
1299669.565733,-4169.029519218823,-1535.1573500170248
1299676.541927,-4139.040202812485,-1494.5800388161738
1299683.176742,-4117.156482810429,-1466.538541057536
1299690.531031,-4082.0021079264775,-1440.7453894029234
1299698.01183,-4038.8881207412287,-1404.823035845063
1299705.195043,-4033.86904644849,-1396.5930600433237
1299711.181117,-4027.084259034485,-1389.9457718101519
1299719.708215,-4040.0907521170034,-1356.6022654522421
1299727.539744,-4064.92891339204,-1327.555289346599
1299732.632603,-4088.3558944911283,-1271.0160913353598
1299740.112501,-4098.637349989459,-1190.550367451826
1299746.173653,-4091.866465840102,-1142.8695568140984
1299753.147616,-4086.1591805388252,-1099.3502821282925
1299760.173606,-4074.390076979004,-1019.3639980645173
1299767.172317,-4066.4860777141466,-973.5870560063747
1299773.617497,-4150.85101611614,-1492.443410791595
1299777.350006,-4061.758971732033,-952.2486877476337
1299781.292169,-4061.7450684844566,-952.8538334579432
1299788.172237,-4062.857328717133,-943.3064961314581
1299793.409651,-4150.85101611614,-1492.443410791595
1299796.918479,-4062.857328717133,-943.3064961314581
1299802.175572,-4069.690777501188,-925.9062290909746
1302040.858849,-4815.704609294262,-3838.714598285596
1302040.859601,-4815.704609294262,-3838.714598285596
1302046.98715,-4806.875997472025,-3670.785481922265
1302055.650223,-4809.8095837832125,-3669.007292136422
1302061.286765,-4808.850259348237,-3674.6397780763914
1302061.667443,-4808.850259348237,-3674.6397780763914
1302072.312091,-4809.1561309069,-3677.851691529941
1302075.593017,-4808.5582910451685,-3678.303221385027
1302082.213865,-4808.5582910451685,-3678.303221385027
1302089.579517,-4805.923624660658,-3681.2870424144003
1302096.188552,-4804.790509575072,-3684.6804987534883
1302103.201713,-4804.894783972044,-3686.3283499741187
1302114.288633,-4802.503424507884,-3690.5178022184914
1302117.122266,-4801.398115925308,-3696.085118714961
1302124.144902,-4801.446777307835,-3696.8485300022626
1302134.003731,-4798.172561310397,-3702.4670508486693
1302141.901688,-4795.968895760415,-3702.3553321226404
1302145.18735,-4795.315442884033,-3701.9550067014457
1302153.221097,-4795.315442884033,-3701.9550067014457
1302159.19445,-4795.315442884033,-3701.9550067014457
1302166.714548,-4795.315442884033,-3701.9550067014457
1302174.428158,-4795.315442884033,-3701.9550067014457
1302179.990125,-4795.315442884033,-3701.9550067014457
1302188.882612,-4795.315442884033,-3701.9550067014457
1302194.168327,-4795.315442884033,-3701.9550067014457
1302201.746359,-4795.315442884033,-3701.9550067014457
1302209.056495,-4794.828829042638,-3710.6457923841435
1302215.264667,-4794.745409525066,-3716.929970495772
1302222.535657,-4793.786085097999,-3718.6895403550166
1302230.106805,-4793.181293603975,-3725.0063030124466
1302236.164621,-4792.270630559407,-3725.201810776835
1302245.792248,-4792.270630559407,-3725.201810776835
1302250.165841,-4792.270630559407,-3725.201810776835
1302257.605216,-4792.270630559407,-3725.201810776835
1302264.641948,-4792.270630559407,-3725.201810776835
1302271.099655,-4792.270630559407,-3725.201810776835
1302280.413198,-4792.270630559407,-3725.201810776835
1302286.146768,-4792.270630559407,-3725.201810776835
1302293.055818,-4792.270630559407,-3725.201810776835
1302298.718335,-4794.953958318911,-3728.176321685776
1302305.715894,-4793.320326127758,-3729.5960804048796
1302313.96253,-4792.103791524261,-3731.4161645367994
1302323.269064,-4792.103791524261,-3731.4161645367994
1302327.167732,-4790.080868264872,-3732.7567891654794
1302334.524842,-4790.032206874082,-3732.5286967790316
1302341.614693,-4790.032206874082,-3732.5286967790316
1302349.365592,-4790.032206874082,-3732.5286967790316
1302355.118236,-4790.032206874082,-3732.5286967790316
1302362.660821,-4790.032206874082,-3732.5286967790316
1302369.105829,-4790.032206874082,-3732.5286967790316
1302376.545777,-4790.991531309485,-3733.7901873101864
1302386.834859,-4789.323140991244,-3746.195619891058
1302390.133921,-4789.149350332411,-3748.2344864541888
1302397.516612,-4789.149350332411,-3748.2344864541888
1302404.071943,-4789.149350332411,-3748.2344864541888
1302411.488203,-4789.149350332411,-3748.2344864541888
1302419.265186,-4789.149350332411,-3748.2344864541888
1302430.916468,-4789.149350332411,-3748.2344864541888
1302432.872965,-4789.149350332411,-3748.2344864541888
1302439.31459,-4789.149350332411,-3748.2344864541888
1302446.096686,-4789.149350332411,-3748.2344864541888
1302453.517845,-4789.149350332411,-3748.2344864541888
1302461.34187,-4789.72633531513,-3750.445586044376
1302467.092859,-4790.233804044273,-3752.0934370951313
1302474.47709,-4790.233804044273,-3752.0934370951313
1302481.097806,-4790.233804044273,-3752.0934370951313
1302488.660529,-4790.233804044273,-3752.0934370951313
1302495.183936,-4790.233804044273,-3752.0934370951313
1302504.390863,-4790.233804044273,-3752.0934370951313
1302509.096578,-4790.233804044273,-3752.0934370951313
1302516.09008,-4790.233804044273,-3752.0934370951313
1302523.074417,-4791.332161003466,-3756.985785806742
1302530.496835,-4791.332161003466,-3756.985785806742
1302540.926653,-4791.332161003466,-3756.985785806742
1302545.458613,-4792.1941626655125,-3754.877095067514
1302551.106045,-4793.355084262793,-3754.095064070782
1302558.198142,-4787.9189124731865,-3747.53624447725
1302565.674267,-4785.339859101857,-3745.497377910678
1302580.161481,-4785.339859101857,-3745.497377910678
1302580.165065,-4785.339859101857,-3745.497377910678
1302586.605868,-4785.339859101857,-3745.497377910678
1302593.202078,-4785.339859101857,-3745.497377910678
1302600.191394,-4785.339859101857,-3745.497377910678
1302609.288427,-4785.339859101857,-3745.497377910678
1302614.241043,-4780.459817422882,-3738.97579780852
1302621.236597,-4780.459817422882,-3738.97579780852
1302628.723364,-4780.459817422882,-3738.97579780852
1302635.196858,-4771.068170244001,-3734.8468601879867
1302642.585836,-4770.616314537374,-3733.6551938655343
1302649.837208,-4770.616314537374,-3733.6551938655343
1302655.712391,-4771.283670661644,-3734.1486181964083
1302665.330265,-4771.65905848258,-3735.191326239497
1302670.412806,-4771.65905848258,-3735.191326239497
1302678.969464,-4771.65905848258,-3735.191326239497
1302684.136453,-4772.694850804081,-3732.9709167067426
1302692.227354,-4769.392828301293,-3726.0117714892913
1302698.216714,-4768.287519709601,-3725.760404375953
1302705.861675,-4768.287519709601,-3725.760404375953
1302718.258212,-4768.287519709601,-3725.760404375953
1302720.374036,-4768.287519709601,-3725.760404375953
1302727.93041,-4768.287519709601,-3725.760404375953
1302733.216496,-4768.287519709601,-3725.760404375953
1302740.86414,-4768.287519709601,-3725.760404375953
1302747.23562,-4768.287519709601,-3725.760404375953
1302755.276576,-4768.287519709601,-3725.760404375953
1302761.212513,-4768.287519709601,-3725.760404375953
1302769.30382,-4768.287519709601,-3725.760404375953
1302775.2448,-4768.287519709601,-3725.760404375953
1302781.711283,-4768.287519709601,-3725.760404375953
1302800.752213,-4768.287519709601,-3725.760404375953
1302800.755858,-4768.287519709601,-3725.760404375953
1302804.038668,-4768.287519709601,-3725.760404375953
1302810.208409,-4768.287519709601,-3725.760404375953
1302817.684626,-4768.287519709601,-3725.760404375953
1302826.945485,-4768.287519709601,-3725.760404375953
1302833.131155,-4768.287519709601,-3725.760404375953
1302838.26403,-4768.287519709601,-3725.760404375953
1302846.315277,-4766.042144407574,-3730.429315859999
1302852.247488,-4764.630964264914,-3731.1182479547406
1302863.313145,-4764.630964264914,-3731.1182479547406
1302866.300652,-4764.630964264914,-3731.1182479547406
1302873.847369,-4764.630964264914,-3731.1182479547406
1302881.481203,-4764.630964264914,-3731.1182479547406
1302887.411997,-4764.630964264914,-3731.1182479547406
1302894.539423,-4764.630964264914,-3731.1182479547406
1302903.057242,-4764.630964264914,-3731.1182479547406
1302916.635405,-4764.630964264914,-3731.1182479547406
1302916.64111,-4764.630964264914,-3731.1182479547406
1304959.455478,-4863.334830196892,-3496.6259045811175
1304959.456144,-4863.334830196892,-3496.6259045811175
1304965.230623,-4863.334830196892,-3496.6259045811175
1304970.017412,-4834.383582838831,-3629.3564516918996
1304972.29191,-4832.71519252246,-3628.439427062224
1304979.280424,-4832.71519252246,-3628.439427062224
1304986.295561,-4828.989120813208,-3628.4068424320467
1305003.827944,-4828.989120813208,-3628.4068424320467
1305003.831584,-4828.989120813208,-3628.4068424320467
1305007.230469,-4828.989120813208,-3628.4068424320467
1305014.288102,-4828.989120813208,-3628.4068424320467
1305023.931666,-4828.989120813208,-3628.4068424320467
1305028.573712,-4828.989120813208,-3628.4068424320467
1305038.615682,-4828.989120813208,-3628.4068424320467
1305042.571321,-4828.989120813208,-3628.4068424320467
1305049.98871,-4828.996072436877,-3633.3085019997266
1305056.574546,-4829.003024060695,-3633.3085019997266
1305063.950098,-4829.003024060695,-3633.3085019997266
1305071.462059,-4829.003024060695,-3633.3085019997266
1305077.568284,-4829.003024060695,-3633.3085019997266
1305084.289132,-4829.003024060695,-3633.3085019997266
1305091.317587,-4829.003024060695,-3633.3085019997266
1305101.454642,-4831.352673764525,-3635.1518611450474
1305105.561668,-4831.352673764525,-3635.1518611450474
1305112.570554,-4831.352673764525,-3635.1518611450474
1305119.548765,-4831.352673764525,-3635.1518611450474
1305126.926097,-4834.23759868326,-3638.815304681536
1305133.574188,-4834.2028405565125,-3639.206320251413
1305141.812878,-4834.2028405565125,-3639.206320251413
1305147.612253,-4834.2028405565125,-3639.206320251413
1305154.640782,-4834.2028405565125,-3639.206320251413
1305162.012488,-4834.2028405565125,-3639.206320251413
1305168.199652,-4834.2028405565125,-3639.206320251413
1305180.269732,-4834.2028405565125,-3639.206320251413
1305182.762524,-4834.2028405565125,-3639.206320251413
1305189.647296,-4834.2028405565125,-3639.206320251413
1305197.14942,-4834.2028405565125,-3639.206320251413
1305207.212554,-4823.928336848677,-3634.3837948375913
1305210.461383,-4823.928336848677,-3634.3837948375913
1305217.209826,-4822.357269296746,-3634.2162167305214
1305224.20424,-4822.357269296746,-3634.211561784879
1305231.793969,-4823.330496987155,-3634.332590413267
1305240.645782,-4823.615513666298,-3636.539035443316
1305245.553767,-4829.044733819372,-3640.0302459214313
1305252.771671,-4831.561222549936,-3641.598963162306
1305259.915547,-4830.928624553375,-3641.1613981167675
1305266.594226,-4830.928624553375,-3641.1613981167675
1305275.519205,-4830.928624553375,-3641.1613981167675
1305280.572312,-4830.928624553375,-3641.1613981167675
1305287.61251,-4830.928624553375,-3641.1613981167675
1305294.577055,-4830.928624553375,-3641.1613981167675
1305302.400475,-4830.928624553375,-3641.1613981167675
1305308.573976,-4830.928624553375,-3641.1613981167675
1305315.950233,-4830.928624553375,-3641.1613981167675
1305322.620534,-4830.928624553375,-3641.1613981167675
1305329.170329,-4830.928624553375,-3641.1613981167675
1305337.666736,-4832.854225045967,-3639.6345754064164
1305343.708474,-4831.10936684396,-3639.5414764510324
1305350.615348,-4831.10936684396,-3639.5414764510324
1305358.009458,-4825.944308482766,-3638.2706758420704
1305364.622405,-4825.742711321146,-3637.940174586487
1305371.919125,-4825.742711321146,-3637.940174586487
1305379.458318,-4825.742711321146,-3637.940174586487
1305385.580215,-4825.742711321146,-3637.940174586487
1305392.972607,-4825.742711321146,-3637.940174586487
1305399.62068,-4825.638436924224,-3640.4119515984303
1305406.914911,-4830.518478606213,-3639.923182129526
1305419.494739,-4831.025947326465,-3639.8347381310928
1305423.436737,-4831.025947326465,-3639.8347381310928
1305427.55432,-4831.025947326465,-3639.8347381310928
1305434.965669,-4831.025947326465,-3639.8347381310928
1305441.599135,-4831.025947326465,-3639.8347381310928
1305449.101702,-4831.025947326465,-3639.8347381310928
1305455.199062,-4829.343653754217,-3644.396586465266
1305462.194945,-4825.471597889212,-3652.296031912172
1305470.636281,-4814.251673000127,-3658.4498720846623
1305476.564262,-4812.054959082911,-3673.5505204697597
1305483.989021,-4812.054959082911,-3673.5505204697597
1305490.899015,-4815.398691349306,-3677.535155130132
1305497.892198,-4815.940918196653,-3677.8656563655422
1305506.641951,-4817.338195090105,-3680.588800363513
1305511.580557,-4817.331243466429,-3680.621384992599
1305518.561907,-4818.012502845559,-3682.2692362228436
1305525.585651,-4818.387890666081,-3684.0334611247276
1305533.360727,-4818.387890666081,-3684.0334611247276
1305539.565108,-4818.387890666081,-3684.0334611247276
1305546.921837,-4818.387890666081,-3684.0334611247276
1305554.18587,-4818.923165897964,-3682.138897712598
1305560.552344,-4819.597473645148,-3682.7393858677224
1305569.896352,-4819.597473645148,-3682.7393858677224
1305574.209496,-4819.597473645148,-3682.7393858677224
1305582.971627,-4819.597473645148,-3682.7393858677224
1305591.152505,-4819.597473645148,-3682.7393858677224
1305595.197148,-4819.597473645148,-3682.7393858677224
1305602.22984,-4819.597473645148,-3682.7393858677224
1305613.189608,-4814.925980755631,-3684.191729317654
1305617.514848,-4814.925980755631,-3684.191729317654
1305624.551007,-4814.925980755631,-3684.191729317654
1305630.792163,-4810.358762262558,-3682.9767881618354
1305637.699142,-4810.164116724389,-3682.986098053629
1305645.116747,-4810.164116724389,-3682.986098053629
1305651.588082,-4810.164116724389,-3682.986098053629
1305658.901442,-4810.164116724389,-3682.986098053629
1305666.13895,-4810.164116724389,-3682.986098053629
1305672.589025,-4810.164116724389,-3682.986098053629
1305681.925804,-4810.164116724389,-3682.986098053629
1305686.586753,-4810.164116724389,-3682.986098053629
1305693.359932,-4810.164116724389,-3682.986098053629
1305701.122923,-4810.164116724389,-3682.986098053629
1305707.269212,-4808.071677195672,-3691.8444620862783
1305716.911143,-4808.996243503896,-3694.535021399277
1305721.620777,-4809.003195127568,-3695.4892855056487
1305728.668574,-4806.292060857611,-3703.3701105360406
1305736.02326,-4806.292060857611,-3703.3701105360406
1305742.676506,-4806.292060857611,-3703.3701105360406
1305749.679027,-4806.292060857611,-3703.3701105360406
1305757.106977,-4806.292060857611,-3703.3701105360406
1305764.735172,-4806.292060857611,-3703.3701105360406
1305770.68147,-4806.292060857611,-3703.3701105360406
1305778.093678,-4806.292060857611,-3703.3701105360406
1305784.834,-4806.292060857611,-3703.3701105360406
1305794.36547,-4806.292060857611,-3703.3701105360406
1305798.608513,-4810.087648830525,-3706.735637074973
1305805.596379,-4810.087648830525,-3706.735637074973
1305813.021693,-4807.578111730744,-3711.1671464147576
1305819.295917,-4807.578111730744,-3711.1671464147576
1305826.779352,-4807.578111730744,-3711.1671464147576
1305835.397441,-4807.578111730744,-3711.1671464147576
1305840.624051,-4807.578111730744,-3711.1671464147576
1305847.985488,-4807.578111730744,-3711.1671464147576
1305857.662241,-4807.578111730744,-3711.1671464147576
1305863.43066,-4807.578111730744,-3711.1671464147576
1305868.609959,-4807.578111730744,-3711.1671464147576
1305875.888595,-4807.578111730744,-3711.1671464147576
1305882.62821,-4807.578111730744,-3711.1671464147576
1305889.982534,-4807.578111730744,-3711.1671464147576
1305897.184225,-4807.578111730744,-3711.1671464147576
1305903.583227,-4807.578111730744,-3711.1671464147576
1305910.945647,-4807.578111730744,-3711.1671464147576
1305918.470076,-4807.578111730744,-3711.1671464147576
1305928.679363,-4807.578111730744,-3711.1671464147576
1305931.274618,-4807.578111730744,-3711.1671464147576
1305941.821749,-4807.578111730744,-3711.1671464147576
1305945.161999,-4807.578111730744,-3711.1671464147576
1305954.230303,-4807.578111730744,-3711.1671464147576
1305959.208763,-4798.7912560517,-3723.5911992257375
1305966.62694,-4795.8298632366395,-3731.4021997022282
1305974.071181,-4794.154521295059,-3730.513104890426
1305980.668176,-4791.742306951009,-3735.372869154695
1305987.996411,-4791.742306951009,-3735.372869154695
1305994.662942,-4791.742306951009,-3735.372869154695
1306001.677579,-4791.742306951009,-3735.372869154695
1306009.238076,-4790.748224388687,-3734.8282403977496
1306015.704091,-4790.748224388687,-3734.8282403977496
1306022.166,-4790.748224388687,-3734.8282403977496
1306030.062067,-4791.262644741493,-3730.3967312351497
1306036.661702,-4791.415580521038,-3729.8846870997686
1306045.062819,-4791.415580521038,-3729.8846870997686
1306050.662186,-4791.415580521038,-3729.8846870997686
1306057.642965,-4791.415580521038,-3729.8846870997686
1306065.108448,-4791.415580521038,-3729.8846870997686
1306071.200379,-4791.415580521038,-3729.8846870997686
1306078.206654,-4791.415580521038,-3729.8846870997686
1306085.661598,-4788.287348670296,-3728.4509635342383
1306092.774977,-4788.287348670296,-3728.4509635342383
1306100.221586,-4788.287348670296,-3728.4509635342383
1306107.411205,-4788.287348670296,-3728.4509635342383
1306113.669838,-4788.287348670296,-3728.4509635342383
1306121.070527,-4788.287348670296,-3728.4509635342383
1306128.657449,-4788.287348670296,-3728.4509635342383
1306134.595247,-4788.287348670296,-3728.4509635342383
1306142.174898,-4788.287348670296,-3728.4509635342383
1306149.876298,-4788.287348670296,-3728.4509635342383
1306155.66524,-4788.287348670296,-3728.4509635342383
1306163.598455,-4788.287348670296,-3728.4509635342383
1306169.829253,-4791.0958057063435,-3731.9561383519294
1306176.620067,-4791.561564668357,-3732.3238791282624
1306183.954746,-4791.561564668357,-3732.3238791282624
1306193.023525,-4788.60017185279,-3737.6351731929853
1306197.163129,-4788.60017185279,-3737.6351731929853
1306204.236234,-4788.60017185279,-3737.6351731929853
1306211.20754,-4788.60017185279,-3737.6351731929853
1306218.175075,-4788.60017185279,-3737.6351731929853
1306230.786818,-4788.60017185279,-3737.6351731929853
1306232.568396,-4788.60017185279,-3737.6351731929853
1306239.951473,-4788.60017185279,-3737.6351731929853
1306246.835112,-4788.60017185279,-3737.6351731929853
1306254.104149,-4769.0243921040155,-3759.6763448435568
1306261.152029,-4766.8902428227775,-3759.2387798779996
1306267.623419,-4766.8902428227775,-3759.22016008902
1306275.073646,-4766.8902428227775,-3759.22016008902
1306282.630981,-4766.8902428227775,-3759.22016008902
1306288.63237,-4766.8902428227775,-3759.22016008902
1306295.65362,-4766.8902428227775,-3759.22016008902
1306302.649536,-4766.8902428227775,-3759.22016008902
1306309.634682,-4766.8902428227775,-3759.22016008902
1306316.265202,-4766.8902428227775,-3759.22016008902
1306323.163922,-4769.260747401258,-3757.7817816453908
1306331.240372,-4775.892598917822,-3760.4304461653724
1306338.373014,-4776.740697332827,-3760.9611100546904
1306344.790473,-4776.740697332827,-3760.9611100546904
1306352.112166,-4776.740697332827,-3760.9611100546904
1306359.607345,-4776.740697332827,-3760.9611100546904
1306374.231371,-4776.740697332827,-3760.9611100546904
1306374.234892,-4776.740697332827,-3760.9611100546904
1306379.742745,-4776.740697332827,-3760.9611100546904
1306386.71091,-4776.740697332827,-3760.9611100546904
1306394.347512,-4773.73759475749,-3753.122180262123
1306400.736348,-4773.73759475749,-3753.122180262123
1306408.347347,-4773.73759475749,-3753.122180262123
1306415.584263,-4773.73759475749,-3753.122180262123
1306421.688385,-4773.73759475749,-3753.122180262123
1306429.145146,-4773.73759475749,-3753.122180262123
1306435.199062,-4773.73759475749,-3753.122180262123
1306442.812476,-4773.73759475749,-3753.122180262123
1306450.140222,-4773.73759475749,-3753.122180262123
1306457.785953,-4773.73759475749,-3753.122180262123
1306463.229159,-4773.73759475749,-3753.122180262123
1306471.845729,-4773.73759475749,-3753.122180262123
1306480.555676,-4773.73759475749,-3753.122180262123
1306484.175397,-4773.73759475749,-3753.122180262123
1306492.41158,-4773.73759475749,-3753.122180262123
1306498.681868,-4773.73759475749,-3753.122180262123
1306509.1007,-4773.73759475749,-3753.122180262123
1306513.097507,-4773.73759475749,-3753.122180262123
1306519.83211,-4773.73759475749,-3753.122180262123
1306527.232433,-4773.73759475749,-3753.122180262123
1306533.742692,-4773.73759475749,-3753.122180262123
1306540.729387,-4773.73759475749,-3753.122180262123
1306549.985671,-4773.73759475749,-3753.122180262123
1306554.156298,-4773.73759475749,-3753.122180262123
1306561.9801,-4773.73759475749,-3753.122180262123
1306568.18817,-4773.73759475749,-3753.122180262123
1306575.188153,-4773.73759475749,-3753.122180262123
1306584.084983,-4773.73759475749,-3753.122180262123
1306589.741305,-4757.408224499417,-3743.7284982343494
1306597.295478,-4745.576556473878,-3742.131851566352
1306604.377477,-4743.324229538568,-3742.574071486573
1306612.224586,-4742.114646557468,-3743.6028146701656
1306619.948418,-4742.114646557468,-3743.6028146701656
1306624.188268,-4742.114646557468,-3743.6028146701656
1306634.21386,-4746.070121947778,-3746.2002748347077
1306638.717707,-4744.019392174656,-3749.4494274951203
1306646.986055,-4744.019392174656,-3749.4494274951203
1306651.020779,-4736.052828395256,-3744.012449965093
1306652.216727,-4736.052828395256,-3744.012449965093
1306659.738507,-4736.052828395256,-3744.012449965093
1309357.151905,-4181.956441371617,-4043.818890590818
1309357.152646,-4181.956441371617,-4043.818890590818
1309365.821149,-4612.883912747338,-3698.612754863312
1368609.164133,-3065.104279801951,-1341.2455389860172
1368609.164817,-3065.104279801951,-1341.2455389860172
1368615.627996,-3095.663630162153,-1326.9780737790898
1368622.622266,-3100.536720385664,-1323.9430370971456
1368630.590104,-3100.536720385664,-1323.9430370971456
1368647.014499,-3100.536720385664,-1323.9430370971456
1368647.018106,-3108.1348482085596,-1318.408284571816
1368651.149106,-3146.952730896992,-1305.9097053179953
1368658.530317,-3170.0668891881555,-1364.6739730001482
1368664.991668,-3175.8019810872884,-1424.881273939739
1368672.344107,-3188.1897796063536,-1449.8970473685924
1368679.784707,-3226.6948390455473,-1496.7911462348163
1368685.964029,-3255.9611868000457,-1559.563319011348
1368693.205519,-3291.609127693237,-1620.1895480840744
1368719.545082,-3564.7107272371177,-1592.1713306814818
1368719.545703,-3564.7107272371177,-1592.1713306814818
1368721.333613,-3591.849877107185,-1596.384071543431
1368742.704997,-3648.060728972529,-1638.2601106265095
1368742.708625,-3740.6146840566366,-1701.0834740098942
1368743.194635,-3801.983642619836,-1739.6731036005497
1368758.802738,-3830.123826586962,-1783.4576672211194
1368758.876945,-3831.1596189292045,-1786.6090757294126
1368763.292853,-3831.1596189292045,-1786.6090757294126
1368770.278476,-3831.1596189292045,-1786.6090757294126
1368786.760943,-3836.1995481215927,-1797.8461511592286
1368786.76583,-3854.572696879484,-1850.5356500676198
1368790.249624,-3891.2842362486235,-1919.1870022736134
1368790.250202,-3891.2842362486235,-1919.1870022736134
1368794.330679,-3912.375470933594,-1955.8029157464039
1368806.749857,-3985.298032457876,-1978.0350025235193
1368808.385988,-4039.4512024858154,-1944.007247944017
1368817.648841,-4087.8345225064513,-1915.0906375599766
1368822.479176,-4161.500907803586,-1875.1883198377077
1368829.335931,-4178.775699469095,-1865.6037566871667
1368839.693017,-4178.775699469095,-1865.6037566871667
1368844.269104,-4179.498668617326,-1865.0358515355977
1368855.45823,-4216.960983399589,-1841.1326299893233
1368857.343875,-4227.430132787677,-1788.4431303019142
1368864.311388,-4327.56135958857,-1710.0582397023038
1368872.459588,-4406.900271651654,-1706.2178965146768
1368878.667492,-4488.289913354227,-1685.1402307049646
1368894.593254,-4580.155655841427,-1664.8399428170594
1368894.597082,-4583.0753389122365,-1664.6397794596269
1368899.747238,-4583.0753389122365,-1664.6397794596269
1368906.716368,-4584.7715357499455,-1664.3278970170059
1368914.170086,-4580.642269685104,-1641.169461838899
1368922.180956,-4525.578437227641,-1647.2116023967353
1368928.094747,-4414.164721225374,-1683.5389239157964
1368934.388329,-4342.688098636226,-1670.3281427045304
1368941.376849,-4299.866079998676,-1644.2929412923525
1368956.736016,-4295.236296805381,-1640.3036389245026
1368956.739684,-4291.357289269987,-1636.6494937884831
1368962.95972,-4260.2487610882135,-1606.9229060071607
1368969.383999,-4210.815745648261,-1547.6698896457297
1368979.368405,-4205.671542095192,-1541.1762167665463
1368983.313973,-4202.75185900045,-1538.6578819594797
1368998.601484,-4173.332575981653,-1524.3252517070475
1368998.605214,-4148.987980233418,-1504.2670167528208
1369004.693578,-4147.952187897819,-1484.115681892646
1369012.15806,-4156.308042862051,-1479.9867296244686
1369018.735402,-4171.55991124229,-1484.3903247103126
1369033.28356,-4176.488614378369,-1487.895511905525
1369034.598638,-4176.488614378369,-1487.895511905525
1369039.738297,-4176.488614378369,-1487.895511905525
1369053.425295,-4176.488614378369,-1487.895511905525
1369053.805932,-4176.488614378369,-1487.895511905525
1369060.653566,-4176.488614378369,-1487.895511905525
1369069.449469,-4176.488614378369,-1487.895511905525
1369074.700291,-4176.488614378369,-1487.895511905525
1369082.05682,-4176.488614378369,-1487.895511905525
1369088.316114,-4176.488614378369,-1487.895511905525
1369097.784578,-4176.488614378369,-1487.895511905525
1369102.27836,-4176.488614378369,-1487.895511905525
1369111.083794,-4176.488614378369,-1487.895511905525
1369116.710728,-4176.488614378369,-1487.895511905525
1369130.742624,-4176.488614378369,-1487.895511905525
1369131.910041,-4176.488614378369,-1487.895511905525
1369137.769873,-4176.488614378369,-1487.895511905525
1369145.216497,-4176.488614378369,-1487.895511905525
1369151.744027,-4176.488614378369,-1487.895511905525
1369167.413356,-4176.488614378369,-1487.895511905525
1369167.417056,-4176.488614378369,-1487.895511905525
1369171.79489,-4176.488614378369,-1487.895511905525
1369171.795416,-4176.488614378369,-1487.895511905525
1369175.287369,-4176.488614378369,-1487.895511905525
1369184.04594,-4176.488614378369,-1487.895511905525
1369190.132033,-4176.488614378369,-1487.895511905525
1369199.769864,-4176.488614378369,-1487.895511905525
1369204.262256,-4176.488614378369,-1487.895511905525
1369210.67238,-4176.488614378369,-1487.895511905525
1369218.398402,-4176.488614378369,-1487.895511905525
1369224.314984,-4176.488614378369,-1487.895511905525
1369234.114864,-4176.488614378369,-1487.895511905525
1369238.323253,-4176.488614378369,-1487.895511905525
1369245.313533,-4176.488614378369,-1487.895511905525
1369252.287848,-4176.488614378369,-1487.895511905525
1369259.590459,-4176.488614378369,-1487.895511905525
1369270.460355,-4176.488614378369,-1487.895511905525
1369273.345539,-4176.488614378369,-1487.895511905525
1369282.655695,-4176.488614378369,-1487.895511905525
1369287.827727,-4176.488614378369,-1487.895511905525
1369295.047413,-4176.488614378369,-1487.895511905525
1369308.505735,-4176.488614378369,-1487.895511905525
1369309.829376,-4176.488614378369,-1487.895511905525
1369315.473498,-4176.488614378369,-1487.895511905525
1369322.323453,-4176.488614378369,-1487.895511905525
1369329.286384,-4176.488614378369,-1487.895511905525
1369345.540417,-4176.488614378369,-1487.895511905525
1369345.544194,-4176.488614378369,-1487.895511905525
1369350.463087,-4176.488614378369,-1487.895511905525
1369359.679079,-4176.488614378369,-1487.895511905525
1369364.743297,-4176.488614378369,-1487.895511905525
1369372.263685,-4176.488614378369,-1487.895511905525
1369379.301301,-4176.488614378369,-1487.895511905525
1369386.250749,-4176.488614378369,-1487.895511905525
1369392.775124,-4176.488614378369,-1487.895511905525
1369399.775293,-4176.488614378369,-1487.895511905525
1369406.731663,-4176.488614378369,-1487.895511905525
1369421.337496,-4176.488614378369,-1487.895511905525
1369421.347993,-4176.488614378369,-1487.895511905525
1369428.272134,-4176.488614378369,-1487.895511905525
1369436.049825,-4178.7270380858945,-1488.4447975493483
1369441.525008,-4178.7270380858945,-1488.4447975493483
1369450.46584,-4178.7270380858945,-1488.4447975493483
1369461.505862,-4178.7270380858945,-1488.4447975493483
1369463.448735,-4178.7270380858945,-1488.4447975493483
1369469.323763,-4178.7270380858945,-1488.4447975493483
1369476.325622,-4178.7270380858945,-1488.4447975493483
1369488.103896,-4178.7270380858945,-1488.4447975493483
1369493.32446,-4178.7270380858945,-1488.4447975493483
1369497.739785,-4178.7270380858945,-1488.4447975493483
1369505.139445,-4178.7270380858945,-1488.4447975493483
1369512.799288,-4178.7270380858945,-1488.4447975493483
1369520.614802,-4178.7270380858945,-1488.4447975493483
1369525.748671,-4178.7270380858945,-1488.4447975493483
1369534.152837,-4178.7270380858945,-1488.4447975493483
1369539.755311,-4178.7270380858945,-1488.4447975493483
1369547.135435,-4178.7270380858945,-1488.4447975493483
1369554.662586,-4178.7270380858945,-1488.4447975493483
1369560.759888,-4181.034978056229,-1492.8437376045833
1369568.22749,-4180.833380891565,-1492.7971879809727
1369574.751397,-4184.149306693165,-1497.456805946863
1369587.221483,-4190.099898915295,-1505.4586872552297
1369588.278131,-4190.099898915295,-1505.4586872552297
1369595.326567,-4190.099898915295,-1505.4586872552297
1369603.843196,-4190.099898915295,-1505.4586872552297
1369609.707103,-4190.099898915295,-1505.4586872552297
1369617.152785,-4190.099898915295,-1505.4586872552297
1369628.577802,-4190.099898915295,-1505.4586872552297
1369630.978042,-4190.099898915295,-1505.4586872552297
1369641.611373,-4190.099898915295,-1505.4586872552297
1369646.037695,-4190.099898915295,-1505.4586872552297
1369651.982245,-4190.099898915295,-1505.4586872552297
1369658.774465,-4190.099898915295,-1505.4586872552297
1369666.729163,-4190.099898915295,-1505.4586872552297
1369672.788672,-4190.099898915295,-1505.4586872552297
1369679.853888,-4190.099898915295,-1505.4586872552297
1369686.800772,-4190.099898915295,-1505.4586872552297
1369694.178074,-4190.099898915295,-1505.4586872552297
1369701.835541,-4190.099898915295,-1505.4586872552297
1369707.795348,-4190.099898915295,-1505.4586872552297
1369714.324907,-4190.099898915295,-1505.4586872552297
1369731.387296,-4190.099898915295,-1505.4586872552297
1369731.394869,-4190.099898915295,-1505.4586872552297
1369735.74257,-4190.099898915295,-1505.4586872552297
1369743.938012,-4190.099898915295,-1505.4586872552297
1369749.749377,-4190.099898915295,-1505.4586872552297
1369757.486475,-4190.099898915295,-1505.4586872552297
1369763.288424,-4190.099898915295,-1505.4586872552297
1369771.894205,-4190.099898915295,-1505.4586872552297
1369777.80326,-4190.099898915295,-1505.4586872552297
1369784.7014,-4190.099898915295,-1505.4586872552297
1369792.142404,-4190.099898915295,-1505.4586872552297
1369802.939648,-4190.099898915295,-1505.4586872552297
1369805.72732,-4190.099898915295,-1505.4586872552297
1369812.727181,-4190.099898915295,-1505.4586872552297
1369820.681856,-4190.099898915295,-1505.4586872552297
1369826.730724,-4190.099898915295,-1505.4586872552297
1369834.406632,-4190.099898915295,-1505.4586872552297
1369840.313886,-4190.099898915295,-1505.4586872552297
1369848.739902,-4190.099898915295,-1505.4586872552297
1369854.719327,-4190.099898915295,-1505.4586872552297
1369861.70464,-4190.099898915295,-1505.4586872552297
1369870.777191,-4190.099898915295,-1505.4586872552297
1369875.359444,-4191.080078234935,-1506.1476217738216
1369882.315551,-4199.220432779604,-1513.3674692207253
1369889.313435,-4198.275011587519,-1515.7275353838309
1369896.313635,-4198.275011587519,-1515.7275353838309
1369907.39395,-4198.275011587519,-1515.7275353838309
1369910.317613,-4198.275011587519,-1515.7275353838309
1369915.256891,-4198.275011587519,-1515.7275353838309
1369917.31362,-4198.275011587519,-1515.7275353838309
1369924.285474,-4198.275011587519,-1515.7275353838309
1369941.452442,-4193.83987392519,-1521.3460755122728
1369941.456139,-4194.771391869821,-1521.904671048901
1369945.314616,-4194.771391869821,-1521.904671048901
1369952.312914,-4194.771391869821,-1521.904671048901
1369959.314826,-4194.771391869821,-1521.904671048901
1369967.503549,-4194.771391869821,-1521.904671048901
1369979.679382,-4194.771391869821,-1521.904671048901
1369980.886616,-4194.771391869821,-1521.904671048901
1369987.313301,-4194.771391869821,-1521.904671048901
1369994.314764,-4194.771391869821,-1521.904671048901
1370003.743714,-4194.771391869821,-1521.904671048901
1370016.923275,-4194.771391869821,-1521.904671048901
1370016.926895,-4194.771391869821,-1521.904671048901
1370022.747531,-4194.771391869821,-1521.904671048901
1370030.020846,-4188.049169116989,-1525.1445251589882
1370036.700743,-4187.041183285703,-1525.3539984826004
1370044.524505,-4187.041183285703,-1525.3539984826004
1370053.284509,-4187.041183285703,-1525.3539984826004
1370058.204082,-4187.041183285703,-1525.3539984826004
1370064.314628,-4187.041183285703,-1525.3539984826004
1370071.333961,-4187.041183285703,-1525.3539984826004
1370078.341981,-4187.041183285703,-1525.3539984826004
1370086.530395,-4187.041183285703,-1525.3539984826004
1370092.732545,-4187.041183285703,-1525.3539984826004
1370099.784379,-4187.041183285703,-1525.3539984826004
1370109.993823,-4187.041183285703,-1525.3539984826004
1370113.700657,-4187.041183285703,-1525.3539984826004
1370120.842574,-4187.041183285703,-1525.3539984826004
1370127.766894,-4187.041183285703,-1525.3539984826004
1370134.798555,-4187.041183285703,-1525.3539984826004
1370146.253843,-4187.041183285703,-1525.3539984826004
1370148.967199,-4187.041183285703,-1525.3539984826004
1370156.759798,-4187.041183285703,-1525.3539984826004
1370162.722033,-4187.041183285703,-1525.3539984826004
1370169.769526,-4187.041183285703,-1525.3539984826004
1370183.805847,-4187.041183285703,-1525.3539984826004
1370184.854061,-4182.112480150552,-1523.9016500878636
1370190.757524,-4174.625578496631,-1517.058854753721
1370198.24061,-4174.625578496631,-1517.058854753721
1370204.316649,-4174.625578496631,-1517.058854753721
1370211.314759,-4174.625578496631,-1517.058854753721
1370222.844633,-4174.625578496631,-1517.058854753721
1370225.795329,-4174.625578496631,-1517.058854753721
1370233.114086,-4174.625578496631,-1517.058854753721
1370240.584693,-4174.625578496631,-1517.058854753721
1370258.578147,-4169.008664347501,-1513.8050357297652
1370258.57877,-4169.008664347501,-1513.8050357297652
1370260.207586,-4169.008664347501,-1513.8050357297652
1370267.231999,-4169.008664347501,-1513.8050357297652
1370274.233317,-4169.008664347501,-1513.8050357297652
1370290.499435,-4169.008664347501,-1513.8050357297652
1370290.503105,-4169.008664347501,-1513.8050357297652
1370295.651362,-4169.008664347501,-1513.8050357297652
1370303.174083,-4169.008664347501,-1513.8050357297652
1370309.691715,-4169.008664347501,-1513.8050357297652
1370321.375023,-4169.008664347501,-1513.8050357297652
1370324.613121,-4169.008664347501,-1513.8050357297652
1370330.288325,-4169.008664347501,-1513.8050357297652
1370338.729056,-4169.008664347501,-1513.8050357297652
1370344.688728,-4169.008664347501,-1513.8050357297652
1370358.810741,-4169.008664347501,-1513.8050357297652
1370359.273327,-4169.008664347501,-1513.8050357297652
1370365.811677,-4169.008664347501,-1513.8050357297652
1370372.692445,-4169.008664347501,-1513.8050357297652
1370380.211291,-4169.008664347501,-1513.8050357297652
1370386.237608,-4169.008664347501,-1513.8050357297652
1370397.13172,-4169.008664347501,-1513.8050357297652
1370400.721264,-4169.008664347501,-1513.8050357297652
1370407.691572,-4169.008664347501,-1513.8050357297652
1370415.748038,-4169.008664347501,-1513.8050357297652
1370432.823474,-4169.008664347501,-1513.8050357297652
1370432.834972,-4169.008664347501,-1513.8050357297652
1370437.541354,-4169.008664347501,-1513.8050357297652
1370440.981737,-4169.008664347501,-1513.8050357297652
1370440.982357,-4169.008664347501,-1513.8050357297652
1370442.185742,-4169.008664347501,-1513.8050357297652
1370451.24371,-4169.008664347501,-1513.8050357297652
1370466.41404,-4169.008664347501,-1513.8050357297652
1370466.417628,-4169.008664347501,-1513.8050357297652
1370470.635754,-4169.008664347501,-1513.8050357297652
1370477.584387,-4168.577663506329,-1513.1998905532964
1370484.621289,-4161.153326481088,-1505.351623115891
1370495.443196,-4161.153326481088,-1505.351623115891
1370498.772517,-4161.153326481088,-1505.351623115891
1370506.010085,-4161.153326481088,-1505.351623115891
1370512.606248,-4161.153326481088,-1505.351623115891
1370519.846623,-4161.153326481088,-1505.351623115891
1370532.503225,-4161.153326481088,-1505.351623115891
1370533.607356,-4161.153326481088,-1505.351623115891
1370541.134894,-4161.153326481088,-1505.351623115891
1370551.701492,-4161.153326481088,-1505.351623115891
1370554.61927,-4161.153326481088,-1505.351623115891
1370566.138787,-4161.153326481088,-1505.351623115891
1370568.197238,-4161.153326481088,-1505.351623115891
1370578.164887,-4161.153326481088,-1505.351623115891
1370582.631682,-4161.153326481088,-1505.351623115891
1370589.559849,-4161.153326481088,-1505.351623115891
1370601.693019,-4161.153326481088,-1505.351623115891
1370603.625901,-4161.153326481088,-1505.351623115891
1370610.701143,-4161.153326481088,-1505.351623115891
1370618.170705,-4158.052901098621,-1504.8581970427676
1370624.611668,-4152.568067841007,-1501.3855946811084
1370631.698977,-4150.565999432742,-1499.3327560150472
1370639.207929,-4150.565999432742,-1499.3327560150472
1370645.631948,-4150.565999432742,-1499.3327560150472
1370652.843524,-4150.565999432742,-1499.3327560150472
1370660.527899,-4150.565999432742,-1499.3327560150472
1370673.665414,-4150.565999432742,-1499.3327560150472
1370673.96391,-4150.565999432742,-1499.3327560150472
1370681.293505,-4150.565999432742,-1499.3327560150472
1370687.184828,-4150.565999432742,-1499.3327560150472
1370695.70471,-4150.565999432742,-1499.3327560150472
1370703.164883,-4150.565999432742,-1499.3327560150472
1370714.802299,-4150.565999432742,-1499.3327560150472
1370716.172179,-4150.565999432742,-1499.3327560150472
1370722.543927,-4150.565999432742,-1499.3327560150472
1370729.620131,-4150.565999432742,-1499.3327560150472
1370737.224157,-4150.565999432742,-1499.3327560150472
1370750.631739,-4150.565999432742,-1499.3327560150472
1370751.179859,-4150.565999432742,-1499.3327560150472
1370755.431592,-4150.565999432742,-1499.3327560150472
1370755.432284,-4150.565999432742,-1499.3327560150472
1370757.244854,-4150.565999432742,-1499.3327560150472
1370766.220065,-4150.565999432742,-1499.3327560150472
1370771.684035,-4150.565999432742,-1499.3327560150472
1370784.792553,-4150.565999432742,-1499.3327560150472
1370786.805076,-4150.565999432742,-1499.3327560150472
1370792.827957,-4150.565999432742,-1499.3327560150472
1370800.192459,-4150.565999432742,-1499.3327560150472
1370806.472715,-4150.565999432742,-1499.3327560150472
1370815.031441,-4150.565999432742,-1499.3327560150472
1370820.683565,-4150.565999432742,-1499.3327560150472
1370827.709592,-4150.565999432742,-1499.3327560150472
1370835.284955,-4150.565999432742,-1499.3327560150472
1370847.88214,-4149.377271315459,-1495.1200145202754
1370848.864706,-4149.161770894713,-1494.6731380746219
1370856.092707,-4149.161770894713,-1494.6731380746219
1370863.950735,-4149.161770894713,-1494.6731380746219
1370869.712482,-4149.161770894713,-1494.6731380746219
1370886.632693,-4149.161770894713,-1494.6731380746219
1370886.639675,-4149.161770894713,-1494.6731380746219
1370890.71276,-4149.161770894713,-1494.6731380746219
1370898.112765,-4149.161770894713,-1494.6731380746219
1370904.836062,-4149.161770894713,-1494.6731380746219
1370915.450645,-4149.161770894713,-1494.6731380746219
1370918.716672,-4149.161770894713,-1494.6731380746219
1370925.6652,-4149.161770894713,-1494.6731380746219
1370932.240971,-4149.161770894713,-1494.6731380746219
1370939.27331,-4149.161770894713,-1494.6731380746219
1370948.731138,-4149.161770894713,-1494.6731380746219
1370954.582971,-4149.161770894713,-1494.6731380746219
1370960.738932,-4149.161770894713,-1494.6731380746219
1370968.62904,-4149.161770894713,-1494.6731380746219
1370975.783687,-4149.161770894713,-1494.6731380746219
1370981.900723,-4149.161770894713,-1494.6731380746219
1370994.148072,-4149.161770894713,-1494.6731380746219
1371000.23537,-4149.161770894713,-1494.6731380746219
1371002.754553,-4149.161770894713,-1494.6731380746219
1371014.191813,-4149.161770894713,-1494.6731380746219
1371034.957976,-4149.161770894713,-1494.6731380746219
1371034.958631,-4149.161770894713,-1494.6731380746219
1371036.191707,-4149.161770894713,-1494.6731380746219
1371045.243475,-4149.161770894713,-1494.6731380746219
1371055.391968,-4146.179523157529,-1495.7111948185131
1371057.248357,-4146.179523157529,-1495.7111948185131
1371066.964659,-4146.179523157529,-1495.7111948185131
1371071.640843,-4145.651199549689,-1496.6468423818599
1371079.233056,-4145.2688600915435,-1497.2240577968091
1371091.858032,-4145.2688600915435,-1497.2240577968091
1371094.373382,-4145.2688600915435,-1497.2240577968091
1371094.37394,-4145.2688600915435,-1497.2240577968091
1371097.237028,-4145.2688600915435,-1497.2240577968091
1371105.340815,-4145.2688600915435,-1497.2240577968091
1371111.725223,-4145.2688600915435,-1497.2240577968091
1371120.014215,-4145.2688600915435,-1497.2240577968091
1371125.674176,-4145.2688600915435,-1497.2240577968091
1371140.753871,-4145.2688600915435,-1497.2240577968091
1371141.172567,-4145.2688600915435,-1497.2240577968091
1371152.393688,-4145.2688600915435,-1497.2240577968091
1371152.394249,-4145.2688600915435,-1497.2240577968091
1371153.752095,-4145.2688600915435,-1497.2240577968091
1371160.773784,-4145.2688600915435,-1497.2240577968091
1371167.772305,-4145.2688600915435,-1497.2240577968091
1371176.892255,-4145.2688600915435,-1497.2240577968091
1371181.851305,-4145.2688600915435,-1497.2240577968091
1371188.849903,-4145.2688600915435,-1497.2240577968091
1371195.851359,-4145.081166182682,-1490.0740346079162
1371202.849936,-4145.0533596791765,-1490.0740346079162
1371212.036754,-4145.0533596791765,-1490.0740346079162
1371217.185258,-4145.0533596791765,-1490.0740346079162
1371224.160397,-4145.0533596791765,-1490.0740346079162
1371231.499331,-4145.0533596791765,-1490.0740346079162
1371239.14264,-4145.0533596791765,-1490.0740346079162
1371244.864538,-4145.0533596791765,-1490.0740346079162
1371244.865102,-4145.0533596791765,-1490.0740346079162
1371246.603466,-4145.0533596791765,-1490.0740346079162
1371254.181086,-4145.0533596791765,-1490.0740346079162
1371260.631965,-4145.0533596791765,-1490.0740346079162
1371270.164919,-4145.0533596791765,-1490.0740346079162
1371274.603852,-4145.0533596791765,-1490.0740346079162
1371281.603331,-4145.0533596791765,-1490.0740346079162
1371289.695136,-4145.0533596791765,-1490.0740346079162
1371296.105832,-4145.0533596791765,-1490.0740346079162
1371302.605087,-4145.0533596791765,-1490.0740346079162
1371310.316782,-4145.0533596791765,-1490.0740346079162
1371316.652999,-4145.0533596791765,-1490.0740346079162
1371325.640973,-4145.0533596791765,-1490.0740346079162
1371330.710563,-4145.0533596791765,-1490.0740346079162
1371341.808551,-4145.0533596791765,-1490.0740346079162
1371344.711163,-4145.0533596791765,-1490.0740346079162
1371351.650732,-4145.0533596791765,-1490.0740346079162
1371358.720317,-4145.0533596791765,-1490.0740346079162
1371367.758316,-4145.0533596791765,-1490.0740346079162
1371375.040688,-4145.0533596791765,-1490.0740346079162
1371380.204791,-4145.0533596791765,-1490.0740346079162
1371387.517015,-4145.0533596791765,-1490.0740346079162
1371394.028347,-4145.0533596791765,-1490.0740346079162
1371406.197541,-4145.0533596791765,-1490.0740346079162
1371410.410767,-4148.6960119260875,-1488.3237684986475
1371415.114093,-4150.503434793564,-1487.127443003519
1371421.628801,-4150.503434793564,-1487.127443003519
1371431.763884,-4150.503434793564,-1487.127443003519
1371436.161605,-4150.503434793564,-1487.127443003519
1371443.071728,-4150.503434793564,-1487.127443003519
1371453.526453,-4155.348718413179,-1482.0674981312845
1371458.13007,-4155.348718413179,-1482.0674981312845
1371465.810622,-4155.348718413179,-1482.0674981312845
1371472.779322,-4157.128334777057,-1479.2698653095902
1371478.095619,-4157.385544956918,-1478.366802461961
1371485.769,-4158.442192172191,-1473.8142485123835
1371492.090473,-4158.442192172191,-1473.8142485123835
1371506.189751,-4158.442192172191,-1473.8142485123835
1371507.945968,-4158.442192172191,-1473.8142485123835
1371513.178176,-4158.442192172191,-1473.8142485123835
1371520.363701,-4158.442192172191,-1473.8142485123835
1371527.114157,-4158.442192172191,-1473.8142485123835
1371539.298062,-4158.442192172191,-1473.8142485123835
1371541.007619,-4167.083063826469,-1486.117316013
1371550.716306,-4190.169415178045,-1508.5961322599092
1371550.724494,-4190.169415178045,-1508.5961322599092
1371554.643163,-4195.68205492648,-1525.754325285635
1371563.721696,-4152.018889353808,-1510.341743350084
1373635.110571,-4095.196294903703,-3811.9513909164216
1373635.112179,-4095.196294903703,-3811.9513909164216
1373641.905019,-4096.628329946662,-3828.0854336457346
1373648.993537,-4084.9148394046583,-3870.0311498780297
1373655.8987,-4070.9837800188984,-3905.9766388279886
1373663.822221,-4060.6467115077294,-3953.5408685470106
1373669.982311,-4043.2050807630108,-4000.9654463756706
1373677.052116,-4020.223003732781,-4064.067872857776
1373684.399897,-4015.6835916640466,-4089.223190731354
1373691.258689,-4008.620739195419,-4100.3345419664
1373697.620797,-4003.8936332078474,-4106.446483299019
1373705.782705,-4003.608616523457,-4107.042316110869
1373711.987767,-3996.4067315269504,-4125.5922671594435
1373740.6704,-4057.066623885212,-4171.448116231299
1373740.670975,-4057.066623885212,-4171.448116231299
1373750.777946,-4132.901916675051,-4196.612739738419
1373750.778591,-4132.901916675051,-4196.612739738419
1373753.349158,-4163.009410739567,-4210.098110078658
1373766.682812,-4249.119207199059,-4233.596262492061
1373767.385678,-4302.549407787889,-4240.681085606598
1373786.327847,-4359.309437361217,-4245.457056997593
1373786.333868,-4472.704367013039,-4219.212488636795
1373790.133327,-4542.52650232596,-4189.900311585075
1373790.133993,-4542.52650232596,-4189.900311585075
1373947.43159,-4819.472344377191,-3686.267835664472
1373947.43224,-4819.472344377191,-3686.267835664472
1373952.869493,-4812.993428638394,-3707.098722932443
1373962.324632,-4808.898920730609,-3724.233581869329
1373963.30423,-4808.898920730609,-3724.233581869329
1373970.084101,-4801.349454542931,-3730.8901555674242
1373977.534674,-4801.794358625406,-3730.2617377775778
1373981.83831,-4804.34560548438,-3730.755162122956
1373994.369836,-4804.34560548438,-3730.755162122956
1373995.841843,-4804.34560548438,-3730.755162122956
1374002.813236,-4804.34560548438,-3730.755162122956
1374010.655123,-4804.34560548438,-3730.755162122956
1374016.874486,-4804.34560548438,-3730.755162122956
1374023.821105,-4801.37030942221,-3732.0399273925495
1374031.190585,-4801.37030942221,-3732.0399273925495
1374037.94395,-4801.37030942221,-3732.0399273925495
1374045.684401,-4801.37030942221,-3732.0399273925495
1374051.816712,-4801.37030942221,-3732.0399273925495
1374058.902279,-4801.37030942221,-3732.0399273925495
1374066.118888,-4801.37030942221,-3732.0399273925495
1374072.405381,-4801.37030942221,-3732.0399273925495
1374079.457531,-4801.37030942221,-3732.0399273925495
1374089.36062,-4801.37030942221,-3732.0399273925495
1374093.437754,-4801.37030942221,-3732.0399273925495
1374100.81827,-4801.37030942221,-3732.0399273925495
1374108.294534,-4801.37030942221,-3732.0399273925495
1374117.362869,-4801.37030942221,-3732.0399273925495
1374124.385597,-4801.37030942221,-3732.0399273925495
1374140.523378,-4801.37030942221,-3732.0399273925495
1374140.52396,-4801.37030942221,-3732.0399273925495
1374144.356694,-4801.37030942221,-3732.0399273925495
1374157.887414,-4801.37030942221,-3732.0399273925495
1374166.69925,-4801.37030942221,-3732.0399273925495
1374167.448305,-4801.37030942221,-3732.0399273925495
1374171.43617,-4801.37030942221,-3732.0399273925495
1374178.452484,-4801.37030942221,-3732.0399273925495
1374185.878101,-4801.37030942221,-3732.0399273925495
1374192.953567,-4801.37030942221,-3732.0399273925495
1374199.095566,-4801.37030942221,-3732.0399273925495
1374206.791113,-4801.37030942221,-3732.0399273925495
1374213.140489,-4801.37030942221,-3732.0399273925495
1374220.774608,-4801.37030942221,-3732.0399273925495
1374231.792401,-4801.37030942221,-3732.0399273925495
1374234.424986,-4801.37030942221,-3732.0399273925495
1374242.924489,-4801.37030942221,-3732.0399273925495
1374253.406866,-4801.37030942221,-3732.0399273925495
1374255.090693,-4801.37030942221,-3732.0399273925495
1374264.368736,-4801.37030942221,-3732.0399273925495
1374269.089076,-4801.37030942221,-3732.0399273925495
1374276.094016,-4801.37030942221,-3732.0399273925495
1374285.087595,-4801.37030942221,-3732.0399273925495
1374290.144714,-4801.37030942221,-3732.0399273925495
1374303.52687,-4803.42799081623,-3734.074139056992
1374305.436945,-4801.335551287181,-3741.4289546364917
1374311.53206,-4800.209387825147,-3742.0387526373675
1374319.361257,-4800.209387825147,-3742.0387526373675
1374327.187982,-4800.209387825147,-3742.0387526373675
1374336.195854,-4797.011639713248,-3746.195619891058
1374339.41865,-4793.035309448262,-3745.162221765674
1374346.417672,-4793.035309448262,-3745.162221765674
1374353.643642,-4793.035309448262,-3745.162221765674
1374360.421751,-4793.035309448262,-3745.162221765674
1374367.430157,-4793.035309448262,-3745.162221765674
1374374.820669,-4793.035309448262,-3745.162221765674
1374381.097509,-4793.035309448262,-3745.162221765674
1374395.000172,-4793.035309448262,-3745.162221765674
1374395.637114,-4789.337044246998,-3742.8533682840507
1374403.680008,-4782.767757362444,-3741.252066667901
1374409.477001,-4782.767757362444,-3741.252066667901
1374416.914831,-4782.767757362444,-3741.252066667901
1374423.092277,-4775.927357052872,-3738.7244306898747
1374432.766902,-4768.621197780078,-3735.605616484533
1374437.491294,-4767.029275346645,-3734.758416202382
1374444.319382,-4767.029275346645,-3734.758416202382
1374452.506968,-4767.029275346645,-3734.758416202382
1374459.720417,-4760.87708603841,-3731.9142438259632
1374465.416303,-4760.87708603841,-3731.9142438259632
1374472.939596,-4752.382198661376,-3731.6070173537855
1374480.120958,-4746.939075234578,-3730.5596543600977
1374486.554722,-4746.939075234578,-3730.5596543600977
1374493.534041,-4746.939075234578,-3730.5596543600977
1374508.690045,-4746.939075234578,-3730.5596543600977
1374508.700664,-4746.939075234578,-3730.5596543600977
1374514.631336,-4746.939075234578,-3730.5596543600977
1374521.061775,-4746.939075234578,-3730.5596543600977
1374529.30165,-4746.939075234578,-3730.5596543600977
1374537.653636,-4746.939075234578,-3730.5596543600977
1374542.470814,-4746.939075234578,-3730.5596543600977
1374549.880225,-4746.939075234578,-3730.5596543600977
1374557.517838,-4746.939075234578,-3730.5596543600977
1374563.833061,-4746.939075234578,-3730.5596543600977
1374574.145426,-4746.939075234578,-3730.5596543600977
1374577.054671,-4746.939075234578,-3730.5596543600977
1374584.836062,-4746.939075234578,-3730.5596543600977
1374591.072601,-4746.939075234578,-3730.5596543600977
1374598.037724,-4746.939075234578,-3730.5596543600977
1374610.814491,-4746.939075234578,-3730.5596543600977
1374613.964488,-4746.939075234578,-3730.5596543600977
1374619.08459,-4746.939075234578,-3730.5596543600977
1374626.648182,-4742.705534796456,-3732.8778177763297
1374633.53893,-4742.705534796456,-3732.8778177763297
1374645.240456,-4742.705534796456,-3732.8778177763297
1374647.98853,-4742.705534796456,-3732.8778177763297
1374655.716125,-4742.705534796456,-3732.8778177763297
1374661.815921,-4742.705534796456,-3732.8778177763297
1374669.686077,-4742.705534796456,-3732.8778177763297
1374675.533278,-4742.705534796456,-3732.8778177763297
1374684.123734,-4742.705534796456,-3732.8778177763297
1374689.066222,-4742.705534796456,-3732.8778177763297
1374689.199669,-4742.705534796456,-3732.8778177763297
1374698.119379,-4742.705534796456,-3732.8778177763297
1374706.016579,-4742.705534796456,-3732.8778177763297
1374710.14089,-4742.705534796456,-3732.8778177763297
1374720.50755,-4726.876681624442,-3732.7474792756534
1374724.540129,-4701.510197104634,-3747.0381652006367
1374738.123043,-4677.812102892384,-3786.8146818475693
1374739.052371,-4622.908157960366,-3777.1603233353435
1374746.171052,-4603.700814326571,-3773.697043289405
1374762.750381,-4597.680705904034,-3695.5823844531174
1374762.751125,-4597.680705904034,-3695.5823844531174
1374763.704622,-4597.680705904034,-3695.5823844531174
1374763.705162,-4597.680705904034,-3695.5823844531174
1374764.792886,-4597.173237181021,-3680.8680971773183
1374771.825856,-4598.174271371369,-3636.1247451334852
1374778.799323,-4596.943833506694,-3605.253133766185
1374789.792665,-4594.510764280323,-3578.864235590585
1374794.038082,-4594.149279713664,-3570.41550539963
1374800.193693,-4568.317036143672,-3554.7097113308077
1374808.561688,-4536.374312985958,-3537.1000431254447
1374819.692646,-4517.146114443444,-3551.6374456955978
1374834.23802,-4479.79502592444,-3637.02314996907
1374834.23875,-4479.79502592444,-3637.02314996907
1374835.236649,-4479.79502592444,-3637.02314996907
1374835.237286,-4479.79502592444,-3637.02314996907
1374872.361606,-4474.511789868031,-3654.9260770792494
1374872.362226,-4474.511789868031,-3654.9260770792494
1374876.908644,-4474.511789868031,-3654.9260770792494
1374876.922089,-4742.705534796456,-3732.8778177763297
1374881.088239,-4474.317144336612,-3654.6002307667113
1374887.442577,-4474.317144336612,-3654.6002307667113
1374896.656563,-4474.317144336612,-3654.6002307667113
1374903.815491,-4474.317144336612,-3654.6002307667113
1374904.326386,-4742.705534796456,-3732.8778177763297
1374911.175827,-4469.033908287815,-3657.4071639150197
1374915.446759,-4445.697298518995,-3657.2070011858627
1374922.403393,-4419.044762953254,-3633.6995175712464
1375391.693089,-4847.966764848038,-1668.9768131872877
1375391.69387,-4847.966764848038,-1668.9768131872877
1375397.627571,-4630.756544115837,-1667.3443122335195
1375404.974095,-4568.560343065577,-1634.6804448767643
1375412.293113,-4504.549767450495,-1645.8197687955694
1375418.588845,-4391.307773650484,-1679.7963347569903
1375425.654269,-4325.288177752646,-1659.2260589061354
1375432.570715,-4293.4914385822085,-1641.462724440519
1375441.652151,-4293.540099965292,-1640.8110297728279
1375450.625319,-4293.540099965292,-1640.8110297728279
1375453.579123,-4293.088244245577,-1640.3920832017172
1375461.140952,-4248.430996187481,-1596.2630425252387
1375470.317191,-4221.889686531174,-1563.3245287214068
1375474.557183,-4216.390950033276,-1556.849475857416
1375489.320568,-4206.554398648322,-1547.2090483427855
1375489.321147,-4206.554398648322,-1547.2090483427855
1375491.313605,-4204.614894881104,-1545.0444907305537
1375499.642708,-4199.137013260933,-1538.9045949874028
1375505.723967,-4175.501483426408,-1518.4739634627906
1375512.55571,-4151.650453159766,-1499.7749775062814
1375513.037599,-4151.650453159766,-1499.7749775062814
1375526.160322,-4144.142696613171,-1483.9853429319828
1375526.29024,-4179.248410069457,-1487.1460628483496
1375534.530756,-4197.426913161485,-1501.1156068321961
1375540.309086,-4201.521421125043,-1513.4419486203005
1375550.748887,-4201.521421125043,-1513.4419486203005
1375567.531122,-4201.521421125043,-1513.4419486203005
1375568.220169,-4201.521421125043,-1513.4419486203005
1375568.823975,-4201.521421125043,-1513.4419486203005
1375575.621173,-4201.521421125043,-1513.4419486203005
1375582.61002,-4201.521421125043,-1513.4419486203005
1375590.539838,-4201.521421125043,-1513.4419486203005
1375596.242218,-4201.521421125043,-1513.4419486203005
1375603.243461,-4201.521421125043,-1513.4419486203005
1375610.243494,-4201.521421125043,-1513.4419486203005
1375617.213603,-4201.521421125043,-1513.4419486203005
1375627.149712,-4201.521421125043,-1513.4419486203005
1375631.226719,-4201.521421125043,-1513.4419486203005
1375638.242114,-4201.521421125043,-1513.4419486203005
1375651.497859,-4201.521421125043,-1513.4419486203005
1375652.3747,-4201.521421125043,-1513.4419486203005
1375659.634846,-4201.521421125043,-1513.4419486203005
1375668.518331,-4201.521421125043,-1513.4419486203005
1375673.792988,-4201.521421125043,-1513.4419486203005
1375680.653893,-4201.521421125043,-1513.4419486203005
1375688.106266,-4201.521421125043,-1513.4419486203005
1375694.667266,-4201.521421125043,-1513.4419486203005
1375702.001245,-4201.521421125043,-1513.4419486203005
1375709.32071,-4201.521421125043,-1513.4419486203005
1375715.231451,-4201.521421125043,-1513.4419486203005
1375724.138722,-4201.521421125043,-1513.4419486203005
1375729.240026,-4201.521421125043,-1513.4419486203005
1375736.238925,-4201.521421125043,-1513.4419486203005
1375745.523592,-4201.521421125043,-1513.4419486203005
1375750.716044,-4201.521421125043,-1513.4419486203005
1375757.75413,-4201.521421125043,-1513.4419486203005
1375767.439481,-4201.521421125043,-1513.4419486203005
1375771.232188,-4201.521421125043,-1513.4419486203005
1375780.416303,-4201.521421125043,-1513.4419486203005
1375785.746487,-4201.521421125043,-1513.4419486203005
1375792.7791,-4201.521421125043,-1513.4419486203005
1375799.692846,-4201.521421125043,-1513.4419486203005
1375807.168675,-4201.521421125043,-1513.4419486203005
1375813.707868,-4201.521421125043,-1513.4419486203005
1375820.715259,-4201.521421125043,-1513.4419486203005
1375828.79584,-4201.521421125043,-1513.4419486203005
1375834.879219,-4182.008205760534,-1523.9063050595903
1375843.586856,-4182.008205760534,-1523.9063050595903
1375848.227202,-4182.008205760534,-1523.9063050595903
1375855.219024,-4182.008205760534,-1523.9063050595903
1375864.44082,-4177.573068096709,-1521.541583954297
1375871.807681,-4177.107309128355,-1521.5089992161418
1375876.609092,-4177.107309128355,-1521.5089992161418
1375883.24664,-4177.107309128355,-1521.5089992161418
1375890.236671,-4177.107309128355,-1521.5089992161418
1375897.236699,-4177.107309128355,-1521.5089992161418
1375904.805269,-4177.107309128355,-1521.5089992161418
1375911.780892,-4177.107309128355,-1521.5089992161418
1375920.05789,-4177.107309128355,-1521.5089992161418
1375925.719991,-4177.107309128355,-1521.5089992161418
1375933.362272,-4177.107309128355,-1521.5089992161418
1375942.288833,-4177.107309128355,-1521.5089992161418
1375950.992498,-4177.107309128355,-1521.5089992161418
1375953.92152,-4177.107309128355,-1521.5089992161418
1375960.275851,-4177.107309128355,-1521.5089992161418
1375967.226504,-4177.107309128355,-1521.5089992161418
1375979.144438,-4177.107309128355,-1521.5089992161418
1375981.63983,-4177.107309128355,-1521.5089992161418
1375988.666698,-4177.107309128355,-1521.5089992161418
1375996.353797,-4177.107309128355,-1521.5089992161418
1376002.628001,-4177.107309128355,-1521.5089992161418
1376010.325094,-4177.107309128355,-1521.5089992161418
1376016.226753,-4177.107309128355,-1521.5089992161418
1376023.228087,-4177.107309128355,-1521.5089992161418
1376032.461657,-4177.107309128355,-1521.5089992161418
1376037.256163,-4177.107309128355,-1521.5089992161418
1376044.24752,-4171.664185640578,-1518.0829465781371
1376052.879226,-4164.6917043367375,-1513.0230019653218
1376058.807936,-4163.61420223378,-1512.2549330928678
1376065.781,-4163.61420223378,-1512.2549330928678
1376073.187582,-4163.61420223378,-1512.2549330928678
1376079.759344,-4163.61420223378,-1512.2549330928678
1376086.20384,-4163.61420223378,-1512.2549330928678
1376095.038273,-4163.61420223378,-1512.2549330928678
1376100.850696,-4163.61420223378,-1512.2549330928678
1376107.765065,-4163.61420223378,-1512.2549330928678
1376115.299508,-4163.61420223378,-1512.2549330928678
1376121.754012,-4163.61420223378,-1512.2549330928678
1376128.68081,-4163.61420223378,-1512.2549330928678
1376137.522557,-4163.61420223378,-1512.2549330928678
1376142.238961,-4163.61420223378,-1512.2549330928678
1376149.237048,-4163.61420223378,-1512.2549330928678
1376156.237241,-4163.61420223378,-1512.2549330928678
1376165.796772,-4163.61420223378,-1512.2549330928678
1376170.760412,-4163.61420223378,-1512.2549330928678
1376177.756374,-4163.61420223378,-1512.2549330928678
1376189.513537,-4163.61420223378,-1512.2549330928678
1376191.813881,-4163.61420223378,-1512.2549330928678
1376198.734331,-4163.61420223378,-1512.2549330928678
1376205.22579,-4163.61420223378,-1512.2549330928678
1376215.120887,-4163.61420223378,-1512.2549330928678
1376219.667549,-4163.61420223378,-1512.2549330928678
1376227.142534,-4163.61420223378,-1512.2549330928678
1376233.712043,-4156.523543282765,-1510.2160593444685
1376240.647435,-4156.523543282765,-1510.2160593444685
1376248.055905,-4156.523543282765,-1510.2160593444685
1376254.688982,-4150.628564071771,-1506.1662416181252
1376261.227799,-4144.830907626385,-1500.6920052085763
1376270.094015,-4141.966837543241,-1497.1402684611996
1376275.858307,-4141.966837543241,-1497.1402684611996
1376282.619835,-4141.966837543241,-1497.1402684611996
1376290.644729,-4141.966837543241,-1497.1402684611996
1376297.172032,-4141.966837543241,-1497.1402684611996
1376305.398139,-4141.966837543241,-1497.1402684611996
1376310.226719,-4141.966837543241,-1497.1402684611996
1376319.249985,-4141.966837543241,-1497.1402684611996
1376324.848701,-4141.966837543241,-1497.1402684611996
1376333.299783,-4142.926161992376,-1496.311685051676
1376338.22881,-4151.15688767941,-1487.4113957428406
1376346.982612,-4152.776616637962,-1486.6014321766966
1376352.639755,-4152.776616637962,-1486.6014321766966
1376359.706006,-4152.776616637962,-1486.6014321766966
1376366.600625,-4152.776616637962,-1486.6014321766966
1376373.635245,-4152.776616637962,-1486.6014321766966
1376381.117163,-4152.776616637962,-1486.6014321766966
1376387.227276,-4152.776616637962,-1486.6014321766966
1376395.844578,-4152.776616637962,-1486.6014321766966
1376401.663346,-4152.776616637962,-1486.6014321766966
1376408.611731,-4152.776616637962,-1486.6014321766966
1376416.120526,-4152.776616637962,-1486.6014321766966
1376423.506577,-4152.776616637962,-1486.6014321766966
1376429.660826,-4152.776616637962,-1486.6014321766966
1376436.637391,-4152.776616637962,-1486.6014321766966
1376444.657221,-4152.776616637962,-1486.6014321766966
1376450.226471,-4152.776616637962,-1486.6014321766966
1376459.182138,-4152.776616637962,-1486.6014321766966
1376464.23724,-4159.658726800995,-1479.3210699067497
1376471.291339,-4196.696992389753,-1506.878450952544
1376480.342111,-4210.134486259901,-1546.5201138807288
1376480.890882,-4229.814540650384,-1571.9408642553103
1376485.228918,-4248.152931128275,-1595.5601432242727
1379157.293925,-514.5453902633856,-2936.326011582709
1379157.294523,-514.5453902633856,-2936.326011582709
1379168.19785,-827.5007898813138,-3370.0479007358076
1379175.199114,-880.4652337928084,-3430.3481106771865
1379182.238078,-911.2053271100544,-3471.0090873633008
1379190.199534,-984.2877786955291,-3419.93033511979
1379196.817223,-1037.5372392636682,-3365.5325999300658
1379203.787872,-1071.190064147666,-3328.800393946808
1379213.337089,-1077.8427708993029,-3323.144630190648
1379217.756079,-1077.8427708993029,-3323.144630190648
1379227.324749,-1101.2767045162082,-3298.7713135673093
1379231.805867,-1168.2069664057572,-3226.936124355611
1379242.705096,-1212.182956905313,-3180.479718521652
1379245.796381,-1253.9135719738422,-3128.8749334607287
1379264.36356,-1325.828150138528,-3047.6739624515562
1379264.577324,-1389.609325041691,-2984.171109163936
1379266.812018,-1449.6505247557584,-2920.9149620216476
1379273.789236,-1542.6146284275274,-2818.496687624819
1379280.798215,-1590.9145306081048,-2764.471297259115
1379287.739975,-1624.894081815924,-2722.8373899859553
1379294.79767,-1692.6237805271007,-2657.7425098128874
1379301.738231,-1748.5913268776353,-2602.0320121065724
1379311.133007,-1792.7272046012483,-2556.855673274575
1379315.687555,-1852.9143882842147,-2488.032156584881
1379322.718333,-1885.1838392648135,-2450.187365401868
1379331.757451,-1891.051012162589,-2441.9434382622835
1379337.23863,-1891.051012162589,-2441.9434382622835
1379344.237058,-1891.051012162589,-2441.9434382622835
1379352.131689,-1891.051012162589,-2441.9434382622835
1379358.189217,-1891.051012162589,-2441.9434382622835
1379367.051096,-1891.051012162589,-2441.9434382622835
1379373.065251,-1916.4035946007791,-2416.788055192365
1379392.282395,-2088.1018213516472,-2227.475611320893
1379392.283027,-2088.1018213516472,-2227.475611320893
1379394.350953,-2099.12710121649,-2214.958430111158
1379404.194141,-2119.7803839925723,-2186.8657596079274
1379408.436903,-2173.3704737980806,-2142.378325093025
1379417.443081,-2225.77183541115,-2082.659862782274
1379422.326241,-2287.968038931372,-2019.8365371197951
1379429.311725,-2354.654993202752,-1940.7627410121054
1379436.317812,-2365.3187884547115,-1925.0103570801273
1379443.331896,-2365.3187884547115,-1925.0103570801273
1379452.271506,-2402.7602494626212,-1893.621962024791
1379457.318843,-2439.819370993365,-1856.251941400591
1379464.328978,-2473.256695032837,-1823.2110319526441
1379476.164088,-2516.2872637910045,-1775.3207955286086
1379479.844861,-2546.492081428126,-1742.7686527918236
1379485.685412,-2570.440435108259,-1713.5960103820848
1379492.348147,-2615.431362521454,-1666.1666069138935
1379502.808671,-2633.283139641127,-1643.9857138000941
1379506.850938,-2649.1676064340954,-1624.4069437086916
1379513.328462,-2705.3993140044736,-1571.0890061288194
1379520.314555,-2742.7086939465767,-1533.5886275769226
1379529.64371,-2794.7763771270415,-1480.2474075593686
1379534.344711,-2800.886856900983,-1474.1494058670958
1379541.393058,-2800.886856900983,-1474.1494058670958
1379552.086927,-2800.886856900983,-1474.1494058670958
1379559.346267,-2800.886856900983,-1474.1494058670958
1379562.380532,-2800.886856900983,-1474.1494058670958
1379569.380195,-2800.886856900983,-1474.1494058670958
1379579.616785,-2824.0218701821773,-1460.887415703356
1379583.743499,-2866.134824039213,-1440.382302251179
1379590.823005,-2919.391235264347,-1411.4098093869507
1379597.720766,-2986.7316418942223,-1380.640499166669
1379605.136741,-2994.9971258855708,-1376.9770426127563
1379612.69255,-3002.8038025216147,-1374.053725305633
1379618.836559,-3058.0066690795625,-1348.097646138551
1379626.188808,-3083.91538127567,-1335.6642369756469
1379632.338525,-3102.9628380489007,-1327.4761549514642
1379639.378364,-3124.074927910595,-1317.956753038602
1379646.388496,-3124.074927910595,-1317.956753038602
1379653.398437,-3124.074927910595,-1317.956753038602
1379660.398453,-3124.074927910595,-1317.956753038602
1379669.20467,-3124.074927910595,-1317.956753038602
1379674.705434,-3124.074927910595,-1317.956753038602
1379681.288785,-3124.074927910595,-1317.956753038602
1379689.856933,-3124.074927910595,-1317.956753038602
1379695.760366,-3124.074927910595,-1317.956753038602
1379703.221744,-3124.074927910595,-1317.956753038602
1379713.90494,-3124.074927910595,-1317.956753038602
1379716.785428,-3124.074927910595,-1317.956753038602
1379723.805909,-3124.074927910595,-1317.956753038602
1379731.595709,-3124.074927910595,-1317.956753038602
1379737.659476,-3124.074927910595,-1317.956753038602
1379749.618586,-3171.5614888951995,-1323.4728857075265
1379751.673669,-3170.4839867810865,-1391.1979570660503
1379758.288544,-3176.1982238083397,-1445.479487157153
1379766.620701,-3186.451872963101,-1459.9005634882242
1379772.961763,-3188.71115159107,-1460.873450807538
1379779.320212,-3224.2617697547184,-1498.9650139453738
1379786.327746,-3280.201508539038,-1613.8494896941593
1379793.72191,-3327.2431653181297,-1665.9105840145764
1379800.431213,-3351.177615469485,-1682.333288856687
1379820.353389,-3431.315966064212,-1652.0900024313294
1379820.357324,-3512.789028841322,-1620.8365878129182
1379821.353848,-3576.424217894535,-1598.3345007213754
1379828.401717,-3638.133806335447,-1638.3392449841995
1379851.423011,-3678.209933078618,-1667.991351914379
1379851.432142,-3681.435487769263,-1673.4097273527102
1379851.708021,-3698.5642954368545,-1688.97591906173
1379851.708683,-3698.5642954368545,-1688.97591906173
1379853.968527,-3714.1359387745747,-1698.4208360390282
1379860.969505,-3765.5015068586636,-1722.2542385257516
1379867.967831,-3794.607966924583,-1738.1974808986015
1379874.898484,-3811.3683383597527,-1760.8578317101253
1379881.970402,-3815.4002817151827,-1769.1296974380857
1379888.926569,-3816.5125419531964,-1773.6170798197836
1379895.967796,-3816.7697521265363,-1774.81805974727
1379903.00787,-3823.005361077323,-1792.4417416683398
1379927.674011,-3948.1207341849877,-1719.2564434082713
1379927.675592,-3948.1207341849877,-1719.2564434082713
1379928.881562,-3965.722252368766,-1697.7924162286301
1379937.554869,-4000.0493837849103,-1656.2189535828227
1379942.856309,-4023.6779620795514,-1573.8773286263736
1379949.897717,-4057.9564320730583,-1525.9824184522527
1379960.73706,-4107.431157427598,-1506.4036447265626
1379963.870027,-4143.093001021514,-1501.0038877201464
1379971.300748,-4156.537446538566,-1489.799391792073
1379977.869297,-4173.687108927838,-1490.576770614065
1379987.104867,-4204.698314399763,-1520.6152463613191
1379989.494969,-4198.719915675964,-1527.0809896709445
1379995.680747,-4198.949319344029,-1526.7272125030267
1379998.858734,-4198.949319344029,-1526.7272125030267
1380007.788715,-4198.949319344029,-1526.7272125030267
1380012.866046,-4198.949319344029,-1526.7272125030267
1380019.831718,-4198.949319344029,-1526.7272125030267
1380026.859516,-4198.949319344029,-1526.7272125030267
1380035.827518,-4198.949319344029,-1526.7272125030267
1380041.224847,-4198.949319344029,-1526.7272125030267
1380048.422621,-4198.949319344029,-1526.7272125030267
1380058.265508,-4198.949319344029,-1526.7272125030267
1380061.844456,-4198.949319344029,-1526.7272125030267
1380070.390315,-4198.949319344029,-1526.7272125030267
1380076.641614,-4198.949319344029,-1526.7272125030267
1380084.375714,-4198.949319344029,-1526.7272125030267
1380090.965635,-4198.949319344029,-1526.7272125030267
1380096.856335,-4198.949319344029,-1526.7272125030267
1380105.083244,-4198.949319344029,-1526.7272125030267
1380112.276146,-4198.949319344029,-1526.7272125030267
1380118.280725,-4198.949319344029,-1526.7272125030267
1380126.164043,-4198.949319344029,-1526.7272125030267
1380131.982753,-4198.949319344029,-1526.7272125030267
1380138.841124,-4198.949319344029,-1526.7272125030267
1380145.857883,-4198.949319344029,-1526.7272125030267
1380157.620257,-4198.949319344029,-1526.7272125030267
1380159.856249,-4198.949319344029,-1526.7272125030267
1380169.33668,-4198.949319344029,-1526.7272125030267
1380173.857308,-4198.949319344029,-1526.7272125030267
1380180.857277,-4198.949319344029,-1526.7272125030267
1380187.861327,-4198.949319344029,-1526.7272125030267
1380196.301092,-4198.949319344029,-1526.7272125030267
1380202.266946,-4198.949319344029,-1526.7272125030267
1380209.238929,-4198.949319344029,-1526.7272125030267
1380215.832088,-4198.949319344029,-1526.7272125030267
1380223.965122,-4198.949319344029,-1526.7272125030267
1380230.238487,-4198.949319344029,-1526.7272125030267
1380237.593884,-4198.949319344029,-1526.7272125030267
1380243.857158,-4198.949319344029,-1526.7272125030267
1380250.86418,-4198.949319344029,-1526.7272125030267
1380257.871245,-4198.949319344029,-1526.7272125030267
1380268.220095,-4198.949319344029,-1526.7272125030267
1380271.857299,-4198.949319344029,-1526.7272125030267
1380280.615085,-4198.949319344029,-1526.7272125030267
1380286.239381,-4191.830853894712,-1529.5620848156755
1380292.838605,-4191.830853894712,-1529.5434649715828
1380300.880954,-4191.830853894712,-1529.5434649715828
1380306.857767,-4191.830853894712,-1529.5434649715828
1380313.856325,-4191.830853894712,-1529.5434649715828
1380322.549024,-4191.830853894712,-1529.5434649715828
1380328.65963,-4191.830853894712,-1529.5434649715828
1380334.928565,-4191.830853894712,-1529.5434649715828
1380344.355884,-4191.830853894712,-1529.5434649715828
1380349.221035,-4191.830853894712,-1529.5434649715828
1380361.627278,-4191.830853894712,-1529.5434649715828
1380363.511695,-4191.830853894712,-1529.5434649715828
1380369.833977,-4191.830853894712,-1529.5434649715828
1380379.007321,-4191.830853894712,-1529.5434649715828
1380383.872411,-4191.830853894712,-1529.5434649715828
1380393.730313,-4191.830853894712,-1529.5434649715828
1380397.937817,-4191.830853894712,-1529.5434649715828
1380404.938293,-4191.830853894712,-1529.5434649715828
1380412.451778,-4191.830853894712,-1529.5434649715828
1380421.217137,-4191.830853894712,-1529.5434649715828
1380430.362908,-4191.830853894712,-1529.5434649715828
1380432.873303,-4191.830853894712,-1529.5434649715828
1380439.867381,-4191.830853894712,-1529.5434649715828
1380448.509972,-4191.830853894712,-1529.5434649715828
1380454.040237,-4191.830853894712,-1529.5434649715828
1380461.25857,-4191.830853894712,-1529.5434649715828
1380470.17188,-4191.830853894712,-1529.5434649715828
1380474.866527,-4191.830853894712,-1529.5434649715828
1380481.857883,-4191.830853894712,-1529.5434649715828
1380488.830422,-4191.830853894712,-1529.5434649715828
1380498.014034,-4191.830853894712,-1529.5434649715828
1380502.867096,-4191.830853894712,-1529.5434649715828
1380512.055566,-4191.830853894712,-1529.5434649715828
1380516.867785,-4191.830853894712,-1529.5434649715828
1380525.32875,-4191.830853894712,-1529.5434649715828
1380533.135178,-4191.830853894712,-1529.5434649715828
1380537.856259,-4191.830853894712,-1529.5434649715828
1380544.867759,-4191.830853894712,-1529.5434649715828
1380552.951452,-4191.830853894712,-1529.5434649715828
1380559.240139,-4191.830853894712,-1529.5434649715828
1380566.594038,-4191.830853894712,-1529.5434649715828
1380573.728219,-4191.830853894712,-1529.5434649715828
1380579.866812,-4191.830853894712,-1529.5434649715828
1380588.794016,-4191.830853894712,-1529.5434649715828
1380596.213413,-4191.830853894712,-1529.5434649715828
1380601.230291,-4191.830853894712,-1529.5434649715828
1380607.865449,-4191.830853894712,-1529.5434649715828
1380614.859977,-4191.830853894712,-1529.5434649715828
1380624.840708,-4191.830853894712,-1529.5434649715828
1380632.154297,-4191.830853894712,-1529.5434649715828
1380635.839796,-4191.830853894712,-1529.5434649715828
1380642.857714,-4188.042217493219,-1527.737339418423
1380649.856366,-4180.756912996632,-1526.7830720562317
1380656.833767,-4180.756912996632,-1526.7830720562317
1380666.058018,-4180.756912996632,-1526.7830720562317
1380670.889509,-4180.756912996632,-1526.7830720562317
1380680.35958,-4180.756912996632,-1526.7830720562317
1380684.85765,-4180.756912996632,-1526.7830720562317
1380691.857126,-4180.756912996632,-1526.7830720562317
1380701.147558,-4180.756912996632,-1526.7830720562317
1380705.856096,-4180.756912996632,-1526.7830720562317
1380712.857953,-4180.756912996632,-1526.7830720562317
1380722.06997,-4180.756912996632,-1526.7830720562317
1380727.326622,-4180.756912996632,-1526.7830720562317
1380733.862339,-4180.756912996632,-1526.7830720562317
1380742.462047,-4180.756912996632,-1526.7830720562317
1380747.839947,-4180.756912996632,-1526.7830720562317
1380756.857874,-4180.756912996632,-1526.7830720562317
1380761.857931,-4180.756912996632,-1526.7830720562317
1380768.856967,-4180.756912996632,-1526.7830720562317
1380777.135508,-4180.756912996632,-1526.7830720562317
1380782.876028,-4180.756912996632,-1526.7830720562317
1380789.872082,-4180.756912996632,-1526.7830720562317
1380802.533295,-4180.756912996632,-1526.7830720562317
1380804.248787,-4180.756912996632,-1526.7830720562317
1380811.244664,-4180.756912996632,-1526.7830720562317
1380818.818728,-4180.756912996632,-1526.7830720562317
1380824.877825,-4180.756912996632,-1526.7830720562317
1380838.372209,-4180.756912996632,-1526.7830720562317
1380841.176335,-4180.756912996632,-1526.7830720562317
1380846.287917,-4180.756912996632,-1526.7830720562317
1380852.875058,-4174.660336623892,-1521.7417473574342
1380859.858274,-4171.650282384782,-1519.1535880338927
1380867.914721,-4171.650282384782,-1519.1535880338927
1380873.858494,-4171.650282384782,-1519.1535880338927
1380883.445011,-4171.650282384782,-1519.1535880338927
1380887.883713,-4171.650282384782,-1519.1535880338927
1380899.408414,-4171.650282384782,-1519.1535880338927
1380901.857993,-4171.650282384782,-1519.1535880338927
1380911.606699,-4171.650282384782,-1519.1535880338927
1380915.856704,-4171.650282384782,-1519.1535880338927
1380922.830646,-4171.650282384782,-1519.1535880338927
1380932.0251,-4171.650282384782,-1519.1535880338927
1380937.304225,-4171.650282384782,-1519.1535880338927
1380944.505816,-4171.650282384782,-1519.1535880338927
1380950.880937,-4171.650282384782,-1519.1535880338927
1380963.574804,-4169.370148917492,-1516.6864577338586
1380965.896835,-4166.4157076848915,-1514.047093796346
1380971.852627,-4166.4157076848915,-1514.047093796346
1380978.86528,-4166.4157076848915,-1514.047093796346
1380987.356307,-4164.872446621748,-1512.1664887988406
1380996.092051,-4165.053188906908,-1512.2782078975604
1380999.870729,-4161.424439908625,-1509.3735110684167
1381006.872968,-4160.027163003229,-1507.8513381986684
1381013.855761,-4160.027163003229,-1507.8513381986684
1381020.857066,-4160.027163003229,-1507.8513381986684
1381033.757533,-4160.027163003229,-1507.8513381986684
1381034.928506,-4160.027163003229,-1507.8513381986684
1381041.865572,-4160.027163003229,-1507.8513381986684
1381050.868721,-4160.027163003229,-1507.8513381986684
1381056.22881,-4160.027163003229,-1507.8513381986684
1381063.254061,-4160.027163003229,-1507.8513381986684
1381069.832909,-4160.027163003229,-1507.8513381986684
1381076.871128,-4160.027163003229,-1507.8513381986684
1381083.856747,-4160.027163003229,-1507.8513381986684
1381091.205163,-4160.027163003229,-1507.8513381986684
1381097.833427,-4160.027163003229,-1507.8513381986684
1381106.283454,-4160.027163003229,-1507.8513381986684
1381113.921892,-4160.027163003229,-1507.8513381986684
1381118.856456,-4160.027163003229,-1507.8513381986684
1381128.789127,-4160.027163003229,-1507.8513381986684
1381133.179523,-4160.027163003229,-1507.8513381986684
1381142.074727,-4160.027163003229,-1507.8513381986684
1381146.867117,-4160.027163003229,-1507.8513381986684
1381153.868036,-4160.027163003229,-1507.8513381986684
1381160.881704,-4160.027163003229,-1507.8513381986684
1381174.358959,-4152.54721296143,-1502.372446830322
1381175.321573,-4155.654589976421,-1496.4234041544396
1381184.096031,-4157.8791104373595,-1492.3922061961782
1381189.299609,-4157.8791104373595,-1492.3922061961782
1381195.866578,-4157.8791104373595,-1492.3922061961782
1381202.866633,-4157.8791104373595,-1492.3922061961782
1381211.45664,-4157.8791104373595,-1492.3922061961782
1381214.152408,-4157.8791104373595,-1492.3922061961782
1381216.860921,-4157.8791104373595,-1492.3922061961782
1381224.947884,-4164.935011260908,-1488.8265045190083
1382267.182167,-4093.903292386626,-3068.076615109734
1382267.18953,-4093.903292386626,-3068.076615109734
1382274.993038,-4104.233409266929,-3055.0846453963095
1382287.7583,-4121.591620471501,-3030.920791319044
1382288.987107,-4132.394447946949,-3023.984913175762
1382296.078603,-4142.036353806058,-3013.194734804052
1382302.03854,-4149.620578239559,-3004.150163236688
1382309.047815,-4165.122705169693,-2988.584003741016
1382322.865062,-4182.612997254362,-2969.740757517824
1382323.572183,-4213.749331998446,-2937.998637674584
1382331.428191,-4236.1335690601045,-2911.5445424592704
1382337.433564,-4258.552564246722,-2884.2478996789982
1382344.425267,-4308.569516257948,-2827.0850764215797
1382352.540731,-4334.068081901879,-2804.8157797102185
1382358.380382,-4355.082848509908,-2783.6264314587124
1382371.000734,-4365.684078760304,-2758.098665608676
1382372.547556,-4388.589687730889,-2735.047334230625
1382379.732307,-4412.197410963387,-2710.748474312857
1382386.344302,-4431.383899791487,-2683.302864372139
1382395.615691,-4436.938249270614,-2676.394912161986
1382395.623605,-4436.938249270614,-2676.394912161986
1382395.933083,-4436.194425246748,-2674.8215375854907
1382395.933635,-4436.194425246748,-2674.8215375854907
1382397.968502,-4436.194425246748,-2674.8215375854907
1382407.388537,-4434.324437751576,-2670.3155417459097
1382426.562561,-4434.706777199128,-2671.1673984096756
1382426.563164,-4434.706777199128,-2671.1673984096756
1382427.524296,-4434.706777199128,-2671.1673984096756
1382435.464455,-4434.414808893564,-2670.813621865287
1382441.983535,-4436.45163542523,-2671.3535965801393
1382453.733939,-4437.0425236684605,-2669.2774869182545
1382456.104444,-4437.0425236684605,-2669.2774869182545
1382463.008537,-4437.0425236684605,-2669.2774869182545
1382470.603135,-4437.911476969611,-2670.0036598079546
1382477.092392,-4438.384187559111,-2673.0992044663867
1382484.993235,-4438.2799131612655,-2673.1736837427793
1382491.0152,-4437.633411911537,-2677.2141841171574
1382497.596451,-4442.86798658106,-2677.321248070294
1382507.2433,-4442.86798658106,-2677.321248070294
1382511.919342,-4442.86798658106,-2677.321248070294
1382521.376541,-4442.86798658106,-2677.321248070294
1382527.331938,-4442.86798658106,-2677.321248070294
1382532.988477,-4442.86798658106,-2677.321248070294
1382540.253643,-4444.18879559209,-2675.8735572714345
1382547.584409,-4445.634733880211,-2674.183808835396
1382556.693799,-4445.634733880211,-2674.183808835396
1382562.238777,-4445.634733880211,-2674.183808835396
1382567.925741,-4445.634733880211,-2674.183808835396
1382574.999957,-4445.634733880211,-2674.183808835396
1382582.943468,-4445.634733880211,-2674.183808835396
1382588.984666,-4445.634733880211,-2674.183808835396
1382597.604264,-4445.634733880211,-2674.183808835396
1382602.976674,-4445.634733880211,-2674.183808835396
1382611.076524,-4445.634733880211,-2674.183808835396
1382616.999356,-4445.634733880211,-2674.183808835396
1382624.619562,-4445.634733880211,-2674.183808835396
1382632.440001,-4445.634733880211,-2674.183808835396
1382638.057944,-4445.634733880211,-2674.183808835396
1382645.82357,-4445.634733880211,-2674.183808835396
1382651.876302,-4445.634733880211,-2674.183808835396
1382659.776076,-4444.626748054466,-2663.775330799438
1382666.857683,-4444.327828116835,-2662.2810904223584
1382674.968474,-4444.327828116835,-2662.2810904223584
1382681.393131,-4444.327828116835,-2662.2810904223584
1382691.286657,-4444.327828116835,-2662.2810904223584
1382693.641234,-4444.327828116835,-2662.2810904223584
1382701.395177,-4444.327828116835,-2662.2810904223584
1382709.019055,-4444.327828116835,-2662.2810904223584
1382714.952228,-4444.327828116835,-2662.2810904223584
1382723.047463,-4444.327828116835,-2662.2810904223584
1382732.998779,-4444.327828116835,-2662.2810904223584
1382736.50806,-4444.327828116835,-2662.2810904223584
1382743.637862,-4444.327828116835,-2662.2810904223584
1382751.748406,-4444.327828116835,-2662.2810904223584
1382756.890157,-4444.327828116835,-2662.2810904223584
1382767.172191,-4444.327828116835,-2662.2810904223584
1382772.551909,-4444.327828116835,-2662.2810904223584
1382777.862064,-4444.327828116835,-2662.2810904223584
1382784.879194,-4444.327828116835,-2662.2810904223584
1382792.163204,-4444.327828116835,-2662.2810904223584
1382799.368499,-4444.327828116835,-2662.2810904223584
1382809.838864,-4444.327828116835,-2662.2810904223584
1382813.100056,-4444.327828116835,-2662.2810904223584
1382820.875514,-4444.327828116835,-2662.2810904223584
1382820.876103,-4444.327828116835,-2662.2810904223584
1382822.048854,-4444.327828116835,-2662.2810904223584
1382830.093683,-4444.327828116835,-2662.2810904223584
1382846.189207,-4446.385509527655,-2656.001556836575
1382846.192817,-4446.385509527655,-2656.001556836575
1382852.140687,-4446.385509527655,-2656.001556836575
1382852.141394,-4446.385509527655,-2656.001556836575
1382853.177174,-4446.385509527655,-2656.001556836575
1382868.40412,-4446.385509527655,-2656.001556836575
1382868.417703,-4446.385509527655,-2656.001556836575
1382875.896101,-4446.385509527655,-2656.001556836575
1382885.636476,-4446.385509527655,-2656.001556836575
1382885.637196,-4446.385509527655,-2656.001556836575
1382886.705114,-4446.385509527655,-2656.001556836575
1382894.088602,-4446.385509527655,-2656.001556836575
1382901.107145,-4446.385509527655,-2656.001556836575
1382912.481626,-4446.385509527655,-2656.001556836575
1382914.996254,-4446.385509527655,-2656.001556836575
1382922.119131,-4446.385509527655,-2656.001556836575
1382929.112745,-4446.385509527655,-2656.001556836575
1382936.159393,-4446.385509527655,-2656.001556836575
1382946.566531,-4446.385509527655,-2656.001556836575
1382950.094336,-4446.385509527655,-2656.001556836575
1382957.205603,-4446.385509527655,-2656.001556836575
1382964.128341,-4446.385509527655,-2656.001556836575
1382971.212453,-4446.385509527655,-2656.001556836575
1382980.027034,-4446.385509527655,-2656.001556836575
1382985.159451,-4446.385509527655,-2656.001556836575
1382993.691067,-4446.385509527655,-2656.001556836575
1382999.095316,-4446.385509527655,-2656.001556836575
1383006.769862,-4446.385509527655,-2656.001556836575
1383018.98995,-4446.385509527655,-2656.001556836575
1383018.994306,-4446.385509527655,-2656.001556836575
1383021.806488,-4446.385509527655,-2656.001556836575
1383021.807953,-4446.385509527655,-2656.001556836575
1383024.370901,-4447.518624630777,-2650.7786978692507
1383030.8724,-4430.633124143796,-2633.0014262463874
1383038.451554,-4410.744521042071,-2588.853834669596
1384048.681957,-4233.385137870226,-2232.7765793380345
1384048.682695,-4233.385137870226,-2232.7765793380345
1384054.868503,-4311.718603013705,-1538.72770640659
1384061.860396,-4307.408594648003,-1541.3903450467824
1384068.878381,-4307.797885720356,-1546.5526986177815
1384076.339458,-4302.090600444508,-1576.0372311914305
1384083.340692,-4293.275938162258,-1589.2061196965358
1384090.339152,-4287.791104928529,-1598.3158808683631
1384098.706506,-4287.791104928529,-1598.3158808683631
1384104.914205,-4287.791104928529,-1598.3158808683631
1384114.311978,-4287.791104928529,-1598.3158808683631
1384118.956944,-4287.791104928529,-1598.3158808683631
1384125.745952,-4287.791104928529,-1598.3158808683631
1384133.176551,-4287.791104928529,-1598.3158808683631
1384140.528601,-4285.719520254902,-1607.467536576264
1384155.841192,-4212.998556339013,-1557.4220362459844
1384155.841775,-4212.998556339013,-1557.4220362459844
1384157.930129,-4203.238472848114,-1545.4820572180042
1384161.273005,-4194.465520306827,-1538.0667016994082
1384164.956829,-4184.065887174469,-1528.049221926946
1384171.948433,-4184.065887174469,-1528.0538768873532
1384185.975526,-4184.065887174469,-1528.0538768873532
1384186.378293,-4184.065887174469,-1528.0538768873532
1384192.992359,-4184.065887174469,-1528.0538768873532
1384201.275585,-4184.065887174469,-1528.0538768873532
1384207.365726,-4181.285236612342,-1526.2570612628995
1384214.408317,-4179.067667776247,-1523.4361538191708
1384222.463059,-4179.067667776247,-1523.4361538191708
1384228.432631,-4179.067667776247,-1523.4361538191708
1384235.985122,-4179.067667776247,-1523.4361538191708
1384242.430077,-4179.067667776247,-1523.4361538191708
1384249.539145,-4179.067667776247,-1523.4361538191708
1384256.903033,-4179.067667776247,-1523.4361538191708
1384265.520448,-4179.067667776247,-1523.4361538191708
1384270.612246,-4179.067667776247,-1523.4361538191708
1384278.610663,-4179.067667776247,-1523.4361538191708
1384284.757015,-4179.067667776247,-1523.4361538191708
1384291.538113,-4179.067667776247,-1523.4361538191708
1384299.0081,-4179.067667776247,-1523.4361538191708
1384304.970969,-4179.067667776247,-1523.4361538191708
1384314.207569,-4179.067667776247,-1523.4361538191708
1384321.94899,-4179.067667776247,-1523.4361538191708
1384325.970244,-4179.067667776247,-1523.4361538191708
1384334.22667,-4179.067667776247,-1523.4361538191708
1384340.467371,-4179.067667776247,-1523.4361538191708
1384347.466235,-4179.067667776247,-1523.4361538191708
1384355.029141,-4177.892842915606,-1522.509816216798
1384361.386949,-4174.083351633452,-1518.5344779791237
1384368.721776,-4171.3235559419245,-1516.5421538840676
1384380.226577,-4167.270757735245,-1510.9236137025432
1384381.997592,-4162.6826842967985,-1507.5534205733911
1384391.231332,-4161.028197203053,-1507.2089533166575
1384396.435371,-4161.028197203053,-1507.2089533166575
1384403.544464,-4159.040032050935,-1505.6216109631866
1384410.640129,-4156.141203824704,-1505.3376582210838
1384418.605891,-4156.162058704281,-1505.3469681430627
1384424.439642,-4156.162058704281,-1505.3469681430627
1384432.394753,-4156.162058704281,-1505.3469681430627
1384438.046444,-4156.162058704281,-1505.3469681430627
1384447.426015,-4156.162058704281,-1505.3469681430627
1384451.945411,-4156.162058704281,-1505.3469681430627
1384458.958499,-4156.162058704281,-1505.3469681430627
1384465.937762,-4156.162058704281,-1505.3469681430627
1384472.958094,-4156.162058704281,-1505.3469681430627
1384479.989223,-4156.162058704281,-1505.3469681430627
1384489.491082,-4156.162058704281,-1505.3469681430627
1384494.401801,-4156.162058704281,-1505.3469681430627
1384501.405801,-4156.162058704281,-1505.3469681430627
1384508.83162,-4156.162058704281,-1505.3469681430627
1384515.408977,-4156.162058704281,-1505.3469681430627
1384522.840083,-4150.0515790808995,-1500.7664846082578
1384531.276976,-4149.509352217299,-1496.395474375304
1384535.957207,-4149.509352217299,-1496.395474375304
1384544.020308,-4149.509352217299,-1496.395474375304
1384549.954029,-4149.509352217299,-1496.395474375304
1384556.970388,-4149.509352217299,-1496.395474375304
1384568.030676,-4149.509352217299,-1496.395474375304
1384571.318242,-4149.509352217299,-1496.395474375304
1384578.303927,-4149.509352217299,-1496.395474375304
1384585.932459,-4149.509352217299,-1496.395474375304
1384592.365643,-4149.509352217299,-1496.395474375304
1384600.37678,-4149.509352217299,-1496.395474375304
1384606.326478,-4149.509352217299,-1496.395474375304
1384613.408984,-4149.509352217299,-1496.395474375304
1384620.327427,-4149.509352217299,-1496.395474375304
1384627.87925,-4149.509352217299,-1496.395474375304
1384634.414525,-4149.509352217299,-1496.395474375304
1384642.546538,-4149.509352217299,-1496.395474375304
1384648.308804,-4149.509352217299,-1496.395474375304
1384656.756094,-4149.509352217299,-1496.395474375304
1384662.548631,-4149.509352217299,-1496.395474375304
1384669.854748,-4149.509352217299,-1496.395474375304
1384675.927429,-4149.509352217299,-1496.395474375304
1384684.791232,-4149.509352217299,-1496.395474375304
1384690.341545,-4153.409214644054,-1491.749821296956
1384699.754919,-4154.222554935186,-1491.335529589203
1384703.961131,-4154.222554935186,-1491.335529589203
1384710.956609,-4154.222554935186,-1491.335529589203
1384717.928174,-4154.222554935186,-1491.335529589203
1384727.077862,-4154.222554935186,-1491.335529589203
1384732.308665,-4154.222554935186,-1491.335529589203
1384739.625012,-4154.222554935186,-1491.335529589203
1384746.304779,-4154.222554935186,-1491.335529589203
1384755.420956,-4154.222554935186,-1491.335529589203
1384759.956599,-4154.222554935186,-1491.335529589203
1384766.957931,-4154.222554935186,-1491.335529589203
1384778.319753,-4154.222554935186,-1491.335529589203
1384781.306724,-4154.222554935186,-1491.335529589203
1384788.304285,-4154.222554935186,-1491.335529589203
1384795.048246,-4154.222554935186,-1491.335529589203
1384801.963842,-4154.222554935186,-1491.335529589203
1384813.082604,-4154.222554935186,-1491.335529589203
1384815.956442,-4154.222554935186,-1491.335529589203
1384822.966889,-4154.222554935186,-1491.335529589203
1384829.930722,-4154.222554935186,-1491.335529589203
1384838.368188,-4154.222554935186,-1491.335529589203
1384845.104193,-4154.222554935186,-1491.335529589203
1384852.217693,-4154.222554935186,-1491.335529589203
1384857.956857,-4154.222554935186,-1491.335529589203
1384864.959865,-4154.222554935186,-1491.335529589203
1384875.666746,-4154.222554935186,-1491.335529589203
1384879.304803,-4154.222554935186,-1491.335529589203
1384886.301955,-4154.222554935186,-1491.335529589203
1384893.741211,-4154.222554935186,-1491.335529589203
1384899.956719,-4154.222554935186,-1491.335529589203
1384909.088522,-4154.222554935186,-1491.335529589203
1384914.304554,-4154.222554935186,-1491.335529589203
1384920.947903,-4154.222554935186,-1491.335529589203
1384929.529715,-4154.222554935186,-1491.335529589203
1384935.303951,-4154.222554935186,-1491.335529589203
1384946.865102,-4154.222554935186,-1491.335529589203
1384949.349225,-4154.222554935186,-1491.335529589203
1384957.274108,-4154.222554935186,-1491.335529589203
1384963.310242,-4154.222554935186,-1491.335529589203
1384971.026434,-4154.222554935186,-1491.335529589203
1384982.435051,-4154.222554935186,-1491.335529589203
1384984.726031,-4154.222554935186,-1491.335529589203
1384993.572444,-4154.222554935186,-1491.335529589203
1384998.300897,-4154.222554935186,-1491.335529589203
1385005.329623,-4154.222554935186,-1491.335529589203
1385012.804411,-4154.222554935186,-1491.335529589203
1385019.321939,-4154.222554935186,-1491.335529589203
1385027.289791,-4154.222554935186,-1491.335529589203
1385034.490088,-4154.222554935186,-1491.335529589203
1385039.9819,-4154.222554935186,-1491.335529589203
1385053.426807,-4154.222554935186,-1491.335529589203
1385054.448841,-4154.222554935186,-1491.335529589203
1385054.998296,-4154.222554935186,-1491.335529589203
1385060.951777,-4157.163092912581,-1485.954392311623
1385687.405999,-3544.169275382498,-3329.9077206200914
1385687.406629,-3544.169275382498,-3329.9077206200914
1385696.870513,-3462.5357207620095,-3337.2398174527802
1385696.871109,-3462.5357207620095,-3337.2398174527802
1385702.870653,-3467.8745699311153,-3355.5710083542017
1385702.874358,-3467.8745699311153,-3355.5710083542017
1385709.876703,-3504.5722063025655,-3389.9431535943445
1385716.840219,-3560.6370741033365,-3425.0507788970094
1385728.817055,-3586.135640119491,-3439.7324874436435
1385731.359553,-3609.17333034547,-3450.5878278407863
1385738.445025,-3628.756062197723,-3459.064489328417
1385746.075867,-3634.9291065222087,-3460.0420285444407
1385752.33028,-3637.1744818852494,-3462.443982012731
1385759.900706,-3673.2603750149606,-3476.3203836114826
1385768.045907,-3710.0622856518858,-3480.1327864140644
1385773.32163,-3747.0518901826863,-3450.0478537989925
1385780.435162,-3769.5751599771747,-3427.811163566759
1385787.843144,-3791.7438968217557,-3402.8792570632904
1385794.347818,-3792.0845265145563,-3399.1832275248676
1385801.765831,-3794.6427250603506,-3396.399567981906
1385808.297618,-3816.686332615627,-3386.856922310505
1385814.909415,-3832.487379580584,-3365.574494468746
1385822.660462,-3864.3258288144407,-3332.57555802853
1385831.980194,-3885.424015142403,-3308.34189026159
1385836.368871,-3903.72764761984,-3288.1254433068184
1385843.785044,-3935.4479191553464,-3260.27953258899
1385850.369736,-3955.336522444336,-3257.635520944714
1385857.392557,-3964.8532990590943,-3231.2093687351426
1385864.816694,-3977.0255969838126,-3206.1378060139323
1385871.508403,-3992.36783656181,-3177.2631476051483
1385879.135048,-3998.109880009566,-3166.6452050255252
1385886.488653,-4009.941548218287,-3157.8845876350033
1385892.90202,-4029.6146510652325,-3162.735046369543
1385899.235533,-4055.926557148996,-3175.3499628750787
1385906.609994,-4074.556916008378,-3186.3868508717756
1385913.230627,-4096.53795880403,-3193.7090881490954
1385920.706713,-4111.734214187457,-3199.076246110661
1385928.484116,-4131.977350361409,-3214.9822118370453
1385934.267586,-4138.47712107743,-3219.4556191642628
1385943.277383,-4145.762425571959,-3223.3890522156275
1385948.262627,-4163.836654286486,-3229.9944267145906
1385956.305639,-4187.625119908156,-3238.447816389524
1385967.488428,-4203.794602967047,-3243.349478965031
1385969.261281,-4247.666317280921,-3254.549289028901
1385976.265979,-4258.246692684282,-3262.7745858223307
1385983.267524,-4262.7791531067205,-3266.43803150566
1385990.585713,-4270.794378353182,-3267.3271269576544
1386003.587127,-4279.824541059793,-3270.757825112191
1386004.340523,-4297.28007497532,-3274.076804449122
1386011.270597,-4348.86114288204,-3321.138346910221
1386018.629317,-4387.894525097473,-3345.9864675170043
1386024.963087,-4433.851727153784,-3365.5325999300658
1386039.134202,-4490.034771578267,-3382.8257363422917
1386041.79025,-4528.37299103339,-3407.036126533289
1386046.266031,-4562.206556566179,-3430.106053341204
1386053.735267,-4615.8522572069605,-3455.96429354922
1386059.948389,-4645.202023679877,-3463.7706423676677
1386069.863235,-4683.720985282896,-3477.2932678433967
1386074.260125,-4731.61769078558,-3498.0170981441856
1386081.297607,-4811.109537903735,-3537.6446720401723
1386088.665943,-4822.878641272839,-3544.142979476952
1386094.895397,-4822.878641272839,-3544.142979476952
1386108.069759,-4822.878641272839,-3544.142979476952
1386109.821156,-4822.878641272839,-3544.142979476952
1389356.591604,-5992.9000570203525,-5155.697148446634
1389356.592248,-5992.9000570203525,-5155.697148446634
1389373.825014,-5970.925808510836,-4728.765625091898
1389373.825604,-5970.925808510836,-4728.765625091898
1389377.480598,-5970.307113788841,-4663.954901692079
1389377.501693,-5970.307113788841,-4663.954901692079
1389386.14216,-5979.142630574449,-4543.983127148465
1389391.425745,-6033.476540204578,-4407.220955574752
1389396.970475,-6070.632981678342,-4327.360771260413
1389404.287813,-6088.554273738538,-4244.675026593583
1389411.80788,-6097.000499430149,-4163.004048850102
1389417.941897,-6113.649643903482,-4062.9879258149726
1389424.99978,-6132.314759922799,-4024.570670235259
1389444.026338,-6160.086506091544,-3860.4745464865437
1389444.026946,-6160.086506091544,-3860.4745464865437
1389445.86267,-6154.330559708529,-3836.087285623084
1389455.688538,-6143.33308725684,-3800.369885081647
1389459.90809,-6129.999868443984,-3773.6318740324414
1389472.758984,-6053.330384337528,-3781.563902505273
1389473.869583,-6053.330384337528,-3781.563902505273
1389481.208978,-6053.330384337528,-3781.563902505273
1389487.912352,-5684.755166822476,-3821.5033400944644
1389495.427092,-5605.826403216272,-3824.0170109121964
1389501.880775,-5544.116817531797,-3819.403959468739
1389511.199111,-5528.058561012914,-3819.3620649485943
1389515.819932,-5495.796063817425,-3815.5775938567454
1389524.933367,-5452.967094743722,-3810.224405935492
1389531.870867,-5383.0545898507835,-3802.422716316777
1389536.829546,-5355.936295935042,-3802.818386741019
1389546.464485,-5334.9215298307245,-3813.8692286748283
1389551.323038,-5331.466571588731,-3818.393836183963
1389558.290438,-5331.466571588731,-3818.393836183963
1389565.770702,-5331.466571588731,-3818.393836183963
1389572.326219,-5329.888552433233,-3820.125476087832
1389579.283976,-5301.901305196351,-3846.5702235977756
1389586.20943,-5256.215217516471,-3888.208712213523
1389593.216117,-5186.0663569751605,-3962.0966573933756
1389604.494894,-5145.04481037887,-4006.700338149027
1389606.807113,-5094.603810140282,-4047.919871280018
1389619.425705,-5019.964198726251,-4077.1110263352784
1389620.843463,-4959.804824756733,-4083.7210469040006
1389628.734311,-4888.189170541193,-4106.046158132966
1389635.229721,-4800.1259683075905,-4132.183667458088
1389642.560634,-4795.607411195445,-4134.343561328677
1389648.836307,-4795.607411195445,-4134.343561328677
1389656.323041,-4795.607411195445,-4134.343561328677
1389663.749792,-4786.479925819893,-4136.717582584635
1389670.201992,-4751.548003501651,-4151.8042547823625
1389677.58599,-4667.440276373194,-4179.617541838852
1389687.255957,-4644.937861878747,-4182.308099086287
1389691.289611,-4645.125555785718,-4181.893809121669
1389697.853486,-4645.125555785718,-4181.893809121669
1389705.767773,-4645.125555785718,-4181.893809121669
1389713.843401,-4645.125555785718,-4181.893809121669
1389723.259192,-4645.125555785718,-4181.893809121669
1389725.852716,-4642.3310019957635,-4176.684927528459
1389734.534691,-4646.244767627977,-4149.244035831861
1389741.942457,-4664.485835181127,-4108.1827773594305
1389749.815236,-4666.202886886771,-4082.1569857073873
1389754.573977,-4672.723512398299,-4042.7901226457807
1389761.821535,-4685.542311385038,-3995.733288574112
1389768.040889,-4691.958662504799,-3942.2991762878883
1389774.89884,-4699.16054740187,-3896.536409601072
1389782.21356,-4694.5377158816245,-3871.8326138315433
1389789.237768,-4694.5377158816245,-3871.8326138315433
1389796.508101,-4699.584596605937,-3853.8040093006075
1389808.149252,-4708.6981787443265,-3789.677473767915
1389808.149838,-4708.6981787443265,-3789.677473767915
1389809.628324,-4708.6981787443265,-3789.677473767915
1389816.97389,-4708.135097008036,-3787.7363612045538
1389824.018051,-4706.494513189712,-3779.1945348551944
1389838.849547,-4714.704383904102,-3747.205743278309
1389838.853194,-4735.78866659483,-3738.947868128869
1390614.333325,-4850.753418899849,-3451.964095565328
1390614.333967,-4850.753418899849,-3451.964095565328
1390623.897053,-4814.10568885274,-3571.9376733176696
1390633.507672,-4813.3966229620555,-3566.10502372133
1390637.964873,-4824.02565961353,-3568.82816818814
1390644.914901,-4850.4696461465965,-3576.317979180581
1390651.913255,-4850.970163242935,-3577.416546845661
1390660.424773,-4850.970163242935,-3577.416546845661
1390667.839023,-4850.970163242935,-3577.416546845661
1390675.109067,-4850.970163242935,-3577.416546845661
1390681.825653,-4850.970163242935,-3577.416546845661
1390689.220817,-4850.970163242935,-3577.416546845661
1390695.772144,-4850.970163242935,-3577.416546845661
1390703.400592,-4850.970163242935,-3577.416546845661
1390710.419872,-4850.970163242935,-3577.416546845661
1390716.771411,-4850.970163242935,-3577.416546845661
1390724.124096,-4850.970163242935,-3577.416546845661
1390732.279273,-4850.970163242935,-3577.416546845661
1390740.910477,-4850.970163242935,-3577.416546845661
1390744.465198,-4850.970163242935,-3577.416546845661
1390751.787419,-4850.970163242935,-3577.416546845661
1390759.076199,-4850.970163242935,-3577.416546845661
1390766.169692,-4850.970163242935,-3577.416546845661
1390772.755086,-4858.742081462822,-3580.7122498388017
1390780.08425,-4861.369796211946,-3605.616219681355
1390785.918572,-4847.3483659239255,-3640.928650752309
1390817.426188,-4843.796084874731,-3651.3883172072383
1390817.426762,-4843.796084874731,-3651.3883172072383
1390819.457048,-4844.101956433289,-3651.1136753262776
1390826.463358,-4844.55381214723,-3652.8313508380243
1390833.457015,-4848.467577761023,-3652.2215527513836
1390840.903427,-4848.502335896012,-3651.676923934881
1390848.734339,-4848.502335896012,-3651.676923934881
1390854.99199,-4848.502335896012,-3651.676923934881
1390862.310075,-4848.502335896012,-3651.676923934881
1390869.652935,-4848.502335896012,-3651.676923934881
1390875.880208,-4847.876689523374,-3649.2935909638554
1390883.352037,-4847.876689523374,-3649.2935909638554
1390890.16572,-4847.876689523374,-3649.2935909638554
1390897.01828,-4847.876689523374,-3649.2935909638554
1390903.946977,-4847.876689523374,-3649.2935909638554
1390910.899317,-4847.876689523374,-3649.2935909638554
1390920.296322,-4847.515204958849,-3649.8289098928813
1390924.950459,-4846.416848001128,-3649.2330766518235
1390931.878924,-4846.416848001128,-3649.2330766518235
1390939.515319,-4846.416848001128,-3649.2330766518235
1390946.712938,-4846.416848001128,-3649.2330766518235
1390952.969624,-4846.416848001128,-3649.2330766518235
1390960.568267,-4846.416848001128,-3649.2330766518235
1390966.887301,-4846.416848001128,-3649.2330766518235
1390973.868244,-4842.628211655177,-3655.014521075335
1390981.144579,-4838.394671226649,-3670.343261951897
1390987.489051,-4838.0748964124605,-3670.0918948045787
1390994.978977,-4839.27057614347,-3671.0554688493053
1391002.711373,-4835.2942458824855,-3670.4456707812706
1391008.899159,-4837.845492747672,-3673.6948238291943
1391016.539152,-4837.14337848946,-3675.5893872666384
1391024.941228,-4835.1413101032485,-3674.6444330208906
1391029.920408,-4835.162164982659,-3672.838313574891
1391036.880283,-4835.162164982659,-3672.838313574891
1391043.506472,-4831.658545323024,-3668.51852269974
1391051.049628,-4822.670092479132,-3662.9232762805036
1391057.964341,-4823.490384390107,-3663.612208448757
1391064.486707,-4823.490384390107,-3663.612208448757
1391071.868365,-4823.490384390107,-3663.612208448757
1391079.624333,-4822.461543693527,-3663.9752943299773
1391085.856703,-4819.847732197699,-3662.2157243183933
1391092.467878,-4817.338195090105,-3660.614422499657
1391101.709732,-4817.108791425202,-3658.165920303107
1391106.481611,-4816.649984087145,-3657.1418319277345
1391114.241604,-4816.649984087145,-3657.1418319277345
1391125.244867,-4816.649984087145,-3657.1418319277345
1391128.81511,-4820.077135862439,-3661.5361020387745
1391134.455727,-4820.077135862439,-3661.5361020387745
1391145.942651,-4820.077135862439,-3661.5361020387745
1391148.478425,-4820.077135862439,-3661.5361020387745
1391156.461663,-4813.174170920954,-3658.9805360581922
1391166.310844,-4813.174170920954,-3658.9805360581922
1391169.875137,-4807.001126748269,-3655.917580818751
1391176.92023,-4807.001126748269,-3655.917580818751
1391184.896039,-4807.001126748269,-3655.917580818751
1391192.232131,-4807.001126748269,-3655.917580818751
1391198.584129,-4807.001126748269,-3655.917580818751
1391205.585887,-4807.001126748269,-3655.917580818751
1391212.813809,-4807.001126748269,-3655.917580818751
1391218.955043,-4807.001126748269,-3655.917580818751
1391227.522556,-4807.001126748269,-3655.917580818751
1391235.714516,-4807.001126748269,-3655.917580818751
1391239.82332,-4807.001126748269,-3655.917580818751
1391247.234088,-4807.001126748269,-3655.917580818751
1391253.849632,-4811.936781438611,-3657.653876111061
1391260.88768,-4811.9506846859595,-3657.663186012499
1391268.456784,-4811.9506846859595,-3657.663186012499
1391274.648011,-4811.9506846859595,-3657.663186012499
1391281.854019,-4818.547778069196,-3661.4569679348197
1391289.195131,-4819.263795583321,-3661.92246264931
1391295.895797,-4819.263795583321,-3661.92246264931
1391303.696483,-4819.263795583321,-3661.92246264931
1391309.477577,-4819.263795583321,-3661.92246264931
1391316.889727,-4816.330209272789,-3660.1396178923083
1391324.169688,-4817.25477557258,-3660.8192401737538
1391330.863008,-4817.25477557258,-3660.8192401737538
1391339.252252,-4817.25477557258,-3660.8192401737538
1391344.835039,-4814.508883176387,-3663.114129106687
1391351.489279,-4809.121372771881,-3670.361881732407
1391358.948305,-4809.024050006991,-3666.5820647109545
1391367.540504,-4809.983374441966,-3667.233757301851
1391372.969087,-4808.697323568759,-3673.0850257629186
1391383.093238,-4810.059842327427,-3674.002050328514
1391386.952082,-4810.059842327427,-3674.002050328514
1391393.976982,-4810.059842327427,-3674.002050328514
1391401.469536,-4810.059842327427,-3674.002050328514
1391408.647655,-4810.059842327427,-3674.002050328514
1391414.955518,-4815.0789165349415,-3676.0036775615945
1391422.533519,-4815.266610449416,-3676.194530384222
1391429.140276,-4815.266610449416,-3676.194530384222
1391436.500589,-4815.266610449416,-3676.194530384222
1391443.490652,-4815.266610449416,-3676.194530384222
1391449.60343,-4815.266610449416,-3676.194530384222
1391456.84409,-4815.266610449416,-3676.194530384222
1391463.978898,-4816.35801578413,-3677.55377491058
1391474.556238,-4814.738286849553,-3694.330203736305
1391478.097469,-4813.500897359007,-3699.753216844227
1391484.910596,-4814.091785596991,-3699.8463157809215
1391492.288896,-4811.735184276772,-3706.163078623812
1391499.272355,-4810.977457003684,-3707.8202396794522
1391506.069735,-4806.813432833905,-3720.314116752295
1391513.569226,-4805.339688054481,-3722.823133026903
1391520.733495,-4805.339688054481,-3722.823133026903
1391526.982425,-4801.0366313603845,-3726.640189294784
1391534.494522,-4801.0366313603845,-3726.640189294784
1391540.901192,-4798.763449548599,-3730.8482610523947
1391547.867791,-4798.492336116638,-3730.8156764275504
1391557.244319,-4798.492336116638,-3730.8156764275504
1391561.864854,-4797.449592172091,-3736.057146300055
1391569.095132,-4793.174341980298,-3739.003727488171
1391577.207138,-4793.174341980298,-3739.003727488171
1391582.869623,-4793.174341980298,-3739.003727488171
1391589.837046,-4795.030426204551,-3744.450014939181
1391596.56231,-4796.045363654304,-3744.8410304565264
1391603.944618,-4791.818774844756,-3749.0956515630414
1391611.405616,-4789.211914970703,-3749.184095545625
1391617.946768,-4789.211914970703,-3749.184095545625
1391624.904262,-4789.211914970703,-3749.184095545625
1391632.337116,-4789.211914970703,-3749.184095545625
1391638.987747,-4789.211914970703,-3749.184095545625
1391649.484074,-4789.211914970703,-3749.184095545625
1391652.891223,-4789.211914970703,-3749.184095545625
1391660.005623,-4789.211914970703,-3749.184095545625
1391667.30443,-4789.211914970703,-3749.184095545625
1391675.528768,-4789.211914970703,-3749.184095545625
1391680.558829,-4789.211914970703,-3749.184095545625
1391688.665375,-4789.211914970703,-3749.184095545625
1391695.90404,-4789.211914970703,-3749.184095545625
1391701.915062,-4789.211914970703,-3749.184095545625
1391709.611303,-4789.211914970703,-3749.184095545625
1391715.945596,-4789.211914970703,-3749.184095545625
1391723.987005,-4789.211914970703,-3749.184095545625
1391729.953576,-4789.211914970703,-3749.184095545625
1391736.869721,-4773.125851639498,-3747.1871234991263
1391744.630417,-4769.969813284282,-3747.000925632373
1391751.948735,-4769.969813284282,-3747.000925632373
1391764.544808,-4768.788036806917,-3741.8385899335735
1391764.545394,-4768.788036806917,-3741.8385899335735
1391767.149552,-4768.384842482831,-3740.7400225536558
1391775.381973,-4768.975730721599,-3741.0332841865743
1391781.588857,-4770.1853137019325,-3742.085302107515
1391789.020538,-4770.1853137019325,-3742.085302107515
1391801.716498,-4770.206168581374,-3738.7802900484767
1391802.099334,-4770.206168581374,-3738.7802900484767
1391809.560851,-4770.206168581374,-3738.7802900484767
1391816.541902,-4770.087990936954,-3735.023748158481
1391823.830402,-4770.087990936954,-3735.023748158481
1391837.853848,-4770.087990936954,-3735.023748158481
1391837.857466,-4770.087990936954,-3735.023748158481
1391845.084783,-4770.087990936954,-3735.023748158481
1391852.524166,-4770.087990936954,-3735.023748158481
1391858.563572,-4770.087990936954,-3735.023748158481
1391873.620266,-4770.087990936954,-3735.023748158481
1391873.62418,-4770.087990936954,-3735.023748158481
1391879.576153,-4770.087990936954,-3735.023748158481
1391886.980304,-4770.087990936954,-3735.023748158481
1391893.557715,-4770.512040140466,-3730.573619206335
1391900.861847,-4770.512040140466,-3730.573619206335
1391908.558874,-4770.512040140466,-3730.573619206335
1391914.620277,-4770.512040140466,-3730.573619206335
1391921.15215,-4770.512040140466,-3730.573619206335
1391928.535295,-4770.512040140466,-3730.573619206335
1391935.559113,-4770.512040140466,-3730.573619206335
1391944.738983,-4770.512040140466,-3730.573619206335
1391949.611835,-4770.512040140466,-3730.573619206335
1391956.572844,-4770.512040140466,-3730.573619206335
1391963.15848,-4770.512040140466,-3730.573619206335
1391971.859278,-4770.512040140466,-3730.573619206335
1391982.080291,-4770.512040140466,-3730.573619206335
1391984.594012,-4770.512040140466,-3730.573619206335
1391991.587206,-4770.512040140466,-3730.573619206335
1391998.593843,-4770.512040140466,-3730.573619206335
1392005.94056,-4770.512040140466,-3730.573619206335
1392015.402444,-4770.512040140466,-3730.573619206335
1392024.999656,-4770.512040140466,-3730.573619206335
1392026.561762,-4770.512040140466,-3730.573619206335
1392033.563168,-4770.512040140466,-3730.573619206335
1392041.020733,-4770.512040140466,-3730.573619206335
1392052.120087,-4770.512040140466,-3730.573619206335
1392054.753968,-4770.512040140466,-3730.573619206335
1392062.271538,-4770.512040140466,-3730.573619206335
1392068.543518,-4770.512040140466,-3730.573619206335
1392075.540763,-4770.512040140466,-3730.573619206335
1392085.109088,-4770.512040140466,-3730.573619206335
1392089.127658,-4770.512040140466,-3730.573619206335
1392099.020791,-4770.512040140466,-3730.573619206335
1392103.514953,-4770.512040140466,-3730.573619206335
1392110.489887,-4770.512040140466,-3730.573619206335
1392119.653901,-4770.512040140466,-3730.573619206335
1392124.540472,-4770.512040140466,-3730.573619206335
1392132.672702,-4770.512040140466,-3730.573619206335
1392139.820306,-4770.512040140466,-3730.573619206335
1392145.569989,-4770.512040140466,-3730.573619206335
1392154.796338,-4770.512040140466,-3730.573619206335
1392159.561467,-4762.60108937213,-3729.419192433972
1392166.127993,-4762.53157311026,-3729.954511294579
1392173.633684,-4759.584083540028,-3731.746665754957
1392186.95332,-4752.347440526308,-3735.3076999037207
1392187.712053,-4752.347440526308,-3735.3076999037207
1392195.058027,-4752.347440526308,-3735.3076999037207
1392201.750349,-4752.347440526308,-3735.3076999037207
1392208.112336,-4750.533066050688,-3735.479932929095
1392215.600229,-4751.798262046212,-3738.1146326870653
1392225.565692,-4751.756552287457,-3739.1759605118555
1392229.616959,-4751.756552287457,-3739.1759605118555
1392237.244453,-4751.756552287457,-3739.1759605118555
1392244.259836,-4751.756552287457,-3739.1759605118555
1392250.936609,-4752.569892567878,-3740.204703702259
1392262.853816,-4752.451714923407,-3741.8665196131883
1392264.654259,-4752.451714923407,-3741.8665196131883
1392272.088686,-4752.451714923407,-3741.8665196131883
1392278.650208,-4752.451714923407,-3741.8665196131883
1392286.075666,-4752.451714923407,-3741.8665196131883
1392294.694742,-4751.638374642988,-3740.7726071776533
1392299.613598,-4748.169513103244,-3748.3043106590453
1392307.117242,-4747.967915932851,-3747.6386533049663
1392314.660466,-4747.967915932851,-3747.6386533049663
1392320.590377,-4747.967915932851,-3747.6386533049663
1392332.343582,-4747.967915932851,-3747.6386533049663
1392334.665837,-4747.967915932851,-3747.6386533049663
1392341.692723,-4747.967915932851,-3747.6386533049663
1392350.333814,-4747.967915932851,-3747.6386533049663
1392355.583356,-4747.967915932851,-3747.6386533049663
1392363.011165,-4747.967915932851,-3747.6386533049663
1392371.623626,-4747.967915932851,-3747.6386533049663
1392376.664393,-4747.967915932851,-3747.6386533049663
1392385.160316,-4747.967915932851,-3747.6386533049663
1392391.724462,-4747.967915932851,-3747.6386533049663
1392400.586563,-4749.045418022084,-3749.83578805243
1392404.543138,-4749.045418022084,-3749.83578805243
1392411.137265,-4749.045418022084,-3749.83578805243
1392418.82432,-4750.04645220892,-3752.1213667732104
1392425.571164,-4749.441660722523,-3752.060852470586
1392434.201191,-4749.441660722523,-3752.060852470586
1392439.69623,-4746.688816689843,-3747.391941134443
1392447.047161,-4746.02841218902,-3745.7720197514304
1392453.089332,-4744.068053557249,-3739.739209045606
1392460.568681,-4745.882428032999,-3738.7430504800805
1392467.301412,-4748.530997668764,-3740.1721190768408
1392474.670276,-4750.713808341762,-3742.550796762989
1392482.065885,-4750.699905085996,-3741.9689284425704
1392489.81379,-4750.699905085996,-3741.9689284425704
1392495.565833,-4750.699905085996,-3741.9689284425704
1392502.542386,-4745.131652390813,-3743.4910959623808
1392509.499247,-4745.131652390813,-3743.4910959623808
1392516.977675,-4745.131652390813,-3743.4910959623808
1392523.559235,-4745.131652390813,-3743.4910959623808
1392534.709624,-4745.131652390813,-3743.4910959623808
1392538.901757,-4739.723287098021,-3740.6562335126428
1392544.540897,-4741.120563993988,-3740.8889808415965
1392551.555467,-4741.120563993988,-3740.8889808415965
1392558.54445,-4741.120563993988,-3740.8889808415965
1392566.559028,-4741.120563993988,-3740.8889808415965
1392572.208453,-4741.120563993988,-3740.8889808415965
1392581.034283,-4739.73719035379,-3733.6086443955705
1392586.507017,-4741.426435553286,-3727.4268752702787
1392594.235331,-4741.461193680114,-3726.0257363355563
1392601.321762,-4741.461193680114,-3726.0257363355563
1392607.589011,-4741.461193680114,-3726.0257363355563
1392615.768575,-4741.461193680114,-3726.0257363355563
1392621.540567,-4741.461193680114,-3726.0257363355563
1392629.475043,-4741.461193680114,-3726.0257363355563
1392635.904456,-4741.461193680114,-3726.0257363355563
1392642.686417,-4741.461193680114,-3726.0257363355563
1392649.564071,-4741.461193680114,-3726.0257363355563
1392656.155817,-4741.461193680114,-3726.0257363355563
1392665.729885,-4741.461193680114,-3726.0257363355563
1392670.569872,-4741.461193680114,-3726.0257363355563
1392677.912787,-4741.461193680114,-3726.0257363355563
1392684.564547,-4741.461193680114,-3726.0257363355563
1392691.980941,-4741.461193680114,-3726.0257363355563
1392698.140351,-4741.461193680114,-3726.0257363355563
1392705.688652,-4741.461193680114,-3726.0257363355563
1392713.417774,-4739.987448898419,-3721.878178839364
1392719.539211,-4739.987448898419,-3721.878178839364
1392726.561814,-4739.987448898419,-3721.878178839364
1392733.568444,-4743.00445473191,-3722.0411019797557
1392740.542427,-4746.264767486243,-3721.4685435299125
1392747.559578,-4746.264767486243,-3721.4685435299125
1392755.036402,-4743.129584008488,-3726.021081378438
1392761.543381,-4743.129584008488,-3726.021081378438
1392765.309138,-4743.129584008488,-3726.021081378438
1392775.306555,-4733.87001772151,-3727.748066589267
1392776.244775,-4731.005947666984,-3733.012811232689
1392782.084666,-4730.533237080617,-3733.2595233983834
1393851.443458,-2986.962851551336,-1330.974392850954
1393851.444976,-2986.962851551336,-1330.974392850954
1393854.206433,-3133.668172551981,-1282.3835148847174
1393854.207059,-3133.668172551981,-1282.3835148847174
1393855.95286,-3126.3203032845586,-1284.887885808036
1393855.953415,-3126.3203032845586,-1284.887885808036
1393856.523644,-3126.3203032845586,-1284.887885808036
1393856.524265,-3126.3203032845586,-1284.887885808036
1393860.604862,-3126.3064000283516,-1284.8832308446008
1393868.587561,-3126.3064000283516,-1284.8832308446008
1393874.575155,-3126.3064000283516,-1284.8832308446008
1393881.59677,-3134.8777555709653,-1294.2862591412522
1393891.493851,-3166.6188824128603,-1331.1954713611353
1393895.413738,-3168.6557089930643,-1369.5151354963684
1393904.136912,-3168.753031769499,-1417.754524757211
1393909.738367,-3176.205175432385,-1457.8803094303628
1393919.790745,-3175.6490453030274,-1458.201501897148
1393923.818712,-3175.6490453030274,-1458.201501897148
1393931.045505,-3175.6490453030274,-1458.201501897148
1393937.753146,-3175.6490453030274,-1458.201501897148
1393944.784942,-3178.596534964882,-1464.2389892317033
1393957.156281,-3211.8531163710386,-1491.6194823378385
1393959.031497,-3241.4044808123676,-1546.180301604324
1393965.336831,-3276.3433558100023,-1610.4141276336293
1393972.912738,-3328.758619901293,-1670.346762544171
1393979.588969,-3377.725877183857,-1665.766280199618
1393991.914566,-3442.0631806631054,-1640.0988205999445
1393993.336773,-3538.294546502745,-1604.9352371494567
1394002.397835,-3588.4157736122847,-1599.0979145282915
1394004.914173,-3613.114902572399,-1618.8954686243653
1394004.914817,-3613.114902572399,-1618.8954686243653
1394006.831475,-3638.856775491233,-1641.4347946690048
1394013.662626,-3696.9793245998594,-1687.5142611218635
1394020.711229,-3787.4547432826566,-1734.836598884879
1394036.243121,-3811.8758070912004,-1764.1535441229755
1394036.320536,-3816.8392683899465,-1775.6419878339555
1394041.612491,-3817.645657062505,-1775.2276963110808
1394050.717402,-3817.645657062505,-1775.2276963110808
1394060.024136,-3817.645657062505,-1775.2276963110808
1394064.440855,-3828.3372585796706,-1793.6334116314156
1394070.01641,-3851.076028761788,-1791.962280697276
1394077.046585,-3895.642906042422,-1771.0708161784228
1394089.200383,-3959.6117727136393,-1705.9013591441087
1394090.64513,-3999.2708016268843,-1661.460440574298
1394098.217822,-4014.279363122343,-1617.7968975620947
1394104.6437,-4051.6165487603503,-1542.6797697036582
1394111.608036,-4082.2106567235846,-1523.8504455059538
1394118.637614,-4097.434718614953,-1522.8682483501034
1394129.057727,-4119.123793092909,-1521.9000160874193
1394129.065079,-4119.123793092909,-1521.9000160874193
1394132.672066,-4133.15217523141,-1514.614999261491
1394141.901182,-4142.933113616153,-1509.4619553643308
1394146.637324,-4142.933113616153,-1509.4619553643308
1394153.645206,-4142.933113616153,-1509.4619553643308
1394160.643925,-4142.933113616153,-1509.4619553643308
1394170.044533,-4142.933113616153,-1509.4619553643308
1394175.040729,-4144.92127877718,-1502.004704764374
1394181.647844,-4144.92127877718,-1502.004704764374
1394191.764986,-4144.92127877718,-1502.004704764374
1394199.704276,-4144.92127877718,-1502.004704764374
1394202.903421,-4144.92127877718,-1502.004704764374
1394209.609767,-4144.92127877718,-1502.004704764374
1394216.607921,-4144.92127877718,-1502.004704764374
1394223.635386,-4144.92127877718,-1502.004704764374
1394230.634055,-4144.92127877718,-1502.004704764374
1394239.278806,-4144.92127877718,-1502.004704764374
1394244.609305,-4144.92127877718,-1502.004704764374
1394251.637698,-4144.92127877718,-1502.004704764374
1394260.852943,-4144.92127877718,-1502.004704764374
1394274.973759,-4149.662287999014,-1506.0871072564157
1394274.977603,-4153.5134890423815,-1509.5922943201922
1394279.606909,-4153.5134890423815,-1509.5922943201922
1394286.684803,-4153.5134890423815,-1509.5922943201922
1394293.616162,-4153.5134890423815,-1509.5922943201922
1394303.29802,-4153.5134890423815,-1509.5922943201922
1394308.396259,-4153.5134890423815,-1509.5922943201922
1394315.490214,-4153.5134890423815,-1509.5922943201922
1394322.135454,-4153.5134890423815,-1509.5922943201922
1394329.142969,-4153.5134890423815,-1509.5922943201922
1394338.227259,-4153.5134890423815,-1509.5922943201922
1394344.35236,-4158.122417361417,-1510.2998486788379
1394349.887844,-4165.087947042424,-1515.192214659017
1394356.672323,-4165.087947042424,-1515.192214659017
1394363.634071,-4165.087947042424,-1515.192214659017
1394372.180895,-4165.087947042424,-1515.192214659017
1394378.045142,-4165.087947042424,-1515.192214659017
1394385.041178,-4165.087947042424,-1515.192214659017
1394391.63534,-4165.087947042424,-1515.192214659017
1394400.007066,-4165.087947042424,-1515.192214659017
1394406.115182,-4165.087947042424,-1515.192214659017
1394412.606192,-4165.087947042424,-1515.192214659017
1394421.886627,-4165.087947042424,-1515.192214659017
1394427.146158,-4165.087947042424,-1515.192214659017
1394434.753952,-4165.087947042424,-1515.192214659017
1394441.049732,-4165.087947042424,-1515.192214659017
1394450.006191,-4165.087947042424,-1515.192214659017
1394454.644251,-4165.087947042424,-1515.192214659017
1394461.653398,-4165.087947042424,-1515.192214659017
1394468.644114,-4165.087947042424,-1515.192214659017
1394475.643016,-4165.087947042424,-1515.192214659017
1394483.125934,-4165.087947042424,-1515.192214659017
1394490.90541,-4165.087947042424,-1515.192214659017
1394496.642407,-4165.087947042424,-1515.192214659017
1394503.643877,-4165.087947042424,-1515.192214659017
1394513.050953,-4165.087947042424,-1515.192214659017
1394518.390266,-4165.087947042424,-1515.192214659017
1394524.60689,-4165.087947042424,-1515.192214659017
1394531.642851,-4165.087947042424,-1515.192214659017
1394538.60628,-4165.087947042424,-1515.192214659017
1394547.730647,-4165.087947042424,-1515.192214659017
1394553.171247,-4165.087947042424,-1515.192214659017
1394559.635426,-4165.087947042424,-1515.192214659017
1394567.867574,-4165.087947042424,-1515.192214659017
1394575.449578,-4165.087947042424,-1515.192214659017
1394580.696347,-4165.087947042424,-1515.192214659017
1394587.648957,-4165.087947042424,-1515.192214659017
1394594.636238,-4165.087947042424,-1515.192214659017
1394601.610256,-4165.087947042424,-1515.192214659017
1394610.017288,-4165.087947042424,-1515.192214659017
1394619.360721,-4180.930703657814,-1519.9123469754916
1394624.598553,-4193.860728804749,-1525.5401969896338
1394629.997108,-4193.082146649927,-1526.5130842078338
1394636.63755,-4193.082146649927,-1526.5130842078338
1394643.634836,-4193.082146649927,-1526.5130842078338
1394651.11115,-4193.082146649927,-1526.5130842078338
1394658.001106,-4193.082146649927,-1526.5130842078338
1394665.015714,-4193.082146649927,-1526.5130842078338
1394672.313707,-4193.082146649927,-1526.5130842078338
1394679.00971,-4193.082146649927,-1526.5130842078338
1394686.339423,-4193.082146649927,-1526.5130842078338
1394693.008482,-4193.082146649927,-1526.5130842078338
1394699.63625,-4193.082146649927,-1526.5130842078338
1394708.530098,-4193.082146649927,-1526.5130842078338
1394713.641605,-4193.082146649927,-1526.5130842078338
1394723.767396,-4192.393935629149,-1526.6666979883476
1394727.625309,-4183.308159899051,-1534.4730705024858
1394734.606349,-4183.308159899051,-1534.4730705024858
1394743.10386,-4183.308159899051,-1534.4730705024858
1394749.013046,-4183.308159899051,-1534.4730705024858
1394756.095187,-4183.308159899051,-1534.4730705024858
1394762.60432,-4183.308159899051,-1534.4730705024858
1394769.634015,-4177.788568517182,-1528.691606788302
1394777.621063,-4177.788568517182,-1528.691606788302
1394785.206413,-4177.788568517182,-1528.691606788302
1394791.114426,-4177.788568517182,-1528.691606788302
1394798.470993,-4177.788568517182,-1528.691606788302
1394806.124386,-4177.788568517182,-1528.691606788302
1394812.141339,-4177.788568517182,-1528.691606788302
1394819.42788,-4177.788568517182,-1528.691606788302
1394825.636611,-4177.788568517182,-1528.691606788302
1394832.604891,-4177.788568517182,-1528.691606788302
1394841.860068,-4177.788568517182,-1528.691606788302
1394846.636227,-4177.788568517182,-1528.691606788302
1394855.916951,-4177.788568517182,-1528.691606788302
1394860.704544,-4177.788568517182,-1528.691606788302
1394867.70443,-4177.788568517182,-1528.691606788302
1394874.722759,-4177.788568517182,-1528.691606788302
1394883.951827,-4177.788568517182,-1528.691606788302
1394888.636108,-4177.788568517182,-1528.691606788302
1394896.73798,-4177.788568517182,-1528.691606788302
1394903.097192,-4177.788568517182,-1528.691606788302
1394910.111791,-4177.788568517182,-1528.691606788302
1394919.159152,-4177.788568517182,-1528.691606788302
1394924.062686,-4177.788568517182,-1528.691606788302
1394931.658274,-4177.788568517182,-1528.691606788302
1394939.378398,-4177.788568517182,-1528.691606788302
1394944.658402,-4177.788568517182,-1528.691606788302
1394953.059588,-4177.788568517182,-1528.691606788302
1394958.605034,-4177.788568517182,-1528.691606788302
1394965.634895,-4177.788568517182,-1528.691606788302
1394972.666885,-4177.788568517182,-1528.691606788302
1394979.634382,-4174.2571422946585,-1522.239828377732
1394986.607164,-4167.131725209534,-1517.9991572462072
1394993.629083,-4166.735482504009,-1518.3110397597418
1395000.633917,-4166.735482504009,-1518.3110397597418
1395007.664725,-4166.735482504009,-1518.3110397597418
1395014.603308,-4166.735482504009,-1518.3110397597418
1395023.307893,-4166.735482504009,-1518.3110397597418
1395028.603395,-4166.735482504009,-1518.3110397597418
1395035.665062,-4164.052154698771,-1511.929085692484
1395042.624812,-4164.086912834288,-1511.9058108764775
1395049.625259,-4164.086912834288,-1511.9058108764775
1395058.775793,-4164.086912834288,-1511.9058108764775
1395063.605066,-4164.086912834288,-1511.9058108764775
1395072.974018,-4164.086912834288,-1511.9058108764775
1395077.633992,-4164.086912834288,-1511.9058108764775
1395086.181513,-4164.086912834288,-1511.9058108764775
1395091.635438,-4164.086912834288,-1511.9058108764775
1395098.63542,-4164.086912834288,-1511.9058108764775
1395106.182612,-4164.086912834288,-1511.9058108764775
1395115.531115,-4164.086912834288,-1511.9058108764775
1395120.004882,-4164.086912834288,-1511.9058108764775
1395126.67589,-4164.086912834288,-1511.9058108764775
1395133.704832,-4164.086912834288,-1511.9058108764775
1395143.068006,-4164.086912834288,-1511.9058108764775
1395147.604158,-4164.086912834288,-1511.9058108764775
1395154.640224,-4164.086912834288,-1511.9058108764775
1395163.005152,-4164.086912834288,-1511.9058108764775
1395170.248195,-4164.086912834288,-1511.9058108764775
1395177.298609,-4164.086912834288,-1511.9058108764775
1395184.905069,-4164.086912834288,-1511.9058108764775
1395189.705784,-4164.086912834288,-1511.9058108764775
1395196.734674,-4164.086912834288,-1511.9058108764775
1395203.705623,-4164.086912834288,-1511.9058108764775
1395210.705572,-4164.086912834288,-1511.9058108764775
1395219.523827,-4164.086912834288,-1511.9058108764775
1395227.060181,-4164.086912834288,-1511.9058108764775
1395231.626946,-4164.086912834288,-1511.9058108764775
1395238.602984,-4164.086912834288,-1511.9058108764775
1395245.624552,-4164.086912834288,-1511.9058108764775
1395252.624872,-4164.086912834288,-1511.9058108764775
1395262.217061,-4162.112650929844,-1509.1686927011508
1395267.07731,-4160.256566671328,-1508.0515016059676
1395274.093185,-4160.256566671328,-1508.0515016059676
1395281.084227,-4160.256566671328,-1508.0515016059676
1395288.095672,-4160.256566671328,-1508.0515016059676
1395295.625075,-4160.256566671328,-1508.0515016059676
1395302.875674,-4160.256566671328,-1508.0515016059676
1395308.658471,-4160.256566671328,-1508.0515016059676
1395315.66842,-4160.256566671328,-1508.0515016059676
1395322.69711,-4160.256566671328,-1508.0515016059676
1395329.708367,-4160.256566671328,-1508.0515016059676
1395336.70758,-4160.256566671328,-1508.0515016059676
1395343.696933,-4160.256566671328,-1508.0515016059676
1395350.658402,-4160.256566671328,-1508.0515016059676
1395357.708536,-4160.256566671328,-1508.0515016059676
1395364.658649,-4160.256566671328,-1508.0515016059676
1395371.647617,-4160.256566671328,-1508.0515016059676
1395380.611457,-4160.256566671328,-1508.0515016059676
1395386.152193,-4160.256566671328,-1508.0515016059676
1395398.105667,-4160.256566671328,-1508.0515016059676
1395400.1157,-4160.256566671328,-1508.0515016059676
1395407.285547,-4160.256566671328,-1508.0515016059676
1395414.658315,-4160.256566671328,-1508.0515016059676
1395422.549262,-4160.256566671328,-1508.0515016059676
1395428.073131,-4160.256566671328,-1508.0515016059676
1395434.635358,-4160.256566671328,-1508.0515016059676
1395441.634335,-4160.256566671328,-1508.0515016059676
1395448.603405,-4160.256566671328,-1508.0515016059676
1395455.637261,-4160.256566671328,-1508.0515016059676
1395462.644329,-4160.256566671328,-1508.0515016059676
1395471.409807,-4160.256566671328,-1508.0515016059676
1395477.755117,-4160.256566671328,-1508.0515016059676
1395483.635756,-4160.256566671328,-1508.0515016059676
1395490.641706,-4160.256566671328,-1508.0515016059676
1395497.636679,-4160.256566671328,-1508.0515016059676
1395504.635778,-4160.256566671328,-1508.0515016059676
1395512.610506,-4160.256566671328,-1508.0515016059676
1395518.636809,-4160.256566671328,-1508.0515016059676
1395525.604798,-4160.256566671328,-1508.0515016059676
1395534.1968,-4160.256566671328,-1508.0515016059676
1395539.706328,-4160.256566671328,-1508.0515016059676
1395551.130763,-4160.256566671328,-1508.0515016059676
1395553.65646,-4160.256566671328,-1508.0515016059676
1395560.695423,-4152.672342239485,-1504.015648749319
1395567.725237,-4150.9066291315385,-1500.3196081666608
1395574.616408,-4150.9066291315385,-1500.3196081666608
1395581.706365,-4150.9066291315385,-1500.3196081666608
1395590.514305,-4150.9066291315385,-1500.3196081666608
1395596.498296,-4150.9066291315385,-1500.3196081666608
1395603.656245,-4150.9066291315385,-1500.3196081666608
1395610.323969,-4150.9066291315385,-1500.3196081666608
1395616.632058,-4150.9066291315385,-1500.3196081666608
1395625.150769,-4150.9066291315385,-1500.3196081666608
1395631.289918,-4150.9066291315385,-1500.3196081666608
1395638.079316,-4150.9066291315385,-1500.3196081666608
1395649.064187,-4150.9066291315385,-1500.3196081666608
1395652.720544,-4150.9066291315385,-1500.3196081666608
1395658.634346,-4150.9066291315385,-1500.3196081666608
1395665.632964,-4150.9066291315385,-1500.3196081666608
1395676.412559,-4150.9066291315385,-1500.3196081666608
1395679.614166,-4150.9066291315385,-1500.3196081666608
1395686.624701,-4150.9066291315385,-1500.3196081666608
1395693.626472,-4150.9066291315385,-1500.3196081666608
1395700.639499,-4150.9066291315385,-1500.3196081666608
1395709.569086,-4150.9066291315385,-1500.3196081666608
1395715.067823,-4150.9066291315385,-1500.3196081666608
1395722.560773,-4150.9066291315385,-1500.3196081666608
1395730.31781,-4150.9066291315385,-1500.3196081666608
1395735.628231,-4150.9066291315385,-1500.3196081666608
1395744.150465,-4150.9066291315385,-1500.3196081666608
1395750.072995,-4150.9066291315385,-1500.3196081666608
1395757.994442,-4150.9066291315385,-1500.3196081666608
1395764.067959,-4150.9066291315385,-1500.3196081666608
1395771.170591,-4150.9066291315385,-1500.3196081666608
1395778.45202,-4150.9066291315385,-1500.3196081666608
1395785.092283,-4150.9066291315385,-1500.3196081666608
1395792.118221,-4150.9066291315385,-1500.3196081666608
1395798.635487,-4150.9066291315385,-1500.3196081666608
1395808.118693,-4150.9066291315385,-1500.3196081666608
1395813.073237,-4150.9066291315385,-1500.3196081666608
1395819.622262,-4150.9066291315385,-1500.3196081666608
1395826.625299,-4150.9066291315385,-1500.3196081666608
1395835.310732,-4150.9066291315385,-1500.3196081666608
1395842.436891,-4150.9066291315385,-1500.3196081666608
1395848.058363,-4150.9066291315385,-1500.3196081666608
1395855.433095,-4150.9066291315385,-1500.3196081666608
1395861.632179,-4150.9066291315385,-1500.3196081666608
1395868.622591,-4150.9066291315385,-1500.3196081666608
1395877.226507,-4150.9066291315385,-1500.3196081666608
1395883.092365,-4150.9066291315385,-1500.3196081666608
1395890.095917,-4150.9066291315385,-1500.3196081666608
1395897.099786,-4148.431850122256,-1499.2070720182978
1395903.629105,-4147.423864290146,-1491.8196457495467
1395910.599768,-4147.423864290146,-1491.8196457495467
1395920.231548,-4147.423864290146,-1491.8196457495467
1395924.634888,-4147.423864290146,-1491.8196457495467
1395931.646561,-4147.423864290146,-1491.8196457495467
1395939.910606,-4147.423864290146,-1491.8196457495467
1395945.634419,-4147.423864290146,-1491.8196457495467
1395953.919893,-4147.423864290146,-1491.8196457495467
1395961.453678,-4147.423864290146,-1491.8196457495467
1395967.167743,-4147.423864290146,-1491.8196457495467
1395974.634743,-4147.423864290146,-1491.8196457495467
1395980.599706,-4147.423864290146,-1491.8196457495467
1395990.223995,-4147.423864290146,-1491.8196457495467
1395994.64027,-4147.423864290146,-1491.8196457495467
1396001.691546,-4147.423864290146,-1491.8196457495467
1396010.349111,-4147.423864290146,-1491.8196457495467
1396016.021102,-4147.423864290146,-1491.8196457495467
1396023.940787,-4150.392208771453,-1493.0113162761497
1396029.632711,-4152.449890195125,-1494.6545182185503
1396036.94658,-4152.449890195125,-1494.6545182185503
1396043.635329,-4152.449890195125,-1494.6545182185503
1396052.510938,-4155.091508241558,-1494.1005776183792
1396059.570314,-4155.466896067597,-1493.9376539197563
1396064.627513,-4155.466896067597,-1493.9376539197563
1396071.628317,-4155.466896067597,-1493.9376539197563
1396078.624662,-4155.466896067597,-1493.9376539197563
1396087.1769,-4155.466896067597,-1493.9376539197563
1396093.003112,-4155.466896067597,-1493.9376539197563
1396100.282339,-4155.466896067597,-1493.9376539197563
1396106.80215,-4155.466896067597,-1493.9376539197563
1396116.442607,-4156.349752621495,-1493.509397318618
1396120.990401,-4156.370607501221,-1492.6109894642539
1396132.373959,-4157.197851048105,-1491.172605889301
1396134.997132,-4157.197851048105,-1491.172605889301
1396142.276684,-4157.197851048105,-1491.172605889301
1396149.474412,-4157.197851048105,-1491.172605889301
1396155.989854,-4157.197851048105,-1491.172605889301
1396162.622565,-4157.197851048105,-1491.172605889301
1396169.622147,-4157.197851048105,-1491.172605889301
1396176.622376,-4157.197851048105,-1491.172605889301
1396186.613558,-4157.197851048105,-1491.172605889301
1396190.597264,-4157.197851048105,-1491.172605889301
1396197.599614,-4157.197851048105,-1491.172605889301
1396204.622607,-4157.197851048105,-1491.172605889301
1396211.62367,-4157.197851048105,-1491.172605889301
1396218.599521,-4157.197851048105,-1491.172605889301
1396225.622461,-4157.197851048105,-1491.172605889301
1396232.894271,-4157.197851048105,-1491.172605889301
1396239.605533,-4157.197851048105,-1491.172605889301
1396246.633572,-4157.197851048105,-1491.172605889301
1396253.625514,-4157.197851048105,-1491.172605889301
1396262.454607,-4157.197851048105,-1491.172605889301
1396269.590995,-4157.197851048105,-1491.172605889301
1396274.978253,-4157.197851048105,-1491.172605889301
1396282.641501,-4157.197851048105,-1491.172605889301
1396288.624856,-4157.197851048105,-1491.172605889301
1396295.596933,-4157.197851048105,-1491.172605889301
1396304.865147,-4157.197851048105,-1491.172605889301
1396309.623871,-4157.197851048105,-1491.172605889301
1396316.596501,-4157.197851048105,-1491.172605889301
1396325.098761,-4157.197851048105,-1491.172605889301
1396330.996938,-4158.72720885569,-1490.3812621740378
1396338.420926,-4158.72720885569,-1490.3812621740378
1396344.631332,-4158.72720885569,-1490.3812621740378
1396351.625128,-4158.72720885569,-1490.3812621740378
1396358.625459,-4158.72720885569,-1490.3812621740378
1396365.625815,-4158.72720885569,-1490.3812621740378
1396373.984471,-4158.72720885569,-1490.3812621740378
1396379.597796,-4158.72720885569,-1490.3812621740378
1396386.599477,-4158.72720885569,-1490.3812621740378
1396393.625535,-4158.72720885569,-1490.3812621740378
1396402.145009,-4158.72720885569,-1490.3812621740378
1396407.628924,-4158.72720885569,-1490.3812621740378
1396416.000298,-4158.72720885569,-1490.3812621740378
1396423.17727,-4158.72720885569,-1490.3812621740378
1396429.129056,-4158.72720885569,-1490.3812621740378
1396435.625179,-4158.72720885569,-1490.3812621740378
1396442.984095,-4158.72720885569,-1490.3812621740378
1396449.996999,-4158.72720885569,-1490.3812621740378
1396457.649189,-4158.72720885569,-1490.3812621740378
1396463.9984,-4158.72720885569,-1490.3812621740378
1396470.624518,-4158.72720885569,-1490.3812621740378
1396478.748576,-4158.72720885569,-1490.3812621740378
1396485.026943,-4158.72720885569,-1490.3812621740378
1396492.486237,-4158.72720885569,-1490.3812621740378
1396499.01719,-4158.72720885569,-1490.3812621740378
1396505.977877,-4158.72720885569,-1490.3812621740378
1396513.392896,-4158.72720885569,-1490.3812621740378
1396520.000951,-4158.72720885569,-1490.3812621740378
1396526.956254,-4158.72720885569,-1490.3812621740378
1396533.634551,-4158.72720885569,-1490.3812621740378
1396540.626186,-4158.72720885569,-1490.3812621740378
1396547.625167,-4158.72720885569,-1490.3812621740378
1396556.803009,-4157.364690077343,-1485.6564746768026
1396561.624704,-4157.322980317897,-1485.8752579357028
1396569.63997,-4156.905882732571,-1492.238592418398
1396578.008599,-4156.905882732571,-1492.238592418398
1396582.595475,-4156.905882732571,-1492.238592418398
1396589.62422,-4156.905882732571,-1492.238592418398
1396596.633684,-4156.905882732571,-1492.238592418398
1396605.724995,-4156.905882732571,-1492.238592418398
1396611.038713,-4156.905882732571,-1492.238592418398
1396618.008922,-4156.905882732571,-1492.238592418398
1396625.025178,-4156.905882732571,-1492.238592418398
1396632.367716,-4156.905882732571,-1492.238592418398
1396639.046611,-4156.905882732571,-1492.238592418398
1396646.425125,-4156.905882732571,-1492.238592418398
1396652.633607,-4156.905882732571,-1492.238592418398
1396659.624236,-4156.905882732571,-1492.238592418398
1396668.483453,-4156.905882732571,-1492.238592418398
1396673.625493,-4156.905882732571,-1492.238592418398
1396680.595191,-4156.905882732571,-1492.238592418398
1396688.661216,-4156.905882732571,-1492.238592418398
1396696.66208,-4156.905882732571,-1492.238592418398
1396702.105027,-4156.905882732571,-1492.238592418398
1396709.479008,-4156.905882732571,-1492.238592418398
1396715.626394,-4156.905882732571,-1492.238592418398
1396722.594212,-4156.905882732571,-1492.238592418398
1396732.221861,-4156.905882732571,-1492.238592418398
1396737.023986,-4156.905882732571,-1492.238592418398
1396744.501306,-4156.905882732571,-1492.238592418398
1396751.061207,-4156.905882732571,-1492.238592418398
1396758.325025,-4156.905882732571,-1492.238592418398
1396768.311615,-4156.905882732571,-1492.238592418398
1396771.59975,-4156.905882732571,-1492.238592418398
1396778.624105,-4156.905882732571,-1492.238592418398
1396787.247978,-4156.905882732571,-1492.238592418398
1396793.022337,-4156.905882732571,-1492.238592418398
1396799.629167,-4156.905882732571,-1492.238592418398
1396806.624172,-4156.905882732571,-1492.238592418398
1396813.615271,-4156.905882732571,-1492.238592418398
1396821.736962,-4156.905882732571,-1492.238592418398
1396828.066313,-4156.905882732571,-1492.238592418398
1396835.291925,-4156.905882732571,-1492.238592418398
1396843.50143,-4156.905882732571,-1492.238592418398
1396849.283924,-4156.905882732571,-1492.238592418398
1396856.021054,-4156.905882732571,-1492.238592418398
1396863.375948,-4154.153038672238,-1488.286528797698
1396870.385044,-4154.1460870402125,-1488.286528797698
1396877.026978,-4154.1460870402125,-1488.286528797698
1396884.008051,-4154.1460870402125,-1488.286528797698
1396891.04816,-4154.1460870402125,-1488.286528797698
1396892.575808,-4154.1460870402125,-1488.286528797698
1396897.625896,-4154.1460870402125,-1488.286528797698
1396904.623785,-4156.683430688084,-1488.593756366207
1396911.59413,-4188.758235017541,-1513.5583226917604
1396920.520632,-4171.010732755156,-1536.9308908013627
1396925.594374,-4137.038134403516,-1506.0219377672415
1396932.626712,-4071.7554105602744,-1453.2067262895239
1396944.916566,-4030.2055393133446,-1354.0978948105856
1396947.176645,-4067.9459192698796,-1288.2254953758386
1396954.641133,-4098.741624387902,-1229.2051975495945
1396960.624841,-4083.3854815865225,-1107.6640511651565
1396968.156154,-4063.058925882135,-999.0869637350219
1396978.63799,-4057.8799641779356,-902.5196736029135
1396982.596173,-4072.1238467547696,-843.089702801556
1396989.071583,-4072.4297183185276,-842.6567907952863
1396996.589022,-4072.4297183185276,-842.6567907952863
1397003.022132,-4058.9157565238265,-806.2595966929708
1397011.678845,-4036.8165360652392,-744.157664977694
1397016.949561,-4020.2369069887654,-684.513550789436
1397023.679755,-4005.0197966976516,-641.1664785682774
1397030.689946,-4005.0197966976516,-641.1664785682774
1397040.02583,-4002.5311144252455,-632.0799785149784
1397047.211217,-3929.448665519357,-564.852908030326
1397051.630624,-3873.1891525565225,-521.659441670396
1397058.625514,-3826.773142626359,-509.7334080905386
1397065.592029,-3806.2866994054116,-509.1561917800602
1397072.625425,-3806.2866994054116,-509.1561917800602
1397079.626539,-3806.2866994054116,-509.1561917800602
1397088.231956,-3806.2866994054116,-509.1561917800602
1397094.028169,-3806.2866994054116,-509.1561917800602
1397101.02794,-3806.2866994054116,-509.1561917800602
1397108.411859,-3806.2866994054116,-509.1561917800602
1397116.25456,-3806.2866994054116,-509.1561917800602
1397122.053497,-3806.2866994054116,-509.1561917800602
1397129.047569,-3796.0052438484163,-488.14831082090853
1397136.156173,-3788.170760812634,-442.9066521377328
1397142.64495,-3725.376718804144,-384.3331530434491
1397150.973246,-3587.7831755993557,-331.24785999187424
1397157.029564,-3518.0514101099006,-299.75697685842533
1397163.621534,-3439.9429345721296,-259.20286163029135
1397170.628074,-3285.0050824844525,-221.67447584463403
1397177.617855,-3202.1277908371408,-177.8944595944708
1397188.56846,-3137.4776639057754,-106.23115164950148
1397191.631391,-3055.7612937032545,-14.546793434255047
1397198.631215,-2983.756345719823,-26.929023728636245
1397205.640187,-2909.7423775757916,-1.9783639220613738
1397212.615302,-2843.166649804702,117.01674593987525
1397223.663551,-2827.803555049221,197.72935926209593
1397226.659355,-2824.112241326776,296.80120839991656
1397233.591884,-2806.8513525133953,451.22075013957357
1397240.921688,-2789.2289791089092,552.9971810189754
1397247.651504,-2770.6055714682316,645.4217759486648
1397254.643677,-2691.2318989988553,701.1092883170091
1397261.693786,-2594.889305889978,709.0553376710031
1397273.643093,-2474.932037052691,687.1955559800494
1397275.606883,-2283.9708536113876,579.5538310634636
1397285.777891,-2162.873517565896,501.0383186818569
1397289.618533,-2057.549422223178,434.51869196521517
1397296.611162,-1888.868201395379,379.4735897484909
1397303.599138,-1779.880598517463,395.84979809787137
1397310.621267,-1656.0443209659877,434.5978265796729
1397317.590584,-1446.612663898115,519.7187441555736
1397324.61683,-1286.4193784056158,570.4952435660455
1397331.617029,-1114.3944241090765,531.3003289159269
1397347.340622,-899.2137710361268,344.50540551544236
1397347.79838,-829.502858371491,155.5320086656383
1397352.648333,-757.6995060499464,-23.85208608099896
1397361.732759,-565.3410431785097,-229.43896963279545
1397366.632835,-424.0283752197945,-353.3124246388144
1397375.261737,-299.9070801089644,-482.42269723451244
1397395.668265,-206.81784666241452,-801.0134476822333
1397395.669007,-206.81784666241452,-801.0134476822333
1397396.391401,-206.81784666241452,-801.0134476822333
1397396.391973,-206.81784666241452,-801.0134476822333
1397398.332103,-206.81784666241452,-801.0134476822333
1397406.572493,-206.81784666241452,-801.0134476822333
1397412.88579,-206.81784666241452,-801.0134476822333
1397418.395852,-247.61694389734026,-1498.2667694977638
1397437.025189,-24.240322387280486,-1502.5539903842744
1397437.025939,-24.240322387280486,-1502.5539903842744
1397437.936673,-24.240322387280486,-1502.5539903842744
1397444.975915,76.53045860834237,-1580.3849660627068
1397451.965883,99.66547234135572,-1598.8418916022838
1397462.865122,112.42170737989845,-1707.3211223822013
1397466.050573,125.84529858825242,-1799.2379844272837
1397472.990652,142.51529946732623,-1894.5715738878546
1397482.940702,167.11710643884044,-2057.7930729424174
1397486.959715,183.86357522387203,-2155.2539394985324
1397494.267468,202.94579057472782,-2244.619820059374
1397507.938649,223.04294343255225,-2335.875600520092
1397510.278577,243.55024226894992,-2379.3110013255227
1397515.497067,279.46234591587984,-2415.987402708829
1397522.044155,326.4831490647112,-2507.382807244825
1397529.004677,361.7974128113484,-2559.229700433948
1397535.954988,418.1125408877297,-2577.146622775068
1397545.801621,510.430143727269,-2597.046555394996
1397551.350481,554.5729733947356,-2605.979413847443
1397558.548358,590.5128835304538,-2621.1452566034086
1628465.516917,-4550.242807595038,-3245.1835293335716
1628465.517501,-4550.242807595038,-3245.1835293335716
1628472.116642,-4562.185701686784,-3244.205989798589
1628479.201552,-4592.154162948073,-3205.914368386997
1628491.137242,-4587.239363103655,-3139.1111707041646
1628493.145149,-4592.1611145717825,-3039.229880140054
1628568.334878,-4829.607815554204,-2297.2766972195413
1628568.3355,-4829.607815554204,-2297.2766972195413
1628572.275918,-4848.252077352024,-2237.991160529671
1628580.993544,-4854.772702835611,-2218.4263736064804
1628586.156976,-4854.529395915333,-2218.2448302567923
1628593.630075,-4854.529395915333,-2218.2448302567923
1628600.1569,-4854.529395915333,-2218.2448302567923
1628607.216727,-4854.529395915333,-2218.2448302567923
1628614.182592,-4854.529395915333,-2218.2448302567923
1628626.990318,-4868.933165644669,-2172.3422906887395
1628628.171574,-4883.5385325305015,-2047.8081860726331
1628635.156084,-4886.812748529351,-1967.4216948664682
1628642.147123,-4877.949424973389,-1894.0176336366915
1628650.982658,-4862.954767009891,-1811.9599920951982
1628658.515536,-4858.83245260393,-1771.7644053569634
1628663.146122,-4857.532498484891,-1765.1078111285365
1628670.29053,-4857.532498484891,-1765.1078111285365
1628677.155976,-4858.888065618305,-1757.203687266253
1628684.142005,-4858.964533503682,-1757.3340261824505
1628691.146007,-4861.724329152682,-1747.1722460579967
1628700.853421,-4861.724329152682,-1747.1722460579967
1628705.535338,-4861.724329152682,-1747.1722460579967
1628713.338199,-4850.789420952436,-1719.9314128052054
1628725.304498,-4821.550880641343,-1701.302257204934
1628726.943992,-4799.333482907512,-1695.1390881637017
1628733.227132,-4798.075238537233,-1695.339251511825
1628740.341922,-4798.075238537233,-1695.339251511825
1628747.142649,-4798.075238537233,-1695.339251511825
1628754.199659,-4798.075238537233,-1695.339251511825
1628769.186998,-4798.075238537233,-1695.339251511825
1628769.190641,-4798.075238537233,-1695.339251511825
1628775.550044,-4798.075238537233,-1695.339251511825
1628782.890767,-4798.075238537233,-1695.339251511825
1628789.2461,-4778.63153969285,-1691.5826975429948
1628805.981014,-4718.235810084669,-1684.698009353514
1628805.984612,-4604.667090398234,-1665.766280199618
1628812.36049,-4558.202419784738,-1640.541041982134
1628817.19385,-4453.38579730122,-1667.982041994902
1628849.277373,-4191.483272572428,-1530.0974055402778
1628849.277987,-4191.483272572428,-1530.0974055402778
1628850.944011,-4184.573355910428,-1528.17025095728
1628857.873968,-4152.658438991935,-1511.2680809582998
1628864.862121,-4121.612475351238,-1469.3920335075763
1628878.000416,-4106.916737075449,-1460.3939895962026
1628880.309872,-4091.338142231824,-1449.4874105949384
1628886.332522,-4043.0729998607394,-1416.8747366419116
1628893.654708,-4018.797920311422,-1391.4027754719843
1628900.332267,-4048.5856396256922,-1345.85860841698
1628909.252287,-4077.6295349009697,-1288.5513428910958
1628913.936078,-4100.757596054397,-1199.7206488958511
1628920.857455,-4094.959939603119,-1162.4483417394913
1628927.853117,-4079.325731748786,-1041.7450765213548
1628934.861201,-4065.8326248273243,-944.107150458903
1628941.857517,-4062.4680376344104,-927.9264848403982
1628948.86325,-4062.4680376344104,-927.9264848403982
1628955.857149,-4062.4680376344104,-927.9264848403982
1628962.863572,-4062.4680376344104,-927.9264848403982
1628969.873103,-4062.4680376344104,-927.9264848403982
1628976.863139,-4062.4680376344104,-927.9264848403982
1628983.861018,-4062.4680376344104,-927.9264848403982
1628990.865131,-4062.4680376344104,-927.9264848403982
1628997.857909,-4063.0380710025192,-933.6381295075166
1629007.513323,-4073.701865956556,-974.6251136133301
1629011.891561,-4081.459881062125,-1027.337955595298
1629018.854046,-4091.324238976006,-1120.7910546901908
1629025.884557,-4099.436787025538,-1174.1788545348818
1629032.885948,-4106.054735392008,-1225.4346759355549
1629040.551552,-4114.71646193514,-1299.4486147191085
1629046.884465,-4123.927366956161,-1368.4770785452718
1629053.88785,-4140.993609838137,-1428.870577659117
1629060.908765,-4165.984706852095,-1488.7985747397697
1629070.210676,-4168.925244828775,-1492.7599482801052
1629075.370466,-4168.925244828775,-1492.7599482801052
1629082.613016,-4179.811491804188,-1504.8768168877912
1629089.286603,-4179.811491804188,-1504.8768168877912
1629095.939869,-4189.251800489262,-1511.3099756309427
1629110.2014,-4195.417893122903,-1520.1404401441703
1629110.202003,-4195.417893122903,-1520.1404401441703
1629115.47663,-4195.417893122903,-1520.1404401441703
1629122.44508,-4195.417893122903,-1520.1404401441703
1629124.603475,-4195.417893122903,-1520.1404401441703
1629137.393742,-4195.417893122903,-1520.1404401441703
1629137.394291,-4195.417893122903,-1520.1404401441703
1629141.474984,-4195.417893122903,-1520.1404401441703
1629148.474696,-4195.417893122903,-1520.1404401441703
1629155.496678,-4195.417893122903,-1520.1404401441703
1629163.866916,-4195.417893122903,-1520.1404401441703
1629179.55431,-4195.417893122903,-1520.1404401441703
1629179.557969,-4195.417893122903,-1520.1404401441703
1629184.051126,-4195.417893122903,-1520.1404401441703
1629190.567714,-4195.417893122903,-1520.1404401441703
1629197.626001,-4195.417893122903,-1520.1404401441703
1629205.749302,-4195.417893122903,-1520.1404401441703
1629213.572856,-4195.417893122903,-1520.1404401441703
1629218.505435,-4195.417893122903,-1520.1404401441703
1629227.649171,-4190.218076561231,-1529.3386466095092
1629232.958719,-4190.218076561231,-1529.3386466095092
1629239.862664,-4190.218076561231,-1529.3386466095092
1629252.139987,-4190.218076561231,-1529.3386466095092
1629253.91485,-4190.218076561231,-1529.3386466095092
1629261.433277,-4190.218076561231,-1529.3386466095092
1629268.274969,-4190.218076561231,-1529.3386466095092
1629274.469094,-4190.218076561231,-1529.3386466095092
1629282.527169,-4190.218076561231,-1529.3386466095092
1629288.533578,-4190.218076561231,-1529.3386466095092
1629296.815939,-4190.218076561231,-1529.3386466095092
1629302.506116,-4190.218076561231,-1529.3386466095092
1629309.504602,-4175.4041606519,-1519.8937271203556
1629318.579005,-4160.604147993836,-1509.4991950627748
1629324.908738,-4160.604147993836,-1509.4991950627748
1629330.963077,-4160.604147993836,-1509.4991950627748
1629337.495999,-4160.604147993836,-1509.4991950627748
1629344.496741,-4160.604147993836,-1509.4991950627748
1629353.356271,-4160.604147993836,-1509.4991950627748
1629361.153022,-4160.604147993836,-1509.4991950627748
1629365.945777,-4160.604147993836,-1509.4991950627748
1629373.361453,-4160.604147993836,-1509.4991950627748
1629380.652328,-4160.604147993836,-1509.4991950627748
1629387.213239,-4160.604147993836,-1509.4991950627748
1629400.766677,-4160.604147993836,-1509.4991950627748
1629403.06531,-4160.604147993836,-1509.4991950627748
1629407.474475,-4160.604147993836,-1509.4991950627748
1629414.501976,-4160.604147993836,-1509.4991950627748
1629421.497983,-4160.604147993836,-1509.4991950627748
1629437.22644,-4160.604147993836,-1509.4991950627748
1629437.66888,-4160.604147993836,-1509.4991950627748
1629442.892159,-4160.604147993836,-1509.4991950627748
1629450.478688,-4160.604147993836,-1509.4991950627748
1629456.531032,-4160.604147993836,-1509.4991950627748
1629465.153723,-4160.604147993836,-1509.4991950627748
1629470.563112,-4160.604147993836,-1509.4991950627748
1629477.513157,-4160.604147993836,-1509.4991950627748
1629484.51298,-4160.604147993836,-1509.4991950627748
1629492.558764,-4160.604147993836,-1509.4991950627748
1629502.968523,-4160.604147993836,-1509.4991950627748
1629506.193579,-4160.604147993836,-1509.4991950627748
1629512.896043,-4160.604147993836,-1509.4991950627748
1629519.501138,-4160.604147993836,-1509.4991950627748
1629528.571223,-4160.604147993836,-1509.4991950627748
1629540.402829,-4160.604147993836,-1509.4991950627748
1629540.667364,-4160.604147993836,-1509.4991950627748
1629549.179996,-4160.604147993836,-1509.4991950627748
1629554.905925,-4160.604147993836,-1509.4991950627748
1629561.897205,-4160.604147993836,-1509.4991950627748
1629573.565464,-4159.804710958756,-1508.6007872210675
1629578.494869,-4153.777650846187,-1504.350806076123
1629582.516394,-4153.777650846187,-1504.3461511146018
1629591.081413,-4153.777650846187,-1504.3461511146018
1629596.922703,-4153.777650846187,-1504.3461511146018
1629604.628714,-4153.777650846187,-1504.3461511146018
1629612.203696,-4151.129081175909,-1500.8223441664104
1629618.579997,-4150.656370575273,-1500.5290814988143
1629626.710444,-4150.656370575273,-1500.5290814988143
1629632.258791,-4150.656370575273,-1500.5290814988143
1629638.496234,-4150.656370575273,-1500.5290814988143
1629652.641994,-4150.656370575273,-1500.5290814988143
1629652.645643,-4150.656370575273,-1500.5290814988143
1629659.473171,-4150.656370575273,-1500.5290814988143
1629669.145321,-4149.849981907858,-1491.7032716743793
1629673.914668,-4151.567033641011,-1489.2175214102965
1629681.301422,-4151.567033641011,-1489.2175214102965
1629693.917509,-4151.567033641011,-1489.2175214102965
1629694.867201,-4151.567033641011,-1489.2175214102965
1629701.506407,-4151.567033641011,-1489.2175214102965
1629711.310725,-4151.567033641011,-1489.2175214102965
1629715.852445,-4151.567033641011,-1489.2175214102965
1629723.3093,-4151.567033641011,-1489.2175214102965
1629735.558702,-4153.520440666157,-1488.644960950765
1629737.381478,-4154.479765115211,-1488.212049395444
1629744.563331,-4154.479765115211,-1488.212049395444
1629750.893874,-4154.479765115211,-1488.212049395444
1629757.485332,-4154.479765115211,-1488.212049395444
1629766.578717,-4154.479765115211,-1488.212049395444
1629771.499246,-4154.479765115211,-1488.212049395444
1629780.61896,-4154.479765115211,-1488.212049395444
1629785.575444,-4154.479765115211,-1488.212049395444
1629792.575502,-4154.479765115211,-1488.212049395444
1629802.969376,-4154.479765115211,-1488.212049395444
1629806.523976,-4154.479765115211,-1488.212049395444
1629815.218718,-4154.479765115211,-1488.212049395444
1629820.498936,-4154.479765115211,-1488.212049395444
1629827.49686,-4154.479765115211,-1488.212049395444
1629836.52284,-4154.479765115211,-1488.212049395444
1629841.506426,-4154.479765115211,-1488.212049395444
1629848.511249,-4154.479765115211,-1488.212049395444
1629857.30717,-4154.479765115211,-1488.212049395444
1629862.896212,-4154.479765115211,-1488.212049395444
1629871.608068,-4154.479765115211,-1488.212049395444
1629876.952256,-4154.479765115211,-1488.212049395444
1629883.506038,-4154.479765115211,-1488.212049395444
1629891.864701,-4154.479765115211,-1488.212049395444
1629900.806679,-4154.479765115211,-1488.212049395444
1629904.509014,-4158.581224706176,-1484.3530850096424
1629913.758859,-4158.900999516949,-1483.6874252958157
1629918.977602,-4158.900999516949,-1483.6874252958157
1629925.918081,-4158.900999516949,-1483.6874252958157
1629933.508035,-4158.900999516949,-1483.6874252958157
1629940.054906,-4158.900999516949,-1483.6874252958157
1629946.496186,-4158.900999516949,-1483.6874252958157
1629953.500922,-4158.900999516949,-1483.6874252958157
1629960.496684,-4158.900999516949,-1483.6874252958157
1629969.022553,-4158.900999516949,-1483.6874252958157
1629974.495649,-4158.900999516949,-1483.6874252958157
1629981.495528,-4158.900999516949,-1483.6874252958157
1629990.617486,-4158.900999516949,-1483.6874252958157
1629995.913379,-4158.900999516949,-1483.6874252958157
1630012.631212,-4218.073243628589,-1504.769752747717
1630012.631873,-4218.073243628589,-1504.769752747717
1630015.746256,-4218.073243628589,-1504.769752747717
1630018.364217,-4240.033431479852,-1466.454751718198
1630022.746234,-4249.814369842784,-1444.1202378570154
1630029.745147,-4273.38733501,-1399.451207758076
1631663.895007,-1191.474060966749,-3663.933399800656
1631663.895604,-1191.474060966749,-3663.933399800656
1631673.361227,-1261.6715873679618,-3696.890424519677
1631673.362013,-1261.6715873679618,-3696.890424519677
1631680.992609,-1305.3695127803367,-3716.315517526188
1631689.039039,-1363.7562253802753,-3744.5291490335776
1631695.847957,-1381.9208259194959,-3751.2881313488724
1631702.524605,-1427.9614494922007,-3718.9734920983756
1631714.964899,-1473.7726693647107,-3686.211976298946
1631716.763856,-1510.3312741059178,-3651.327802893494
1631723.302517,-1529.316166579658,-3583.379534881006
1631730.034912,-1554.7591202418132,-3518.5686946861483
1631737.337134,-1594.7031671501188,-3417.3189087791147
1631752.737876,-1606.4583678635017,-3386.368152658006
1631752.741552,-1610.1983430202092,-3376.0155456655816
1631758.411378,-1610.1774881397278,-3376.066750109835
1631765.88108,-1610.1774881397278,-3376.066750109835
1631772.385,-1610.1774881397278,-3376.066750109835
1631780.967284,-1613.4864624394086,-3366.1377433435573
1631793.995081,-1653.3609930638122,-3343.4914146113497
1631793.998923,-1697.371741549133,-3364.839012479759
1631802.377148,-1723.2456960334355,-3349.7383567590664
1631807.349149,-1757.4129411194358,-3355.8223756138805
1631814.68397,-1815.6814758656133,-3362.693080847609
1631828.126562,-1879.1498273153056,-3365.8351716306465
1631831.142917,-1944.4256016635077,-3362.1344869290924
1631835.500046,-1988.088768699364,-3317.5819653772082
1631842.832222,-2021.6859803243628,-3248.111492992365
1631849.416214,-2057.368679932307,-3149.910656836728
1631864.532969,-2060.0937175851727,-3144.9391692707777
1631864.536582,-2067.3859739361556,-3120.919622096689
1631869.936581,-2093.3294445959004,-3111.493346066174
1631877.886702,-2127.037882210533,-3137.8264042351984
1631883.953581,-2161.219030420423,-3168.8144120650936
1631891.740438,-2187.9271799860444,-3198.0056074955655
1631901.089114,-2187.9202283538048,-3198.0056074955655
1631905.474175,-2187.9202283538048,-3198.0056074955655
1631912.635753,-2187.9202283538048,-3198.0056074955655
1631921.841834,-2226.293207410833,-3230.8881771649103
1631930.421687,-2242.796369050556,-3246.6032891325535
1631933.948634,-2299.466029378655,-3236.115686313875
1631941.54139,-2327.4393749523642,-3203.2610466189426
1631949.275435,-2355.4961400299817,-3170.2481368927924
1631956.237812,-2396.2118171797297,-3127.7530902632293
1631961.417558,-2419.1452334195396,-3105.274331283587
1631974.628514,-2430.79615963507,-3088.6608102122655
1631976.3711,-2457.803229057846,-3062.425503984435
1631982.06026,-2460.8341382618464,-3056.997830488051
1631989.431135,-2461.2442842349274,-3055.49428113568
1631996.328569,-2464.087499524785,-3044.843751849043
1632003.365721,-2466.054809860047,-3038.8574840005463
1632012.309243,-2471.435368859546,-3031.36766668493
1632017.374343,-2471.435368859546,-3031.36766668493
1632024.371711,-2471.435368859546,-3031.36766668493
1632031.40019,-2471.435368859546,-3031.36766668493
1632038.139873,-2471.435368859546,-3031.36766668493
1632051.810867,-2471.435368859546,-3031.36766668493
1632054.820279,-2471.435368859546,-3031.36766668493
1632059.460418,-2463.1629331858344,-3021.024363821629
1632066.311949,-2441.703261808275,-3001.6876936518047
1632074.657639,-2418.4083609943555,-2975.7130611554885
1632079.961553,-2383.691937628162,-3003.5729491919515
1632087.34022,-2376.079906474289,-3018.3803511814194
1632094.67909,-2367.091453245834,-3027.424922545613
1632101.44542,-2369.7261197359385,-3031.5585197120945
1632110.672443,-2383.5459534662086,-3045.839911502723
1632123.060522,-2393.03492381144,-3054.10710556839
1632123.064154,-2431.2271604884636,-3090.043330753685
1632129.002999,-2452.763299757593,-3113.010860135055
1632137.903642,-2475.168392351245,-3133.0504245216734
1632150.401503,-2507.1458747919182,-3099.506846707717
1632150.715748,-2535.202639808924,-3070.157378418318
1632156.964342,-2574.3611525175043,-3029.165874504026
1632164.400518,-2627.902580652754,-2963.1353803130446
1632171.384562,-2628.5490819229226,-2940.554206565018
1632178.425629,-2632.6574932511057,-2927.497064911304
1632193.438945,-2638.4342949550105,-2871.037143424487
1632193.442592,-2644.0859673855007,-2837.344593293632
1632198.98756,-2674.8608183543774,-2843.3122432241003
1632206.32818,-2721.0057157159017,-2856.7929873278417
1632213.368581,-2731.5930430217622,-2860.1585183611287
1632220.378056,-2735.4372925342955,-2855.6525238344825
1632230.98248,-2742.2985479833774,-2840.942872076716
1632236.127597,-2761.86737684688,-2800.3144397546375
1632240.976254,-2770.5291035796968,-2774.9123583302194
1632248.384803,-2847.504464794562,-2780.6332963121863
1632255.332799,-2906.7809846541613,-2800.90096388719
1632269.744576,-2967.1628130930435,-2819.3997485688556
1632269.748233,-3030.3113888500848,-2843.1725946279757
1632276.388713,-3034.718720092184,-2843.6660196618245
1632283.907705,-3034.718720092184,-2843.6660196618245
1632290.574445,-3034.718720092184,-2843.6660196618245
1632298.336527,-3034.718720092184,-2843.6660196618245
1632305.533941,-3093.9813365409595,-2866.7266570030515
1632311.017111,-3142.976400511465,-2885.732829633724
1632318.00115,-3174.933027773897,-2893.5950448892195
1632320.454044,-3174.933027773897,-2893.5950448892195
1632324.962198,-3189.2672817201683,-2900.4005857847055
1632339.329694,-3205.6661687463425,-2904.720381880568
1632340.693641,-3219.548566957073,-2910.199261147012
1632346.791265,-3219.548566957073,-2910.199261147012
1632346.791895,-3219.548566957073,-2910.199261147012
1632357.832617,-3219.548566957073,-2910.199261147012
1632376.076604,-3219.548566957073,-2910.199261147012
1632376.080261,-3219.548566957073,-2910.199261147012
1632378.858152,-3219.548566957073,-2910.199261147012
1632385.829036,-3219.548566957073,-2910.199261147012
1632392.82493,-3219.548566957073,-2910.199261147012
1632400.193268,-3219.548566957073,-2910.199261147012
1632411.681441,-3219.548566957073,-2910.199261147012
1632413.807237,-3219.548566957073,-2910.199261147012
1632421.16997,-3219.548566957073,-2910.199261147012
1632427.904839,-3219.548566957073,-2910.199261147012
1632436.74564,-3219.548566957073,-2910.199261147012
1632446.290689,-3219.548566957073,-2910.199261147012
1632448.792691,-3219.548566957073,-2910.199261147012
1632456.213782,-3219.548566957073,-2910.199261147012
1632463.69417,-3219.548566957073,-2910.199261147012
1632469.442163,-3219.548566957073,-2910.199261147012
1632477.94876,-3219.548566957073,-2910.199261147012
1632485.362079,-3219.548566957073,-2910.199261147012
1632490.944805,-3219.548566957073,-2910.199261147012
1632498.172695,-3219.548566957073,-2910.199261147012
1632504.779786,-3219.548566957073,-2910.199261147012
1632511.824774,-3219.548566957073,-2910.199261147012
1632519.229074,-3219.548566957073,-2910.199261147012
1632525.400601,-3219.548566957073,-2910.199261147012
1632532.900249,-3219.548566957073,-2910.199261147012
1632542.705207,-3219.548566957073,-2910.199261147012
1632546.889618,-3219.548566957073,-2910.199261147012
1632553.336861,-3219.548566957073,-2910.199261147012
1632563.031954,-3219.548566957073,-2910.199261147012
1632570.316309,-3219.548566957073,-2910.199261147012
1632580.76167,-3219.548566957073,-2910.199261147012
1632581.938074,-3219.548566957073,-2910.199261147012
1632589.302494,-3219.548566957073,-2910.199261147012
1632595.325552,-3219.548566957073,-2910.199261147012
1632602.817873,-3219.548566957073,-2910.199261147012
1632609.798377,-3219.548566957073,-2910.199261147012
1632616.795976,-3219.548566957073,-2910.199261147012
1632623.815434,-3219.548566957073,-2910.199261147012
1632640.019131,-3219.1036628606385,-2915.4965972308296
1632640.052433,-3220.973650398818,-2916.953597394159
1632644.685596,-3252.0821791892863,-2930.7369118446945
1632651.818286,-3297.545816757582,-2945.0788202914114
1632658.406665,-3309.2036944603133,-2949.175178366714
1632666.126208,-3309.2036944603133,-2949.175178366714
1632672.298481,-3309.2036944603133,-2949.175178366714
1632684.0453,-3309.2036944603133,-2949.175178366714
1632686.362447,-3309.2036944603133,-2949.175178366714
1632693.874867,-3309.2036944603133,-2949.175178366714
1632700.315025,-3309.2036944603133,-2949.175178366714
1632741.097961,-3309.2036944603133,-2949.175178366714
1632741.09857,-3309.2036944603133,-2949.175178366714
1632760.034081,-3309.2036944603133,-2949.175178366714
1632760.034753,-3309.2036944603133,-2949.175178366714
1632774.656235,-3309.2036944603133,-2949.175178366714
1632808.595633,-3309.2036944603133,-2949.175178366714
1632808.596217,-3309.2036944603133,-2949.175178366714
1632819.014449,-3309.2036944603133,-2949.175178366714
1632819.015022,-3309.2036944603133,-2949.175178366714
1632835.60088,-3317.198064969957,-2949.1937981796755
1632835.601463,-3317.198064969957,-2949.1937981796755
1633038.24213,-3330.0377191805173,-2958.4385334793274
1633038.242726,-3330.0377191805173,-2958.4385334793274
1633044.640039,-3326.06138880664,-2969.9362655033065
1633052.210298,-3325.74161398269,-2972.179952464979
1633062.883851,-3325.74161398269,-2972.179952464979
1633065.691143,-3325.74161398269,-2972.179952464979
1633072.637215,-3325.74161398269,-2972.179952464979
1633079.746344,-3325.74161398269,-2972.179952464979
1633087.101915,-3325.74161398269,-2972.179952464979
1633094.067073,-3325.74161398269,-2972.179952464979
1633101.704454,-3325.74161398269,-2972.179952464979
1633108.098106,-3325.74161398269,-2972.179952464979
1633115.226002,-3330.1767517082394,-2972.3475307455888
1633122.530104,-3331.775625811351,-2972.557003592004
1633130.643349,-3331.775625811351,-2972.557003592004
1633136.099273,-3331.775625811351,-2972.557003592004
1633143.41963,-3331.775625811351,-2972.557003592004
1633150.08579,-3331.775625811351,-2972.557003592004
1633157.175832,-3331.775625811351,-2972.557003592004
1633164.065132,-3331.775625811351,-2972.557003592004
1633171.427265,-3331.775625811351,-2972.557003592004
1633178.989843,-3331.775625811351,-2972.557003592004
1633185.063393,-3331.775625811351,-2972.557003592004
1633192.098155,-3331.775625811351,-2972.557003592004
1633201.756489,-3331.775625811351,-2972.557003592004
1633206.103466,-3331.775625811351,-2972.557003592004
1633213.104816,-3331.775625811351,-2972.557003592004
1633220.647223,-3331.775625811351,-2972.557003592004
1633231.508602,-3331.775625811351,-2972.557003592004
1633234.082705,-3331.775625811351,-2972.557003592004
1633241.4995,-3331.775625811351,-2972.557003592004
1633248.113997,-3331.775625811351,-2972.557003592004
1633255.105834,-3331.775625811351,-2972.557003592004
1633264.482275,-3331.775625811351,-2972.557003592004
1633269.555477,-3331.775625811351,-2972.557003592004
1633276.835519,-3331.775625811351,-2972.557003592004
1633284.289848,-3331.775625811351,-2972.557003592004
1633289.625387,-3331.775625811351,-2972.557003592004
1633300.514995,-3331.775625811351,-2972.557003592004
1633304.060887,-3331.775625811351,-2972.557003592004
1633311.058249,-3331.775625811351,-2972.557003592004
1633318.084872,-3331.775625811351,-2972.557003592004
1633325.148785,-3331.775625811351,-2972.557003592004
1633335.272108,-3331.775625811351,-2972.557003592004
1633339.563805,-3331.775625811351,-2972.557003592004
1633346.212609,-3331.775625811351,-2972.557003592004
1633354.487611,-3331.775625811351,-2972.557003592004
1633359.596025,-3331.775625811351,-2972.557003592004
1633367.841161,-3331.775625811351,-2972.557003592004
1633375.138067,-3331.775625811351,-2972.557003592004
1633380.993121,-3331.775625811351,-2972.557003592004
1633388.06646,-3331.775625811351,-2972.557003592004
1633395.541,-3331.775625811351,-2972.557003592004
1633402.102461,-3331.775625811351,-2972.557003592004
1633408.597465,-3331.775625811351,-2972.557003592004
1633416.056845,-3336.822506680473,-2971.5189492495047
1633423.055697,-3339.2277694546924,-2970.7462271889726
1633430.416658,-3339.2277694546924,-2970.7462271889726
1633437.891715,-3339.2277694546924,-2970.7462271889726
1633444.087317,-3339.2277694546924,-2970.7462271889726
1633445.599521,-3339.2277694546924,-2970.7462271889726
1633450.597524,-3339.2277694546924,-2970.7462271889726
1633458.365796,-3339.2277694546924,-2970.7462271889726
1633465.038281,-3342.1265977248213,-2966.6452142917133
1634153.674999,-3559.918847367565,305.7147078968075
1634153.675608,-3559.918847367565,305.7147078968075
1634160.660197,-3999.0970109650652,-588.7747974505785
1634160.660812,-3999.0970109650652,-588.7747974505785
1634175.568263,-3991.060930786079,-584.7947984050791
1634175.577887,-3991.060930786079,-584.7947984050791
1634182.598255,-3991.060930786079,-584.7947984050791
1634189.570202,-3984.3248047579577,-590.6228203954228
1634196.573636,-4021.383925349589,-621.1920051904816
1634203.541309,-4111.331019857704,-643.7453315327002
1634210.563732,-4173.749673566837,-637.7916258501028
1634218.781243,-4232.69946560801,-618.0126610747368
1634224.645642,-4326.921809961185,-594.2304218443145
1634231.794207,-4355.270542418089,-614.1769662640329
1634239.187795,-4328.9377816179485,-651.5237850771555
1634245.684584,-4256.731238127533,-701.0154154543967
1634254.030427,-4226.505566475696,-721.4600381584784
1634259.556849,-4207.395545450282,-740.3917954426345
1634267.072902,-4180.722154869375,-752.9136606629644
1634274.193642,-4131.615865790994,-800.0964189717835
1634281.61627,-4100.326595212626,-824.8748136304856
1634287.17229,-4092.2974666819478,-825.5684038531504
1634294.182111,-4092.2974666819478,-825.5684038531504
1634301.184155,-4092.2974666819478,-825.5684038531504
1634309.858844,-4092.2974666819478,-825.5684038531504
1634316.941283,-4079.7845390941357,-839.4402080473508
1634323.370404,-4069.329292930316,-890.6122670422402
1634329.305267,-4062.641828296009,-943.3111510970973
1634338.618552,-4071.115860921097,-1048.103760486688
1634343.589725,-4083.1491262858817,-1136.1245116514967
1634351.455146,-4095.1615367681366,-1217.8750127670062
1634358.770888,-4105.65849268584,-1280.0281028169068
1634364.631537,-4113.986541153916,-1328.993673290188
1634373.917334,-4121.417829810109,-1372.1777748556933
1634379.488314,-4147.667171214255,-1457.6987658650307
1634385.1544,-4152.887842660217,-1473.3534071571628
1634385.894722,-4158.511708443237,-1479.4095142060798
1634392.186636,-4174.187626031739,-1492.750638345699
1634399.17643,-4192.345274245962,-1526.4758445086356
1634408.091108,-4192.345274245962,-1526.4758445086356
1634413.296834,-4187.138506060189,-1531.0982225272082
1634420.576469,-4182.5365293678315,-1528.6543670785422
1634427.639234,-4182.5365293678315,-1528.6543670785422
1634434.86392,-4182.5365293678315,-1528.6543670785422
1634444.324923,-4182.5365293678315,-1528.6543670785422
1634448.650031,-4182.5365293678315,-1528.6543670785422
1634455.154831,-4182.5365293678315,-1528.6543670785422
1634464.448376,-4182.5365293678315,-1528.6543670785422
1634469.580163,-4182.5365293678315,-1528.6543670785422
1634478.666865,-4182.5365293678315,-1528.6543670785422
1634483.66482,-4182.5365293678315,-1528.6543670785422
1634490.411621,-4182.5365293678315,-1528.6543670785422
1634497.183693,-4182.5365293678315,-1528.6543670785422
1634507.219233,-4182.5365293678315,-1528.6543670785422
1634511.245126,-4182.5365293678315,-1528.6543670785422
1634532.10775,-4182.5365293678315,-1528.6543670785422
1634532.108382,-4182.5365293678315,-1528.6543670785422
1634532.171643,-4182.5365293678315,-1528.6543670785422
1634532.172214,-4182.5365293678315,-1528.6543670785422
1634540.92848,-4182.5365293678315,-1528.6543670785422
1634540.92916,-4182.5365293678315,-1528.6543670785422
1634552.472279,-4182.5365293678315,-1528.6543670785422
1634552.472871,-4182.5365293678315,-1528.6543670785422
1634842.660686,-4157.726174655672,-1508.7450910717714
1634842.661321,-4157.726174655672,-1508.7450910717714
1634844.446925,-4157.75398115917,-1508.6752666317702
1634844.447491,-4157.75398115917,-1508.6752666317702
1634851.252722,-4157.75398115917,-1508.6752666317702
1634851.254177,-4157.75398115917,-1508.6752666317702
1634852.907404,-4157.75398115917,-1508.6752666317702
1634852.907962,-4157.75398115917,-1508.6752666317702
1634859.530948,-4157.75398115917,-1508.6752666317702
1634859.531541,-4157.75398115917,-1508.6752666317702
1634867.928326,-4157.75398115917,-1508.6752666317702
1634867.929815,-4157.75398115917,-1508.6752666317702
1634875.057034,-4157.75398115917,-1508.6752666317702
1634879.346312,-4157.75398115917,-1508.6752666317702
1634886.347842,-4157.75398115917,-1508.6752666317702
1634895.43798,-4153.089439824997,-1501.8743657945997
1634900.760628,-4153.089439824997,-1501.8743657945997
1634907.78466,-4153.089439824997,-1501.8743657945997
1634915.120831,-4153.089439824997,-1501.8743657945997
1634921.781063,-4153.089439824997,-1501.8743657945997
1634928.796895,-4153.089439824997,-1501.8743657945997
1634936.304898,-4155.49470257095,-1507.7256541932552
1634942.780625,-4157.079673393836,-1511.5939283587886
1634950.191951,-4157.079673393836,-1511.5939283587886
1634958.12875,-4157.079673393836,-1511.5939283587886
1634963.77833,-4157.079673393836,-1511.5939283587886
1634971.257711,-4157.079673393836,-1511.5939283587886
1634978.863497,-4157.079673393836,-1511.5939283587886
1634985.214655,-4157.079673393836,-1511.5939283587886
1634992.237557,-4157.079673393836,-1511.5939283587886
1634999.040408,-4157.079673393836,-1511.5939283587886
1635005.75285,-4157.079673393836,-1511.5939283587886
1635013.179822,-4157.079673393836,-1511.5939283587886
1635020.630013,-4157.079673393836,-1511.5939283587886
1635027.734025,-4157.079673393836,-1511.5939283587886
1635035.254081,-4157.079673393836,-1511.5939283587886
1635040.79779,-4157.079673393836,-1511.5939283587886
1635049.63138,-4157.079673393836,-1511.5939283587886
1635054.779504,-4157.079673393836,-1511.5939283587886
1635061.787369,-4157.079673393836,-1511.5939283587886
1635068.779387,-4157.079673393836,-1511.5939283587886
1635075.763234,-4157.079673393836,-1511.5939283587886
1635083.192863,-4157.079673393836,-1511.5939283587886
1635089.923717,-4157.079673393836,-1511.5939283587886
1635096.823695,-4155.508605826901,-1513.0788615196068
1635104.259143,-4154.507571618566,-1512.3247575313312
1635110.50332,-4154.507571618566,-1512.3247575313312
1635117.916575,-4154.507571618566,-1512.3247575313312
1635124.313715,-4154.507571618566,-1512.3247575313312
1635133.591829,-4154.507571618566,-1512.3247575313312
1635138.823227,-4154.507571618566,-1512.3247575313312
1635148.408945,-4154.507571618566,-1512.3247575313312
1635152.78576,-4154.507571618566,-1512.3247575313312
1635160.243705,-4154.507571618566,-1512.3247575313312
1635167.443796,-4154.507571618566,-1512.3247575313312
1635173.796697,-4154.507571618566,-1512.3247575313312
1635180.788486,-4149.286900172927,-1507.255502938882
1635189.988291,-4146.478443096903,-1504.215812157344
1635194.563124,-4146.686991885485,-1504.3414961527271
1635201.337236,-4146.686991885485,-1504.3414961527271
1635208.448833,-4146.686991885485,-1504.3414961527271
1635222.087657,-4146.686991885485,-1504.3414961527271
1635222.089256,-4146.686991885485,-1504.3414961527271
1635348.241411,-4141.556691581412,-1495.9579078653783
1635348.242138,-4141.556691581412,-1495.9579078653783
1635354.506023,-4141.862563144739,-1496.674772160991
1635361.818891,-4141.862563144739,-1496.674772160991
1635368.471928,-4146.693943509264,-1494.468319702
1635376.750042,-4150.218418110163,-1489.1383870352095
1635384.072739,-4150.218418110163,-1489.1383870352095
1635389.957134,-4150.218418110163,-1489.1383870352095
1635404.280963,-4150.218418110163,-1489.1383870352095
1635404.288725,-4152.853084524542,-1485.749573935656
1635410.928434,-4152.853084524542,-1485.749573935656
1635418.47292,-4152.853084524542,-1485.749573935656
1635424.863939,-4152.853084524542,-1485.749573935656
1635439.489578,-4152.853084524542,-1485.749573935656
1635439.49326,-4152.853084524542,-1485.749573935656
1635445.86733,-4152.853084524542,-1485.749573935656
1635453.350901,-4152.853084524542,-1485.749573935656
1635460.768531,-4152.853084524542,-1485.749573935656
1635466.864665,-4152.853084524542,-1485.749573935656
1635473.46972,-4152.853084524542,-1485.749573935656
1635480.505731,-4152.853084524542,-1485.749573935656
1635489.861214,-4152.853084524542,-1485.749573935656
1635498.626968,-4152.853084524542,-1485.749573935656
1635501.576484,-4152.853084524542,-1485.749573935656
1635509.72997,-4152.853084524542,-1485.749573935656
1635517.222706,-4152.853084524542,-1485.749573935656
1635522.804448,-4152.853084524542,-1485.749573935656
1635529.525516,-4152.853084524542,-1485.749573935656
1635536.575466,-4152.853084524542,-1485.749573935656
1635543.604399,-4152.853084524542,-1485.749573935656
1635551.994092,-4152.853084524542,-1485.749573935656
1635557.900053,-4152.853084524542,-1485.749573935656
1635558.454862,-4152.853084524542,-1485.749573935656
1635565.243348,-4152.853084524542,-1485.749573935656
1635571.92363,-4155.9118001564375,-1483.2126190517442
1635572.625967,-4152.853084524542,-1485.749573935656
1635578.907011,-4174.208480911455,-1484.7953065009278
1635585.941757,-4200.1867088513745,-1530.8515094955221
1635592.999772,-4246.449782662738,-1597.8271098389307
1635600.064272,-4265.094044696618,-1632.3576188473182
1635607.717955,-4240.756400627014,-1676.2120142816384
1635607.724953,-4240.756400627014,-1676.2120142816384
1635613.597437,-4178.011020561573,-1735.4091591223576
1635621.605867,-4121.383071682807,-1768.3709388042741
1637459.406388,-4033.086081099807,-4033.2782243055963
1637459.407135,-4033.086081099807,-4033.2782243055963
1637463.172678,-4016.809755153587,-3786.763477447829
1637463.17339,-4016.809755153587,-3786.763477447829
1637464.860178,-4016.809755153587,-3786.763477447829
1637464.860727,-4016.809755153587,-3786.763477447829
1637465.387413,-4016.809755153587,-3786.763477447829
1637465.388069,-4016.809755153587,-3786.763477447829
1637473.990514,-4019.110743507552,-3795.035316819678
1637476.742544,-4020.542778552694,-3787.6991216372985
1637478.684511,-4021.3630704698085,-3777.858565269075
1637478.6852,-4021.3630704698085,-3777.858565269075
1637485.05589,-4022.120797756113,-3774.0787488870606
1637492.084405,-4024.8388836962804,-3763.5352954032355
1637499.044106,-4028.4189713128517,-3746.311993553316
1637506.209671,-4040.8415277708345,-3727.7108270203385
1637535.696763,-4051.922420324239,-3722.5717659001416
1637535.704128,-4061.181986740268,-3721.6640512946005
1637535.711202,-4071.2548934553315,-3721.003048871255
1637543.504997,-4122.112992455671,-3730.8156764275504
1637543.505601,-4122.112992455671,-3730.8156764275504
1637546.080794,-4127.736858242382,-3730.322252083244
1637553.570623,-4130.121266101749,-3729.367988017765
1637560.628992,-4156.82941484585,-3703.128053304176
1637572.909408,-4172.616558457103,-3678.7780259780316
1637574.622056,-4163.377846941773,-3646.402868727293
1637581.561881,-4116.398755525723,-3604.350073951275
1637609.951635,-4089.0580087609437,-3590.669182952079
1637609.959638,-4070.719618214652,-3580.7215597426703
1637609.963291,-4078.79740814023,-3560.616840202972
1637611.657552,-4116.065077458861,-3563.800824534515
1637611.665652,-4116.065077458861,-3563.800824534515
1637615.132006,-4116.065077458861,-3563.800824534515
1637622.443164,-4160.590244738038,-3565.9002060161715
1637629.235669,-4168.848776933825,-3578.5058046165827
1637636.3418,-4184.156258325189,-3544.785362289051
1637644.199993,-4192.004644555852,-3524.191872066952
1637649.871885,-4200.624661316035,-3523.363291300599
1637657.592568,-4203.245424472031,-3523.917230131534
1637663.85381,-4202.6267297223785,-3523.0607196626656
1637671.177189,-4202.675391105553,-3523.4377704641565
1637686.342333,-4202.675391105553,-3523.4377704641565
1637686.345976,-4200.485628790566,-3523.5355243828426
1637691.581095,-4202.425132557803,-3522.665049075871
1637699.010323,-4225.692226185778,-3525.1368265354304
1637705.85034,-4276.515566888586,-3518.093889974481
1637716.190013,-4320.505458789089,-3515.887444533576
1637720.81307,-4342.715905148012,-3506.6380623956757
1637726.854162,-4375.784791914761,-3510.627353050548
1637733.454695,-4414.818174107425,-3510.403915529285
1637740.470401,-4461.275893245748,-3518.2288834759656
1637748.271121,-4483.7505013301625,-3518.7129980818327
1637754.914466,-4488.72091419245,-3521.9528420104925
1637761.903937,-4498.098658176395,-3594.3419366368325
1637768.857444,-4507.615434683083,-3623.1607167153957
1637791.040199,-4592.473937755845,-3597.0790458309298
1637791.040781,-4592.473937755845,-3597.0790458309298
1637794.661879,-4599.071031172624,-3599.3227305670575
1637801.660587,-4647.746318924332,-3609.7730878153775
1637809.28324,-4666.849388133177,-3641.9899787299432
1637815.669875,-4682.149917734037,-3681.566339228476
1637823.187259,-4699.876564909751,-3680.0208968227885
1637830.102431,-4714.169108670901,-3682.8138650243413
1637837.499603,-4736.191860919224,-3724.685111692371
1637848.915387,-4743.456310447083,-3744.42208525995
1637849.647265,-4743.456310447083,-3744.42208525995
1637852.747231,-4750.540017682771,-3746.9124816486465
1637852.747798,-4750.540017682771,-3746.9124816486465
1637859.787711,-4782.079546358922,-3746.9171365929997
1637859.788501,-4782.079546358922,-3746.9171365929997
1637863.815862,-4783.129241935776,-3746.330613332151
1637871.301891,-4808.043870692575,-3709.4075765437765
1637878.246573,-4812.326072514932,-3697.3326444708173
1637885.752908,-4812.326072514932,-3697.3326444708173
1637893.605856,-4812.326072514932,-3697.3326444708173
1637899.34385,-4812.326072514932,-3697.3326444708173
1637907.683591,-4812.326072514932,-3697.3326444708173
1637913.215648,-4812.326072514932,-3697.3326444708173
1637920.745545,-4812.326072514932,-3697.3326444708173
1637927.050964,-4812.326072514932,-3697.3326444708173
1637933.809535,-4812.326072514932,-3697.3326444708173
1637940.820851,-4812.326072514932,-3697.3326444708173
1637949.460092,-4812.326072514932,-3697.3326444708173
1637955.181177,-4812.326072514932,-3697.3326444708173
1637962.325374,-4812.326072514932,-3697.3326444708173
1637972.489029,-4812.326072514932,-3697.3326444708173
1637976.17693,-4812.326072514932,-3697.3326444708173
1637982.771399,-4812.326072514932,-3697.3326444708173
1637991.573138,-4812.326072514932,-3697.3326444708173
1637997.357184,-4812.326072514932,-3697.3326444708173
1638005.684634,-4812.326072514932,-3697.3326444708173
1638012.451189,-4824.484466951507,-3694.176590491362
1638018.165895,-4812.624992441648,-3704.1754163307933
1638025.357612,-4803.8381367636575,-3729.8521024734982
1638032.986891,-4799.548983325159,-3749.440117594054
1638042.177246,-4794.349166824905,-3752.1958459113375
1638049.125273,-4794.349166824905,-3752.1958459113375
1638052.735173,-4794.349166824905,-3752.1958459113375
1638060.102885,-4794.349166824905,-3752.1958459113375
1638067.147686,-4794.349166824905,-3752.1958459113375
1638074.460337,-4794.349166824905,-3752.1958459113375
1638082.438694,-4794.349166824905,-3752.1958459113375
1638088.283945,-4784.199792383789,-3749.8311331073746
1638095.185571,-4778.701055954693,-3751.725696318052
1638101.766466,-4778.701055954693,-3751.725696318052
1638108.826433,-4771.269767406031,-3759.13637106281
1638121.70173,-4755.4756723797,-3797.1626272036287
1638124.191264,-4754.731848361221,-3800.048693798525
1638130.117844,-4754.870880885129,-3796.0594049632828
1638137.181288,-4754.870880885129,-3796.0594049632828
1638147.172243,-4754.870880885129,-3796.0594049632828
1638151.153565,-4754.870880885129,-3796.0594049632828
1638158.516216,-4754.870880885129,-3796.0594049632828
1638165.269196,-4754.870880885129,-3796.0594049632828
1638173.413353,-4754.870880885129,-3796.0594049632828
1638181.170762,-4754.870880885129,-3796.0594049632828
1638188.736543,-4765.284417133517,-3774.1346082433943
1638193.196581,-4765.284417133517,-3774.1346082433943
1638201.025015,-4765.284417133517,-3774.1346082433943
1638207.137402,-4765.284417133517,-3774.1346082433943
1638214.220262,-4758.1103387591065,-3763.4608162665336
1638221.350465,-4758.1103387591065,-3763.4608162665336
1638227.805266,-4758.1103387591065,-3763.4608162665336
1638235.222922,-4759.709212816556,-3769.1538156709926
1638242.392956,-4760.557311231886,-3770.1034247206344
1638249.310917,-4760.557311231886,-3770.1034247206344
1638255.713421,-4760.557311231886,-3770.1034247206344
1638262.730286,-4760.557311231886,-3770.1034247206344
1638269.744556,-4760.557311231886,-3770.1034247206344
1638278.576167,-4760.557311231886,-3770.1034247206344
1638286.502068,-4760.557311231886,-3770.1034247206344
1638291.202626,-4760.557311231886,-3770.1034247206344
1638297.724989,-4760.557311231886,-3770.1034247206344
1638304.708851,-4760.557311231886,-3770.1034247206344
1638314.182461,-4760.557311231886,-3770.1034247206344
1638319.617298,-4760.557311231886,-3770.1034247206344
1638326.748178,-4760.557311231886,-3770.1034247206344
1638334.278951,-4760.557311231886,-3770.1034247206344
1638340.141268,-4760.557311231886,-3770.1034247206344
1638350.81841,-4760.557311231886,-3770.1034247206344
1638355.461602,-4760.557311231886,-3770.1034247206344
1638361.161244,-4760.557311231886,-3770.1034247206344
1638368.214533,-4760.557311231886,-3770.1034247206344
1638375.16405,-4760.557311231886,-3770.1034247206344
1638382.812431,-4760.557311231886,-3770.1034247206344
1638389.918835,-4760.557311231886,-3770.1034247206344
1638396.121315,-4760.557311231886,-3770.1034247206344
1638403.685279,-4760.557311231886,-3770.1034247206344
1638410.897949,-4760.557311231886,-3770.1034247206344
1638417.465593,-4760.557311231886,-3770.1034247206344
1638423.714193,-4760.557311231886,-3770.1034247206344
1638431.156409,-4759.486760775026,-3759.1968853656026
1638438.15264,-4758.805501394953,-3751.9398238526114
1638445.569041,-4758.805501394953,-3751.9398238526114
1638452.222541,-4758.805501394953,-3751.9398238526114
1638459.432346,-4761.613958432955,-3753.0290813360552
1638466.476291,-4767.946890023687,-3739.93006184777
1638472.740582,-4768.433503865397,-3738.915283504138
1638481.969658,-4768.433503865397,-3738.915283504138
1638489.519198,-4771.9023654033435,-3742.5182121270022
1638494.17249,-4761.683474694974,-3748.5324030287416
1638501.644569,-4754.140960122403,-3756.0454866269674
1638508.472803,-4752.910522262164,-3749.2865043630204
1638515.434674,-4752.910522262164,-3749.2865043630204
1638522.777252,-4752.910522262164,-3749.2865043630204
1638529.243106,-4752.910522262164,-3749.2865043630204
1638536.262897,-4752.910522262164,-3749.2865043630204
1638543.139944,-4752.910522262164,-3749.2865043630204
1638552.181652,-4752.910522262164,-3749.2865043630204
1638556.739984,-4753.904604825224,-3743.933315883048
1638564.348513,-4753.904604825224,-3743.933315883048
1638571.305646,-4753.904604825224,-3743.933315883048
1638582.509489,-4753.904604825224,-3743.933315883048
1638585.556879,-4754.2452345195,-3743.7098784441832
1638591.757338,-4754.328654037002,-3743.747118013205
1638599.557912,-4754.328654037002,-3743.747118013205
1638606.434944,-4754.328654037002,-3743.747118013205
1638613.275548,-4754.328654037002,-3743.747118013205
1638620.989389,-4741.68364572999,-3745.7952944866447
1638647.880776,-4740.620046896341,-3746.1071759073006
1638647.881382,-4740.620046896341,-3746.1071759073006
1638650.336467,-4740.620046896341,-3746.1071759073006
1638658.890637,-4740.620046896341,-3746.1071759073006
1638664.681416,-4740.620046896341,-3746.1071759073006
1638671.3172,-4730.338591542081,-3741.5267085215282
1638679.03727,-4729.135960184303,-3741.2567216129746
1638685.825504,-4729.135960184303,-3741.2567216129746
1638691.295767,-4729.135960184303,-3741.2567216129746
1638693.096324,-4729.135960184303,-3741.2567216129746
1638699.243215,-4729.135960184303,-3741.2567216129746
1640533.64621,-2970.524909495922,-2875.2366882026145
1640533.646942,-2970.524909495922,-2875.2366882026145
1640545.560152,-2972.6893562169594,-2825.427913070566
1640545.560806,-2972.6893562169594,-2825.427913070566
1640546.787387,-2972.6893562169594,-2825.427913070566
1640546.787963,-2972.6893562169594,-2825.427913070566
1640547.408657,-2972.6893562169594,-2825.427913070566
1640547.409327,-2972.6893562169594,-2825.427913070566
1640550.816388,-2972.6893562169594,-2825.427913070566
1640557.843423,-2972.6893562169594,-2825.427913070566
1640558.159343,-2972.6893562169594,-2825.427913070566
1640565.159252,-2972.6893562169594,-2825.427913070566
1640573.844225,-3019.466851403842,-2839.9932616389833
1640580.816368,-3054.2805972415185,-2853.7439930870296
1640586.529007,-3058.0831369760317,-2856.8209170466826
1640593.53353,-3058.0831369760317,-2856.8209170466826
1640600.913887,-3058.0831369760317,-2856.8209170466826
1640610.274719,-3058.0831369760317,-2856.8209170466826
1640614.580344,-3094.2594015977415,-2869.798925948582
1640623.441996,-3160.230337615358,-2895.3173773994945
1640628.511772,-3206.639396459587,-2909.850139709862
1640629.109533,-3206.639396459587,-2909.850139709862
1640635.2077,-3211.707132219007,-2911.954178290882
1640648.338663,-3212.923666860554,-2909.277580530083
1640648.339444,-3212.923666860554,-2909.277580530083
1640656.884282,-3212.923666860554,-2909.277580530083
1640661.503965,-3212.923666860554,-2909.277580530083
1640668.574339,-3212.923666860554,-2909.277580530083
1640675.50194,-3212.923666860554,-2909.277580530083
1640686.918821,-3212.923666860554,-2909.277580530083
1640686.91947,-3212.923666860554,-2909.277580530083
1640695.685166,-3212.923666860554,-2909.277580530083
1640702.050991,-3212.923666860554,-2909.277580530083
1640709.09262,-3212.923666860554,-2909.277580530083
1640719.050695,-3212.923666860554,-2909.277580530083
1640723.187623,-3212.923666860554,-2909.277580530083
1640730.084529,-3212.923666860554,-2909.277580530083
1640737.549722,-3212.923666860554,-2909.277580530083
1640744.090494,-3212.923666860554,-2909.277580530083
1640755.869029,-3212.923666860554,-2909.277580530083
1640758.099946,-3212.923666860554,-2909.277580530083
1640765.086008,-3212.923666860554,-2909.277580530083
1640772.083812,-3212.923666860554,-2909.277580530083
1640779.609612,-3212.923666860554,-2909.277580530083
1640791.025136,-3212.923666860554,-2909.277580530083
1640794.015789,-3212.923666860554,-2909.277580530083
1640800.111191,-3212.923666860554,-2909.277580530083
1640806.609134,-3212.923666860554,-2909.277580530083
1640817.136587,-3212.923666860554,-2909.277580530083
1640822.519725,-3212.923666860554,-2909.277580530083
1640828.400642,-3212.923666860554,-2909.277580530083
1640835.120794,-3212.923666860554,-2909.277580530083
1640842.117518,-3212.923666860554,-2909.277580530083
1640849.555069,-3212.923666860554,-2909.277580530083
1640864.877109,-3212.923666860554,-2909.277580530083
1640864.880991,-3212.923666860554,-2909.277580530083
1640870.124532,-3212.923666860554,-2909.277580530083
1640878.142029,-3212.923666860554,-2909.277580530083
1640884.217612,-3212.923666860554,-2909.277580530083
1640899.300666,-3212.923666860554,-2909.277580530083
1640899.30429,-3212.923666860554,-2909.277580530083
1640905.284578,-3212.923666860554,-2909.277580530083
1640912.541287,-3212.923666860554,-2909.277580530083
1640919.09954,-3212.923666860554,-2909.277580530083
1640925.624142,-3212.923666860554,-2909.277580530083
1640940.658364,-3222.259701312417,-2898.668943374886
1640940.66211,-3222.259701312417,-2898.668943374886
1640947.104795,-3222.259701312417,-2898.668943374886
1640954.075491,-3222.259701312417,-2898.668943374886
1640961.091955,-3222.259701312417,-2898.668943374886
1640968.544137,-3222.259701312417,-2898.668943374886
1640977.561053,-3222.259701312417,-2898.668943374886
1640982.137586,-3222.259701312417,-2898.668943374886
1640989.616259,-3222.259701312417,-2898.668943374886
1640996.135215,-3222.259701312417,-2898.668943374886
1641003.472364,-3222.259701312417,-2898.668943374886
1641013.473466,-3222.259701312417,-2898.668943374886
1641017.136467,-3222.259701312417,-2898.668943374886
1641023.606612,-3222.259701312417,-2898.668943374886
1641031.139635,-3222.259701312417,-2898.668943374886
1641038.15676,-3222.259701312417,-2898.668943374886
1641051.172427,-3222.259701312417,-2898.668943374886
1641053.847474,-3222.259701312417,-2898.668943374886
1641059.088535,-3222.259701312417,-2898.668943374886
1641066.44877,-3222.259701312417,-2898.668943374886
1641073.187321,-3222.259701312417,-2898.668943374886
1641080.688293,-3222.259701312417,-2898.668943374886
1641088.164775,-3222.259701312417,-2898.668943374886
1641094.116348,-3222.259701312417,-2898.668943374886
1641101.596479,-3222.259701312417,-2898.668943374886
1641109.482462,-3222.259701312417,-2898.668943374886
1641115.233859,-3222.259701312417,-2898.668943374886
1641123.330988,-3222.259701312417,-2898.668943374886
1641129.120736,-3222.259701312417,-2898.668943374886
1641136.699162,-3222.259701312417,-2898.668943374886
1641143.916329,-3222.259701312417,-2898.668943374886
1641150.117608,-3222.259701312417,-2898.668943374886
1641157.656929,-3222.259701312417,-2898.668943374886
1641165.058197,-3222.259701312417,-2898.668943374886
1641170.60528,-3222.259701312417,-2898.668943374886
1641177.587386,-3222.259701312417,-2898.668943374886
1641185.589839,-3218.7630331560576,-2904.2455767087076
1641201.814012,-3218.7630331560576,-2904.2455767087076
1641201.817603,-3218.7630331560576,-2904.2455767087076
1641215.68712,-3218.7630331560576,-2904.2455767087076
1641215.687724,-3218.7630331560576,-2904.2455767087076
1641220.068261,-3218.7630331560576,-2904.2455767087076
1641227.864614,-3220.0421324458084,-2902.583758596496
1641236.095417,-3220.4800849183407,-2901.9227553082783
1641243.164954,-3220.4800849183407,-2901.9227553082783
1641248.529392,-3220.9875536550026,-2902.546518977213
1641255.688435,-3221.070973175172,-2902.597723448558
1641263.243435,-3221.070973175172,-2902.597723448558
1641275.166271,-3221.070973175172,-2902.597723448558
1641277.184984,-3221.070973175172,-2902.597723448558
1641284.408551,-3221.070973175172,-2902.597723448558
1641290.027865,-3221.070973175172,-2902.597723448558
1641297.545727,-3221.070973175172,-2902.597723448558
1641305.27542,-3221.070973175172,-2902.597723448558
1641313.465006,-3221.070973175172,-2902.597723448558
1641318.521932,-3221.070973175172,-2902.597723448558
1641326.50995,-3221.070973175172,-2902.597723448558
1641333.473684,-3221.070973175172,-2902.597723448558
1641340.748185,-3221.070973175172,-2902.597723448558
1641348.094085,-3221.070973175172,-2902.597723448558
1641353.527284,-3221.070973175172,-2902.597723448558
1641360.908705,-3221.070973175172,-2902.597723448558
1641367.570236,-3221.070973175172,-2902.597723448558
1641375.026684,-3221.070973175172,-2902.597723448558
1641384.063441,-3221.070973175172,-2902.597723448558
1641388.647217,-3221.070973175172,-2902.597723448558
1641396.016669,-3221.070973175172,-2902.597723448558
1641403.523791,-3221.070973175172,-2902.597723448558
1641409.200985,-3221.070973175172,-2902.597723448558
1641417.432061,-3221.070973175172,-2902.597723448558
1641424.990166,-3221.070973175172,-2902.597723448558
1641432.75371,-3221.070973175172,-2902.597723448558
1641437.636284,-3221.070973175172,-2902.597723448558
1641444.764778,-3221.070973175172,-2902.597723448558
1641451.889718,-3221.070973175172,-2902.597723448558
1641459.11582,-3221.070973175172,-2902.597723448558
1641465.5936,-3221.070973175172,-2902.597723448558
1641472.556498,-3221.070973175172,-2902.597723448558
1641480.819434,-3221.070973175172,-2902.597723448558
1641486.832665,-3223.6083168662253,-2905.763091272234
1641493.06661,-3228.537020079531,-2909.026213082031
1641501.640081,-3228.537020079531,-2909.026213082031
1641507.464073,-3228.537020079531,-2909.026213082031
1641514.916401,-3228.537020079531,-2909.026213082031
1641522.590343,-3228.537020079531,-2909.026213082031
1641529.797759,-3228.537020079531,-2909.026213082031
1641535.14754,-3228.537020079531,-2909.026213082031
1641542.589868,-3235.0924039104357,-2907.5040435746623
1641549.075928,-3236.037825127654,-2906.9314843928632
1641561.747665,-3236.246373919702,-2907.2294013610062
1641566.312018,-3236.246373919702,-2907.2294013610062
1641571.019673,-3236.246373919702,-2907.2294013610062
1641577.648488,-3236.246373919702,-2907.2294013610062
1641584.535091,-3236.246373919702,-2907.2294013610062
1641592.23777,-3236.246373919702,-2907.2294013610062
1641598.962971,-3231.1647349144782,-2913.415833414986
1641607.414294,-3231.1647349144782,-2913.415833414986
1641612.591357,-3231.1647349144782,-2913.415833414986
1641619.979432,-3235.6624372870533,-2912.1217565887755
1641626.6258,-3235.7667116871307,-2912.4010537401227
1641637.968801,-3235.7667116871307,-2912.4010537401227
1641640.555892,-3235.7667116871307,-2912.4010537401227
1641647.972716,-3235.7667116871307,-2912.4010537401227
1641654.087446,-3229.7952644891543,-2915.133510932283
1641662.53372,-3227.22316266209,-2912.7548301377847
1641668.537871,-3226.952049229927,-2913.108606547761
1641679.245241,-3223.726494514257,-2917.2654792111525
1641683.028715,-3223.3302518017563,-2917.456332272526
1641690.439611,-3223.3302518017563,-2917.456332272526
1641696.580878,-3223.3302518017563,-2917.456332272526
1641707.801384,-3223.3302518017563,-2917.456332272526
1641711.015278,-3223.3302518017563,-2917.456332272526
1641717.641909,-3223.3302518017563,-2917.456332272526
1641724.599769,-3223.3302518017563,-2917.456332272526
1641731.913846,-3223.3302518017563,-2917.456332272526
1641742.297258,-3223.3302518017563,-2917.456332272526
1641748.128011,-3223.3302518017563,-2917.456332272526
1641752.595588,-3227.056323630166,-2916.3065589745847
1641759.971342,-3227.056323630166,-2916.311213936552
1641766.846074,-3227.056323630166,-2916.311213936552
1641774.124084,-3227.056323630166,-2916.311213936552
1641781.600832,-3227.056323630166,-2916.311213936552
1641789.880666,-3227.056323630166,-2916.311213936552
1641794.562048,-3227.056323630166,-2916.311213936552
1641802.099714,-3227.056323630166,-2916.311213936552
1641809.259705,-3224.2687213870076,-2917.4330575072295
1641815.54791,-3228.634342855874,-2920.025866086714
1641822.459676,-3236.524438984115,-2925.0951094111897
1641831.944515,-3240.8692055720544,-2923.61948946161
1641841.502753,-3240.8692055720544,-2923.61948946161
1641844.253894,-3240.8692055720544,-2923.61948946161
1641850.526039,-3240.8692055720544,-2923.61948946161
1641857.628628,-3240.8692055720544,-2923.61948946161
1641864.524745,-3240.8692055720544,-2923.61948946161
1641871.501887,-3240.8692055720544,-2923.61948946161
1641878.525873,-3240.8692055720544,-2923.61948946161
1641885.740437,-3240.8692055720544,-2923.61948946161
1641893.192034,-3240.8692055720544,-2923.61948946161
1641899.057819,-3240.8692055720544,-2923.61948946161
1641909.035134,-3240.8692055720544,-2923.61948946161
1641913.491079,-3244.40063185518,-2919.8210481729025
1641920.785679,-3244.40063185518,-2919.8163932222515
1641928.292202,-3244.40063185518,-2919.8163932222515
1641934.624865,-3244.40063185518,-2919.8163932222515
1641943.474063,-3244.40063185518,-2919.8163932222515
1641948.055665,-3244.40063185518,-2919.8163932222515
1641955.527641,-3244.004389142809,-2919.72794912383
1641962.530063,-3244.3311155910737,-2920.52394601126
1641970.018037,-3244.3311155910737,-2920.52394601126
1641977.589179,-3244.3311155910737,-2920.52394601126
1641984.284636,-3244.3311155910737,-2920.52394601126
1641990.845119,-3244.3311155910737,-2920.52394601126
1641997.525755,-3244.3311155910737,-2920.52394601126
1642004.52865,-3244.3311155910737,-2920.52394601126
1642011.91289,-3244.3311155910737,-2920.52394601126
1642018.099398,-3244.3311155910737,-2920.52394601126
1642025.083003,-3253.688004918467,-2923.5403552653347
1642032.554998,-3256.1488807119636,-2923.4938057338095
1642039.554969,-3256.1488807119636,-2923.4938057338095
1642053.20303,-3256.1488807119636,-2923.4938057338095
1642054.133018,-3256.1488807119636,-2923.4938057338095
1642060.557714,-3256.1488807119636,-2923.4938057338095
1642067.030263,-3258.248271929473,-2923.9313712751896
1642074.558191,-3257.6434804169608,-2926.4497005923313
1642081.579499,-3258.7001276577657,-2927.8368764376833
1642092.33037,-3258.7001276577657,-2927.8368764376833
1642095.53268,-3254.000828110502,-2932.81767560324
1642103.340209,-3254.000828110502,-2932.81767560324
1642110.611218,-3254.000828110502,-2932.81767560324
1642116.553887,-3254.000828110502,-2932.81767560324
1642128.506528,-3254.000828110502,-2932.81767560324
1642130.575297,-3254.000828110502,-2932.81767560324
1642137.810094,-3254.000828110502,-2932.81767560324
1642144.069526,-3254.000828110502,-2932.81767560324
1642151.698603,-3254.000828110502,-2932.81767560324
1642158.8806,-3254.000828110502,-2932.81767560324
1642166.240395,-3254.000828110502,-2932.81767560324
1642172.555058,-3254.000828110502,-2932.81767560324
1642179.555183,-3254.000828110502,-2932.81767560324
1642187.295601,-3254.000828110502,-2932.81767560324
1642194.86023,-3254.000828110502,-2932.81767560324
1642202.446098,-3254.000828110502,-2932.81767560324
1642207.6192,-3254.000828110502,-2932.81767560324
1642214.555416,-3254.000828110502,-2932.81767560324
1642222.07397,-3254.000828110502,-2932.81767560324
1642232.321852,-3254.000828110502,-2932.81767560324
1642235.558645,-3254.000828110502,-2932.81767560324
1642242.916436,-3253.2778589499785,-2934.996193352519
1642250.379501,-3253.548972390424,-2936.0761423231766
1642256.431773,-3253.548972390424,-2936.0761423231766
1642269.261656,-3253.548972390424,-2936.0761423231766
1642271.289059,-3253.548972390424,-2936.0761423231766
1642277.432292,-3253.548972390424,-2936.0761423231766
1642284.064375,-3253.548972390424,-2936.0761423231766
1642291.429568,-3253.548972390424,-2936.0761423231766
1642304.069424,-3253.548972390424,-2936.0761423231766
1642306.213804,-3253.548972390424,-2936.0761423231766
1642312.065311,-3253.548972390424,-2936.0761423231766
1642319.447053,-3253.548972390424,-2936.0761423231766
1642327.929455,-3253.548972390424,-2936.0761423231766
1642339.861779,-3253.548972390424,-2936.0761423231766
1642340.981243,-3253.548972390424,-2936.0761423231766
1642354.512531,-3253.548972390424,-2936.0761423231766
1642354.51639,-3257.115156800678,-2932.7571612210972
1642361.433605,-3257.1221084328167,-2932.7525062708273
1642368.47159,-3257.1221084328167,-2932.7525062708273
1642376.474188,-3257.1221084328167,-2932.7525062708273
1642382.028846,-3257.1221084328167,-2932.7525062708273
1642389.055891,-3257.1221084328167,-2932.7525062708273
1642396.427061,-3257.1221084328167,-2932.7525062708273
1642404.480319,-3257.1221084328167,-2932.7525062708273
1642413.542473,-3257.1221084328167,-2932.7525062708273
1642417.496975,-3257.1221084328167,-2932.7525062708273
1642424.429516,-3257.1221084328167,-2932.7525062708273
1642431.061163,-3257.1221084328167,-2932.7525062708273
1642438.096724,-3257.1221084328167,-2932.7525062708273
1642451.767292,-3257.2958990887014,-2932.8409503676667
1642454.059296,-3257.4001734887397,-2934.8844744910048
1642459.521021,-3257.4001734887397,-2934.8844744910048
1642466.552686,-3257.4001734887397,-2934.8844744910048
1642474.009526,-3257.4001734887397,-2934.8844744910048
1642482.66575,-3257.4001734887397,-2934.8844744910048
1642487.579062,-3257.4001734887397,-2934.8844744910048
1642494.508875,-3257.4001734887397,-2934.8844744910048
1642501.412977,-3257.4001734887397,-2934.8844744910048
1642508.032468,-3257.4001734887397,-2934.8844744910048
1642515.503757,-3257.4001734887397,-2934.8844744910048
1642522.478927,-3259.944468802353,-2935.5780624102626
1642529.516519,-3278.825086490908,-2943.980251523099
1642536.52577,-3304.43487865301,-2953.2389517609363
1642546.021621,-3304.2193782290574,-2953.4251498495414
1642550.719532,-3304.2193782290574,-2953.4251498495414
1642557.830763,-3304.2193782290574,-2953.4251498495414
1642564.057143,-3304.2193782290574,-2953.4251498495414
1642571.403102,-3304.2193782290574,-2953.4251498495414
1642583.444286,-3304.2193782290574,-2953.4251498495414
1642585.505856,-3304.2193782290574,-2953.4251498495414
1642594.620236,-3304.2193782290574,-2953.4251498495414
1642599.456492,-3304.2193782290574,-2953.4251498495414
1642606.797776,-3304.2193782290574,-2953.4251498495414
1642616.327923,-3304.2193782290574,-2953.4251498495414
1642620.451438,-3304.2193782290574,-2953.4251498495414
1642627.077329,-3304.2193782290574,-2953.4251498495414
1642637.078975,-3304.2193782290574,-2953.4251498495414
1642641.432856,-3304.2193782290574,-2953.4251498495414
1642651.269914,-3304.2193782290574,-2953.4251498495414
1642657.328453,-3304.2193782290574,-2953.4251498495414
1642672.188154,-3304.2193782290574,-2953.4251498495414
1642672.188749,-3304.2193782290574,-2953.4251498495414
1642689.43898,-3315.5644327386485,-2950.823031493906
1642689.439644,-3315.5644327386485,-2950.823031493906
1642697.338865,-3315.5644327386485,-2950.823031493906
1642701.397788,-3311.789699531735,-2954.7750860207066
1642708.885694,-3311.789699531735,-2954.7750860207066
1642718.883593,-3311.789699531735,-2954.7750860207066
1642722.847745,-3311.789699531735,-2954.7750860207066
1642729.789299,-3311.789699531735,-2954.7750860207066
1642737.190513,-3311.789699531735,-2954.7750860207066
1642744.396154,-3311.789699531735,-2954.7750860207066
1642751.421924,-3311.789699531735,-2954.7750860207066
1642757.821251,-3311.789699531735,-2954.7750860207066
1642764.993494,-3311.789699531735,-2954.7750860207066
1642773.07432,-3311.789699531735,-2954.7750860207066
1642780.950834,-3311.789699531735,-2954.7750860207066
1642786.093518,-3311.789699531735,-2954.7750860207066
1642793.378298,-3311.789699531735,-2954.7750860207066
1642799.780342,-3311.789699531735,-2954.7750860207066
1642806.801725,-3311.789699531735,-2954.7750860207066
1642818.368625,-3311.789699531735,-2954.7750860207066
1642821.162743,-3311.789699531735,-2954.7750860207066
1642827.299818,-3311.789699531735,-2954.7750860207066
1642834.797259,-3311.789699531735,-2954.7750860207066
1642848.105694,-3311.789699531735,-2954.7750860207066
1642849.806625,-3311.789699531735,-2954.7750860207066
1642856.950167,-3311.789699531735,-2954.7750860207066
1642862.802405,-3311.789699531735,-2954.7750860207066
1642869.764392,-3311.789699531735,-2954.7750860207066
1642878.788908,-3311.789699531735,-2954.7750860207066
1642883.79584,-3311.789699531735,-2954.7750860207066
1642890.788804,-3311.789699531735,-2954.7750860207066
1642897.796925,-3311.789699531735,-2954.7750860207066
1642905.263512,-3311.789699531735,-2954.7750860207066
1642911.760679,-3311.789699531735,-2954.7750860207066
1642918.762056,-3310.3298579560146,-2955.96209885272
1642926.186232,-3311.80360277965,-2956.157606853554
1642932.909437,-3311.80360277965,-2956.157606853554
1642939.782181,-3311.80360277965,-2956.157606853554
1642946.310621,-3311.80360277965,-2956.157606853554
1642953.758509,-3311.80360277965,-2956.157606853554
1642962.206488,-3311.80360277965,-2956.157606853554
1642972.698083,-3311.80360277965,-2956.157606853554
1642975.196824,-3311.80360277965,-2956.157606853554
1642981.720683,-3311.80360277965,-2956.157606853554
1642989.805626,-3317.170258466174,-2957.502888069302
1642995.715095,-3319.3947789614344,-2958.15458138605
1643003.157204,-3319.3947789614344,-2958.15458138605
1643010.493609,-3319.3947789614344,-2958.15458138605
1643020.312449,-3319.3947789614344,-2958.15458138605
1643023.812927,-3319.3947789614344,-2958.15458138605
1643030.793983,-3319.3947789614344,-2958.15458138605
1643037.769833,-3319.3947789614344,-2958.15458138605
1643044.768474,-3319.3947789614344,-2958.15458138605
1643051.789889,-3319.3947789614344,-2958.15458138605
1643066.822306,-3319.3947789614344,-2958.15458138605
1643066.826258,-3319.3947789614344,-2958.15458138605
1643073.397007,-3319.3947789614344,-2958.15458138605
1643079.912428,-3319.3947789614344,-2958.15458138605
1643086.696478,-3319.3947789614344,-2958.15458138605
1643093.832858,-3319.3947789614344,-2958.15458138605
1643101.13128,-3319.3947789614344,-2958.15458138605
1643111.672264,-3319.3947789614344,-2958.15458138605
1643121.82967,-3319.3947789614344,-2958.15458138605
1643121.830324,-3319.3947789614344,-2958.15458138605
1643130.838313,-3319.3947789614344,-2958.15458138605
1643130.840046,-3319.3947789614344,-2958.15458138605
1643139.920691,-3319.3947789614344,-2958.15458138605
1643147.371767,-3319.3947789614344,-2958.15458138605
1643153.973697,-3319.3947789614344,-2958.15458138605
1643161.630995,-3319.3947789614344,-2958.15458138605
1643167.943782,-3320.1803127529233,-2960.6542907563176
1643174.956962,-3322.4673978882092,-2965.453546529007
1643181.945808,-3322.4673978882092,-2965.453546529007
1643191.367411,-3320.9102335447956,-2967.24570313451
1643196.374888,-3320.9102335447956,-2967.24570313451
1643204.092768,-3324.1705463833473,-2968.5816744134495
1643209.967557,-3322.5160592721813,-2966.24954335864
1643217.356514,-3321.2925730006536,-2962.6698850873563
1643224.047554,-3324.274820783274,-2956.418284183615
1643232.867499,-3324.476417951142,-2956.1017474250993
1643237.980265,-3324.476417951142,-2956.1017474250993
1643245.988207,-3324.476417951142,-2956.1017474250993
1643258.286435,-3324.476417951142,-2956.1017474250993
1643259.527069,-3324.476417951142,-2956.1017474250993
1643266.33897,-3324.476417951142,-2956.1017474250993
1643274.027151,-3324.476417951142,-2956.1017474250993
1643279.947637,-3324.476417951142,-2956.1017474250993
1643286.975879,-3324.476417951142,-2956.1017474250993
1643297.005507,-3324.476417951142,-2956.1017474250993
1643301.036236,-3324.476417951142,-2956.1017474250993
1643308.155659,-3324.476417951142,-2956.1017474250993
1643314.510561,-3324.476417951142,-2956.1017474250993
1643322.300695,-3324.066271991523,-2949.347411604955
1643328.955533,-3323.8160134314303,-2950.357536258565
1643338.976095,-3323.8160134314303,-2950.357536258565
1643342.963802,-3323.8160134314303,-2950.357536258565
1643350.757744,-3323.8160134314303,-2950.357536258565
1643357.912258,-3323.8160134314303,-2950.357536258565
1643365.810421,-3323.8160134314303,-2950.357536258565
1643370.943875,-3323.8160134314303,-2950.357536258565
1643378.297595,-3323.8160134314303,-2950.357536258565
1643384.970358,-3323.8160134314303,-2950.357536258565
1643392.917491,-3323.8160134314303,-2950.357536258565
1643403.609743,-3323.8160134314303,-2950.357536258565
1643406.164225,-3323.8160134314303,-2950.357536258565
1643413.339018,-3323.8160134314303,-2950.357536258565
1643419.941919,-3323.8160134314303,-2950.357536258565
1643427.50186,-3323.8160134314303,-2950.357536258565
1643433.49672,-3323.8160134314303,-2950.357536258565
1643444.68153,-3323.8160134314303,-2950.357536258565
1643456.33686,-3323.8160134314303,-2950.357536258565
1643456.340534,-3323.8160134314303,-2950.357536258565
1643464.412986,-3323.8160134314303,-2950.357536258565
1643470.438223,-3323.8160134314303,-2950.357536258565
1643480.163903,-3323.8160134314303,-2950.357536258565
1643487.469258,-3323.8160134314303,-2950.357536258565
1643489.989423,-3323.8160134314303,-2950.357536258565
1643496.964186,-3323.8160134314303,-2950.357536258565
1643503.989678,-3323.8160134314303,-2950.357536258565
1643511.54861,-3323.8160134314303,-2950.357536258565
1643519.598657,-3323.8160134314303,-2950.357536258565
1643524.929778,-3323.8160134314303,-2950.357536258565
1643532.008159,-3323.8160134314303,-2950.357536258565
1643538.983113,-3323.8160134314303,-2950.357536258565
1643546.453911,-3323.8160134314303,-2950.357536258565
1643555.773444,-3323.8160134314303,-2950.357536258565
1643562.612064,-3323.8160134314303,-2950.357536258565
1643562.612747,-3323.8160134314303,-2950.357536258565
1643566.235383,-3323.8160134314303,-2950.357536258565
1643573.650216,-3323.8160134314303,-2950.357536258565
1643580.718091,-3323.8160134314303,-2950.357536258565
1643588.023095,-3323.8160134314303,-2950.357536258565
1643598.48553,-3323.8160134314303,-2950.357536258565
1643601.225554,-3323.8160134314303,-2950.357536258565
1643608.664254,-3323.8160134314303,-2950.357536258565
1643616.088338,-3322.2936072242615,-2957.907868919215
1643622.676511,-3322.2936072242615,-2957.907868919215
1643635.163183,-3322.2936072242615,-2957.907868919215
1643636.643746,-3322.2936072242615,-2957.907868919215
1643643.989839,-3322.2936072242615,-2957.907868919215
1643652.455121,-3322.2936072242615,-2957.907868919215
1643657.877632,-3322.2936072242615,-2957.907868919215
1643671.028671,-3322.2936072242615,-2957.907868919215
1643673.560012,-3322.2936072242615,-2957.907868919215
1643678.244869,-3322.2936072242615,-2957.907868919215
1643685.657871,-3322.2936072242615,-2957.907868919215
1643692.652582,-3322.2936072242615,-2957.907868919215
1643699.659749,-3322.2936072242615,-2957.907868919215
1643710.577772,-3322.2936072242615,-2957.907868919215
1643713.902904,-3322.2936072242615,-2957.907868919215
1643722.297118,-3322.2936072242615,-2957.907868919215
1643727.701991,-3322.2936072242615,-2957.907868919215
1643745.757823,-3322.2936072242615,-2957.907868919215
1643745.761507,-3322.2936072242615,-2957.907868919215
1643748.848322,-3322.2936072242615,-2957.907868919215
1643755.725515,-3322.2936072242615,-2957.907868919215
1643764.569764,-3322.2936072242615,-2957.907868919215
1643775.332752,-3322.2936072242615,-2957.907868919215
1643778.172549,-3322.2936072242615,-2957.907868919215
1643783.72514,-3322.2936072242615,-2957.907868919215
1643790.729616,-3322.2936072242615,-2957.907868919215
1643797.238737,-3322.2936072242615,-2957.907868919215
1643805.729875,-3322.2936072242615,-2957.907868919215
1643811.785478,-3326.179566454476,-2954.830945449903
1643819.161663,-3331.8034323236743,-2961.371153410779
1643826.811108,-3331.8103839475534,-2961.3851182624703
1643832.722964,-3331.8103839475534,-2961.3851182624703
1643840.223387,-3331.8103839475534,-2961.3851182624703
1643851.35812,-3331.8103839475534,-2961.3851182624703
1643855.483302,-3331.8103839475534,-2961.3851182624703
1643867.43558,-3331.8103839475534,-2961.3851182624703
1643868.700163,-3331.8103839475534,-2961.3851182624703
1643874.688397,-3331.8103839475534,-2961.3851182624703
1643882.239033,-3331.8103839475534,-2961.3851182624703
1643888.820422,-3331.8103839475534,-2961.3851182624703
1643895.70834,-3331.8103839475534,-2961.3851182624703
1643903.669654,-3331.8103839475534,-2961.3851182624703
1643909.704551,-3331.8103839475534,-2961.3851182624703
1643920.368977,-3331.8103839475534,-2961.3851182624703
1643923.687942,-3331.8103839475534,-2961.3851182624703
1643930.711157,-3331.8103839475534,-2961.3851182624703
1643938.137454,-3331.8103839475534,-2961.3851182624703
1643944.698412,-3331.8103839475534,-2961.3851182624703
1643952.041982,-3331.8103839475534,-2961.3851182624703
1643959.38552,-3331.8103839475534,-2961.3851182624703
1643965.692418,-3331.8103839475534,-2961.3851182624703
1643972.728099,-3331.8103839475534,-2961.3851182624703
1643979.72801,-3331.8103839475534,-2961.3851182624703
1643990.998283,-3331.8103839475534,-2961.3851182624703
1643993.72163,-3331.8103839475534,-2961.3851182624703
1644000.689651,-3331.8103839475534,-2961.3851182624703
1644007.941731,-3331.8103839475534,-2961.3851182624703
1644015.10699,-3331.8103839475534,-2961.3851182624703
1644028.618579,-3331.8103839475534,-2961.3851182624703
1644029.615437,-3331.8103839475534,-2961.3851182624703
1644035.885916,-3331.8103839475534,-2961.3851182624703
1644042.249805,-3331.8103839475534,-2961.3851182624703
1644049.88999,-3331.8103839475534,-2961.3851182624703
1644056.61233,-3331.8103839475534,-2961.3851182624703
1644063.805696,-3336.4471188488856,-2967.6786136923065
1644071.096419,-3350.4476946778304,-2964.019821238045
1644077.221314,-3350.301710526275,-2963.693974582325
1644086.144853,-3350.301710526275,-2963.693974582325
1644102.144549,-3350.301710526275,-2963.693974582325
1644102.148301,-3350.301710526275,-2963.693974582325
1644105.235378,-3350.301710526275,-2963.693974582325
1644112.641498,-3350.301710526275,-2963.693974582325
1644119.671011,-3350.301710526275,-2963.693974582325
1644131.514725,-3350.301710526275,-2963.693974582325
1644133.681912,-3350.301710526275,-2963.693974582325
1644140.903513,-3350.301710526275,-2963.693974582325
1644147.851671,-3350.301710526275,-2963.693974582325
1644164.151552,-3350.301710526275,-2963.693974582325
1644164.156597,-3350.301710526275,-2963.693974582325
1644168.749521,-3350.301710526275,-2963.693974582325
1644175.680243,-3350.301710526275,-2963.693974582325
1644183.076758,-3350.301710526275,-2963.693974582325
1644190.396785,-3350.301710526275,-2963.693974582325
1644196.658879,-3350.301710526275,-2963.693974582325
1644204.025701,-3350.301710526275,-2963.693974582325
1644212.625437,-3350.301710526275,-2963.693974582325
1644217.7239,-3350.301710526275,-2963.693974582325
1644225.207137,-3350.301710526275,-2963.693974582325
1644226.82366,-3350.301710526275,-2963.693974582325
1644868.589257,-3648.971392047092,-1656.7961688519733
1644868.590792,-3648.971392047092,-1656.7961688519733
1644882.238308,-3768.8104810635027,-1724.3210413508914
1644882.238879,-3768.8104810635027,-1724.3210413508914
1644891.699099,-3823.1374419801605,-1777.0757158056679
1644891.699695,-3823.1374419801605,-1777.0757158056679
1644894.965329,-3832.8975255447626,-1793.7404757346167
1644895.036563,-3832.8975255447626,-1793.7404757346167
1644902.005262,-3887.704148622442,-1771.4944176229055
1644911.587858,-3935.1350959587016,-1737.4247573284517
1644917.885058,-3976.309579456432,-1691.1311662640048
1644923.325076,-4015.9060437174185,-1615.515966125154
1644929.923326,-4030.2124909371378,-1556.5748330706454
1644938.349311,-4058.49170730548,-1519.586499567843
1644946.25384,-4095.5230213469235,-1475.494690207404
1644955.582711,-4097.37910560789,-1475.7972628197774
1644957.942099,-4100.639418399846,-1478.1852589026846
1644964.94434,-4118.018484485425,-1474.0888913466254
1644974.194578,-4132.783739028976,-1463.2847217643387
1644979.339963,-4143.044339638426,-1461.045684450054
1644986.407303,-4156.843318093547,-1460.2403758114303
1644992.975129,-4182.758981412052,-1487.0296887715026
1644999.922886,-4206.568301904108,-1513.0183470031127
1645006.927673,-4233.665741679105,-1567.523304881556
1645024.628639,-4247.214461560918,-1585.8685117091745
1645024.632331,-4255.271396577471,-1602.4727621432835
1645062.473561,-4071.2966032147015,-1792.7675889252034
1645062.474303,-4071.2966032147015,-1792.7675889252034
1645073.508182,-4104.490619447217,-1848.9436536019
1645073.508757,-4104.490619447217,-1848.9436536019
1645076.077592,-4088.9398311147593,-1869.690811801726
1645076.078207,-4088.9398311147593,-1869.690811801726
1645076.59119,-4088.9398311147593,-1869.690811801726
1645076.591893,-4088.9398311147593,-1869.690811801726
1645084.863234,-4081.1609611306058,-1896.5871715891385
1645084.86388,-4081.1609611306058,-1896.5871715891385
1645089.896061,-4092.3252731854827,-1914.8020300423407
1645109.765656,-4093.4792431768283,-1921.0862259096898
1645109.853639,-4076.607645811438,-1951.1293362684605
1645110.83699,-4113.207958997669,-1941.828726799828
1645117.880801,-4139.804881720621,-1993.4987776710125
1645125.777452,-4101.070419241616,-2026.8375956567302
1645136.416461,-4107.869109893089,-2063.9143438447363
1645139.305246,-4135.411453820663,-2131.8441544652082
1645146.350669,-4141.925127783782,-2196.0360266758225
1645153.970668,-4158.449143804216,-2242.087523162105
1645180.216239,-3819.891032418131,-2398.871128331306
1645180.217077,-3819.891032418131,-2398.871128331306
1645181.378556,-3819.891032418131,-2398.871128331306
1645181.379179,-3819.891032418131,-2398.871128331306
1645188.035127,-3792.2930753129885,-2425.97693875975
1645197.041696,-3703.812773440319,-2488.3486935768956
1645201.771776,-3617.334539853272,-2593.1363932458294
1645209.657018,-3564.1615487436093,-2660.675131131683
1645215.874722,-3547.9642589826913,-2682.8839184881276
1645222.896552,-3542.486377293778,-2687.8507547045383
1645241.950398,-3542.486377293778,-2687.8507547045383
1645241.954201,-3542.486377293778,-2687.8507547045383
1645244.041856,-3542.486377293778,-2687.8507547045383
1645246.769235,-3542.486377293778,-2687.8507547045383
1645246.76985,-3542.486377293778,-2687.8507547045383
1645253.38902,-3542.486377293778,-2687.8507547045383
1687876.625872,-4135.842454653878,-786.2944384361396
1687876.62654,-4135.842454653878,-786.2944384361396
1687885.262381,-4083.712208029965,-835.4043509555264
1687892.331031,-4058.1371743584623,-935.2534030919159
1687899.243099,-4076.176644969454,-1077.8629591787642
1687907.921773,-4091.783046321246,-1176.3480683862713
1687913.680426,-4107.771787126699,-1270.5180101187436
1687920.683032,-4132.366641443437,-1409.7805721257996
1687927.237707,-4163.356992062055,-1484.4927339047265
1687934.239989,-4198.518318511374,-1525.3633084041353
1687942.476396,-4160.326082934272,-1515.6902956837316
1687951.397158,-4157.913868564631,-1513.1067912981614
1687955.655684,-4157.913868564631,-1513.1067912981614
1687963.014591,-4157.913868564631,-1513.1067912981614
1687970.216702,-4157.913868564631,-1513.1067912981614
1687976.638893,-4157.913868564631,-1513.1067912981614
1687984.085415,-4157.913868564631,-1513.1067912981614
1687991.802531,-4157.913868564631,-1513.1067912981614
1687997.686393,-4157.913868564631,-1513.1067912981614
1688004.230343,-4157.913868564631,-1513.1067912981614
1688011.237103,-4157.913868564631,-1513.1067912981614
1688020.897659,-4157.913868564631,-1513.1067912981614
1688025.684108,-4157.913868564631,-1513.1067912981614
1688032.640981,-4157.913868564631,-1513.1067912981614
1688040.002475,-4157.913868564631,-1513.1067912981614
1688046.265702,-4157.913868564631,-1513.1067912981614
1688053.240546,-4157.913868564631,-1513.1067912981614
1688061.515876,-4157.913868564631,-1513.1067912981614
1688068.891825,-4157.913868564631,-1513.1067912981614
1688074.630591,-4157.913868564631,-1513.1067912981614
1688082.091824,-4157.913868564631,-1513.1067912981614
1688088.639843,-4157.913868564631,-1513.1067912981614
1688095.91442,-4157.913868564631,-1513.1067912981614
1688103.019734,-4157.913868564631,-1513.1067912981614
1688109.632134,-4157.913868564631,-1513.1067912981614
1688116.949325,-4157.913868564631,-1513.1067912981614
1688123.699663,-4157.913868564631,-1513.1067912981614
1688130.237153,-4157.913868564631,-1513.1067912981614
1688137.235442,-4157.913868564631,-1513.1067912981614
1688144.637078,-4157.913868564631,-1513.1067912981614
1688151.606987,-4157.913868564631,-1513.1067912981614
1688159.013834,-4157.913868564631,-1513.1067912981614
1688166.164813,-4157.913868564631,-1513.1067912981614
1688172.277135,-4157.913868564631,-1513.1067912981614
1688180.489618,-4157.913868564631,-1513.1067912981614
1688186.63219,-4157.913868564631,-1513.1067912981614
1688194.071986,-4157.913868564631,-1513.1067912981614
1688201.274957,-4157.913868564631,-1513.1067912981614
1688207.634611,-4157.913868564631,-1513.1067912981614
1688215.013247,-4157.913868564631,-1513.1067912981614
1688222.695931,-4157.913868564631,-1513.1067912981614
1688228.61492,-4157.913868564631,-1513.1067912981614
1688235.987993,-4157.913868564631,-1513.1067912981614
1688242.629199,-4152.6167292324835,-1511.863916204201
1688249.211915,-4152.588922720734,-1511.8871910198554
1688256.236462,-4152.588922720734,-1511.8871910198554
1688263.237647,-4152.588922720734,-1511.8871910198554
1688271.373839,-4152.588922720734,-1511.8871910198554
1688278.512148,-4152.588922720734,-1511.8871910198554
1688284.614379,-4152.588922720734,-1511.8871910198554
1688291.227926,-4152.588922720734,-1511.8871910198554
1688300.786672,-4152.588922720734,-1511.8871910198554
1688305.634401,-4152.588922720734,-1511.8871910198554
1688312.993505,-4152.588922720734,-1511.8871910198554
1688319.689042,-4152.588922720734,-1511.8871910198554
1688326.242027,-4152.588922720734,-1511.8871910198554
1688335.372048,-4152.588922720734,-1511.8871910198554
1688340.617833,-4152.588922720734,-1511.8871910198554
1688347.993974,-4152.588922720734,-1511.8871910198554
1688355.138953,-4152.588922720734,-1511.8871910198554
1688361.616153,-4152.588922720734,-1511.8871910198554
1688368.228676,-4152.588922720734,-1511.8871910198554
1688375.237889,-4152.588922720734,-1511.8871910198554
1688382.228707,-4152.588922720734,-1511.8871910198554
1688390.397331,-4152.588922720734,-1511.8871910198554
1688396.630525,-4152.588922720734,-1511.8871910198554
1688403.871889,-4152.588922720734,-1511.8871910198554
1688410.229232,-4152.588922720734,-1511.8871910198554
1688417.225564,-4152.588922720734,-1511.8871910198554
1688426.256069,-4152.588922720734,-1511.8871910198554
1688431.618987,-4152.588922720734,-1511.8871910198554
1688438.607434,-4152.588922720734,-1511.8871910198554
1688446.054596,-4152.588922720734,-1511.8871910198554
1688453.612182,-4152.588922720734,-1511.8871910198554
1688459.634391,-4152.588922720734,-1511.8871910198554
1688467.017861,-4152.588922720734,-1511.8871910198554
1688473.606788,-4152.588922720734,-1511.8871910198554
1688480.834541,-4152.588922720734,-1511.8871910198554
1688487.884721,-4152.588922720734,-1511.8871910198554
1688494.20548,-4152.588922720734,-1511.8871910198554
1688503.093001,-4152.588922720734,-1511.8871910198554
1688506.125027,-4152.588922720734,-1511.8871910198554
1688508.235901,-4152.588922720734,-1511.8871910198554
1688515.346324,-4152.588922720734,-1511.8871910198554
1688523.607802,-4152.588922720734,-1511.8871910198554
1688529.639749,-4152.588922720734,-1511.8871910198554
1688536.265866,-4152.588922720734,-1511.8871910198554
1688545.248232,-4152.588922720734,-1511.8871910198554
1688550.611909,-4152.588922720734,-1511.8871910198554
1688558.019809,-4152.588922720734,-1511.8871910198554
1688565.153279,-4152.588922720734,-1511.8871910198554
1688572.201028,-4152.588922720734,-1511.8871910198554
1688579.187075,-4152.588922720734,-1511.8871910198554
1688586.34658,-4152.588922720734,-1511.8871910198554
1688592.617083,-4152.588922720734,-1511.8871910198554
1688599.969433,-4152.588922720734,-1511.8871910198554
1688607.607858,-4152.588922720734,-1511.8871910198554
1688613.254521,-4152.588922720734,-1511.8871910198554
1688623.574531,-4152.588922720734,-1511.8871910198554
1688627.645725,-4152.588922720734,-1511.8871910198554
1688635.13873,-4152.588922720734,-1511.8871910198554
1688643.281249,-4152.588922720734,-1511.8871910198554
1688648.62969,-4152.588922720734,-1511.8871910198554
1688655.243697,-4152.588922720734,-1511.8871910198554
1688664.33463,-4152.588922720734,-1511.8871910198554
1688669.63596,-4152.588922720734,-1511.8871910198554
1688676.952301,-4152.588922720734,-1511.8871910198554
1688684.583972,-4152.588922720734,-1511.8871910198554
1688690.638692,-4152.588922720734,-1511.8871910198554
1688698.077503,-4152.588922720734,-1511.8871910198554
1688704.634571,-4152.588922720734,-1511.8871910198554
1688711.94304,-4152.588922720734,-1511.8871910198554
1688719.01049,-4152.588922720734,-1511.8871910198554
1688725.639908,-4152.588922720734,-1511.8871910198554
1688732.22648,-4152.588922720734,-1511.8871910198554
1688739.226598,-4152.588922720734,-1511.8871910198554
1688746.226428,-4152.588922720734,-1511.8871910198554
1688755.185334,-4152.588922720734,-1511.8871910198554
1688760.589639,-4152.588922720734,-1511.8871910198554
1688767.614581,-4152.588922720734,-1511.8871910198554
1688774.239478,-4150.9066291315385,-1510.6396609742503
1688781.259449,-4144.024518967269,-1501.3297351367537
1688790.433296,-4143.788163666773,-1500.803724320643
1688795.306283,-4143.788163666773,-1500.803724320643
1688802.306156,-4143.788163666773,-1500.803724320643
1688809.296166,-4143.788163666773,-1500.803724320643
1688818.076005,-4143.788163666773,-1500.803724320643
1688823.729313,-4143.788163666773,-1500.803724320643
1688831.152644,-4143.788163666773,-1500.803724320643
1688838.800057,-4143.788163666773,-1500.803724320643
1688844.727941,-4143.788163666773,-1500.803724320643
1688851.989046,-4143.788163666773,-1500.803724320643
1688858.237134,-4143.788163666773,-1500.803724320643
1688867.034397,-4143.788163666773,-1500.803724320643
1688872.715925,-4143.788163666773,-1500.803724320643
1688879.698678,-4143.788163666773,-1500.803724320643
1688887.526701,-4143.788163666773,-1500.803724320643
1688894.728247,-4143.788163666773,-1500.803724320643
1688900.713216,-4143.788163666773,-1500.803724320643
1688910.242929,-4143.788163666773,-1500.803724320643
1688914.712337,-4143.788163666773,-1500.803724320643
1688921.709253,-4143.788163666773,-1500.803724320643
1688929.138655,-4143.788163666773,-1500.803724320643
1688935.737825,-4143.788163666773,-1500.803724320643
1688943.385785,-4143.788163666773,-1500.803724320643
1688950.600021,-4143.788163666773,-1500.803724320643
1688956.758592,-4143.788163666773,-1500.803724320643
1688964.114707,-4143.788163666773,-1500.803724320643
1688971.708325,-4143.788163666773,-1500.803724320643
1688977.243764,-4143.788163666773,-1500.803724320643
1688985.633437,-4143.788163666773,-1500.803724320643
1688992.883059,-4143.788163666773,-1500.803724320643
1688998.632255,-4143.788163666773,-1500.803724320643
1689006.097604,-4143.788163666773,-1500.803724320643
1689012.6332,-4143.788163666773,-1500.803724320643
1689019.916503,-4143.788163666773,-1500.803724320643
1689026.22707,-4143.788163666773,-1500.803724320643
1689033.26108,-4143.788163666773,-1500.803724320643
1689042.136087,-4143.788163666773,-1500.803724320643
1689047.712091,-4143.788163666773,-1500.803724320643
1689054.748648,-4143.788163666773,-1500.803724320643
1689062.2363,-4143.788163666773,-1500.803724320643
1689068.757406,-4143.788163666773,-1500.803724320643
1689075.694823,-4143.788163666773,-1500.803724320643
1689083.149549,-4143.788163666773,-1500.803724320643
1689089.709553,-4143.788163666773,-1500.803724320643
1689096.221228,-4143.788163666773,-1500.803724320643
1689104.846904,-4143.788163666773,-1500.803724320643
1689110.761585,-4143.788163666773,-1500.803724320643
1689118.653981,-4143.788163666773,-1500.803724320643
1689124.731314,-4143.788163666773,-1500.803724320643
1689131.693763,-4143.788163666773,-1500.803724320643
1689139.14555,-4143.788163666773,-1500.803724320643
1689145.227079,-4143.788163666773,-1500.803724320643
1689152.227051,-4143.788163666773,-1500.803724320643
1689161.249937,-4143.788163666773,-1500.803724320643
1689166.708683,-4143.788163666773,-1500.803724320643
1689174.289775,-4143.788163666773,-1500.803724320643
1689181.466903,-4143.788163666773,-1500.803724320643
1689187.701712,-4143.788163666773,-1500.803724320643
1689195.122748,-4143.788163666773,-1500.803724320643
1689202.441396,-4143.788163666773,-1500.803724320643
1689208.68035,-4143.788163666773,-1500.803724320643
1689216.093275,-4143.788163666773,-1500.803724320643
1689222.243843,-4143.788163666773,-1500.803724320643
1689229.7057,-4143.788163666773,-1500.803724320643
1689237.068506,-4143.788163666773,-1500.803724320643
1689243.659528,-4143.788163666773,-1500.803724320643
1689251.152693,-4143.788163666773,-1500.803724320643
1689258.31386,-4143.788163666773,-1500.803724320643
1689264.941755,-4143.788163666773,-1500.803724320643
1689273.800782,-4143.788163666773,-1500.803724320643
1689278.695917,-4143.788163666773,-1500.803724320643
1689285.709459,-4143.788163666773,-1500.803724320643
1689293.229297,-4143.788163666773,-1500.803724320643
1689299.662212,-4143.788163666773,-1500.803724320643
1689306.672066,-4143.788163666773,-1500.803724320643
1689314.188449,-4143.788163666773,-1500.803724320643
1689321.093892,-4143.788163666773,-1500.803724320643
1689327.670945,-4143.788163666773,-1500.803724320643
1689335.166868,-4143.788163666773,-1500.803724320643
1689341.202581,-4143.788163666773,-1500.803724320643
1689342.912374,-4143.788163666773,-1500.803724320643
1689342.912982,-4143.788163666773,-1500.803724320643
1689346.466213,-4143.788163666773,-1500.803724320643
1689355.678745,-4143.788163666773,-1500.803724320643
1689360.95483,-4143.788163666773,-1500.803724320643
1689368.402814,-4143.788163666773,-1500.803724320643
1689369.008813,-4143.788163666773,-1500.803724320643
1689375.013502,-4143.788163666773,-1500.803724320643
1689382.033461,-4138.75518612887,-1494.8314068127027
1689388.460914,-4175.751741974299,-1489.9669704543471
1689395.457042,-4210.217905778553,-1501.9488452066073
1689404.648042,-4237.364006934627,-1462.6237169918534
1689409.890634,-4283.3212091473415,-1380.83135268896
1689416.945853,-4317.56492082176,-1320.163206109593
1689424.409304,-4354.832589954863,-1255.4405794535342
1689441.018564,-4423.361722940559,-1194.2370999075997
1689441.148554,-4418.2870356733765,-1151.3136643235205
1689444.474946,-4404.1960889804595,-1095.5006253092579
1689452.553252,-4347.074574893338,-1048.834590192315
1689459.114357,-4280.533606958835,-1048.1689300124847
1689475.013638,-4238.768235469939,-1085.608822637914
1689475.018451,-4265.267835357493,-1160.5956654953618
1689479.509454,-4271.857977197819,-1172.5868563850668
1689489.917186,-4271.857977197819,-1172.5868563850668
1689493.469714,-4271.857977197819,-1172.5868563850668
1689501.675424,-4271.857977197819,-1172.5868563850668
1689509.369876,-4271.857977197819,-1172.5868563850668
1689514.459194,-4271.857977197819,-1172.5868563850668
1689521.932425,-4271.857977197819,-1172.5868563850668
1689529.851339,-4271.857977197819,-1172.5868563850668
1689535.885449,-4271.857977197819,-1172.5868563850668
1689543.248134,-4271.857977197819,-1172.5868563850668
1689549.926962,-4271.857977197819,-1172.5868563850668
1689557.233604,-4265.35820649981,-1166.5866059995512
1689564.392376,-4269.953231560591,-1173.904211571779
1689570.899591,-4269.953231560591,-1173.904211571779
1689577.906757,-4269.953231560591,-1173.904211571779
1689587.261901,-4269.953231560591,-1173.904211571779
1689591.912399,-4269.953231560591,-1173.904211571779
1689599.361513,-4269.953231560591,-1173.904211571779
1689606.861433,-4269.953231560591,-1173.904211571779
1689612.912608,-4269.953231560591,-1173.904211571779
1689620.40729,-4269.953231560591,-1173.904211571779
1689626.905687,-4269.953231560591,-1173.904211571779
1689633.432602,-4269.953231560591,-1173.904211571779
1689640.939017,-4269.953231560591,-1173.904211571779
1689647.905552,-4269.953231560591,-1173.904211571779
1689654.460219,-4269.953231560591,-1173.904211571779
1689661.943357,-4269.953231560591,-1173.904211571779
1689668.933636,-4269.953231560591,-1173.904211571779
1689676.393817,-4269.953231560591,-1173.904211571779
1689683.94828,-4269.953231560591,-1173.904211571779
1689690.288268,-4269.953231560591,-1173.904211571779
1689697.361625,-4269.953231560591,-1173.904211571779
1689703.5009,-4269.953231560591,-1173.904211571779
1689710.920181,-4269.953231560591,-1173.904211571779
1689718.364277,-4269.953231560591,-1173.904211571779
1689724.908429,-4269.953231560591,-1173.904211571779
1689732.406967,-4269.953231560591,-1173.904211571779
1689739.728278,-4269.953231560591,-1173.904211571779
1689747.033906,-4269.953231560591,-1173.904211571779
1689752.565737,-4269.953231560591,-1173.904211571779
1689760.132173,-4269.953231560591,-1173.904211571779
1689766.83201,-4261.611279863495,-1188.6651065341848
1689774.304042,-4261.611279863495,-1188.6651065341848
1689780.933314,-4252.4142781246555,-1206.89395016741
1689788.38533,-4285.010454364041,-1221.2265875773232
1689795.431119,-4310.933069236911,-1200.1582156217655
1689801.817637,-4332.6360468658595,-1175.0260582300427
1689809.247233,-4381.346093032755,-1178.5824517399371
1689816.441912,-4403.918023930578,-1178.6988258733031
1690637.132158,-3537.526090989414,-2706.9855541059974
1690637.132949,-3537.526090989414,-2706.9855541059974
1690645.633943,-3474.7427769270557,-2701.7085533943477
1690645.634632,-3474.7427769270557,-2701.7085533943477
1690659.412797,-3474.7427769270557,-2701.7085533943477
1690659.417644,-3474.7427769270557,-2701.7085533943477
1690667.578356,-3482.007226632842,-2698.8317917166005
1690672.636155,-3528.4301884861,-2683.9917976027255
1690679.604127,-3585.384864459371,-2618.138155830816
1690688.672209,-3684.8973977621677,-2499.725405259392
1690693.068229,-3759.008687727389,-2433.7972650925117
1690700.470058,-3816.9504944211862,-2390.6644401877575
1690707.887963,-3929.0037614285047,-2322.8743059298495
1690714.439848,-4021.7662648086907,-2286.7983886466436
1690721.445942,-4103.8302149369665,-2260.9773405361243
1690728.051291,-4159.241629215542,-2247.7153667919706
1690739.407352,-4140.2289309300195,-2210.1265839772855
1690742.040984,-4132.470915841957,-2144.100659639813
1690749.451797,-4113.23576550119,-2079.8156830114563
1690756.732502,-4103.058584404489,-2073.093922588696
1690764.403162,-4092.102821140851,-2045.704144621058
1690770.057118,-4046.152570370815,-2045.6436301553942
1690777.48193,-3984.9713060137915,-2024.2308185497145
1690784.496608,-4016.5386417168597,-1984.0492101207017
1690791.80982,-3965.256493398426,-1994.5973480704831
1690798.449114,-3910.1370472139943,-1970.2239804977214
1690805.429312,-3874.9687689386205,-1905.3664262089314
1690812.439822,-3834.67019029601,-1807.0862482351258
1690824.898824,-3872.368860637039,-1768.6362715816977
1690826.090301,-3943.150321266689,-1715.0204285628795
1690835.308967,-4018.561565018726,-1609.832257361959
1690840.066421,-4042.106723785877,-1528.938319809645
1690847.066427,-4109.405419334248,-1496.120831563842
1690851.024307,-4134.577258649481,-1495.101394663855
1690854.037285,-4143.280694938783,-1493.1276903512423
1690861.066603,-4153.033826817994,-1487.8256874527997
1690870.000395,-4153.019923562046,-1487.8675821273348
1690875.447136,-4153.019923562046,-1487.8675821273348
1690882.403021,-4153.019923562046,-1487.8675821273348
1690889.466234,-4153.019923562046,-1487.8675821273348
1690899.236166,-4153.019923562046,-1487.8675821273348
1690903.449517,-4153.019923562046,-1487.8675821273348
1690910.455121,-4153.019923562046,-1487.8675821273348
1690917.455082,-4153.019923562046,-1487.8675821273348
1690924.408368,-4153.019923562046,-1487.8675821273348
1690931.561249,-4153.019923562046,-1487.8675821273348
1690938.140273,-4153.019923562046,-1487.8675821273348
1690946.903114,-4153.019923562046,-1487.8675821273348
1690952.523142,-4153.019923562046,-1487.8675821273348
1690959.066248,-4153.019923562046,-1487.8675821273348
1690967.009582,-4153.019923562046,-1487.8675821273348
1690974.188346,-4153.019923562046,-1487.8675821273348
1690980.062041,-4153.019923562046,-1487.8675821273348
1690987.068353,-4153.019923562046,-1487.8675821273348
1690996.540406,-4153.019923562046,-1487.8675821273348
1691001.436237,-4153.019923562046,-1487.8675821273348
1691008.431002,-4153.019923562046,-1487.8675821273348
1691015.066838,-4153.019923562046,-1487.8675821273348
1691023.614875,-4153.019923562046,-1487.8675821273348
1691030.572252,-4153.019923562046,-1487.8675821273348
1691036.447309,-4153.019923562046,-1487.8675821273348
1691043.811574,-4153.019923562046,-1487.8675821273348
1691050.987306,-4153.019923562046,-1487.8675821273348
1691057.067753,-4153.019923562046,-1487.8675821273348
1691065.69769,-4153.019923562046,-1487.8675821273348
1691072.917727,-4153.019923562046,-1487.8675821273348
1691078.649612,-4153.019923562046,-1487.8675821273348
1691087.396952,-4153.019923562046,-1487.8675821273348
1691092.447024,-4153.019923562046,-1487.8675821273348
1691100.149046,-4153.019923562046,-1487.8675821273348
1691109.109665,-4153.019923562046,-1487.8675821273348
1691113.43241,-4153.019923562046,-1487.8675821273348
1691120.775409,-4153.019923562046,-1487.8675821273348
1691127.069995,-4153.019923562046,-1487.8675821273348
1691134.067614,-4153.019923562046,-1487.8675821273348
1691142.368496,-4153.019923562046,-1487.8675821273348
1691149.533606,-4153.019923562046,-1487.8675821273348
1691155.429677,-4153.019923562046,-1487.8675821273348
1691162.936469,-4153.019923562046,-1487.8675821273348
1691169.421928,-4153.019923562046,-1487.8675821273348
1691176.03321,-4153.019923562046,-1487.8675821273348
1691184.725841,-4153.019923562046,-1487.8675821273348
1691190.413835,-4153.019923562046,-1487.8675821273348
1691197.971372,-4153.019923562046,-1487.8675821273348
1691204.057508,-4153.019923562046,-1487.8675821273348
1691211.067627,-4153.019923562046,-1487.8675821273348
1691219.164405,-4153.019923562046,-1487.8675821273348
1691225.067541,-4153.019923562046,-1487.8675821273348
1691232.057934,-4153.019923562046,-1487.8675821273348
1691241.012613,-4153.019923562046,-1487.8675821273348
1691246.480356,-4153.019923562046,-1487.8675821273348
1691253.18986,-4153.019923562046,-1487.8675821273348
1691261.48432,-4153.019923562046,-1487.8675821273348
1691267.525776,-4153.019923562046,-1487.8675821273348
1691274.939153,-4153.019923562046,-1487.8675821273348
1691282.28838,-4153.019923562046,-1487.8675821273348
1691288.472524,-4153.019923562046,-1487.8675821273348
1691295.628458,-4153.019923562046,-1487.8675821273348
1691304.97326,-4153.019923562046,-1487.8675821273348
1691309.412415,-4153.019923562046,-1487.8675821273348
1691316.777674,-4153.019923562046,-1487.8675821273348
1691323.058079,-4153.019923562046,-1487.8675821273348
1691332.111086,-4153.019923562046,-1487.8675821273348
1691337.448883,-4153.019923562046,-1487.8675821273348
1691344.073121,-4153.019923562046,-1487.8675821273348
1691352.372428,-4153.019923562046,-1487.8675821273348
1691359.619215,-4153.019923562046,-1487.8675821273348
1691365.452463,-4153.019923562046,-1487.8675821273348
1691372.96572,-4153.019923562046,-1487.8675821273348
1691379.058206,-4153.019923562046,-1487.8675821273348
1691386.058211,-4153.019923562046,-1487.8675821273348
1691394.5365,-4153.019923562046,-1487.8675821273348
1691400.477729,-4153.019923562046,-1487.8675821273348
1691407.840521,-4153.019923562046,-1487.8675821273348
1691414.868546,-4153.019923562046,-1487.8675821273348
1691421.058597,-4153.019923562046,-1487.8675821273348
1691429.112509,-4153.019923562046,-1487.8675821273348
1691436.335015,-4153.019923562046,-1487.8675821273348
1691442.105785,-4153.019923562046,-1487.8675821273348
1691450.885799,-4153.019923562046,-1487.8675821273348
1691456.477693,-4153.019923562046,-1487.8675821273348
1691463.486292,-4153.019923562046,-1487.8675821273348
1691472.675436,-4153.019923562046,-1487.8675821273348
1691477.428578,-4153.019923562046,-1487.8675821273348
1691484.693667,-4153.019923562046,-1487.8675821273348
1691491.81271,-4153.019923562046,-1487.8675821273348
1691498.067287,-4153.019923562046,-1487.8675821273348
1691507.273676,-4153.019923562046,-1487.8675821273348
1691512.433846,-4153.019923562046,-1487.8675821273348
1691519.447135,-4153.019923562046,-1487.8675821273348
1691527.039109,-4153.019923562046,-1487.8675821273348
1691534.520339,-4153.019923562046,-1487.8675821273348
1691540.05675,-4153.019923562046,-1487.8675821273348
1691547.057153,-4153.019923562046,-1487.8675821273348
1691554.056015,-4153.019923562046,-1487.8675821273348
1691562.76192,-4153.019923562046,-1487.8675821273348
1691568.056553,-4153.019923562046,-1487.8675821273348
1691575.056617,-4153.019923562046,-1487.8675821273348
1691584.303435,-4153.019923562046,-1487.8675821273348
1691589.067925,-4153.019923562046,-1487.8675821273348
1691596.057665,-4153.019923562046,-1487.8675821273348
1691604.577945,-4153.019923562046,-1487.8675821273348
1691612.0356,-4153.019923562046,-1487.8675821273348
1691617.029145,-4153.019923562046,-1487.8675821273348
1691625.0205,-4153.019923562046,-1487.8675821273348
1691631.633885,-4153.019923562046,-1487.8675821273348
1691638.957784,-4153.019923562046,-1487.8675821273348
1691645.507486,-4153.019923562046,-1487.8675821273348
1691652.465701,-4153.019923562046,-1487.8675821273348
1691659.845256,-4153.019923562046,-1487.8675821273348
1691668.65118,-4153.019923562046,-1487.8675821273348
1691673.523099,-4153.019923562046,-1487.8675821273348
1691680.837998,-4153.019923562046,-1487.8675821273348
1691687.057613,-4153.019923562046,-1487.8675821273348
1691694.05754,-4153.019923562046,-1487.8675821273348
1691703.015145,-4153.019923562046,-1487.8675821273348
1691708.058345,-4153.019923562046,-1487.8675821273348
1691717.416455,-4153.019923562046,-1487.8675821273348
1691722.455005,-4153.019923562046,-1487.8675821273348
1691729.495134,-4153.019923562046,-1487.8675821273348
1691737.036592,-4153.019923562046,-1487.8675821273348
1691746.332691,-4153.019923562046,-1487.8675821273348
1691750.437773,-4153.019923562046,-1487.8675821273348
1691757.895486,-4153.019923562046,-1487.8675821273348
1691765.578618,-4153.019923562046,-1487.8675821273348
1691771.427361,-4153.019923562046,-1487.8675821273348
1691778.883472,-4153.019923562046,-1487.8675821273348
1691785.068648,-4153.019923562046,-1487.8675821273348
1691794.188544,-4153.019923562046,-1487.8675821273348
1691799.572645,-4153.019923562046,-1487.8675821273348
1691806.02919,-4153.019923562046,-1487.8675821273348
1691814.459105,-4153.019923562046,-1487.8675821273348
1691821.680417,-4153.019923562046,-1487.8675821273348
1691827.117955,-4153.019923562046,-1487.8675821273348
1691836.207536,-4153.019923562046,-1487.8675821273348
1691841.437887,-4153.019923562046,-1487.8675821273348
1691848.505907,-4153.019923562046,-1487.8675821273348
1691855.903136,-4153.019923562046,-1487.8675821273348
1691862.057632,-4153.019923562046,-1487.8675821273348
1691870.969702,-4153.019923562046,-1487.8675821273348
1691876.477868,-4153.019923562046,-1487.8675821273348
1691883.565757,-4153.019923562046,-1487.8675821273348
1691890.945837,-4153.019923562046,-1487.8675821273348
1691898.256901,-4153.019923562046,-1487.8675821273348
1691904.057917,-4153.019923562046,-1487.8675821273348
1691913.044488,-4153.019923562046,-1487.8675821273348
1691918.505922,-4153.019923562046,-1487.8675821273348
1691925.509855,-4153.019923562046,-1487.8675821273348
1691934.820235,-4153.019923562046,-1487.8675821273348
1691939.50167,-4153.019923562046,-1487.8675821273348
1691946.776606,-4153.019923562046,-1487.8675821273348
1691953.057939,-4153.019923562046,-1487.8675821273348
1691960.484949,-4153.019923562046,-1487.8675821273348
1691967.919189,-4153.019923562046,-1487.8675821273348
1691975.204889,-4153.019923562046,-1487.8675821273348
1691981.067295,-4153.019923562046,-1487.8675821273348
1691989.820644,-4153.019923562046,-1487.8675821273348
1691995.452511,-4153.019923562046,-1487.8675821273348
1692002.497729,-4153.019923562046,-1487.8675821273348
1692009.891233,-4153.019923562046,-1487.8675821273348
1692016.435893,-4153.019923562046,-1487.8675821273348
1692023.529545,-4153.019923562046,-1487.8675821273348
1692032.077961,-4153.019923562046,-1487.8675821273348
1692037.439447,-4153.019923562046,-1487.8675821273348
1692044.772629,-4153.019923562046,-1487.8675821273348
1692051.047312,-4153.019923562046,-1487.8675821273348
1692058.047137,-4153.019923562046,-1487.8675821273348
1692066.591738,-4153.019923562046,-1487.8675821273348
1692072.056796,-4153.019923562046,-1487.8675821273348
1692079.056963,-4153.019923562046,-1487.8675821273348
1692087.228511,-4153.019923562046,-1487.8675821273348
1692093.055453,-4153.019923562046,-1487.8675821273348
1692102.080627,-4153.019923562046,-1487.8675821273348
1692107.056587,-4153.019923562046,-1487.8675821273348
1692114.056579,-4153.019923562046,-1487.8675821273348
1692122.877067,-4153.019923562046,-1487.8675821273348
1692128.451406,-4153.019923562046,-1487.8675821273348
1692135.493708,-4153.019923562046,-1487.8675821273348
1692142.893945,-4153.019923562046,-1487.8675821273348
1692149.048041,-4153.019923562046,-1487.8675821273348
1692156.057158,-4153.019923562046,-1487.8675821273348
1692165.207812,-4153.019923562046,-1487.8675821273348
1692170.067443,-4153.019923562046,-1487.8675821273348
1692179.539235,-4153.019923562046,-1487.8675821273348
1692184.501844,-4153.019923562046,-1487.8675821273348
1692191.050504,-4153.019923562046,-1487.8675821273348
1692199.808533,-4153.019923562046,-1487.8675821273348
1692205.504518,-4153.019923562046,-1487.8675821273348
1692212.483132,-4153.019923562046,-1487.8675821273348
1692219.918075,-4153.019923562046,-1487.8675821273348
1692226.045205,-4153.019923562046,-1487.8675821273348
1692233.050952,-4153.019923562046,-1487.8675821273348
1692242.024149,-4153.019923562046,-1487.8675821273348
1692247.497825,-4153.019923562046,-1487.8675821273348
1692254.961953,-4153.019923562046,-1487.8675821273348
1692262.922307,-4153.019923562046,-1487.8675821273348
1692268.045736,-4153.019923562046,-1487.8675821273348
1692276.564849,-4153.019923562046,-1487.8675821273348
1692284.045879,-4153.019923562046,-1487.8675821273348
1692289.652378,-4153.019923562046,-1487.8675821273348
1692298.279462,-4153.019923562046,-1487.8675821273348
1692303.504634,-4153.019923562046,-1487.8675821273348
1692310.768588,-4153.019923562046,-1487.8675821273348
1692320.111296,-4153.019923562046,-1487.8675821273348
1692324.463803,-4153.019923562046,-1487.8675821273348
1692331.488612,-4153.019923562046,-1487.8675821273348
1692338.948588,-4153.019923562046,-1487.8675821273348
1692345.013083,-4153.019923562046,-1487.8675821273348
1692353.690101,-4153.019923562046,-1487.8675821273348
1692360.84244,-4153.019923562046,-1487.8675821273348
1692366.484068,-4153.019923562046,-1487.8675821273348
1692373.868531,-4153.019923562046,-1487.8675821273348
1692381.62357,-4153.019923562046,-1487.8675821273348
1692387.198684,-4153.019923562046,-1487.8675821273348
1692395.620756,-4153.019923562046,-1487.8675821273348
1692401.499439,-4153.019923562046,-1487.8675821273348
1692408.924526,-4153.019923562046,-1487.8675821273348
1692415.056525,-4153.019923562046,-1487.8675821273348
1692422.058456,-4153.019923562046,-1487.8675821273348
1692430.183326,-4153.019923562046,-1487.8675821273348
1692436.058455,-4153.019923562046,-1487.8675821273348
1692443.049587,-4153.019923562046,-1487.8675821273348
1692451.943138,-4153.019923562046,-1487.8675821273348
1692457.47818,-4153.019923562046,-1487.8675821273348
1692464.510581,-4153.019923562046,-1487.8675821273348
1692471.047331,-4153.019923562046,-1487.8675821273348
1692478.046218,-4153.019923562046,-1487.8675821273348
1692486.802291,-4153.019923562046,-1487.8675821273348
1692494.059297,-4153.019923562046,-1487.8675821273348
1692499.499896,-4153.019923562046,-1487.8675821273348
1692506.959821,-4153.019923562046,-1487.8675821273348
1692513.125066,-4153.019923562046,-1487.8675821273348
1692520.504457,-4153.019923562046,-1487.8675821273348
1692527.92531,-4153.019923562046,-1487.8675821273348
1692534.047235,-4153.019923562046,-1487.8675821273348
1692541.047505,-4153.019923562046,-1487.8675821273348
1692549.200635,-4153.019923562046,-1487.8675821273348
1692555.332531,-4155.327863533602,-1487.3695010799606
1692564.857946,-4155.327863533602,-1487.3695010799606
1692569.480199,-4155.327863533602,-1487.3695010799606
1692576.516235,-4155.327863533602,-1487.3695010799606
1692583.9248,-4155.327863533602,-1487.3695010799606
1692590.047079,-4155.327863533602,-1487.3695010799606
1692597.058068,-4155.327863533602,-1487.3695010799606
1692605.51795,-4155.327863533602,-1487.3695010799606
1692612.804557,-4155.327863533602,-1487.3695010799606
1692618.515798,-4155.327863533602,-1487.3695010799606
1692625.818004,-4155.327863533602,-1487.3695010799606
1692632.05036,-4155.327863533602,-1487.3695010799606
1692640.420148,-4155.327863533602,-1487.3695010799606
1692647.480501,-4155.327863533602,-1487.3695010799606
1692653.206082,-4155.327863533602,-1487.3695010799606
1692661.840591,-4155.327863533602,-1487.3695010799606
1692667.472648,-4155.327863533602,-1487.3695010799606
1692674.828458,-4155.327863533602,-1487.3695010799606
1692683.599608,-4155.327863533602,-1487.3695010799606
1692688.454086,-4155.327863533602,-1487.3695010799606
1692695.476551,-4155.327863533602,-1487.3695010799606
1692702.953262,-4155.327863533602,-1487.3695010799606
1692709.048798,-4155.327863533602,-1487.3695010799606
1692716.020377,-4155.327863533602,-1487.3695010799606
1692723.017083,-4155.327863533602,-1487.3695010799606
1692730.038321,-4155.327863533602,-1487.3695010799606
1692737.038509,-4155.327863533602,-1487.3695010799606
1692744.078436,-4155.327863533602,-1487.3695010799606
1692751.065038,-4155.327863533602,-1487.3695010799606
1692758.038246,-4155.327863533602,-1487.3695010799606
1692768.140689,-4155.327863533602,-1487.3695010799606
1692772.506885,-4155.327863533602,-1487.3695010799606
1692779.12225,-4155.327863533602,-1487.3695010799606
1692786.121051,-4155.327863533602,-1487.3695010799606
1692793.071973,-4155.327863533602,-1487.3695010799606
1692800.122271,-4155.327863533602,-1487.3695010799606
1692807.121114,-4155.327863533602,-1487.3695010799606
1692815.501863,-4155.327863533602,-1487.3695010799606
1692821.485301,-4155.327863533602,-1487.3695010799606
1692828.480563,-4155.327863533602,-1487.3695010799606
1692837.201944,-4155.327863533602,-1487.3695010799606
1692842.50244,-4155.327863533602,-1487.3695010799606
1692849.503518,-4159.832517462253,-1490.2416132800631
1692856.497963,-4159.832517462253,-1490.2416132800631
1692863.498297,-4159.832517462253,-1490.2416132800631
1692870.654163,-4159.832517462253,-1490.2416132800631
1692879.459356,-4159.832517462253,-1490.2416132800631
1692884.498166,-4159.832517462253,-1490.2416132800631
1692891.904818,-4159.832517462253,-1490.2416132800631
1692898.0581,-4159.832517462253,-1490.2416132800631
1692905.048421,-4159.832517462253,-1490.2416132800631
1692914.012042,-4159.832517462253,-1490.2416132800631
1692919.046708,-4159.832517462253,-1490.2416132800631
1692926.046733,-4159.832517462253,-1490.2416132800631
1692934.50074,-4159.832517462253,-1490.2416132800631
1692940.482992,-4159.832517462253,-1490.2416132800631
1692947.817339,-4159.832517462253,-1490.2416132800631
1692954.045717,-4159.832517462253,-1490.2416132800631
1692961.051086,-4159.832517462253,-1490.2416132800631
1692969.071283,-4159.832517462253,-1490.2416132800631
1692976.382482,-4159.832517462253,-1490.2416132800631
1692982.500726,-4159.832517462253,-1490.2416132800631
1692989.819938,-4159.832517462253,-1490.2416132800631
1692996.048382,-4159.832517462253,-1490.2416132800631
1693003.048469,-4159.832517462253,-1490.2416132800631
1693011.303216,-4159.832517462253,-1490.2416132800631
1693017.317923,-4159.832517462253,-1490.2416132800631
1693025.665917,-4159.832517462253,-1490.2416132800631
1693032.803763,-4159.832517462253,-1490.2416132800631
1693038.015764,-4159.832517462253,-1490.2416132800631
1693047.138009,-4159.832517462253,-1490.2416132800631
1693052.463664,-4159.832517462253,-1490.2416132800631
1693059.503622,-4159.832517462253,-1490.2416132800631
1693066.531385,-4159.832517462253,-1490.2416132800631
1693073.036969,-4159.832517462253,-1490.2416132800631
1693080.03675,-4159.832517462253,-1490.2416132800631
1693087.047181,-4159.832517462253,-1490.2416132800631
1693094.048827,-4159.832517462253,-1490.2416132800631
1693102.424743,-4159.832517462253,-1490.2416132800631
1693109.540949,-4159.832517462253,-1490.2416132800631
1693115.045696,-4159.832517462253,-1490.2416132800631
1693125.157993,-4159.832517462253,-1490.2416132800631
1693129.47265,-4159.832517462253,-1490.2416132800631
1693136.447378,-4159.832517462253,-1490.2416132800631
1693143.047193,-4159.832517462253,-1490.2416132800631
1693151.989237,-4159.832517462253,-1490.2416132800631
1693157.41671,-4159.832517462253,-1490.2416132800631
1693164.048016,-4159.832517462253,-1490.2416132800631
1693171.432643,-4159.832517462253,-1490.2416132800631
1693178.714081,-4159.832517462253,-1490.2416132800631
1693185.732882,-4159.832517462253,-1490.2416132800631
1693192.014957,-4159.832517462253,-1490.2416132800631
1693200.697832,-4159.832517462253,-1490.2416132800631
1693207.948752,-4159.832517462253,-1490.2416132800631
1693213.457327,-4159.832517462253,-1490.2416132800631
1693221.910159,-4159.832517462253,-1490.2416132800631
1693229.99646,-4159.832517462253,-1490.2416132800631
1693234.015396,-4159.832517462253,-1490.2416132800631
1693242.920847,-4157.6775132726,-1485.5726853400142
1693248.458071,-4157.6775132726,-1485.5726853400142
1693255.886172,-4157.6775132726,-1485.5726853400142
1693262.0466,-4157.6775132726,-1485.5726853400142
1693269.048066,-4157.6775132726,-1485.5726853400142
1693277.544274,-4157.6775132726,-1485.5726853400142
1693283.019885,-4157.6775132726,-1485.5726853400142
1693290.04744,-4157.6775132726,-1485.5726853400142
1693299.276809,-4157.6775132726,-1485.5726853400142
1693304.545073,-4157.6775132726,-1485.5726853400142
1693311.472563,-4157.6775132726,-1485.5726853400142
1693318.048153,-4157.6775132726,-1485.5726853400142
1693325.047626,-4157.6775132726,-1485.5726853400142
1693334.120632,-4157.6775132726,-1485.5726853400142
1693339.480684,-4157.6775132726,-1485.5726853400142
1693346.480702,-4157.6775132726,-1485.5726853400142
1693353.794334,-4157.6775132726,-1485.5726853400142
1693360.038871,-4157.6775132726,-1485.5726853400142
1693367.03816,-4157.6775132726,-1485.5726853400142
1693376.080775,-4157.6775132726,-1485.5726853400142
1693381.030558,-4157.6775132726,-1485.5726853400142
1693388.041945,-4157.6775132726,-1485.5726853400142
1693396.581984,-4157.6775132726,-1485.5726853400142
1693402.075279,-4157.6775132726,-1485.5726853400142
1693410.938149,-4157.6775132726,-1485.5726853400142
1693416.482006,-4157.6775132726,-1485.5726853400142
1693423.503782,-4157.6775132726,-1485.5726853400142
1693430.92547,-4157.6775132726,-1485.5726853400142
1693437.047831,-4157.6775132726,-1485.5726853400142
1693444.052845,-4157.6775132726,-1485.5726853400142
1693452.879647,-4157.6775132726,-1485.5726853400142
1693458.48525,-4157.6775132726,-1485.5726853400142
1693465.458115,-4157.6775132726,-1485.5726853400142
1693472.8452,-4157.6775132726,-1485.5726853400142
1693479.054139,-4157.6775132726,-1485.5726853400142
1693487.760674,-4157.6775132726,-1485.5726853400142
1693495.077142,-4157.6775132726,-1485.5726853400142
1693500.480812,-4157.6775132726,-1485.5726853400142
1693507.01227,-4157.6775132726,-1485.5726853400142
1693515.60232,-4157.6775132726,-1485.5726853400142
1693521.440343,-4157.6775132726,-1485.5726853400142
1693528.03725,-4157.6775132726,-1485.5726853400142
1693535.441369,-4157.6775132726,-1485.5726853400142
1693542.478072,-4157.6775132726,-1485.5726853400142
1693549.824848,-4157.6775132726,-1485.5726853400142
1693556.048147,-4157.6775132726,-1485.5726853400142
1693564.552601,-4157.6775132726,-1485.5726853400142
1693571.779536,-4157.6775132726,-1485.5726853400142
1693577.463925,-4157.6775132726,-1485.5726853400142
1693584.900813,-4157.6775132726,-1485.5726853400142
1693592.22348,-4157.6775132726,-1485.5726853400142
1693598.040372,-4157.6775132726,-1485.5726853400142
1693606.43678,-4157.6775132726,-1485.5726853400142
1693615.521472,-4157.6775132726,-1485.5726853400142
1693619.454093,-4157.6775132726,-1485.5726853400142
1693626.036819,-4157.6775132726,-1485.5726853400142
1693633.038452,-4157.6775132726,-1485.5726853400142
1693641.362104,-4157.6775132726,-1485.5726853400142
1693647.046973,-4157.6775132726,-1485.5726853400142
1693654.047121,-4157.6775132726,-1485.5726853400142
1693662.840666,-4157.6775132726,-1485.5726853400142
1693668.510365,-4157.6775132726,-1485.5726853400142
1693675.458185,-4157.6775132726,-1485.5726853400142
1693684.502109,-4157.6775132726,-1485.5726853400142
1693689.401033,-4157.6775132726,-1485.5726853400142
1693696.416873,-4157.6775132726,-1485.5726853400142
1693703.86124,-4157.6775132726,-1485.5726853400142
1693710.452719,-4157.6775132726,-1485.5726853400142
1693717.719285,-4157.6775132726,-1485.5726853400142
1693724.047074,-4157.6775132726,-1485.5726853400142
1693731.42633,-4157.6775132726,-1485.5726853400142
1693738.932675,-4157.6775132726,-1485.5726853400142
1693745.01114,-4157.6775132726,-1485.5726853400142
1693752.039257,-4157.6775132726,-1485.5726853400142
1693760.107737,-4157.6775132726,-1485.5726853400142
1693766.047585,-4157.6775132726,-1485.5726853400142
1693773.037751,-4157.6775132726,-1485.5726853400142
1693781.844905,-4157.6775132726,-1485.5726853400142
1693787.438155,-4157.6775132726,-1485.5726853400142
1693794.832859,-4157.6775132726,-1485.5726853400142
1693801.039193,-4157.6775132726,-1485.5726853400142
1693808.027716,-4157.6775132726,-1485.5726853400142
1693816.335663,-4157.6775132726,-1485.5726853400142
1693823.618167,-4157.6775132726,-1485.5726853400142
1693829.479756,-4157.6775132726,-1485.5726853400142
1693836.886147,-4157.6775132726,-1485.5726853400142
1693843.03806,-4157.6775132726,-1485.5726853400142
1693850.037844,-4157.6775132726,-1485.5726853400142
1693858.643547,-4157.6775132726,-1485.5726853400142
1693864.48396,-4157.6775132726,-1485.5726853400142
1693871.007138,-4157.6775132726,-1485.5726853400142
1693879.131475,-4157.6775132726,-1485.5726853400142
1693885.78062,-4157.6775132726,-1485.5726853400142
1693894.502166,-4157.6775132726,-1485.5726853400142
1693899.48349,-4157.6775132726,-1485.5726853400142
1693906.494086,-4157.6775132726,-1485.5726853400142
1693913.484841,-4157.6775132726,-1485.5726853400142
1693920.02703,-4157.6775132726,-1485.5726853400142
1693927.038597,-4157.6775132726,-1485.5726853400142
1693935.418618,-4157.6775132726,-1485.5726853400142
1693941.475612,-4157.6775132726,-1485.5726853400142
1693948.395948,-4157.6775132726,-1485.5726853400142
1693955.018256,-4157.6775132726,-1485.5726853400142
1693962.036628,-4157.6775132726,-1485.5726853400142
1693970.014893,-4157.6775132726,-1485.5726853400142
1693976.485486,-4157.6775132726,-1485.5726853400142
1693983.484746,-4157.6775132726,-1485.5726853400142
1693990.036671,-4157.6775132726,-1485.5726853400142
1693999.459929,-4157.6775132726,-1485.5726853400142
1694004.439646,-4157.6775132726,-1485.5726853400142
1694011.038527,-4157.6775132726,-1485.5726853400142
1694018.028532,-4157.6775132726,-1485.5726853400142
1694025.032483,-4157.6775132726,-1485.5726853400142
1694034.003512,-4157.6775132726,-1485.5726853400142
1694039.538516,-4157.6775132726,-1485.5726853400142
1694048.098061,-4157.6775132726,-1485.5726853400142
1694053.443385,-4157.6775132726,-1485.5726853400142
1694060.478202,-4157.6775132726,-1485.5726853400142
1694067.890719,-4157.6775132726,-1485.5726853400142
1694075.644456,-4157.6775132726,-1485.5726853400142
1694081.300306,-4157.6775132726,-1485.5726853400142
1694088.041556,-4157.6775132726,-1485.5726853400142
1694095.031537,-4157.6775132726,-1485.5726853400142
1694103.422315,-4157.6775132726,-1485.5726853400142
1694109.005135,-4157.6775132726,-1485.5726853400142
1694116.037143,-4157.6775132726,-1485.5726853400142
1694124.906704,-4157.6775132726,-1485.5726853400142
1694130.006737,-4157.6775132726,-1485.5726853400142
1694130.99396,-4157.6775132726,-1485.5726853400142
1694137.036754,-4157.6775132726,-1485.5726853400142
1694144.160698,-4163.106733505849,-1477.3892602088083
1694151.12113,-4190.537851380045,-1497.4056013501574
1694158.036568,-4222.8073012193345,-1487.6301790121572
1694167.146237,-4271.892735325009,-1403.2636230194282
1694172.466486,-4308.075950779212,-1337.070036154029
1694179.0394,-4344.377343850784,-1273.9626839418972
1694186.114669,-4408.401822947657,-1199.8090932338382
1694197.60289,-4419.913716254747,-1169.0071880107516
1694200.113363,-4401.6935034812195,-1088.3273227810457
1694211.569842,-4358.405725923205,-1049.5421450632914
1694214.09805,-4305.476042508654,-1033.580265545154
1694223.372947,-4239.727559917147,-1078.1934617660995
1694228.036998,-4221.549056841125,-1127.4104159444857
1694235.036713,-4244.406004490601,-1160.1208590199838
1694237.186974,-4157.6775132726,-1485.5726853400142
1694242.037093,-4245.587780981779,-1163.6586327497046
1694249.036815,-4245.587780981779,-1163.6586327497046
1694258.247246,-4245.587780981779,-1163.6586327497046
1694263.516838,-4245.587780981779,-1163.6586327497046
1694270.484277,-4245.587780981779,-1163.6586327497046
1694277.864778,-4245.587780981779,-1163.6586327497046
1694284.506199,-4245.587780981779,-1163.6586327497046
1694291.502411,-4245.587780981779,-1163.6586327497046
1694298.956969,-4245.587780981779,-1163.6586327497046
1694305.606458,-4240.360157922097,-1200.6609518578446
1694310.914924,-4157.6775132726,-1485.5726853400142
1694312.578368,-4262.111796966625,-1213.1316033906116
1694319.102636,-4288.333331782315,-1212.8895451981602
1694326.122929,-4315.632368682975,-1174.2160942543048
1694341.265517,-4363.668107105132,-1172.1306697747154
1694341.353729,-4363.668107105132,-1172.1306697747154
1695956.522946,-4691.234061363998,-3272.8836495272008
1695956.523569,-4691.234061363998,-3272.8836495272008
1695962.78318,-4806.730013316359,-3718.5638567862898
1695962.783831,-4806.730013316359,-3718.5638567862898
1695977.211174,-4804.137056698683,-3726.1374550463047
1695977.521763,-4804.137056698683,-3726.1374550463047
1695983.520249,-4799.396047545644,-3734.9911635333415
1695984.138326,-4799.396047545644,-3734.9911635333415
1695990.550397,-4799.396047545644,-3734.9911635333415
1695999.692866,-4799.396047545644,-3734.9911635333415
1696003.95492,-4799.396047545644,-3734.9911635333415
1696010.955996,-4799.396047545644,-3734.9911635333415
1696018.412028,-4799.396047545644,-3734.9911635333415
1696025.392046,-4799.396047545644,-3734.9911635333415
1696032.809989,-4799.396047545644,-3734.9911635333415
1696039.433642,-4799.396047545644,-3734.9911635333415
1696046.409842,-4799.396047545644,-3734.9911635333415
1696053.766128,-4799.396047545644,-3734.9911635333415
1696061.063586,-4799.396047545644,-3734.9911635333415
1696067.407836,-4799.396047545644,-3734.9911635333415
1696074.725737,-4799.396047545644,-3734.9911635333415
1696082.407352,-4799.396047545644,-3734.9911635333415
1696087.957463,-4799.396047545644,-3734.9911635333415
1696095.958013,-4799.396047545644,-3734.9911635333415
1696102.395109,-4799.396047545644,-3734.9911635333415
1696109.739106,-4799.396047545644,-3734.9911635333415
1696116.797818,-4799.396047545644,-3734.9911635333415
1696123.34189,-4799.396047545644,-3734.9911635333415
1696130.83918,-4799.396047545644,-3734.9911635333415
1696138.089688,-4799.396047545644,-3734.9911635333415
1696144.404683,-4799.396047545644,-3734.9911635333415
1696151.827208,-4799.396047545644,-3734.9911635333415
1696159.546096,-4799.396047545644,-3734.9911635333415
1696165.462912,-4799.396047545644,-3734.9911635333415
1696172.806103,-4799.396047545644,-3734.9911635333415
1696179.409044,-4799.396047545644,-3734.9911635333415
1696186.79909,-4799.396047545644,-3734.9911635333415
1696193.99179,-4799.396047545644,-3734.9911635333415
1696201.30782,-4799.396047545644,-3734.9911635333415
1696206.924428,-4799.396047545644,-3734.9911635333415
1696216.298164,-4799.396047545644,-3734.9911635333415
1696221.32034,-4799.396047545644,-3734.9911635333415
1696228.676323,-4799.396047545644,-3734.9911635333415
1696236.309727,-4799.396047545644,-3734.9911635333415
1696242.384836,-4799.396047545644,-3734.9911635333415
1696249.7498,-4799.396047545644,-3734.9911635333415
1696256.410332,-4799.396047545644,-3734.9911635333415
1696263.804807,-4799.396047545644,-3734.9911635333415
1696270.951811,-4799.396047545644,-3734.9911635333415
1696277.543887,-4799.396047545644,-3734.9911635333415
1696284.840752,-4799.396047545644,-3734.9911635333415
1696291.401811,-4796.962978330862,-3739.37146826091
1696298.407749,-4796.962978330862,-3739.37146826091
1696304.975683,-4796.962978330862,-3739.37146826091
1696313.624276,-4796.962978330862,-3739.37146826091
1696319.409891,-4796.962978330862,-3739.37146826091
1696326.730328,-4796.962978330862,-3739.37146826091
1696332.946655,-4796.962978330862,-3739.37146826091
1696342.040358,-4796.962978330862,-3739.37146826091
1696347.298939,-4796.962978330862,-3739.37146826091
1696354.352499,-4796.962978330862,-3739.37146826091
1696361.65647,-4796.962978330862,-3739.37146826091
1696368.541785,-4796.962978330862,-3739.37146826091
1696376.522392,-4797.2549466338605,-3736.7228036645306
1696383.666082,-4797.2549466338605,-3736.7228036645306
1696389.403632,-4797.2549466338605,-3736.7228036645306
1696396.383175,-4797.2549466338605,-3736.7228036645306
1696403.964792,-4797.2549466338605,-3736.7228036645306
1696410.401212,-4797.2549466338605,-3736.7228036645306
1696417.759877,-4797.2549466338605,-3736.7228036645306
1696424.165218,-4797.2549466338605,-3736.7228036645306
1696430.938552,-4797.2549466338605,-3736.7228036645306
1696437.944838,-4797.2549466338605,-3736.7228036645306
1696445.522062,-4797.2549466338605,-3736.7228036645306
1696451.938104,-4797.2549466338605,-3736.7228036645306
1696459.410318,-4797.2549466338605,-3736.7228036645306
1696467.156579,-4797.2549466338605,-3736.7228036645306
1696473.310096,-4797.2549466338605,-3736.7228036645306
1696481.159763,-4797.2549466338605,-3736.7228036645306
1696487.382053,-4797.2549466338605,-3736.7228036645306
1696494.597751,-4797.2549466338605,-3736.7228036645306
1696501.680529,-4791.700597200397,-3734.856170078159
1696508.387247,-4791.700597200397,-3734.856170078159
1696515.822084,-4791.700597200397,-3734.856170078159
1696522.382267,-4791.700597200397,-3734.856170078159
1696529.385272,-4791.700597200397,-3734.856170078159
1696536.759481,-4791.700597200397,-3734.856170078159
1696544.42631,-4791.700597200397,-3734.856170078159
1696550.367287,-4791.700597200397,-3734.856170078159
1696557.749879,-4791.700597200397,-3734.856170078159
1696564.409843,-4791.700597200397,-3734.856170078159
1696571.603464,-4787.974525487657,-3738.361344860345
1696578.5713,-4787.974525487657,-3738.361344860345
1696586.773671,-4787.974525487657,-3738.361344860345
1696592.408602,-4787.974525487657,-3738.361344860345
1696599.852569,-4787.974525487657,-3738.361344860345
1696606.404588,-4787.974525487657,-3738.361344860345
1696613.784082,-4787.974525487657,-3738.361344860345
1696621.588428,-4787.974525487657,-3738.361344860345
1696627.384572,-4787.974525487657,-3738.361344860345
1696634.708095,-4787.974525487657,-3738.361344860345
1696641.463341,-4787.974525487657,-3738.361344860345
1696648.845048,-4787.974525487657,-3738.361344860345
1696655.387642,-4787.974525487657,-3738.361344860345
1696662.407715,-4787.974525487657,-3738.361344860345
1696669.508436,-4787.974525487657,-3738.361344860345
1696676.673893,-4787.974525487657,-3738.361344860345
1696683.464536,-4787.974525487657,-3738.361344860345
1696690.386616,-4787.974525487657,-3738.361344860345
1696696.937719,-4793.834746480535,-3733.6039894508367
1696704.404618,-4793.834746480535,-3733.6039894508367
1696711.887244,-4795.753395342897,-3731.011184178372
1696718.379387,-4796.518074239941,-3727.6642775484897
1696725.727206,-4796.60844538118,-3724.6478721216286
1696733.602078,-4796.142686419223,-3720.951844454157
1696739.386014,-4796.142686419223,-3720.951844454157
1696746.721211,-4796.142686419223,-3720.951844454157
1696753.406763,-4799.243111766278,-3725.0342326933282
1696760.405972,-4799.243111766278,-3725.0342326933282
1696767.829983,-4799.243111766278,-3725.0342326933282
1696775.524634,-4799.243111766278,-3725.0342326933282
1696781.361093,-4799.243111766278,-3725.0342326933282
1696788.784222,-4799.243111766278,-3725.0342326933282
1696795.347328,-4799.243111766278,-3725.0342326933282
1696802.804771,-4799.243111766278,-3725.0342326933282
1696809.401831,-4799.243111766278,-3725.0342326933282
1696815.922313,-4799.243111766278,-3725.0342326933282
1696823.4122,-4799.243111766278,-3725.0342326933282
1696830.730936,-4799.243111766278,-3725.0342326933282
1696837.463454,-4799.243111766278,-3725.0342326933282
1696844.80064,-4799.243111766278,-3725.0342326933282
1696852.380508,-4799.243111766278,-3725.0342326933282
1696858.38459,-4799.243111766278,-3725.0342326933282
1696865.470845,-4799.243111766278,-3725.0342326933282
1696872.496276,-4799.243111766278,-3725.0342326933282
1696879.667201,-4799.243111766278,-3725.0342326933282
1696886.363678,-4799.243111766278,-3725.0342326933282
1696893.361963,-4799.243111766278,-3725.0342326933282
1696900.78867,-4799.243111766278,-3725.0342326933282
1696908.24474,-4799.243111766278,-3725.0342326933282
1696914.410004,-4799.243111766278,-3725.0342326933282
1696921.743632,-4799.243111766278,-3725.0342326933282
1696928.40743,-4797.136768989665,-3722.129545965494
1696935.868575,-4797.414834037061,-3721.9759327280535
1696944.600763,-4797.414834037061,-3721.9759327280535
1696949.31955,-4797.414834037061,-3721.9759327280535
1696956.577787,-4797.414834037061,-3721.9759327280535
1696963.394,-4797.414834037061,-3721.9759327280535
1696970.286278,-4797.414834037061,-3721.9759327280535
1696977.647214,-4789.914029229718,-3724.117208201366
1696984.752441,-4790.268562171058,-3723.7541223543476
1696991.312461,-4790.268562171058,-3723.7541223543476
1696998.615681,-4790.268562171058,-3723.7541223543476
1697006.713998,-4790.268562171058,-3723.7541223543476
1697012.413832,-4790.268562171058,-3723.7541223543476
1697019.288503,-4790.268562171058,-3723.7541223543476
1697026.311966,-4790.268562171058,-3723.7541223543476
1697033.535226,-4790.268562171058,-3723.7541223543476
1697040.721903,-4790.268562171058,-3723.7541223543476
1697047.335222,-4790.268562171058,-3723.7541223543476
1697054.799592,-4790.268562171058,-3723.7541223543476
1697060.929165,-4790.268562171058,-3723.7541223543476
1697069.367198,-4790.268562171058,-3723.7541223543476
1697076.529481,-4790.268562171058,-3723.7541223543476
1697083.889683,-4790.268562171058,-3723.7541223543476
1697089.687281,-4790.268562171058,-3723.7541223543476
1697096.809868,-4790.268562171058,-3723.7541223543476
1697103.415304,-4790.268562171058,-3723.7541223543476
1697110.832204,-4790.268562171058,-3723.7541223543476
1697117.93273,-4790.268562171058,-3723.7541223543476
1697124.4112,-4790.428449582532,-3722.3436735105684
1697131.87388,-4790.331126809204,-3721.901453576231
1697139.373783,-4785.882085957838,-3721.640776558791
1697144.942462,-4771.200251144028,-3723.9449751740854
1697152.347789,-4771.040363740878,-3723.823946561002
1697159.438167,-4772.041397935447,-3726.7100134907496
1697166.604963,-4771.971881665341,-3725.8488483626084
1697174.63002,-4769.149521380519,-3729.5495309461426
1697179.934978,-4769.427586428094,-3729.2516143634907
1697188.290241,-4763.27539712846,-3727.0358597545855
1697194.390414,-4762.962573937383,-3727.175508157447
1697201.390468,-4762.962573937383,-3727.175508157447
1697208.430595,-4757.630676540963,-3724.782865568573
1697215.850395,-4757.630676540963,-3724.782865568573
1697222.369475,-4757.630676540963,-3724.782865568573
1697229.733047,-4757.630676540963,-3724.782865568573
1697237.485062,-4752.861860879581,-3727.049824601198
1697243.413231,-4752.861860879581,-3727.049824601198
1697250.842743,-4752.861860879581,-3727.049824601198
1697257.422562,-4752.861860879581,-3727.049824601198
1697264.826513,-4749.080176148905,-3727.5432489366594
1697271.90365,-4749.080176148905,-3727.5432489366594
1697278.411688,-4746.8000427106435,-3727.1289586855864
1697285.736268,-4745.326297929132,-3725.9233275026427
1697292.409404,-4745.326297929132,-3725.9233275026427
1697299.831817,-4745.326297929132,-3725.9233275026427
1697306.569082,-4743.894262906477,-3725.7091999593126
1697314.430506,-4740.585288769516,-3727.9575391873072
1697320.387867,-4740.446256237306,-3728.0692579085626
1697327.78924,-4740.446256237306,-3728.0692579085626
1697334.407196,-4743.136535632172,-3723.8798059224373
1697341.831488,-4743.136535632172,-3723.8798059224373
1697348.93327,-4743.136535632172,-3723.8798059224373
1697355.387518,-4743.136535632172,-3723.8798059224373
1697362.865657,-4743.136535632172,-3723.8798059224373
1697370.58482,-4743.136535632172,-3723.8798059224373
1697375.932875,-4743.136535632172,-3723.8798059224373
1697385.043506,-4743.136535632172,-3723.8798059224373
1697390.391378,-4743.136535632172,-3723.8798059224373
1697397.386026,-4743.136535632172,-3723.8798059224373
1697404.819489,-4743.136535632172,-3723.8798059224373
1697411.28798,-4743.136535632172,-3723.8798059224373
1697418.51393,-4743.136535632172,-3723.8798059224373
1697425.00873,-4743.136535632172,-3723.8798059224373
1697434.748767,-4743.136535632172,-3723.8798059224373
1697439.295377,-4743.136535632172,-3723.8798059224373
1697446.314353,-4743.136535632172,-3723.8798059224373
1697453.285552,-4743.6996173680045,-3719.769487994631
1697460.591106,-4743.6996173680045,-3719.769487994631
1697468.1486,-4743.6996173680045,-3719.769487994631
1697474.314488,-4743.6996173680045,-3719.769487994631
1697481.672366,-4743.6996173680045,-3719.769487994631
1697488.308365,-4743.6996173680045,-3719.769487994631
1697495.507281,-4743.6996173680045,-3719.769487994631
1697502.616489,-4743.6996173680045,-3719.769487994631
1697509.342146,-4749.358241204864,-3719.1038306114915
1697516.668364,-4751.610568139855,-3724.554773190174
1697523.732625,-4752.695021844279,-3725.434558098862
1697530.304428,-4752.695021844279,-3725.434558098862
1697537.28849,-4749.010659886867,-3723.316557365035
1697543.95647,-4749.740580649681,-3717.185992556959
1697551.970296,-4753.869846698408,-3714.5699124945077
1697559.045854,-4754.196573136918,-3715.077301696635
1697565.391661,-4747.210188666868,-3718.172841265563
1697572.785587,-4747.203237034935,-3718.177496211391
1697579.867594,-4747.203237034935,-3718.177496211391
1697586.442352,-4747.203237034935,-3718.177496211391
1697593.749592,-4747.203237034935,-3718.177496211391
1697601.066159,-4747.203237034935,-3718.177496211391
1697607.390719,-4747.203237034935,-3718.177496211391
1697614.831593,-4747.203237034935,-3718.177496211391
1697622.427994,-4747.203237034935,-3718.177496211391
1697628.393291,-4747.203237034935,-3718.177496211391
1697635.805212,-4747.203237034935,-3718.177496211391
1697642.414726,-4747.203237034935,-3718.177496211391
1697649.870157,-4747.203237034935,-3718.177496211391
1697656.422604,-4747.203237034935,-3718.177496211391
1697663.609069,-4747.203237034935,-3718.177496211391
1697671.568586,-4747.203237034935,-3718.177496211391
1697677.310151,-4747.203237034935,-3718.177496211391
1697685.868459,-4747.203237034935,-3718.177496211391
1697691.311021,-4747.203237034935,-3718.177496211391
1697699.132783,-4747.203237034935,-3718.177496211391
1697705.305705,-4747.203237034935,-3718.177496211391
1697712.688878,-4747.203237034935,-3718.177496211391
1697719.311348,-4747.203237034935,-3718.177496211391
1697726.28582,-4747.203237034935,-3718.177496211391
1697733.710211,-4747.203237034935,-3718.177496211391
1697740.308225,-4747.203237034935,-3718.177496211391
1697747.735261,-4747.203237034935,-3718.177496211391
1697755.096439,-4743.560584835807,-3721.193901679914
1697761.312845,-4743.560584835807,-3721.193901679914
1697768.709802,-4743.560584835807,-3721.193901679914
1697776.209904,-4743.560584835807,-3721.193901679914
1697782.316691,-4748.155609847622,-3719.457606561587
1697788.939768,-4748.426723271653,-3719.6344945357305
1697795.926445,-4751.262986821874,-3718.1356016957766
1697803.947264,-4755.141994317368,-3715.2867742990043
1697810.405897,-4755.524333762135,-3719.364507628511
1697817.388515,-4755.524333762135,-3719.364507628511
1697824.805851,-4750.41488840636,-3716.376031832927
1697830.928475,-4750.41488840636,-3716.376031832927
1697838.909949,-4744.7979743283995,-3718.545237008292
1697846.024673,-4743.796940133189,-3718.764019497048
1697853.155407,-4743.796940133189,-3718.764019497048
1697859.308763,-4743.796940133189,-3718.764019497048
1697866.588572,-4743.796940133189,-3718.764019497048
1697873.31684,-4743.796940133189,-3718.764019497048
1697880.475105,-4743.796940133189,-3718.764019497048
1697887.747214,-4742.900180334933,-3723.823946561002
1697894.316658,-4742.900180334933,-3723.823946561002
1697901.695202,-4742.900180334933,-3723.823946561002
1697907.946983,-4742.900180334933,-3723.823946561002
1697914.898988,-4742.900180334933,-3723.823946561002
1697922.567523,-4742.900180334933,-3723.823946561002
1697930.301775,-4742.900180334933,-3723.823946561002
1697936.38981,-4742.900180334933,-3723.823946561002
1697943.787188,-4742.900180334933,-3723.823946561002
1697950.368008,-4742.900180334933,-3723.823946561002
1697957.375773,-4742.900180334933,-3723.823946561002
1697964.748966,-4742.900180334933,-3723.823946561002
1697971.363434,-4742.900180334933,-3723.823946561002
1697979.406148,-4742.900180334933,-3723.823946561002
1697986.694143,-4742.900180334933,-3723.823946561002
1697992.368914,-4742.900180334933,-3723.823946561002
1697999.784532,-4742.900180334933,-3723.823946561002
1698007.515534,-4742.900180334933,-3723.823946561002
1698013.392994,-4742.900180334933,-3723.823946561002
1698020.765062,-4742.900180334933,-3723.823946561002
1698027.550778,-4742.900180334933,-3723.823946561002
1698033.956329,-4736.1988125429125,-3726.0722857954247
1698041.361684,-4736.1988125429125,-3726.0722857954247
1698048.358212,-4736.1988125429125,-3726.0722857954247
1698055.824765,-4736.1988125429125,-3726.0722857954247
1698063.087191,-4736.1988125429125,-3726.0722857954247
1698069.362225,-4736.1988125429125,-3726.0722857954247
1698077.043159,-4736.1988125429125,-3726.0722857954247
1698084.303259,-4736.1988125429125,-3726.0722857954247
1698090.356475,-4736.1988125429125,-3726.0722857954247
1698097.707401,-4704.346460649566,-3760.444410998707
1698104.359221,-4697.867544901617,-3822.5460479943767
1698106.767845,-4697.707657489797,-3855.056189690626
1698111.373764,-4697.707657489797,-3855.056189690626
1698119.652431,-4690.35978844482,-3918.414652662357
1698125.327183,-4682.671289703598,-3994.7417853527013
1698135.544369,-4674.829855189445,-4050.3869917551283
1698138.904121,-4667.259534090166,-4089.018373195252
1700001.01508,-4000.2996423335394,-4308.717727255214
1700001.015788,-4000.2996423335394,-4308.717727255214
1700008.811834,-3979.2640207003433,-4281.197707230656
1700008.812574,-3979.2640207003433,-4281.197707230656
1700011.478233,-3966.111543452091,-4266.637046631978
1700011.503509,-3966.111543452091,-4266.637046631978
1700018.622287,-3969.3857595085824,-4204.093233439559
1700030.873213,-4009.434079488931,-4175.5537762857675
1700032.560589,-4046.124763867256,-4169.930604679423
1700040.149717,-4129.8640559298465,-4189.37895793774
1700046.532499,-4187.715491050619,-4215.36750566841
1700053.928189,-4244.545037024343,-4231.6644611656375
1700060.941661,-4331.461222000764,-4241.742412583242
1700068.265662,-4378.419458316757,-4243.162170168586
1700074.54294,-4420.594975640057,-4237.49710466747
1700081.510999,-4489.485593095029,-4213.998952398251
1700088.541078,-4527.281585691267,-4194.122345111958
1700095.915333,-4568.0459227185165,-4183.299602003459
1700118.072813,-4601.914246356342,-4177.82073371093
1700118.073563,-4601.914246356342,-4177.82073371093
1700124.703141,-4619.682603332039,-4180.264578963017
1700132.157822,-4633.947340608179,-4172.546682867851
1700139.160345,-4644.346973638423,-4144.3516901278845
1700146.601187,-4657.124062874558,-4115.067439298267
1700152.82114,-4672.424592470604,-4040.537129579273
1700160.168194,-4676.845826830594,-3991.851064687552
1700167.431999,-4685.229488201645,-3951.8930180194116
1700174.099216,-4694.301360584118,-3895.838167798372
1700181.495085,-4694.787974426666,-3866.297883493438
1700187.708341,-4696.3659936070035,-3832.670555361287
1700194.70156,-4701.725697522629,-3779.543655826375
1700202.089775,-4709.1430828277735,-3741.9223789734815
1700205.54754,-4730.018816727075,-3738.9525230725317
1700209.109857,-4751.443729104547,-3738.7244306898747
1700216.074812,-4771.985784920956,-3739.1480308329146
1700251.670484,-4860.68158520986,-3596.2690849430865
1700251.671221,-4860.68158520986,-3596.2690849430865
1700258.629693,-4858.9297753769515,-3595.179827202863
1700262.821748,-4882.586159729132,-3604.336109101799
1700266.448915,-4882.586159729132,-3604.336109101799
1700269.768859,-4882.586159729132,-3604.336109101799
1700279.29154,-4887.6817018214915,-3594.951734766747
1700279.292199,-4887.6817018214915,-3594.951734766747
1700325.03798,-4604.875639184749,-3279.3741374978945
1700325.038624,-4604.875639184749,-3279.3741374978945
1700330.563147,-4606.759529928604,-3271.8610482650283
1700338.009937,-4606.752578304897,-3271.8517383687285
1700344.977264,-4598.396723413733,-3248.274416242228
1700352.046883,-4587.246314735762,-3191.6702197949558
1700359.07732,-4583.84001781305,-3121.003411216729
1700365.966847,-4598.042190470665,-3007.2224315185367
1700373.7033,-4612.230459876279,-2949.2822422744425
1700380.909931,-4638.646640028908,-2860.759007291883
1700389.385768,-4674.440564111868,-2795.920163688045
1700393.531716,-4709.0179535512425,-2728.018353770063
1700401.259551,-4775.350372069958,-2588.728150887603
1700408.171258,-4786.514683955079,-2535.7035563960258
1700414.813025,-4789.448270267686,-2446.589084395849
1700421.980607,-4863.337106461922,-2218.6405016678955
1700429.149669,-4872.276897906506,-2179.1292194823372
1700436.021742,-4885.519746034997,-2060.353300319295
1700444.743165,-4881.320963737548,-1913.098314708856
1700449.570854,-4865.756272417265,-1832.8235255056159
1700457.686765,-4858.728178215341,-1775.707157296955
1700463.970893,-4851.637519365929,-1719.9919273138655
1700471.319882,-4832.986305945949,-1701.372081623568
1700477.931474,-4817.317340210688,-1694.738761467752
1700484.551015,-4797.102010854489,-1692.7138531954927
1700491.902334,-4755.962286221555,-1692.4066257379907
1700498.93453,-4704.944300512911,-1683.380655214475
1700506.289528,-4605.118946106452,-1664.9702817415375
1700513.831436,-4540.990192890781,-1641.383590094611
1700519.954479,-4458.981856536838,-1666.4459046122429
1700526.565746,-4343.557051939152,-1668.9595839540063
1700533.579075,-4287.930137453891,-1642.8638679818807
1700547.436431,-4279.0112007707885,-1635.737121243686
1700547.509005,-4279.0112007707885,-1635.737121243686
1700554.534348,-4279.0112007707885,-1635.737121243686
1700563.263368,-4279.0112007707885,-1635.737121243686
1700569.027337,-4270.3216677619785,-1616.7821158299787
1700575.542591,-4227.5135523061535,-1563.547966926001
1700583.849465,-4184.26053271535,-1523.1009964901814
1700584.248628,-4184.26053271535,-1523.1009964901814
1700590.114214,-4168.77230904727,-1512.8647332198084
1700597.07685,-4167.298564238739,-1511.2308412584753
1700604.528748,-4167.298564238739,-1511.2308412584753
1700611.095527,-4167.298564238739,-1511.2308412584753
1700618.847108,-4167.298564238739,-1511.2308412584753
1700625.093958,-4167.298564238739,-1511.2308412584753
1700632.112627,-4167.298564238739,-1511.2308412584753
1700639.619557,-4167.298564238739,-1511.2308412584753
1700646.09276,-4167.298564238739,-1511.2308412584753
1700652.565025,-4167.298564238739,-1511.2308412584753
1700662.01646,-4167.298564238739,-1511.2308412584753
1700667.108745,-4167.298564238739,-1511.2308412584753
1700674.086195,-4167.298564238739,-1511.2308412584753
1700681.532774,-4167.298564238739,-1511.2308412584753
1700688.055403,-4167.298564238739,-1511.2308412584753
1700694.505923,-4167.298564238739,-1511.2308412584753
1700702.842623,-4167.298564238739,-1511.2308412584753
1700709.060681,-4167.298564238739,-1511.2308412584753
1700716.459839,-4167.298564238739,-1511.2308412584753
1700724.086459,-4167.298564238739,-1511.2308412584753
1700730.08257,-4167.298564238739,-1511.2308412584753
1700737.533046,-4167.298564238739,-1511.2308412584753
1700745.243172,-4167.298564238739,-1511.2308412584753
1700751.067657,-4167.298564238739,-1511.2308412584753
1700758.625874,-4167.298564238739,-1511.2308412584753
1700765.134164,-4167.298564238739,-1511.2308412584753
1700772.086496,-4167.298564238739,-1511.2308412584753
1700778.504528,-4167.298564238739,-1511.2308412584753
1700785.507054,-4167.298564238739,-1511.2308412584753
1700793.803821,-4167.298564238739,-1511.2308412584753
1700801.180705,-4167.298564238739,-1511.2308412584753
1700807.046458,-4167.298564238739,-1511.2308412584753
1700814.415971,-4167.298564238739,-1511.2308412584753
1700823.128645,-4160.333034566296,-1504.8302672644531
1700827.972363,-4159.352855237782,-1504.802337486845
1700835.410346,-4159.352855237782,-1504.802337486845
1700842.013789,-4159.352855237782,-1504.802337486845
1700849.458082,-4159.352855237782,-1504.802337486845
1700858.543888,-4159.352855237782,-1504.802337486845
1700863.012521,-4159.352855237782,-1504.802337486845
1700870.572444,-4159.352855237782,-1504.802337486845
1700877.011372,-4159.352855237782,-1504.802337486845
1700883.996646,-4159.352855237782,-1504.802337486845
1700891.471913,-4159.352855237782,-1504.802337486845
1700897.53372,-4159.352855237782,-1504.802337486845
1700904.533565,-4159.352855237782,-1504.802337486845
1700912.725198,-4159.352855237782,-1504.802337486845
1700918.985842,-4159.352855237782,-1504.802337486845
1700926.392616,-4159.352855237782,-1504.802337486845
1700933.51015,-4159.352855237782,-1504.802337486845
1700939.612154,-4159.352855237782,-1504.802337486845
1700948.576442,-4159.352855237782,-1504.802337486845
1700953.991275,-4159.352855237782,-1504.802337486845
1700961.016838,-4159.352855237782,-1504.802337486845
1700968.388193,-4159.352855237782,-1504.802337486845
1700976.016645,-4159.352855237782,-1504.802337486845
1700981.990219,-4159.352855237782,-1504.802337486845
1700989.346009,-4159.352855237782,-1504.802337486845
1700995.989805,-4159.352855237782,-1504.802337486845
1701003.128369,-4159.352855237782,-1504.802337486845
1701010.552551,-4159.352855237782,-1504.802337486845
1701016.50696,-4159.352855237782,-1504.802337486845
1701023.534995,-4159.352855237782,-1504.802337486845
1701031.790061,-4159.352855237782,-1504.802337486845
1701037.992837,-4159.352855237782,-1504.802337486845
1701045.326048,-4159.352855237782,-1504.802337486845
1701052.018006,-4159.352855237782,-1504.802337486845
1701058.533152,-4159.352855237782,-1504.802337486845
1701067.580336,-4159.352855237782,-1504.802337486845
1701072.989822,-4159.352855237782,-1504.802337486845
1701082.596955,-4159.352855237782,-1504.802337486845
1701086.996518,-4159.352855237782,-1504.802337486845
1701093.986184,-4159.352855237782,-1504.802337486845
1701101.351501,-4159.352855237782,-1504.802337486845
1701108.631702,-4159.352855237782,-1504.802337486845
1701114.989747,-4159.352855237782,-1504.802337486845
1701122.448657,-4159.352855237782,-1504.802337486845
1701130.2065,-4159.352855237782,-1504.802337486845
1701135.99653,-4159.352855237782,-1504.802337486845
1701142.534319,-4159.352855237782,-1504.802337486845
1701149.968315,-4159.352855237782,-1504.802337486845
1701157.442842,-4159.352855237782,-1504.802337486845
1701164.540634,-4159.352855237782,-1504.802337486845
1701170.985778,-4159.352855237782,-1504.802337486845
1701178.167352,-4159.352855237782,-1504.802337486845
1701184.585072,-4159.352855237782,-1504.802337486845
1701191.532022,-4159.352855237782,-1504.802337486845
1701200.639679,-4158.741112111491,-1504.0715083045566
1701206.065975,-4149.690094502367,-1489.6178482355774
1701212.984943,-4153.423117891604,-1486.4198886195645
1701220.376467,-4153.423117891604,-1486.4198886195645
1701226.996516,-4153.423117891604,-1486.4198886195645
1701234.190956,-4153.423117891604,-1486.4198886195645
1701241.307397,-4153.423117891604,-1486.4198886195645
1701247.987121,-4153.423117891604,-1486.4198886195645
1701255.36038,-4153.423117891604,-1486.4198886195645
1701261.555266,-4153.423117891604,-1486.4198886195645
1701268.553706,-4153.423117891604,-1486.4198886195645
1701277.532659,-4153.423117891604,-1486.4198886195645
1701282.984594,-4153.423117891604,-1486.4198886195645
1701289.992352,-4153.423117891604,-1486.4198886195645
1701297.416619,-4153.423117891604,-1486.4198886195645
1701303.534012,-4153.423117891604,-1486.4198886195645
1701312.493494,-4153.423117891604,-1486.4198886195645
1701317.98628,-4153.423117891604,-1486.4198886195645
1701325.017754,-4153.423117891604,-1486.4198886195645
1701332.384631,-4153.423117891604,-1486.4198886195645
1701339.137942,-4153.423117891604,-1486.4198886195645
1701345.9883,-4153.423117891604,-1486.4198886195645
1701353.377827,-4153.423117891604,-1486.4198886195645
1701359.965794,-4153.423117891604,-1486.4198886195645
1701366.939085,-4153.423117891604,-1486.4198886195645
1701374.451268,-4153.423117891604,-1486.4198886195645
1701380.578015,-4153.423117891604,-1486.4198886195645
1701388.914515,-4153.423117891604,-1486.4198886195645
1701394.536516,-4153.423117891604,-1486.4198886195645
1701401.533586,-4153.423117891604,-1486.4198886195645
1701408.524533,-4153.423117891604,-1486.4198886195645
1701417.084617,-4153.423117891604,-1486.4198886195645
1701422.533287,-4153.423117891604,-1486.4198886195645
1701432.267529,-4153.423117891604,-1486.4198886195645
1701436.947199,-4153.423117891604,-1486.4198886195645
1701443.989755,-4153.423117891604,-1486.4198886195645
1701450.98993,-4153.423117891604,-1486.4198886195645
1701457.972574,-4153.423117891604,-1486.4198886195645
1701466.648423,-4153.423117891604,-1486.4198886195645
1701471.971605,-4153.423117891604,-1486.4198886195645
1701479.069999,-4153.423117891604,-1486.4198886195645
1701486.457846,-4153.423117891604,-1486.4198886195645
1701493.748469,-4153.423117891604,-1486.4198886195645
1701500.126291,-4153.423117891604,-1486.4198886195645
1701506.534555,-4153.423117891604,-1486.4198886195645
1701515.612622,-4153.423117891604,-1486.4198886195645
1701520.928552,-4153.423117891604,-1486.4198886195645
1701528.384618,-4153.423117891604,-1486.4198886195645
1701534.997083,-4153.423117891604,-1486.4198886195645
1701541.874089,-4153.423117891604,-1486.4198886195645
1701548.534528,-4153.423117891604,-1486.4198886195645
1701555.971098,-4153.423117891604,-1486.4198886195645
1701563.50842,-4153.423117891604,-1486.4198886195645
1701570.792747,-4153.423117891604,-1486.4198886195645
1701576.990426,-4153.423117891604,-1486.4198886195645
1701584.396428,-4153.423117891604,-1486.4198886195645
1701591.946371,-4153.423117891604,-1486.4198886195645
1701597.973857,-4153.423117891604,-1486.4198886195645
1701605.373875,-4153.423117891604,-1486.4198886195645
1701612.000778,-4153.423117891604,-1486.4198886195645
1701619.429712,-4153.423117891604,-1486.4198886195645
1701625.557841,-4153.423117891604,-1486.4198886195645
1701632.56445,-4153.423117891604,-1486.4198886195645
1701642.127293,-4153.423117891604,-1486.4198886195645
1701646.969767,-4153.423117891604,-1486.4198886195645
1701653.963365,-4153.423117891604,-1486.4198886195645
1701661.375569,-4153.423117891604,-1486.4198886195645
1701667.499585,-4153.423117891604,-1486.4198886195645
1701674.53432,-4158.296208022676,-1485.8426731948591
1701683.289173,-4158.296208022676,-1485.8985327530643
1701688.963405,-4158.296208022676,-1485.8985327530643
1701696.286215,-4158.296208022676,-1485.8985327530643
1701703.409895,-4158.296208022676,-1485.8985327530643
1701709.964839,-4158.296208022676,-1485.8985327530643
1701717.292786,-4158.296208022676,-1485.8985327530643
1701724.604382,-4158.296208022676,-1485.8985327530643
1701730.999585,-4158.296208022676,-1485.8985327530643
1701737.947282,-4158.296208022676,-1485.8985327530643
1701744.495184,-4158.296208022676,-1485.8985327530643
1701751.523424,-4158.296208022676,-1485.8985327530643
1701760.079886,-4158.296208022676,-1485.8985327530643
1701765.910172,-4158.296208022676,-1485.8985327530643
1701773.231614,-4158.296208022676,-1485.8985327530643
1701780.344269,-4158.296208022676,-1485.8985327530643
1701786.543712,-4158.296208022676,-1485.8985327530643
1701794.630102,-4158.296208022676,-1485.8985327530643
1701801.924591,-4158.296208022676,-1485.8985327530643
1701807.971439,-4158.296208022676,-1485.8985327530643
1701815.42489,-4158.296208022676,-1485.8985327530643
1701822.897811,-4161.000390699559,-1483.7665596608642
1701828.923326,-4204.566233497928,-1512.1618338373364
1701835.522977,-4184.5455493986965,-1530.3301536661077
1701838.437472,-4184.5455493986965,-1530.3301536661077
1701842.874189,-4149.370319691683,-1503.550152453854
1701850.15568,-4101.035661106055,-1453.6256729850027
1701857.043286,-4059.534451275148,-1424.881273939739
1703172.567666,-5368.0343675390595,-3994.281089673828
1703172.568323,-5368.0343675390595,-3994.281089673828
1703179.832509,-4980.770929679773,-4068.1083644004834
1703179.83756,-4980.770929679773,-4068.1083644004834
1703193.789451,-4891.602419054884,-4102.634084253928
1703193.798477,-4891.602419054884,-4102.634084253928
1703202.10843,-4823.441723007609,-4120.61613229578
1703206.539769,-4701.836923543545,-4173.966440595945
1703213.525724,-4650.679905246438,-4174.613477725184
1703222.315744,-4654.371218835972,-4132.057983981203
1703227.881578,-4663.672494899041,-4087.1470857106597
1703236.325485,-4682.977161263167,-4016.689849188149
1703241.991795,-4688.455042825104,-3964.894279288204
1703250.182746,-4694.058053662915,-3907.4988059545312
1703257.317942,-4698.632223800565,-3827.3452972480995
1703262.509307,-4712.611944370686,-3773.659803710261
1703270.449806,-4732.764709137144,-3740.470035654906
1703277.642958,-4779.048637272449,-3737.830680952064
1703283.909602,-4784.714212736675,-3737.8539556880646
1703291.205273,-4797.234091754583,-3731.625637133094
1703298.833515,-4823.539045772609,-3679.699705479491
1703304.566972,-4844.213182453682,-3632.121490431571
1703311.975207,-4858.651710321716,-3594.421070739209
1703318.941116,-4857.9356928081215,-3585.2182392256204
1703326.347553,-4857.9356928081215,-3585.2182392256204
1703332.963139,-4857.9356928081215,-3585.2182392256204
1703340.069099,-4857.9356928081215,-3585.2182392256204
1703347.248467,-4857.9356928081215,-3585.2182392256204
1703354.565994,-4857.9356928081215,-3585.2182392256204
1703360.943244,-4861.647861267313,-3546.996462586752
1703368.352722,-4808.412306889512,-3516.6974055237106
1703374.952703,-4736.921781682262,-3472.3078179985487
1703381.552012,-4653.196393987523,-3376.527590086138
1703389.012032,-4617.263437354346,-3310.0456018552695
1703395.951522,-4600.245856030924,-3270.4133588213253
1703402.921205,-4599.230918584809,-3270.562317220171
1703410.597111,-4599.230918584809,-3270.562317220171
1703416.95771,-4599.230918584809,-3270.562317220171
1703427.14322,-4572.766077017432,-3245.565235247504
1703430.591777,-4522.867302948206,-3249.5172879410243
1703438.992609,-4458.66903335184,-3254.0558643133672
1703444.132845,-4398.815530157738,-3260.5448647426692
1703445.092935,-4374.637773562378,-3261.648087912525
1703452.364879,-4356.007414819368,-3262.318400722581
1703459.000579,-4343.807310486157,-3260.828816701023
1703465.513887,-4343.807310486157,-3260.828816701023
1703472.484976,-4343.807310486157,-3260.828816701023
1703479.979575,-4343.807310486157,-3260.828816701023
1703487.368374,-4343.807310486157,-3260.828816701023
1703493.938795,-4331.940884223356,-3258.5199614587204
1703500.515214,-4330.070896723961,-3257.281744738167
1703507.916915,-4330.070896723961,-3257.281744738167
1703514.876668,-4330.070896723961,-3257.281744738167
1703521.901994,-4330.070896723961,-3257.281744738167
1703529.800119,-4330.070896723961,-3257.281744738167
1703536.27461,-4330.070896723961,-3257.281744738167
1703543.39278,-4330.070896723961,-3257.281744738167
1703549.811129,-4330.070896723961,-3257.281744738167
1703557.073081,-4330.070896723961,-3257.281744738167
1703564.519318,-4330.070896723961,-3257.281744738167
1703570.992899,-4330.070896723961,-3257.281744738167
1703578.474183,-4330.070896723961,-3257.281744738167
1703585.707315,-4330.070896723961,-3257.281744738167
1703591.931696,-4330.070896723961,-3257.281744738167
1703599.453011,-4330.070896723961,-3257.281744738167
1703607.032777,-4330.070896723961,-3257.281744738167
1703613.005901,-4330.070896723961,-3257.281744738167
1703619.953321,-4330.070896723961,-3257.281744738167
1703628.680755,-4330.070896723961,-3257.281744738167
1703633.900045,-4330.070896723961,-3257.281744738167
1703641.299302,-4330.070896723961,-3257.281744738167
1703647.951157,-4330.070896723961,-3257.281744738167
1703655.611297,-4330.070896723961,-3257.281744738167
1703661.516157,-4330.070896723961,-3257.281744738167
1703668.522886,-4330.070896723961,-3257.281744738167
1703675.50591,-4330.070896723961,-3257.281744738167
1703683.373823,-4330.070896723961,-3257.281744738167
1703689.930464,-4330.070896723961,-3257.281744738167
1703697.435145,-4330.070896723961,-3257.281744738167
1703703.907189,-4330.070896723961,-3257.281744738167
1703711.288271,-4330.070896723961,-3257.281744738167
1703718.455427,-4330.070896723961,-3257.281744738167
1703725.251314,-4330.070896723961,-3257.281744738167
1703732.410128,-4330.070896723961,-3257.281744738167
1703739.834564,-4330.070896723961,-3257.281744738167
1703745.504854,-4330.070896723961,-3257.281744738167
1703752.956722,-4320.748765712466,-3256.630051725345
1703759.971503,-4320.748765712466,-3256.6347066752924
1703766.971294,-4320.748765712466,-3256.6347066752924
1703774.611376,-4320.748765712466,-3256.6347066752924
1703780.969922,-4320.748765712466,-3256.6347066752924
1703788.326074,-4320.748765712466,-3256.6347066752924
1703795.708045,-4320.748765712466,-3256.6347066752924
1703804.094034,-4320.748765712466,-3256.6347066752924
1703809.012629,-4320.748765712466,-3256.6347066752924
1703816.422122,-4320.748765712466,-3256.6347066752924
1703822.995147,-4320.748765712466,-3256.6347066752924
1703830.337815,-4320.748765712466,-3256.6347066752924
1703838.053863,-4320.748765712466,-3256.6347066752924
1703843.919241,-4320.748765712466,-3256.6347066752924
1703851.459623,-4320.748765712466,-3256.6347066752924
1703857.950174,-4320.748765712466,-3256.6347066752924
1703866.103629,-4320.748765712466,-3256.6347066752924
1703872.852418,-4320.748765712466,-3256.6347066752924
1703878.955061,-4320.748765712466,-3256.6347066752924
1703885.996518,-4320.748765712466,-3256.6347066752924
1703893.413843,-4320.748765712466,-3256.6347066752924
1703900.071108,-4320.748765712466,-3256.6347066752924
1703907.473768,-4320.748765712466,-3256.6347066752924
1703914.962173,-4320.748765712466,-3256.6347066752924
1703920.639434,-4320.748765712466,-3256.6347066752924
1703927.985924,-4320.748765712466,-3256.6347066752924
1703934.977875,-4320.748765712466,-3256.6347066752924
1703942.412123,-4320.748765712466,-3256.6347066752924
1703949.454193,-4320.748765712466,-3256.6347066752924
1703956.948689,-4315.3890617595725,-3255.135812743359
1703964.07255,-4315.41686826298,-3255.1032280933446
1703970.251156,-4315.41686826298,-3255.1032280933446
1703976.950081,-4315.41686826298,-3255.1032280933446
1703984.398403,-4315.41686826298,-3255.1032280933446
1703990.514866,-4315.41686826298,-3255.1032280933446
1703998.787173,-4315.41686826298,-3255.1032280933446
1704006.127666,-4315.41686826298,-3255.1032280933446
1704011.921026,-4315.41686826298,-3255.1032280933446
1704019.291192,-4315.41686826298,-3255.1032280933446
1704026.338276,-4315.41686826298,-3255.1032280933446
1704032.94529,-4315.41686826298,-3255.1032280933446
1704039.475665,-4315.41686826298,-3255.1032280933446
1704046.941885,-4315.41686826298,-3255.1032280933446
1704053.976953,-4315.41686826298,-3255.1032280933446
1704061.348647,-4315.41686826298,-3255.1032280933446
1704068.987206,-4315.41686826298,-3255.1032280933446
1704075.093839,-4315.41686826298,-3255.1032280933446
1704082.332494,-4315.41686826298,-3255.1032280933446
1704088.971288,-4315.41686826298,-3255.1032280933446
1704096.427292,-4315.41686826298,-3255.1032280933446
1704103.580793,-4315.41686826298,-3255.1032280933446
1704109.542717,-4315.41686826298,-3255.1032280933446
1704116.959762,-4315.41686826298,-3255.1032280933446
1704124.423218,-4315.41686826298,-3255.1032280933446
1704130.979375,-4315.41686826298,-3255.1032280933446
1704138.352583,-4315.41686826298,-3255.1032280933446
1704146.314487,-4315.41686826298,-3255.1032280933446
1704151.975775,-4315.41686826298,-3255.1032280933446
1704159.480207,-4315.41686826298,-3255.1032280933446
1704167.636762,-4315.41686826298,-3255.1032280933446
1704173.977866,-4315.41686826298,-3255.1032280933446
1704180.493933,-4315.41686826298,-3255.1032280933446
1704186.953802,-4315.41686826298,-3255.1032280933446
1704194.328712,-4315.41686826298,-3255.1032280933446
1704201.811495,-4315.41686826298,-3255.1032280933446
1704207.978633,-4315.41686826298,-3255.1032280933446
1704214.971858,-4315.41686826298,-3255.1032280933446
1704222.887422,-4315.41686826298,-3255.1032280933446
1704228.947191,-4315.41686826298,-3255.1032280933446
1704238.065239,-4315.41686826298,-3255.1032280933446
1704243.227616,-4315.41686826298,-3255.1032280933446
1704250.873916,-4315.41686826298,-3255.1032280933446
1704257.992764,-4315.41686826298,-3255.1032280933446
1704263.957811,-4315.41686826298,-3255.1032280933446
1704271.439497,-4315.41686826298,-3255.1032280933446
1704278.836823,-4315.41686826298,-3255.1032280933446
1704284.517635,-4315.41686826298,-3255.1032280933446
1704292.316992,-4315.41686826298,-3255.1032280933446
1704299.395418,-4315.41686826298,-3255.1032280933446
1704305.914622,-4315.41686826298,-3255.1032280933446
1704312.898072,-4315.41686826298,-3255.1032280933446
1704319.943125,-4315.41686826298,-3255.1032280933446
1704327.288983,-4315.41686826298,-3255.1032280933446
1704334.86047,-4315.41686826298,-3255.1032280933446
1704340.904777,-4315.41686826298,-3255.1032280933446
1704348.520526,-4315.41686826298,-3255.1032280933446
1704354.516562,-4315.41686826298,-3255.1032280933446
1704361.933818,-4315.41686826298,-3255.1032280933446
1704369.339912,-4315.41686826298,-3255.1032280933446
1704377.110181,-4315.41686826298,-3255.1032280933446
1704382.982087,-4315.41686826298,-3255.1032280933446
1704390.332467,-4315.41686826298,-3255.1032280933446
1704396.957863,-4315.41686826298,-3255.1032280933446
1704403.578239,-4315.41686826298,-3255.1032280933446
1704410.98355,-4315.41686826298,-3255.1032280933446
1704417.978067,-4315.41686826298,-3255.1032280933446
1704425.346179,-4315.41686826298,-3255.1032280933446
1704432.63671,-4315.41686826298,-3255.1032280933446
1704438.970152,-4315.41686826298,-3255.1032280933446
1704446.286646,-4315.41686826298,-3255.1032280933446
1704454.396689,-4315.41686826298,-3255.1032280933446
1704459.948561,-4315.41686826298,-3255.1032280933446
1704467.464866,-4315.41686826298,-3255.1032280933446
1704473.730216,-4315.41686826298,-3255.1032280933446
1704480.983353,-4315.41686826298,-3255.1032280933446
1704488.481978,-4310.168390331512,-3260.833471648489
1704494.997042,-4310.168390331512,-3260.833471648489
1704502.364659,-4310.168390331512,-3260.833471648489
1704509.736439,-4310.168390331512,-3260.833471648489
1704515.98201,-4310.168390331512,-3260.833471648489
1704523.558179,-4310.168390331512,-3260.833471648489
1704532.412673,-4310.168390331512,-3260.833471648489
1704536.947812,-4310.168390331512,-3260.833471648489
1704544.344575,-4310.168390331512,-3260.833471648489
1704550.90994,-4310.168390331512,-3260.833471648489
1704558.200457,-4310.168390331512,-3260.833471648489
1704565.28715,-4310.168390331512,-3260.833471648489
1704571.933913,-4310.168390331512,-3260.833471648489
1704580.856941,-4310.168390331512,-3260.833471648489
1704585.051765,-4310.168390331512,-3260.833471648489
1704586.041918,-4310.168390331512,-3260.833471648489
1704592.888193,-4310.168390331512,-3260.833471648489
1704599.526242,-4310.168390331512,-3260.833471648489
1704606.947408,-4310.168390331512,-3260.833471648489
1704614.107819,-4298.732964891934,-3264.534156940087
1705406.06124,-5355.04648777407,-3162.1997270316474
1705406.061928,-5355.04648777407,-3162.1997270316474
1705415.064103,-5354.907455252245,-3165.244064843658
1705423.008216,-5354.907455252245,-3165.244064843658
1705429.41071,-5354.907455252245,-3165.244064843658
1705436.505421,-5354.907455252245,-3165.244064843658
1705443.510944,-5354.907455252245,-3165.244064843658
1705450.389161,-5354.907455252245,-3165.244064843658
1705457.524002,-5354.907455252245,-3165.244064843658
1705464.345503,-5353.962034085966,-3166.0726460768747
1705471.304379,-5317.201834557377,-3173.8464138016716
1705482.522678,-5249.298349402587,-3179.8513001756014
1705498.946007,-5042.258064234099,-3144.0780033544356
1705498.946641,-5042.258064234099,-3144.0780033544356
1705504.79376,-4986.075020544704,-3120.3005136011598
1705511.508146,-4950.58696827639,-3145.3860445558653
1705518.478188,-4914.056172044163,-3210.8858554749345
1705526.723094,-4860.792811230211,-3217.2910672367734
1705533.236279,-4811.186005797449,-3219.157702342835
1705540.04285,-4761.176005973739,-3218.8784053147583
1705547.396445,-4761.537490539005,-3218.9389196682814
1705553.91367,-4761.537490539005,-3218.9389196682814
1705560.818382,-4761.537490539005,-3218.9389196682814
1705567.847757,-4761.537490539005,-3218.9389196682814
1705574.852319,-4748.127803344484,-3222.620985399054
1705582.493283,-4684.895810138767,-3236.194820471847
1705589.561835,-4644.63894194261,-3241.920409249902
1705595.795214,-4643.241665043515,-3242.204361215554
1705603.435352,-4626.752407332237,-3243.828938831222
1705609.809189,-4583.346452345699,-3245.1137050850507
1705616.877501,-4535.908554021204,-3248.9447290668672
1705624.339218,-4465.2174653973825,-3250.9323927837795
1705630.403021,-4437.244120831877,-3257.3701887882166
1705637.92579,-4416.222402637553,-3260.9172607512905
1705643.899881,-4383.13961264373,-3260.6007241447787
1705644.491648,-4383.13961264373,-3260.6007241447787
1705654.152591,-4373.775771892024,-3261.3920656556725
1705658.429424,-4373.775771892024,-3261.3920656556725
1705665.918418,-4373.775771892024,-3261.3920656556725
1705672.898593,-4373.775771892024,-3261.3920656556725
1705683.439182,-4373.775771892024,-3261.3920656556725
1705686.876315,-4373.775771892024,-3261.3920656556725
1705693.828185,-4373.775771892024,-3261.3920656556725
1705701.367895,-4373.775771892024,-3261.3920656556725
1705707.838335,-4373.775771892024,-3261.3920656556725
1705715.091681,-4373.775771892024,-3261.3920656556725
1705722.348907,-4373.775771892024,-3261.3920656556725
1705728.854189,-4373.775771892024,-3261.3920656556725
1705736.173919,-4373.775771892024,-3261.3920656556725
1705743.436944,-4373.775771892024,-3261.3920656556725
1705750.021189,-4373.775771892024,-3261.3920656556725
1705756.872504,-4373.775771892024,-3261.3920656556725
1705764.957402,-4373.775771892024,-3261.3920656556725
1705771.84085,-4373.775771892024,-3261.3920656556725
1705777.532111,-4373.775771892024,-3261.3920656556725
1705785.568388,-4373.775771892024,-3261.3920656556725
1705791.884806,-4373.775771892024,-3261.3920656556725
1705798.886156,-4373.775771892024,-3261.3920656556725
1705808.612886,-4373.775771892024,-3261.3920656556725
1705812.802039,-4373.775771892024,-3261.3920656556725
1705820.004869,-4373.775771892024,-3261.3920656556725
1705826.840793,-4373.775771892024,-3261.3920656556725
1705834.29411,-4373.775771892024,-3261.3920656556725
1705840.85258,-4373.775771892024,-3261.3920656556725
1705847.863381,-4373.775771892024,-3261.3920656556725
1705855.256743,-4373.775771892024,-3261.3920656556725
1705861.910023,-4373.775771892024,-3261.3920656556725
1705869.347617,-4373.775771892024,-3261.3920656556725
1705876.529704,-4373.775771892024,-3261.3920656556725
1705882.878022,-4373.775771892024,-3261.3920656556725
1705889.42111,-4373.775771892024,-3261.3920656556725
1705896.393136,-4373.775771892024,-3261.3920656556725
1705903.421169,-4373.775771892024,-3261.3920656556725
1705910.43244,-4373.775771892024,-3261.3920656556725
1705917.860856,-4373.775771892024,-3261.3920656556725
1705924.856572,-4373.775771892024,-3261.3920656556725
1705932.215456,-4373.775771892024,-3261.3920656556725
1705938.880607,-4373.775771892024,-3261.3920656556725
1705946.274255,-4373.775771892024,-3261.3920656556725
1705953.375729,-4373.775771892024,-3261.3920656556725
1705959.819571,-4373.775771892024,-3261.3920656556725
1705967.359187,-4368.4508260725015,-3257.9799872530816
1705974.682575,-4349.465934382138,-3258.128945654515
1705980.823512,-4328.0340701875975,-3258.7759837166063
1705988.154384,-4325.2603712492455,-3259.8233474876747
1705995.829884,-4325.2603712492455,-3259.8233474876747
1706001.802262,-4325.2603712492455,-3259.8233474876747
1706008.605537,-4325.2603712492455,-3259.8233474876747
1706017.244527,-4325.2603712492455,-3259.8233474876747
1706022.39627,-4325.2603712492455,-3259.8233474876747
1706029.803346,-4325.2603712492455,-3259.8233474876747
1706036.86673,-4325.2603712492455,-3259.8233474876747
1706044.294635,-4325.2603712492455,-3259.8233474876747
1706052.03691,-4325.2603712492455,-3259.8233474876747
1706057.864727,-4325.2603712492455,-3259.8233474876747
1706064.906482,-4325.2603712492455,-3259.8233474876747
1706072.772524,-4325.2603712492455,-3259.8233474876747
1706078.883335,-4325.2603712492455,-3259.8233474876747
1706086.241208,-4325.2603712492455,-3259.8233474876747
1706092.89681,-4325.2603712492455,-3259.8233474876747
1706100.108687,-4325.2603712492455,-3259.8233474876747
1706107.240475,-4325.2603712492455,-3259.8233474876747
1706113.78224,-4325.2603712492455,-3259.8233474876747
1706121.314393,-4325.2603712492455,-3259.8233474876747
1706128.552758,-4325.2603712492455,-3259.8233474876747
1706134.421944,-4325.2603712492455,-3259.8233474876747
1706141.458915,-4325.2603712492455,-3259.8233474876747
1706150.099314,-4325.2603712492455,-3259.8233474876747
1706155.831254,-4325.2603712492455,-3259.8233474876747
1706163.179347,-4325.2603712492455,-3259.8233474876747
1706169.836476,-4325.2603712492455,-3259.8233474876747
1706177.084927,-4325.2603712492455,-3259.8233474876747
1706184.103809,-4325.2603712492455,-3259.8233474876747
1706190.875423,-4325.2603712492455,-3259.8233474876747
1706198.327227,-4318.141905810608,-3257.742584800191
1706205.5033,-4316.974032577151,-3257.2863996859924
1706211.900449,-4316.974032577151,-3257.2863996859924
1706219.149983,-4316.974032577151,-3257.2863996859924
1706226.859215,-4316.974032577151,-3257.2863996859924
1706232.899476,-4316.974032577151,-3257.2863996859924
1706240.242061,-4316.974032577151,-3257.2863996859924
1706246.88725,-4316.974032577151,-3257.2863996859924
1706253.465289,-4316.974032577151,-3257.2863996859924
1706261.251091,-4316.974032577151,-3257.2863996859924
1706269.243374,-4316.974032577151,-3257.2863996859924
1706274.78891,-4316.974032577151,-3257.2863996859924
1706282.183145,-4316.974032577151,-3257.2863996859924
1706288.788529,-4316.974032577151,-3257.2863996859924
1706296.104841,-4316.974032577151,-3257.2863996859924
1706302.824925,-4316.974032577151,-3257.2863996859924
1706309.815192,-4316.974032577151,-3257.2863996859924
1706317.702557,-4316.974032577151,-3257.2863996859924
1706323.837913,-4316.974032577151,-3257.2863996859924
1706331.041938,-4316.974032577151,-3257.2863996859924
1706338.205883,-4316.974032577151,-3257.2863996859924
1706344.804522,-4316.974032577151,-3257.2863996859924
1706352.123378,-4316.974032577151,-3257.2863996859924
1706359.374142,-4316.974032577151,-3257.2863996859924
1706365.786134,-4316.974032577151,-3257.2863996859924
1706373.6914,-4316.974032577151,-3257.2863996859924
1706380.60772,-4316.974032577151,-3257.2863996859924
1706386.420848,-4308.520854866628,-3257.509837294393
1706393.858294,-4306.386705563193,-3258.2918689135495
1706400.848699,-4306.386705563193,-3258.2918689135495
1706407.878098,-4306.386705563193,-3258.2918689135495
1706415.449254,-4306.386705563193,-3258.2918689135495
1706422.687449,-4306.386705563193,-3258.2918689135495
1706429.84741,-4306.386705563193,-3258.2918689135495
1706435.900021,-4306.386705563193,-3258.2918689135495
1706442.847392,-4306.386705563193,-3258.2918689135495
1706450.272907,-4306.386705563193,-3258.2918689135495
1706457.775716,-4306.386705563193,-3258.2918689135495
1706463.875274,-4306.386705563193,-3258.2918689135495
1706471.232772,-4306.386705563193,-3258.2918689135495
1706477.828654,-4306.386705563193,-3258.2918689135495
1706485.126174,-4306.386705563193,-3258.2918689135495
1706493.327976,-4306.386705563193,-3258.2918689135495
1706500.948703,-4306.386705563193,-3258.2918689135495
1706505.444179,-4305.218832329441,-3261.140698358623
1706512.827377,-4304.530621310283,-3263.3331798276176
1706519.768677,-4304.516718062777,-3270.8462691620675
1706528.055334,-4304.516718062777,-3270.8462691620675
1706535.218265,-4304.516718062777,-3270.8462691620675
1706540.804831,-4301.527518703118,-3273.4158015590006
1706548.103493,-4301.527518703118,-3273.4158015590006
1706554.772528,-4301.527518703118,-3273.4158015590006
1706562.060713,-4301.527518703118,-3273.4158015590006
1706569.247452,-4304.600137581264,-3278.084716364594
1706573.253426,-4304.600137581264,-3278.084716364594
1706575.880106,-4304.600137581264,-3278.084716364594
1706583.319211,-4304.600137581264,-3278.084716364594
1706590.446194,-4293.581809724472,-3276.1342923320453
1706596.772956,-4281.666722057764,-3286.067955463815
1706603.765531,-4296.779557872711,-3299.0413006521844
1706612.164596,-4346.5323480403795,-3324.662143765658
1706617.40054,-4385.169487545682,-3349.891970087947
1706624.879759,-4417.292953102602,-3367.1944168321133
1706633.688457,-4437.946235096675,-3371.318701881031
1706638.918977,-4451.564471189673,-3362.0274231018884
1706645.448012,-4458.641226840271,-3345.9026784254906
1708320.905412,-5567.031320706376,-3217.8810735742163
1708320.906174,-5567.031320706376,-3217.8810735742163
1708330.401939,-5545.84082083111,-3151.130253960016
1708330.402699,-5545.84082083111,-3151.130253960016
1708361.150922,-5335.68620871744,-3173.7253850851225
1708361.15164,-5335.68620871744,-3173.7253850851225
1708370.963437,-5254.004600367976,-3178.403610522796
1708370.964216,-5254.004600367976,-3178.403610522796
1708384.60888,-5165.253187938073,-3188.2721058646803
1708417.27225,-5161.075260557431,-3189.0494826196837
1708417.277881,-5135.639260036547,-3189.1565464759533
1708417.28201,-5092.580886895699,-3174.353803424762
1708419.843333,-5074.416287424078,-3166.2634990635443
1708419.844021,-5074.416287424078,-3166.2634990635443
1708430.679121,-5024.142126121735,-3142.8537512576836
1708430.679719,-5024.142126121735,-3142.8537512576836
1708435.007513,-4996.293911197758,-3130.359862832055
1708442.034717,-4973.513431816984,-3123.191238220535
1708449.499557,-4960.305341851748,-3130.550715830251
1708456.067934,-4915.842740001271,-3224.7529526585904
1708465.857861,-4891.393870269771,-3279.9234215932574
1708470.787881,-4877.275117227154,-3315.0729475143894
1708477.884045,-4863.921043067288,-3363.256329712889
1708484.6554,-4860.1254550991125,-3367.9904131581984
1708492.068177,-4860.1254550991125,-3367.9904131581984
1708499.224459,-4860.1254550991125,-3367.9904131581984
1708505.509629,-4860.1254550991125,-3367.9904131581984
1708512.982083,-4860.1254550991125,-3367.9904131581984
1708519.48495,-4857.310046444026,-3367.4969885328264
1708526.505471,-4854.126201592066,-3364.5690254221777
1708533.8905,-4854.126201592066,-3364.5690254221777
1708541.565064,-4854.126201592066,-3364.5690254221777
1708547.510299,-4854.126201592066,-3364.5690254221777
1708557.70498,-4852.450859644419,-3381.336152601604
1708561.48433,-4914.4524147430375,-3428.4163069095757
1708575.800108,-4912.707556536208,-3473.4110408005927
1708576.10934,-4885.915988734296,-3532.710427100733
1708582.10979,-4882.968499172736,-3539.74870855385
1708618.209215,-4882.968499172736,-3539.74870855385
1708618.218316,-4882.968499172736,-3539.74870855385
1708619.303186,-4882.968499172736,-3539.74870855385
1708619.303926,-4882.968499172736,-3539.74870855385
1708622.060508,-4882.968499172736,-3539.74870855385
1708629.558443,-4882.968499172736,-3539.74870855385
1708636.537368,-4882.968499172736,-3539.74870855385
1708643.694379,-4882.968499172736,-3539.74870855385
1708652.496083,-4882.968499172736,-3539.74870855385
1708657.673568,-4882.968499172736,-3539.74870855385
1708664.094529,-4882.968499172736,-3539.74870855385
1708672.387605,-4882.968499172736,-3539.74870855385
1708679.612403,-4874.431902061774,-3569.3541772899625
1708685.815422,-4851.588857983607,-3619.87897879161
1708692.535273,-4829.510492789216,-3666.0560556872256
1708698.897401,-4820.681927356075,-3685.904749806201
1708699.578191,-4817.651018280778,-3694.90741715359
1708706.150273,-4817.046226787095,-3696.4621694134794
1708713.436332,-4817.046226787095,-3696.4621694134794
1708720.766366,-4817.046226787095,-3696.4621694134794
1708728.35101,-4817.046226787095,-3696.4621694134794
1708734.493122,-4817.046226787095,-3696.4621694134794
1708741.934185,-4817.046226787095,-3696.4621694134794
1708748.144303,-4817.046226787095,-3696.4621694134794
1708755.692524,-4811.48492572417,-3694.656050016723
1708762.747833,-4814.17520511452,-3695.563764660796
1708769.520812,-4814.17520511452,-3695.563764660796
1708776.899708,-4814.17520511452,-3695.563764660796
1708784.183186,-4814.17520511452,-3695.563764660796
1708790.494305,-4814.17520511452,-3695.563764660796
1708797.140323,-4814.17520511452,-3695.563764660796
1708805.096758,-4814.17520511452,-3695.563764660796
1708811.144276,-4814.17520511452,-3695.563764660796
1708818.094862,-4814.17520511452,-3695.563764660796
1708825.143152,-4814.17520511452,-3695.563764660796
1708833.46101,-4814.17520511452,-3695.563764660796
1708839.513551,-4814.17520511452,-3695.563764660796
1708846.498275,-4814.17520511452,-3695.563764660796
1708853.939527,-4814.17520511452,-3695.563764660796
1708860.093479,-4814.17520511452,-3695.563764660796
1708867.144763,-4808.252419486355,-3689.679911767752
1708874.491659,-4808.4679199039565,-3689.679911767752
1708882.37599,-4808.4679199039565,-3689.679911767752
1708888.486204,-4797.85973812783,-3704.771249532209
1708895.921182,-4796.177444554257,-3708.1926354263223
1708902.572263,-4796.177444554257,-3708.1926354263223
1708909.478155,-4796.177444554257,-3708.1926354263223
1708916.080026,-4796.177444554257,-3708.1926354263223
1708923.776426,-4796.177444554257,-3708.1926354263223
1708930.519492,-4796.177444554257,-3708.1926354263223
1708937.079821,-4796.177444554257,-3708.1926354263223
1708944.040607,-4796.177444554257,-3708.1926354263223
1708951.059963,-4796.177444554257,-3708.1926354263223
1708958.741388,-4796.177444554257,-3708.1926354263223
1708965.518134,-4796.177444554257,-3708.1926354263223
1708972.735788,-4796.177444554257,-3708.1926354263223
1708979.525181,-4796.177444554257,-3708.1926354263223
1708986.884767,-4796.177444554257,-3708.1926354263223
1708993.915572,-4796.177444554257,-3708.1926354263223
1709000.500796,-4802.28792409865,-3710.6876869002463
1709007.956205,-4802.28792409865,-3710.6876869002463
1709015.200766,-4802.28792409865,-3710.6876869002463
1709021.520884,-4802.28792409865,-3710.6876869002463
1709028.916858,-4802.28792409865,-3710.6876869002463
1709036.814466,-4802.28792409865,-3710.6876869002463
1709042.07995,-4802.28792409865,-3710.6876869002463
1709049.567474,-4804.470734760628,-3712.344847955467
1709056.101801,-4803.719959119332,-3728.814049378047
1709066.097096,-4802.204504581098,-3732.1981955726455
1709070.147009,-4798.756497916669,-3734.4791194131158
1709077.42884,-4794.112811536203,-3743.9100411481695
1709084.443622,-4794.091956656921,-3743.8681466224207
1709091.870065,-4794.091956656921,-3743.8681466224207
1709098.543648,-4794.091956656921,-3743.8681466224207
1709105.907491,-4794.091956656921,-3743.8681466224207
1709113.539589,-4794.091956656921,-3743.8681466224207
1709119.519516,-4794.091956656921,-3743.8681466224207
1709126.845076,-4794.091956656921,-3743.8681466224207
1709133.881055,-4794.091956656921,-3743.8681466224207
1709141.326687,-4794.091956656921,-3743.8681466224207
1709148.631685,-4794.091956656921,-3743.8681466224207
1709154.504996,-4794.091956656921,-3743.8681466224207
1709161.069719,-4794.091956656921,-3743.8681466224207
1709168.553028,-4794.091956656921,-3743.8681466224207
1709175.621384,-4794.091956656921,-3743.8681466224207
1709183.957516,-4794.091956656921,-3743.8681466224207
1709189.089441,-4794.091956656921,-3743.8681466224207
1709197.01437,-4794.091956656921,-3743.8681466224207
1709204.007437,-4794.091956656921,-3743.8681466224207
1709210.523604,-4794.091956656921,-3743.8681466224207
1709218.104803,-4794.091956656921,-3743.8681466224207
1709225.41298,-4794.091956656921,-3743.8681466224207
1709231.501263,-4794.091956656921,-3743.8681466224207
1709238.906134,-4794.091956656921,-3743.8681466224207
1709245.719435,-4794.091956656921,-3743.8681466224207
1709252.526446,-4794.091956656921,-3743.8681466224207
1709259.503586,-4794.091956656921,-3743.8681466224207
1709266.042,-4794.091956656921,-3743.8681466224207
1709273.799617,-4794.091956656921,-3743.8681466224207
1709280.052479,-4794.091956656921,-3743.8681466224207
1709288.879127,-4794.091956656921,-3743.8681466224207
1709294.454279,-4794.091956656921,-3743.8681466224207
1709301.169595,-4794.091956656921,-3743.8681466224207
1709308.058324,-4794.091956656921,-3743.8681466224207
1709317.063101,-4794.091956656921,-3743.8681466224207
1709322.45707,-4794.091956656921,-3743.8681466224207
1709329.469268,-4794.091956656921,-3743.8681466224207
1709336.874277,-4794.091956656921,-3743.8681466224207
1709344.544853,-4794.091956656921,-3743.8681466224207
1709350.481367,-4794.091956656921,-3743.8681466224207
1709357.90042,-4791.492048406535,-3744.1660632095527
1709364.535019,-4791.492048406535,-3744.1660632095527
1709372.089104,-4791.492048406535,-3744.1660632095527
1709379.644752,-4791.492048406535,-3744.1660632095527
1709385.516794,-4791.492048406535,-3744.1660632095527
1709392.964636,-4791.492048406535,-3744.1660632095527
1709401.157436,-4791.492048406535,-3744.1660632095527
1709406.085669,-4791.492048406535,-3744.1660632095527
1709413.040479,-4791.492048406535,-3744.1660632095527
1709421.280735,-4791.492048406535,-3744.1660632095527
1709427.147871,-4791.492048406535,-3744.1660632095527
1709434.129158,-4791.492048406535,-3744.1660632095527
1709444.079332,-4791.492048406535,-3744.1660632095527
1709448.454971,-4791.492048406535,-3744.1660632095527
1709455.870178,-4791.492048406535,-3744.1660632095527
1709462.491978,-4791.492048406535,-3744.1660632095527
1709469.506171,-4791.492048406535,-3744.1660632095527
1709476.919627,-4791.492048406535,-3744.1660632095527
1709483.47437,-4791.492048406535,-3744.1660632095527
1709490.856897,-4791.492048406535,-3744.1660632095527
1709498.668048,-4791.492048406535,-3744.1660632095527
1709504.527934,-4791.492048406535,-3744.1660632095527
1709512.013209,-4791.492048406535,-3744.1660632095527
1709518.549237,-4791.492048406535,-3744.1660632095527
1709525.047424,-4791.492048406535,-3744.1660632095527
1709532.504959,-4791.492048406535,-3744.1660632095527
1709539.644244,-4791.492048406535,-3744.1660632095527
1709546.146043,-4791.492048406535,-3744.1660632095527
1709553.13595,-4791.492048406535,-3744.1660632095527
1709560.136415,-4791.492048406535,-3744.1660632095527
1709568.041758,-4791.492048406535,-3744.1660632095527
1709575.564779,-4791.492048406535,-3744.1660632095527
1709581.53302,-4791.492048406535,-3744.1660632095527
1709588.97164,-4791.492048406535,-3744.1660632095527
1709595.500934,-4791.492048406535,-3744.1660632095527
1709603.16637,-4791.492048406535,-3744.1660632095527
1709610.093066,-4791.492048406535,-3744.1660632095527
1709616.481264,-4788.370768187878,-3743.816942219258
1709623.917278,-4788.370768187878,-3743.816942219258
1709631.384773,-4788.370768187878,-3743.816942219258
1709637.624229,-4788.370768187878,-3743.816942219258
1709644.040542,-4788.370768187878,-3743.816942219258
1709653.695689,-4788.370768187878,-3743.816942219258
1709658.449107,-4788.370768187878,-3743.816942219258
1709665.075017,-4788.370768187878,-3743.816942219258
1709672.049972,-4788.370768187878,-3743.816942219258
1709679.610263,-4786.97349129332,-3746.0326967573155
1709686.91034,-4785.722198554598,-3747.6153785704796
1709693.604909,-4785.722198554598,-3747.6153785704796
1709701.203017,-4785.722198554598,-3747.6153785704796
1709708.794261,-4783.588049265949,-3751.96775353246
1709714.638081,-4783.588049265949,-3751.96775353246
1709722.061106,-4783.588049265949,-3751.96775353246
1709727.744279,-4783.588049265949,-3751.96775353246
1709728.824713,-4783.588049265949,-3751.96775353246
1709735.052077,-4783.588049265949,-3751.96775353246
1709742.050036,-4783.588049265949,-3751.96775353246
1709749.095968,-4784.331873283779,-3755.3612095034205
1709756.041989,-4783.136193559453,-3751.9025842837214
1709763.880967,-4777.894667306853,-3745.888393413709
1709771.05824,-4753.195538941781,-3742.30408458945
1709777.14165,-4710.825376404786,-3739.8416178634193
1709784.587543,-4690.978483187687,-3771.2718162526207
1709791.525082,-4683.561097879268,-3781.508043149116
1709799.283801,-4656.095222174115,-3786.6564136803927
1709805.45726,-4629.727703414767,-3785.8604178778123
1709812.830593,-4608.893679217765,-3775.8755581565147
1709823.509918,-4609.213454033665,-3757.4792101312282
1709826.573448,-4608.970147111987,-3717.269781599883
1709833.820721,-4606.265964453112,-3684.373272257712
1709842.750913,-4604.034492398323,-3653.5435577553358
1709847.539902,-4605.772398985868,-3621.7735423882054
1709854.875477,-4606.349383971045,-3604.70384996423
1709862.428871,-4599.564596648196,-3590.1804134450285
1709868.062294,-4598.007432343722,-3581.298773253133
1709875.523391,-4592.752002812809,-3546.8707789835526
1709883.597743,-4602.199263037105,-3518.512835307708
1709889.46938,-4608.504388147998,-3511.139397350695
1709896.897784,-4626.529955290163,-3528.693206896565
1709903.43338,-4648.802966128176,-3540.0698999679594
1709905.328451,-4783.588049265949,-3751.96775353246
1709910.473306,-4651.736552450355,-3541.363975515964
1709917.890674,-4651.736552450355,-3541.363975515964
1709924.719228,-4651.736552450355,-3541.363975515964
1709937.189075,-4651.736552450355,-3541.363975515964
1709962.285945,-4651.736552450355,-3541.363975515964
1709962.286556,-4651.736552450355,-3541.363975515964
1709965.317695,-4651.736552450355,-3541.363975515964
1709973.83149,-4651.736552450355,-3541.363975515964
1709979.906733,-4651.736552450355,-3541.363975515964
1709987.800183,-4651.736552450355,-3541.363975515964
1709995.613142,-4651.736552450355,-3541.363975515964
1710000.917405,-4651.736552450355,-3541.363975515964
1710008.406391,-4651.736552450355,-3541.363975515964
1710014.984963,-4651.736552450355,-3541.363975515964
1710022.85183,-4651.736552450355,-3541.363975515964
1710030.594364,-4651.736552450355,-3541.363975515964
1710035.962462,-4651.736552450355,-3541.363975515964
1710043.742316,-4651.736552450355,-3541.363975515964
1710050.080995,-4651.736552450355,-3541.363975515964
1710056.917081,-4651.736552450355,-3541.363975515964
1710064.267692,-4676.36616461169,-3525.7745544331574
1710070.355453,-4693.745230479582,-3522.5021258849456
1710077.351013,-4707.398224612424,-3524.913389020534
1710084.339988,-4711.909830110394,-3515.1566176648803
1710093.746231,-4732.0347883656395,-3508.891057356432
1710098.796755,-4748.975901751794,-3521.3616635859607
1710106.210533,-4748.975901751794,-3521.096331541946
1710112.342593,-4777.818199412932,-3528.646657422806
1710120.22221,-4810.789763089189,-3543.1002711207448
1710126.789028,-4841.835726255898,-3552.954795961855
1710133.792955,-4844.58857027397,-3552.6289496072795
1710141.280858,-4844.58857027397,-3552.6289496072795
1710147.886498,-4844.58857027397,-3552.6289496072795
1710154.422517,-4844.58857027397,-3552.6289496072795
1710161.805365,-4844.58857027397,-3552.6289496072795
1710168.811545,-4844.58857027397,-3552.6289496072795
1710177.905178,-4844.58857027397,-3552.6289496072795
1710182.774256,-4844.58857027397,-3552.6289496072795
1710189.900948,-4850.4905010259945,-3550.1478623501207
1710196.801082,-4835.912940631641,-3530.0803814270944
1710204.285385,-4779.6534287666755,-3500.8566166229716
1710210.341111,-4679.723800136119,-3414.553869117665
1710217.871584,-4638.347720092582,-3356.599752163723
1710224.82496,-4619.230747615577,-3315.417413793488
1710231.393783,-4611.479684223374,-3288.7212768854442
1710241.380137,-4611.479684223374,-3288.7212768854442
1710245.77457,-4611.479684223374,-3288.7212768854442
1710253.000073,-4783.588049265949,-3751.96775353246
1710253.008928,-4611.479684223374,-3288.7212768854442
1710259.454143,-4611.479684223374,-3288.7212768854442
1710266.393075,-4611.479684223374,-3288.7212768854442
1711545.346584,-4918.636643288492,-1947.622359019888
1711545.348038,-4918.636643288492,-1947.622359019888
1711552.755324,-4610.297907741668,-1672.734757906696
1711552.755905,-4610.297907741668,-1672.734757906696
1711560.800113,-4605.918383142215,-1669.1364724992645
1711560.852156,-4605.918383142215,-1669.1364724992645
1711567.836075,-4552.3978117664765,-1639.6053946312065
1711574.808036,-4435.353278457149,-1676.2585639021659
1711582.7162,-4357.091868533456,-1676.5052768669805
1711591.195193,-4298.885900673023,-1645.875628339891
1711596.192878,-4252.4420846280955,-1604.348711912825
1711602.808027,-4221.423927563248,-1568.621876029288
1711610.86377,-4184.510791271443,-1532.3736823111108
1711617.836377,-4149.224335533894,-1504.1971923020672
1711620.458852,-4141.542788325608,-1492.1827328614247
1711624.862282,-4159.992404867561,-1480.6384244678459
1711631.877522,-4183.620983085888,-1498.825365054811
1711640.408512,-4199.276045786553,-1516.295440847099
1711646.213998,-4190.802013183647,-1526.7085926486593
1711653.256447,-4190.802013183647,-1526.7085926486593
1711660.279424,-4190.802013183647,-1526.7085926486593
1711667.253417,-4190.802013183647,-1526.7085926486593
1711673.84303,-4190.802013183647,-1526.7085926486593
1711683.827727,-4190.802013183647,-1526.7085926486593
1711688.253339,-4190.802013183647,-1526.7085926486593
1711695.761409,-4190.802013183647,-1526.7085926486593
1711707.109647,-4190.802013183647,-1526.7085926486593
1711708.839533,-4190.802013183647,-1526.7085926486593
1711722.393559,-4190.802013183647,-1526.7085926486593
1711723.711317,-4190.802013183647,-1526.7085926486593
1711729.862945,-4190.802013183647,-1526.7085926486593
1711738.889772,-4190.802013183647,-1526.7085926486593
1711744.297519,-4190.802013183647,-1526.7085926486593
1711751.2617,-4190.802013183647,-1526.7085926486593
1711758.240587,-4190.802013183647,-1526.7085926486593
1711765.265756,-4190.802013183647,-1526.7085926486593
1711772.583081,-4190.802013183647,-1526.7085926486593
1711779.378945,-4190.802013183647,-1526.7085926486593
1711786.25908,-4190.802013183647,-1526.7085926486593
1711793.527386,-4190.802013183647,-1526.7085926486593
1711799.863128,-4190.802013183647,-1526.7085926486593
1711806.897257,-4190.802013183647,-1526.7085926486593
1711813.875156,-4190.802013183647,-1526.7085926486593
1711823.332976,-4190.802013183647,-1526.7085926486593
1711828.220654,-4190.802013183647,-1526.7085926486593
1711835.640637,-4190.802013183647,-1526.7085926486593
1711842.239224,-4190.802013183647,-1526.7085926486593
1711848.83251,-4190.802013183647,-1526.7085926486593
1711857.901541,-4190.802013183647,-1526.7085926486593
1711863.273816,-4190.802013183647,-1526.7085926486593
1711870.675013,-4190.802013183647,-1526.7085926486593
1711877.853518,-4190.802013183647,-1526.7085926486593
1711883.893393,-4190.802013183647,-1526.7085926486593
1711892.432418,-4190.802013183647,-1526.7085926486593
1711899.617947,-4190.802013183647,-1526.7085926486593
1711905.237743,-4190.802013183647,-1526.7085926486593
1711912.240899,-4190.802013183647,-1526.7085926486593
1711918.854095,-4190.802013183647,-1526.7085926486593
1711927.297561,-4190.802013183647,-1526.7085926486593
1711934.29094,-4190.802013183647,-1526.7085926486593
1711940.2379,-4190.802013183647,-1526.7085926486593
1711947.235284,-4190.802013183647,-1526.7085926486593
1711954.671473,-4190.802013183647,-1526.7085926486593
1711961.209976,-4190.802013183647,-1526.7085926486593
1711967.871925,-4190.802013183647,-1526.7085926486593
1711976.91875,-4190.802013183647,-1526.7085926486593
1711982.239165,-4190.802013183647,-1526.7085926486593
1711989.595263,-4190.802013183647,-1526.7085926486593
1711996.235728,-4190.802013183647,-1526.7085926486593
1712003.478025,-4190.802013183647,-1526.7085926486593
1712010.673719,-4190.802013183647,-1526.7085926486593
1712017.243068,-4190.802013183647,-1526.7085926486593
1712024.623422,-4190.802013183647,-1526.7085926486593
1712030.863536,-4190.802013183647,-1526.7085926486593
1712037.864603,-4190.802013183647,-1526.7085926486593
1712046.057454,-4190.802013183647,-1526.7085926486593
1712053.341586,-4190.802013183647,-1526.7085926486593
1712059.239458,-4190.802013183647,-1526.7085926486593
1712066.679605,-4190.802013183647,-1526.7085926486593
1712073.236543,-4190.802013183647,-1526.7085926486593
1712080.225721,-4190.802013183647,-1526.7085926486593
1712087.314191,-4190.802013183647,-1526.7085926486593
1712093.867131,-4190.802013183647,-1526.7085926486593
1712102.49896,-4190.802013183647,-1526.7085926486593
1712108.241946,-4190.802013183647,-1526.7085926486593
1712115.275183,-4190.802013183647,-1526.7085926486593
1712122.758739,-4190.802013183647,-1526.7085926486593
1712129.401542,-4190.802013183647,-1526.7085926486593
1712136.23349,-4190.802013183647,-1526.7085926486593
1712143.357806,-4189.821833855749,-1526.3641253993808
1712150.412251,-4168.793163926844,-1517.5383159316607
1712157.676815,-4168.925244828775,-1517.6779648103486
1712166.382106,-4168.925244828775,-1517.6779648103486
1712171.239158,-4168.925244828775,-1517.6779648103486
1712178.808035,-4168.925244828775,-1517.6779648103486
1712185.973282,-4168.925244828775,-1517.6779648103486
1712192.261988,-4168.925244828775,-1517.6779648103486
1712199.664472,-4168.925244828775,-1517.6779648103486
1712207.204549,-4168.925244828775,-1517.6779648103486
1712212.852997,-4168.925244828775,-1517.6779648103486
1712221.419207,-4168.925244828775,-1517.6779648103486
1712227.252319,-4168.925244828775,-1517.6779648103486
1712234.480225,-4168.925244828775,-1517.6779648103486
1712241.565783,-4168.925244828775,-1517.6779648103486
1712248.316847,-4168.925244828775,-1517.6779648103486
1712255.633988,-4168.925244828775,-1517.6779648103486
1712262.834909,-4168.925244828775,-1517.6779648103486
1712269.231993,-4168.925244828775,-1517.6779648103486
1712276.216331,-4168.925244828775,-1517.6779648103486
1712282.862696,-4168.925244828775,-1517.6779648103486
1712289.862872,-4168.925244828775,-1517.6779648103486
1712298.244909,-4168.925244828775,-1517.6779648103486
1712304.239365,-4168.925244828775,-1517.6779648103486
1712311.500464,-4168.925244828775,-1517.6779648103486
1712318.695162,-4168.925244828775,-1517.6779648103486
1712325.241893,-4168.925244828775,-1517.6779648103486
1712331.863517,-4168.925244828775,-1517.6779648103486
1712340.592386,-4168.925244828775,-1517.6779648103486
1712346.337673,-4168.925244828775,-1517.6779648103486
1712353.692322,-4168.925244828775,-1517.6779648103486
1712360.336486,-4168.925244828775,-1517.6779648103486
1712367.316294,-4168.925244828775,-1517.6779648103486
1712374.334954,-4168.925244828775,-1517.6779648103486
1712381.343119,-4168.925244828775,-1517.6779648103486
1712388.809273,-4168.925244828775,-1517.6779648103486
1712395.960286,-4168.925244828775,-1517.6779648103486
1712401.865205,-4168.925244828775,-1517.6779648103486
1712410.851251,-4168.925244828775,-1517.6779648103486
1712416.209661,-4168.925244828775,-1517.6779648103486
1712423.233861,-4168.925244828775,-1517.6779648103486
1712430.684214,-4168.925244828775,-1517.6779648103486
1712437.216088,-4168.925244828775,-1517.6779648103486
1712444.339078,-4168.925244828775,-1517.6779648103486
1712451.348345,-4168.925244828775,-1517.6779648103486
1712457.853741,-4168.925244828775,-1517.6779648103486
1712465.942724,-4168.925244828775,-1517.6779648103486
1712474.857953,-4168.925244828775,-1517.6779648103486
1712478.862667,-4168.925244828775,-1517.6779648103486
1712487.659026,-4168.925244828775,-1517.6779648103486
1712493.209721,-4168.925244828775,-1517.6779648103486
1712500.216622,-4168.925244828775,-1517.6779648103486
1712507.239767,-4168.925244828775,-1517.6779648103486
1712515.135116,-4168.925244828775,-1517.6779648103486
1712521.373483,-4168.925244828775,-1517.6779648103486
1712531.385568,-4168.925244828775,-1517.6779648103486
1712535.59825,-4163.794944527045,-1514.6056893399066
1712543.481548,-4163.7879928950215,-1514.6056893399066
1712550.843444,-4163.7879928950215,-1514.6056893399066
1712556.343044,-4163.7879928950215,-1514.6056893399066
1712563.925578,-4163.7879928950215,-1514.6056893399066
1712571.400583,-4163.7879928950215,-1514.6056893399066
1712576.871223,-4163.7879928950215,-1514.6056893399066
1712585.216255,-4163.7879928950215,-1514.6056893399066
1712592.61101,-4163.7879928950215,-1514.6056893399066
1712598.360532,-4163.7879928950215,-1514.6056893399066
1712605.695131,-4163.7879928950215,-1514.6056893399066
1712612.343054,-4163.7879928950215,-1514.6056893399066
1712619.908088,-4163.7879928950215,-1514.6056893399066
1712627.108342,-4163.7879928950215,-1514.6056893399066
1712633.332241,-4163.7879928950215,-1514.6056893399066
1712640.870713,-4163.7879928950215,-1514.6056893399066
1712646.854971,-4163.7879928950215,-1514.6056893399066
1712653.854901,-4163.7879928950215,-1514.6056893399066
1712661.920136,-4163.7879928950215,-1514.6056893399066
1712670.160638,-4163.7879928950215,-1514.6056893399066
1712675.355131,-4163.7879928950215,-1514.6056893399066
1712682.820033,-4163.7879928950215,-1514.6056893399066
1712689.519065,-4163.7879928950215,-1514.6056893399066
1712695.857809,-4163.7879928950215,-1514.6056893399066
1712704.113615,-4163.7879928950215,-1514.6056893399066
1712710.340175,-4163.7879928950215,-1514.6056893399066
1712717.719218,-4163.7879928950215,-1514.6056893399066
1712725.123278,-4163.7879928950215,-1514.6056893399066
1712731.342976,-4163.7879928950215,-1514.6056893399066
1712738.822914,-4163.7879928950215,-1514.6056893399066
1712745.341714,-4163.7879928950215,-1514.6056893399066
1712752.477438,-4163.7879928950215,-1514.6056893399066
1712759.780315,-4163.7879928950215,-1514.6056893399066
1712765.854547,-4163.7879928950215,-1514.6056893399066
1712774.511675,-4163.7879928950215,-1514.6056893399066
1712779.828934,-4163.7879928950215,-1514.6056893399066
1712786.884587,-4163.7879928950215,-1514.6056893399066
1712795.008083,-4163.7879928950215,-1514.6056893399066
1712801.339043,-4163.7879928950215,-1514.6056893399066
1712808.340875,-4163.7879928950215,-1514.6056893399066
1712815.359654,-4163.7879928950215,-1514.6056893399066
1712824.539858,-4163.7879928950215,-1514.6056893399066
1712829.338362,-4163.7879928950215,-1514.6056893399066
1712836.857827,-4163.7879928950215,-1514.6056893399066
1712843.335002,-4163.7879928950215,-1514.6056893399066
1712850.803126,-4163.7879928950215,-1514.6056893399066
1712857.335,-4163.7879928950215,-1514.6056893399066
1712864.311066,-4163.7879928950215,-1514.6056893399066
1712871.788715,-4163.7879928950215,-1514.6056893399066
1712879.116537,-4163.7879928950215,-1514.6056893399066
1712884.865929,-4163.7879928950215,-1514.6056893399066
1712893.529982,-4158.602079585752,-1510.6024212616903
1712901.111276,-4148.758576565268,-1500.5290814988143
1712906.355103,-4148.765528189044,-1500.5244265376373
1712913.332076,-4148.765528189044,-1500.5244265376373
1712920.342906,-4148.765528189044,-1500.5244265376373
1712927.771014,-4148.765528189044,-1500.5244265376373
1712934.872389,-4148.765528189044,-1500.5244265376373
1712940.863431,-4148.765528189044,-1500.5244265376373
1712949.876678,-4148.765528189044,-1500.5244265376373
1712955.311529,-4148.765528189044,-1500.5244265376373
1712962.332365,-4148.765528189044,-1500.5244265376373
1712969.653921,-4148.765528189044,-1500.5244265376373
1712976.281976,-4148.765528189044,-1500.5244265376373
1712983.243997,-4148.765528189044,-1500.5244265376373
1712990.744218,-4148.765528189044,-1500.5244265376373
1712997.260245,-4148.765528189044,-1500.5244265376373
1713004.615134,-4148.765528189044,-1500.5244265376373
1713010.83032,-4148.765528189044,-1500.5244265376373
1713017.854549,-4148.34147897972,-1499.197762094523
1713024.854421,-4146.575765863221,-1491.7544762585057
1713032.984539,-4146.568814239444,-1491.7637861929159
1713039.263126,-4146.568814239444,-1491.7637861929159
1713046.700632,-4146.568814239444,-1491.7637861929159
1713054.246327,-4146.568814239444,-1491.7637861929159
1713059.86327,-4146.568814239444,-1491.7637861929159
1713066.834074,-4146.568814239444,-1491.7637861929159
1713073.863147,-4146.568814239444,-1491.7637861929159
1713084.01575,-4146.568814239444,-1491.7637861929159
1713088.266027,-4146.568814239444,-1491.7637861929159
1713095.264226,-4146.568814239444,-1491.7637861929159
1713102.759083,-4146.568814239444,-1491.7637861929159
1713109.963174,-4146.568814239444,-1491.7637861929159
1713116.237626,-4146.568814239444,-1491.7637861929159
1713123.725429,-4146.568814239444,-1491.7637861929159
1713129.881743,-4146.568814239444,-1491.7637861929159
1713136.930512,-4146.568814239444,-1491.7637861929159
1713143.930924,-4146.568814239444,-1491.7637861929159
1713150.942257,-4146.568814239444,-1491.7637861929159
1713160.084691,-4146.568814239444,-1491.7637861929159
1713165.266138,-4146.568814239444,-1491.7637861929159
1713172.247167,-4146.568814239444,-1491.7637861929159
1713179.454379,-4146.568814239444,-1491.7637861929159
1713187.823662,-4146.568814239444,-1491.7637861929159
1713193.250142,-4146.568814239444,-1491.7637861929159
1713200.800572,-4146.568814239444,-1491.7637861929159
1713208.180595,-4146.568814239444,-1491.7637861929159
1713214.285833,-4146.568814239444,-1491.7637861929159
1713221.602697,-4146.568814239444,-1491.7637861929159
1713228.28164,-4146.568814239444,-1491.7637861929159
1713235.624591,-4146.568814239444,-1491.7637861929159
1713242.706164,-4146.568814239444,-1491.7637861929159
1713248.82494,-4146.568814239444,-1491.7637861929159
1713255.85452,-4146.568814239444,-1491.7637861929159
1713265.57791,-4146.568814239444,-1491.7637861929159
1713269.863091,-4146.568814239444,-1491.7637861929159
1713278.780566,-4146.568814239444,-1491.7637861929159
1713283.832669,-4148.807237948349,-1488.9568434793632
1713290.864765,-4151.003951897848,-1486.955209369202
1713297.8522,-4151.003951897848,-1486.955209369202
1713304.863197,-4151.003951897848,-1486.955209369202
1713313.645874,-4151.003951897848,-1486.955209369202
1713320.705699,-4151.003951897848,-1486.955209369202
1713326.234598,-4151.003951897848,-1486.955209369202
1713334.447811,-4151.003951897848,-1486.955209369202
1713340.383407,-4151.003951897848,-1486.955209369202
1713347.273907,-4151.003951897848,-1486.955209369202
1713354.766967,-4151.003951897848,-1486.955209369202
1713362.287036,-4146.58966911917,-1488.2167043570023
1713368.344303,-4148.800286324573,-1486.9877941096765
1713374.836503,-4148.800286324573,-1486.9877941096765
1713381.923404,-4152.602825976681,-1487.3741560404608
1713388.829694,-4152.602825976681,-1487.3741560404608
1713397.794844,-4152.602825976681,-1487.3741560404608
1713403.314065,-4152.602825976681,-1487.3741560404608
1713409.88354,-4155.890945276715,-1481.4111483388056
1713418.303202,-4155.9118001564375,-1481.4344231569244
1713423.862207,-4155.9118001564375,-1481.4344231569244
1713432.425688,-4155.9118001564375,-1481.4344231569244
1713439.768602,-4155.9118001564375,-1481.4344231569244
1713445.324217,-4155.9118001564375,-1481.4344231569244
1713452.668526,-4155.9118001564375,-1481.4344231569244
1713459.368212,-4155.9118001564375,-1481.4344231569244
1713466.756175,-4155.9118001564375,-1481.4344231569244
1713473.921844,-4155.9118001564375,-1481.4344231569244
1713480.316691,-4155.9118001564375,-1481.4344231569244
1713487.308915,-4155.9118001564375,-1481.4344231569244
1713494.128064,-4155.9118001564375,-1481.4344231569244
1713500.974036,-4155.9118001564375,-1481.4344231569244
1713509.12627,-4155.9118001564375,-1481.4344231569244
1713516.374195,-4155.9118001564375,-1481.4344231569244
1713520.129425,-4155.9118001564375,-1481.4344231569244
1713522.294565,-4155.9118001564375,-1481.4344231569244
1713528.830671,-4155.710202991669,-1482.2816264420735
1714454.421668,-4313.998736474041,-3272.852552613013
1714454.423205,-4313.998736474041,-3272.852552613013
1714461.507683,-4314.471447073206,-3270.269055370977
1714461.50843,-4314.471447073206,-3270.269055370977
1714470.269813,-4314.40888243439,-3270.2923301113897
1714470.277298,-4314.40888243439,-3270.2923301113897
1714475.986764,-4314.40888243439,-3270.2923301113897
1714483.559735,-4314.40888243439,-3270.2923301113897
1714490.599065,-4314.40888243439,-3270.2923301113897
1714497.432854,-4314.40888243439,-3270.2923301113897
1714504.476942,-4314.40888243439,-3270.2923301113897
1714515.035262,-4314.40888243439,-3270.2923301113897
1714518.464456,-4314.40888243439,-3270.2923301113897
1714525.996146,-4314.40888243439,-3270.2923301113897
1714533.177715,-4314.40888243439,-3270.2923301113897
1714539.507536,-4314.40888243439,-3270.2923301113897
1714546.959959,-4314.40888243439,-3270.2923301113897
1714554.929906,-4314.40888243439,-3270.2923301113897
1714559.972357,-4314.40888243439,-3270.2923301113897
1714566.969987,-4314.40888243439,-3270.2923301113897
1714574.45937,-4314.40888243439,-3270.2923301113897
1714581.702585,-4314.40888243439,-3270.2923301113897
1714588.011716,-4314.40888243439,-3270.2923301113897
1714592.161057,-4314.40888243439,-3270.2923301113897
1714595.762145,-4314.40888243439,-3270.2923301113897
1714603.087941,-4314.40888243439,-3270.2923301113897
1714609.78162,-4314.40888243439,-3270.2923301113897
1714617.822578,-4314.40888243439,-3270.2923301113897
1714623.421839,-4314.40888243439,-3270.2923301113897
1714630.720538,-4314.40888243439,-3270.2923301113897
1714637.400785,-4314.40888243439,-3270.2923301113897
1714644.45656,-4314.40888243439,-3270.2923301113897
1714654.397135,-4314.40888243439,-3270.2923301113897
1714658.386022,-4314.40888243439,-3270.2923301113897
1714666.342011,-4314.40888243439,-3270.2923301113897
1714672.36491,-4314.40888243439,-3270.2923301113897
1714681.979467,-4314.40888243439,-3270.2923301113897
1714689.12435,-4314.40888243439,-3270.2923301113897
1714693.721108,-4314.40888243439,-3270.2923301113897
1714701.362309,-4314.40888243439,-3270.2923301113897
1714707.014542,-4314.40888243439,-3270.2923301113897
1714714.420372,-4314.40888243439,-3270.2923301113897
1714722.261079,-4314.40888243439,-3270.2923301113897
1714728.003894,-4314.40888243439,-3270.2923301113897
1714735.403607,-4314.40888243439,-3270.2923301113897
1714742.179131,-4314.40888243439,-3270.2923301113897
1714750.572848,-4314.40888243439,-3270.2923301113897
1714756.428348,-4314.40888243439,-3270.2923301113897
1714763.400451,-4314.40888243439,-3270.2923301113897
1714769.995013,-4314.40888243439,-3270.2923301113897
1714777.408253,-4314.40888243439,-3270.2923301113897
1714784.826234,-4314.40888243439,-3270.2923301113897
1714791.408427,-4314.40888243439,-3270.2923301113897
1714798.747276,-4314.40888243439,-3270.2923301113897
1714806.432034,-4309.049178480774,-3263.226115984421
1714815.501734,-4308.055095899554,-3262.1461675696182
1714819.467926,-4308.055095899554,-3262.1461675696182
1714826.049644,-4308.055095899554,-3262.1461675696182
1714835.648463,-4308.055095899554,-3262.1461675696182
1714840.473047,-4308.055095899554,-3262.1461675696182
1714847.49154,-4308.055095899554,-3262.1461675696182
1714854.757706,-4308.055095899554,-3262.1461675696182
1714862.021808,-4308.055095899554,-3262.1461675696182
1714868.47178,-4302.89698910936,-3259.641804436758
1714875.919354,-4302.89698910936,-3259.641804436758
1714883.512206,-4302.89698910936,-3259.641804436758
1714889.404833,-4302.89698910936,-3259.641804436758
1714896.820486,-4302.89698910936,-3259.641804436758
1714903.457824,-4302.89698910936,-3259.641804436758
1714911.173575,-4302.89698910936,-3259.641804436758
1714918.355185,-4302.89698910936,-3259.641804436758
1714924.473812,-4302.89698910936,-3259.641804436758
1714931.95139,-4302.89698910936,-3259.641804436758
1714939.373447,-4300.8254044363985,-3259.1018302214934
1714945.503172,-4300.8254044363985,-3259.1018302214934
1714955.390467,-4300.8254044363985,-3259.1018302214934
1714959.400859,-4297.196655456818,-3254.2280974701284
1714966.411631,-4297.196655456818,-3254.2280974701284
1714973.760668,-4297.196655456818,-3254.2280974701284
1714980.424911,-4291.684015711876,-3253.94414552013
1714987.387256,-4291.148740482032,-3254.2280974701284
1714994.400463,-4291.148740482032,-3254.2280974701284
1715001.379698,-4291.148740482032,-3254.2280974701284
1715009.355515,-4291.148740482032,-3254.2280974701284
1715016.537727,-4291.148740482032,-3254.2280974701284
1715022.383583,-4291.148740482032,-3254.2280974701284
1715029.717825,-4291.148740482032,-3254.2280974701284
1715036.418525,-4291.148740482032,-3254.2280974701284
1715042.994419,-4291.148740482032,-3254.2280974701284
1715050.439516,-4288.5835903377165,-3261.5549889141157
1715057.488189,-4288.5835903377165,-3261.5549889141157
1715064.825873,-4288.5835903377165,-3261.5549889141157
1715628.479861,-5456.294998479066,-3699.8532013265994
1715628.480531,-5456.294998479066,-3699.8532013265994
1715636.088076,-5296.333052577253,-3648.167093728733
1715636.08883,-5296.333052577253,-3648.167093728733
1715649.347083,-5289.6247332536295,-3648.0553749926526
1715649.35061,-5289.6247332536295,-3648.0553749926526
1715656.36716,-5289.6247332536295,-3648.0553749926526
1715662.73344,-5289.6247332536295,-3648.0553749926526
1715670.677478,-5275.575496613318,-3647.720218796394
1715679.638145,-5240.977252776784,-3644.26624793768
1716900.810357,-5466.418491457707,-452.6634706586811
1716900.811155,-5466.418491457707,-452.6634706586811
1716909.02686,-5485.445092390465,-434.8582077370581
1716909.027573,-5485.445092390465,-434.8582077370581
1716921.760029,-5489.581309985842,-450.70838299669197
1716921.761527,-5489.581309985842,-450.70838299669197
1716927.057785,-5473.58561808017,-466.23270992362706
1716927.118168,-5473.58561808017,-466.23270992362706
1716937.171599,-5466.196039420296,-471.93504880118184
1716941.139598,-5436.171965803106,-492.86845076553453
1716947.814758,-5436.171965803106,-492.86845076553453
1716954.816438,-5437.895969107469,-480.0393523784521
1716961.87601,-5430.096244491163,-484.2893403729104
1716970.830499,-5430.096244491163,-484.2893403729104
1716976.180684,-5428.803242014729,-488.74414703590156
1716983.455024,-5424.465427253854,-495.82435692837277
1716990.66424,-5375.748430689169,-522.3111374874798
1716997.191182,-5366.4123966642,-522.0132194006763
1717004.593303,-5366.196896249622,-521.7897808290951
1717011.206286,-5366.196896249622,-521.7897808290951
1717018.244851,-5366.196896249622,-521.7897808290951
1717025.495992,-5366.196896249622,-521.7897808290951
1717033.949676,-5366.196896249622,-521.7897808290951
1717038.775317,-5365.4669754980605,-521.7571960407472
1717045.833189,-5332.092217953751,-515.7895243108824
1717052.797081,-5255.568716279412,-490.3454568358009
1717062.039436,-5248.846493693063,-489.8520299744451
1717067.23732,-5242.214642245933,-486.9193986393267
1717074.274548,-5221.853328948609,-479.5459255109535
1717081.578697,-5213.024763609865,-476.24555146577075
1717088.871611,-5213.024763609865,-476.24555146577075
1717095.271928,-5213.024763609865,-476.24555146577075
1717102.740918,-5213.024763609865,-476.24555146577075
1717110.358818,-5213.024763609865,-476.24555146577075
1717116.337383,-5213.024763609865,-476.24555146577075
1717123.219547,-5176.208950932459,-468.33675659440814
1717130.242993,-5173.768930116525,-466.3630490941539
1717139.573234,-5168.200677478958,-462.2434001618066
1717144.310483,-5168.200677478958,-462.2434001618066
1717151.005893,-5168.200677478958,-462.2434001618066
1717157.825812,-5168.200677478958,-462.2434001618066
1717164.783847,-5168.200677478958,-462.2434001618066
1717171.782795,-5168.200677478958,-462.2434001618066
1717180.811596,-5146.442087260996,-461.37757562953954
1717186.237179,-5136.424793806461,-476.25486140243703
1717193.197025,-5131.961849737232,-482.2737381815344
1717201.208085,-5131.509994034743,-494.07408808301335
1717207.232656,-5123.529527075008,-527.0359321458276
1717214.539491,-5114.276912497489,-549.938384574994
1717221.632616,-5114.895607242399,-549.0213555023543
1717227.813682,-5114.895607242399,-549.0213555023543
1717235.09255,-5114.895607242399,-549.0213555023543
1717241.8649,-5116.661320311346,-553.6065008640793
1717248.863608,-5115.562963360905,-578.3662852624934
1717264.763545,-5090.829077072934,-604.0291327744702
1717264.841762,-5006.109607526755,-589.3008090222579
1717269.78185,-4923.336593162276,-562.1344056611047
1717276.760786,-4851.2065185313195,-528.3625986184738
1717283.812699,-4838.971656208694,-458.2540903727383
1717290.82539,-4769.531860825153,-450.671143233992
1717297.820196,-4680.474575779598,-445.113108247512
1717304.912711,-4552.251827609951,-431.68351766915225
1717315.774201,-4486.044538037817,-430.2730615196092
1717318.875414,-4443.716084994252,-465.9022070078827
1717325.872779,-4411.453586939265,-567.2828022701195
1717334.225717,-4391.4815643108905,-605.9004305254501
1717340.145683,-4390.828111436608,-605.6397522305496
1717347.134618,-4390.828111436608,-605.6397522305496
1717354.544107,-4390.828111436608,-605.6397522305496
1717361.488166,-4377.182068822191,-613.3576916391743
1717370.200722,-4327.693440490065,-646.4498686509509
1717374.809845,-4233.589273792653,-709.8412362716044
1717381.860755,-4163.2388144077995,-758.103950450034
1717388.876194,-4085.6169536745206,-829.4506470706301
1717395.769328,-4066.062028504261,-873.6449105447696
1717402.795084,-4063.927879181863,-927.3818536788083
1717411.873953,-4072.96499355919,-1017.3251227358094
1717417.248461,-4079.457812650815,-1085.580892852419
1717423.777015,-4092.5616284860807,-1159.5901929596541
1717430.76186,-4107.966432667879,-1275.2009045276004
1717437.787964,-4115.752254271589,-1342.9771856384489
1717444.759717,-4128.480682262708,-1402.8772610360024
1717451.835938,-4156.968447371594,-1479.9960395575167
1717458.786348,-4193.561808873918,-1509.7645279487206
1717466.972729,-4190.732496920898,-1529.8693123624562
1717474.284637,-4146.186474781306,-1505.9334934711812
1717480.149848,-4118.956954055291,-1463.591949343664
1717487.573847,-4057.379447081103,-1418.5970731653201
1717495.6967,-3931.6523311105407,-1343.870938753993
1717501.166359,-3843.5821754348754,-1335.9854295030152
1717507.759485,-3757.0413774312624,-1367.9789974037787
1717514.766333,-3627.9427218901183,-1371.3864309918815
1717521.777604,-3552.9624784412117,-1385.253568310525
1717531.003369,-3483.328035676843,-1400.0004934772435
1717536.195535,-3392.07403433083,-1389.834052676835
1717543.560806,-3361.04892513979,-1371.9683014814116
1717550.734362,-3337.5315725840032,-1356.9188030070286
1717557.180846,-3329.9612512926274,-1353.5765388357531
1717564.686058,-3329.9612512926274,-1353.5765388357531
1717572.095286,-3329.9612512926274,-1353.5765388357531
1717578.211813,-3329.9612512926274,-1353.5765388357531
1717585.594045,-3329.9612512926274,-1353.5765388357531
1717592.315863,-3329.9612512926274,-1353.5765388357531
1717600.149271,-3315.9815303306054,-1343.4892316858588
1717607.196536,-3274.6888686975453,-1307.8694453229573
1717612.791719,-3219.096711236745,-1259.8767608465528
1717622.568573,-3203.858745839567,-1252.242618656892
1717626.757597,-3201.2866440196935,-1254.7888843882934
1717633.789143,-3175.0164472941283,-1277.3514981719588
1717640.78768,-3081.2598599308003,-1328.1976744105607
1717647.767074,-3007.2250370135043,-1363.5102320188766
1717655.184967,-2932.2169862975766,-1398.76227312405
1717671.189322,-2808.2555810836952,-1459.7981543031815
1717671.824316,-2740.922125915829,-1513.1440309975999
1717675.795927,-2681.7568319454176,-1579.9520545595778
1717685.317756,-2609.26526971567,-1668.8478648708497
1717690.189729,-2580.520293693842,-1702.419447961834
1717697.645716,-2535.6336406617634,-1749.2809434579376
1717706.915432,-2464.9981626073923,-1820.0875533780295
1717716.603209,-2412.325687694433,-1873.3030609498335
1717717.792962,-2390.2473215359964,-1897.8440108052969
1717766.808501,-2202.5394991804224,-2105.9300008799014
1717766.809245,-2202.5394991804224,-2105.9300008799014
1717773.769725,-2172.7656822767617,-2135.8846582802375
1717780.758762,-2085.494961357758,-2222.9649573532056
1717787.767986,-2004.1887360376043,-2309.1840774350735
1717797.831887,-1986.8722340388115,-2332.8498785670017
1717801.838162,-1986.8930889190744,-2332.826603780255
1717810.72927,-1941.4781119640036,-2383.7890694912026
1717816.050391,-1911.7251498533114,-2414.8609032996947
1717824.7609,-1910.7797286284126,-2416.075846877867
1717830.082831,-1910.7797286284126,-2416.075846877867
1717837.799641,-1910.7797286284126,-2416.075846877867
1717844.10813,-1910.7797286284126,-2416.075846877867
1717851.462274,-1859.9633377257142,-2469.724215444105
1717859.06653,-1798.8307328207084,-2534.870319376186
1717865.123635,-1737.45482094997,-2602.5300922797423
1717872.776517,-1637.726784668481,-2710.5808959624983
1717878.715457,-1568.5024861922188,-2787.508662715403
1717885.805191,-1493.4110147535346,-2868.4536445493827
1717896.469517,-1375.7964428077983,-2995.1102464917994
1717902.013499,-1298.251047042835,-3079.485901073547
1717906.736402,-1246.3919118888268,-3135.848050064044
1717916.19293,-1235.1719863980577,-3147.415603160262
1717921.140873,-1235.1719863980577,-3147.415603160262
1717928.434012,-1235.1719863980577,-3147.415603160262
1717935.743915,-1178.2868251223338,-3206.850013431991
1717942.165094,-1108.8470260009817,-3279.011051396368
1717948.954486,-1038.3992409807506,-3354.612088778393
1717957.535265,-942.1609208440909,-3456.6346061437903
1717964.10362,-935.9322633144095,-3497.7564210359565
1717972.627543,-962.2789285396691,-3537.5329532852807
1717977.051699,-954.4235903624422,-3572.5055769557753
1717984.533918,-946.429219645448,-3570.336371282996
1717991.738354,-926.1860826652561,-3534.5677513768364
1717997.924864,-881.0283155590273,-3457.0907911153413
1718012.102881,-840.945235939368,-3381.9319861054887
1718012.109073,-788.4187445021811,-3290.2620652948285
1718018.69269,-691.0055993526296,-3160.775312093439
1718028.75094,-627.2800372364704,-3081.4363257114987
1718033.12998,-563.8116853069099,-3009.996782854573
1718039.800318,-462.33879007879045,-2926.752272502471
1718046.713968,-409.08932940092376,-2904.832100747138
1718053.773905,-349.8545181019919,-2888.5351112164776
1718062.25355,-224.7669468543019,-2853.6834786984787
1718068.040323,-113.65909693275974,-2845.704889119791
1718075.452358,10.204988034415255,-2856.7790224747823
1718082.145002,172.82439198402312,-2878.359384334726
1718089.499315,230.35605474825906,-2882.814174218048
1718096.099249,281.95797991050375,-2888.497871596605
1718103.930001,331.5647881999555,-2934.363119825428
1718111.199776,340.34469275351296,-2958.4571532809005
1718117.135403,341.0259521716848,-2960.7148051348695
1718123.708418,343.8413609904251,-2967.5855146399467
1718130.759854,354.4286884876655,-2996.278639447598
1718139.900668,359.99694149157796,-3013.4367922990887
1718144.682032,374.74134177102013,-3055.8480574539763
1718151.692536,392.16906996099783,-3104.4829895794246
1718159.820855,404.4804008871184,-3140.8428124580323
1718165.682097,418.23071853874654,-3179.027373908543
1718172.692016,428.8249976587102,-3206.0074674067937
1718181.64789,442.8950901421827,-3240.7520167444904
1718187.103507,475.1645413849344,-3332.8176154021353
1718194.113926,479.04354908667534,-3415.3126257955264
1718201.413339,467.4273808451558,-3498.943432865976
1718208.79026,504.6741968084172,-3623.1607167153957
1718214.697411,531.9176219225296,-3696.7600860113157
1718223.885017,554.8996998512551,-3766.6587644262154
1718229.078239,588.5664280477766,-3870.142868575133
1718236.700718,591.3887884972204,-3877.4883726923235
1718242.683306,591.3887884972204,-3877.4883726923235
1718249.683886,591.3887884972204,-3877.4883726923235
1774411.523715,-4157.552383994408,-1478.1806039403957
1774411.524346,-4157.552383994408,-1478.1806039403957
1774420.164203,-4190.7672550481475,-1533.9424047546156
1774427.167933,-4153.965344755162,-1507.101889165749
1774434.164077,-4152.602825976681,-1505.514546811841
1774442.362847,-4152.602825976681,-1505.514546811841
1774448.648032,-4152.602825976681,-1505.514546811841
1774455.665431,-4152.602825976681,-1505.514546811841
1774463.000642,-4152.602825976681,-1505.514546811841
1774469.636816,-4152.602825976681,-1505.514546811841
1774477.136059,-4152.602825976681,-1505.514546811841
1774484.260589,-4152.602825976681,-1505.514546811841
1774490.617877,-4152.602825976681,-1505.514546811841
1774498.017845,-4152.602825976681,-1505.514546811841
1774505.422911,-4152.602825976681,-1505.514546811841
1774511.641669,-4152.602825976681,-1505.514546811841
1774519.139474,-4152.602825976681,-1505.514546811841
1774526.7002,-4152.602825976681,-1505.514546811841
1774532.630764,-4152.602825976681,-1505.514546811841
1774539.154601,-4152.602825976681,-1505.514546811841
1774546.155075,-4152.602825976681,-1505.514546811841
1774555.339434,-4152.602825976681,-1505.514546811841
1774560.641604,-4152.602825976681,-1505.514546811841
1774567.64037,-4152.602825976681,-1505.514546811841
1774574.976666,-4152.602825976681,-1505.514546811841
1774582.695304,-4152.602825976681,-1505.514546811841
1774588.63371,-4152.602825976681,-1505.514546811841
1774595.64407,-4152.602825976681,-1505.514546811841
1774603.536656,-4152.602825976681,-1505.514546811841
1774609.631531,-4152.602825976681,-1505.514546811841
1774617.261405,-4152.602825976681,-1505.514546811841
1774623.629499,-4152.602825976681,-1505.514546811841
1774631.064369,-4152.602825976681,-1505.514546811841
1774638.220736,-4152.602825976681,-1505.514546811841
1774644.618732,-4152.602825976681,-1505.514546811841
1774652.114034,-4152.602825976681,-1505.514546811841
1774658.395281,-4152.602825976681,-1505.514546811841
1774665.155241,-4152.602825976681,-1505.514546811841
1774674.036304,-4152.602825976681,-1505.514546811841
1774679.317666,-4152.602825976681,-1505.514546811841
1774686.165397,-4152.602825976681,-1505.514546811841
1774694.524339,-4152.602825976681,-1505.514546811841
1774700.63396,-4152.602825976681,-1505.514546811841
1774708.154716,-4152.602825976681,-1505.514546811841
1774715.301377,-4152.602825976681,-1505.514546811841
1774721.637649,-4152.602825976681,-1505.514546811841
1774729.203373,-4152.602825976681,-1505.514546811841
1774736.576626,-4152.602825976681,-1505.514546811841
1774742.639187,-4152.602825976681,-1505.514546811841
1774750.012413,-4152.602825976681,-1505.514546811841
1774756.642194,-4152.602825976681,-1505.514546811841
1774763.64162,-4152.602825976681,-1505.514546811841
1774770.977462,-4152.602825976681,-1505.514546811841
1774777.612317,-4152.602825976681,-1505.514546811841
1774784.133411,-4144.4902779357935,-1494.8127869675875
1774792.980255,-4147.243121996673,-1491.977914487848
1774798.566949,-4147.243121996673,-1491.977914487848
1774805.944718,-4147.243121996673,-1491.977914487848
1774813.23657,-4147.243121996673,-1491.977914487848
1774819.63106,-4147.243121996673,-1491.977914487848
1774826.952203,-4147.243121996673,-1491.977914487848
1774834.653834,-4147.243121996673,-1491.977914487848
1774840.609509,-4147.243121996673,-1491.977914487848
1774848.073436,-4147.243121996673,-1491.977914487848
1774854.59099,-4147.243121996673,-1491.977914487848
1774861.618819,-4147.243121996673,-1491.977914487848
1774868.15566,-4147.243121996673,-1491.977914487848
1774875.165071,-4147.243121996673,-1491.977914487848
1774883.900563,-4147.243121996673,-1491.977914487848
1774889.725993,-4147.243121996673,-1491.977914487848
1774896.124335,-4147.243121996673,-1491.977914487848
1774903.723444,-4147.243121996673,-1491.977914487848
1774910.122958,-4147.243121996673,-1491.977914487848
1774917.126456,-4147.243121996673,-1491.977914487848
1774920.485249,-4147.243121996673,-1491.977914487848
1774924.152779,-4147.243121996673,-1491.977914487848
1774931.154407,-4147.243121996673,-1491.977914487848
1774941.332404,-4147.243121996673,-1491.977914487848
1774945.60551,-4147.243121996673,-1491.977914487848
1774952.592207,-4147.243121996673,-1491.977914487848
1774959.585469,-4147.243121996673,-1491.977914487848
1774966.979146,-4147.243121996673,-1491.977914487848
1774973.588107,-4147.243121996673,-1491.977914487848
1774981.012426,-4147.243121996673,-1491.977914487848
1774988.596063,-4147.243121996673,-1491.977914487848
1774994.571275,-4147.243121996673,-1491.977914487848
1775001.985556,-4147.243121996673,-1491.977914487848
1775008.629907,-4147.243121996673,-1491.977914487848
1775016.069666,-4147.243121996673,-1491.977914487848
1775022.119783,-4147.243121996673,-1491.977914487848
1775029.15555,-4147.243121996673,-1491.977914487848
1775037.532654,-4147.243121996673,-1491.977914487848
1775044.830909,-4147.243121996673,-1491.977914487848
1775050.568105,-4147.243121996673,-1491.977914487848
1775057.965504,-4147.243121996673,-1491.977914487848
1775065.646942,-4147.243121996673,-1491.977914487848
1775071.58549,-4147.243121996673,-1491.977914487848
1775079.105407,-4147.243121996673,-1491.977914487848
1775085.720667,-4147.243121996673,-1491.977914487848
1775093.127072,-4147.243121996673,-1491.977914487848
1775100.229626,-4147.243121996673,-1491.977914487848
1775106.592277,-4147.243121996673,-1491.977914487848
1775114.013383,-4147.243121996673,-1491.977914487848
1775121.325717,-4147.243121996673,-1491.977914487848
1775127.612207,-4147.243121996673,-1491.977914487848
1775134.933281,-4147.243121996673,-1491.977914487848
1775142.770821,-4147.243121996673,-1491.977914487848
1775148.156527,-4147.243121996673,-1491.977914487848
1775156.57204,-4147.243121996673,-1491.977914487848
1775162.572287,-4147.243121996673,-1491.977914487848
1775169.945266,-4147.243121996673,-1491.977914487848
1775177.035853,-4147.243121996673,-1491.977914487848
1775183.633921,-4147.243121996673,-1491.977914487848
1775190.907077,-4147.243121996673,-1491.977914487848
1775198.206687,-4147.243121996673,-1491.977914487848
1775204.590949,-4147.243121996673,-1491.977914487848
1775212.048157,-4147.243121996673,-1491.977914487848
1775219.934206,-4147.243121996673,-1491.977914487848
1775225.589661,-4147.243121996673,-1491.977914487848
1775232.991185,-4147.243121996673,-1491.977914487848
1775239.592614,-4147.243121996673,-1491.977914487848
1775246.972048,-4147.243121996673,-1491.977914487848
1775253.540286,-4147.243121996673,-1491.977914487848
1775260.588508,-4147.243121996673,-1491.977914487848
1775267.154222,-4147.243121996673,-1491.977914487848
1775275.611549,-4147.243121996673,-1491.977914487848
1775281.589335,-4147.243121996673,-1491.977914487848
1775288.731122,-4147.243121996673,-1491.977914487848
1775296.573666,-4147.243121996673,-1491.977914487848
1775302.589465,-4147.243121996673,-1491.977914487848
1775309.990838,-4147.243121996673,-1491.977914487848
1775316.592152,-4147.243121996673,-1491.977914487848
1775323.948187,-4147.243121996673,-1491.977914487848
1775331.103241,-4147.243121996673,-1491.977914487848
1775337.571007,-4147.243121996673,-1491.977914487848
1775345.033608,-4147.243121996673,-1491.977914487848
1775352.311461,-4147.243121996673,-1491.977914487848
1775358.588238,-4147.243121996673,-1491.977914487848
1775365.986908,-4147.243121996673,-1491.977914487848
1775373.588235,-4147.243121996673,-1491.977914487848
1775379.569838,-4147.243121996673,-1491.977914487848
1775386.147429,-4147.243121996673,-1491.977914487848
1775393.145291,-4147.243121996673,-1491.977914487848
1775402.672102,-4147.243121996673,-1491.977914487848
1775407.608385,-4147.243121996673,-1491.977914487848
1775414.589914,-4147.243121996673,-1491.977914487848
1775421.992177,-4147.243121996673,-1491.977914487848
1775430.755475,-4147.243121996673,-1491.977914487848
1775435.592992,-4147.243121996673,-1491.977914487848
1775442.945471,-4147.243121996673,-1491.977914487848
1775449.592134,-4147.243121996673,-1491.977914487848
1775456.144464,-4147.243121996673,-1491.977914487848
1775465.923989,-4147.243121996673,-1491.977914487848
1775470.166819,-4147.243121996673,-1491.977914487848
1775479.411359,-4147.243121996673,-1491.977914487848
1775484.589418,-4147.243121996673,-1491.977914487848
1775491.551769,-4147.243121996673,-1491.977914487848
1775499.930891,-4147.243121996673,-1491.977914487848
1775505.768692,-4147.243121996673,-1491.977914487848
1775512.162342,-4147.243121996673,-1491.977914487848
1775521.373998,-4147.243121996673,-1491.977914487848
1775526.585725,-4147.243121996673,-1491.977914487848
1775533.590956,-4147.243121996673,-1491.977914487848
1775541.010978,-4147.243121996673,-1491.977914487848
1775547.568342,-4147.243121996673,-1491.977914487848
1775554.908105,-4147.243121996673,-1491.977914487848
1775561.992192,-4147.243121996673,-1491.977914487848
1775568.589703,-4147.243121996673,-1491.977914487848
1775576.050866,-4147.243121996673,-1491.977914487848
1775582.668003,-4147.243121996673,-1491.977914487848
1775589.585468,-4147.243121996673,-1491.977914487848
1775597.085689,-4147.243121996673,-1491.977914487848
1775604.587,-4147.243121996673,-1491.977914487848
1775610.572607,-4147.243121996673,-1491.977914487848
1775617.965306,-4147.243121996673,-1491.977914487848
1775624.609994,-4147.243121996673,-1491.977914487848
1775631.116951,-4147.243121996673,-1491.977914487848
1775639.140888,-4147.243121996673,-1491.977914487848
1775645.568107,-4147.243121996673,-1491.977914487848
1775652.592461,-4147.243121996673,-1491.977914487848
1775660.05207,-4147.243121996673,-1491.977914487848
1775666.591224,-4147.243121996673,-1491.977914487848
1775673.948312,-4147.243121996673,-1491.977914487848
1775681.672565,-4147.243121996673,-1491.977914487848
1775687.866975,-4147.243121996673,-1491.977914487848
1775695.019425,-4147.243121996673,-1491.977914487848
1775701.565845,-4147.243121996673,-1491.977914487848
1775708.932212,-4147.243121996673,-1491.977914487848
1775716.047053,-4147.243121996673,-1491.977914487848
1775722.567586,-4147.243121996673,-1491.977914487848
1775729.989504,-4147.243121996673,-1491.977914487848
1775737.287393,-4147.243121996673,-1491.977914487848
1775743.605574,-4147.243121996673,-1491.977914487848
1775750.262928,-4147.243121996673,-1491.977914487848
1775759.45113,-4147.243121996673,-1491.977914487848
1775764.592013,-4147.243121996673,-1491.977914487848
1775772.068421,-4147.243121996673,-1491.977914487848
1775778.565786,-4147.243121996673,-1491.977914487848
1775785.904108,-4147.243121996673,-1491.977914487848
1775793.009609,-4147.243121996673,-1491.977914487848
1775799.591227,-4147.243121996673,-1491.977914487848
1775806.930272,-4147.243121996673,-1491.977914487848
1775814.048403,-4147.243121996673,-1491.977914487848
1775820.513192,-4147.243121996673,-1491.977914487848
1775827.662156,-4147.243121996673,-1491.977914487848
1775834.143148,-4147.243121996673,-1491.977914487848
1775841.150964,-4147.243121996673,-1491.977914487848
1775850.301519,-4147.243121996673,-1491.977914487848
1775855.581793,-4147.243121996673,-1491.977914487848
1775862.95348,-4147.243121996673,-1491.977914487848
1775870.189461,-4147.243121996673,-1491.977914487848
1775876.218859,-4147.243121996673,-1491.977914487848
1775884.822961,-4147.243121996673,-1491.977914487848
1775890.602851,-4147.243121996673,-1491.977914487848
1775897.567992,-4147.243121996673,-1491.977914487848
1775905.521599,-4147.243121996673,-1491.977914487848
1775913.062864,-4147.243121996673,-1491.977914487848
1775918.565619,-4147.243121996673,-1491.977914487848
1775925.984136,-4147.243121996673,-1491.977914487848
1775932.517686,-4147.243121996673,-1491.977914487848
1775939.809324,-4147.243121996673,-1491.977914487848
1775947.435889,-4147.243121996673,-1491.977914487848
1775953.493882,-4147.243121996673,-1491.977914487848
1775960.113803,-4147.243121996673,-1491.977914487848
1775967.950931,-4147.243121996673,-1491.977914487848
1775974.493498,-4147.243121996673,-1491.977914487848
1775981.87419,-4147.243121996673,-1491.977914487848
1775989.336154,-4147.243121996673,-1491.977914487848
1775995.135788,-4147.243121996673,-1491.977914487848
1776003.791291,-4147.243121996673,-1491.977914487848
1776009.493442,-4147.243121996673,-1491.977914487848
1776016.489955,-4142.891403856695,-1493.3790583603188
1776023.145398,-4142.9192103602,-1493.3371636858978
1776030.13946,-4142.9192103602,-1493.3371636858978
1776038.370751,-4142.9192103602,-1493.3371636858978
1776045.457876,-4142.9192103602,-1493.3371636858978
1776051.613795,-4142.9192103602,-1493.3371636858978
1776058.832275,-4142.9192103602,-1493.3371636858978
1776066.373856,-4142.9192103602,-1493.3371636858978
1776072.51334,-4142.9192103602,-1493.3371636858978
1776079.956736,-4142.9192103602,-1493.3371636858978
1776086.49665,-4142.9192103602,-1493.3371636858978
1776093.695091,-4142.9192103602,-1493.3371636858978
1776100.898194,-4142.9192103602,-1493.3371636858978
1776107.510808,-4142.9192103602,-1493.3371636858978
1776114.167569,-4142.9192103602,-1493.3371636858978
1776121.149716,-4142.9192103602,-1493.3371636858978
1776128.145843,-4142.9192103602,-1493.3371636858978
1776138.28478,-4142.9192103602,-1493.3371636858978
1776142.133959,-4142.9192103602,-1493.3371636858978
1776149.135266,-4142.9192103602,-1493.3371636858978
1776157.392151,-4142.9192103602,-1493.3371636858978
1776163.495571,-4142.9192103602,-1493.3371636858978
1776170.693788,-4142.9192103602,-1493.3371636858978
1776177.112007,-4142.9192103602,-1493.3371636858978
1776184.132636,-4142.9192103602,-1493.3371636858978
1776193.325506,-4142.9192103602,-1493.3371636858978
1776198.542076,-4142.9192103602,-1493.3371636858978
1776205.540532,-4142.9192103602,-1493.3371636858978
1776212.944598,-4142.9192103602,-1493.3371636858978
1776220.591383,-4142.9192103602,-1493.3371636858978
1776226.548168,-4142.9192103602,-1493.3371636858978
1776233.96126,-4142.9192103602,-1493.3371636858978
1776240.138982,-4142.9192103602,-1493.3371636858978
1776248.711033,-4142.9192103602,-1493.3371636858978
1776255.752372,-4142.9192103602,-1493.3371636858978
1776261.169599,-4142.9192103602,-1493.3371636858978
1776270.169443,-4142.9192103602,-1493.3371636858978
1776275.563721,-4142.9192103602,-1493.3371636858978
1776282.569519,-4142.9192103602,-1493.3371636858978
1776290.011157,-4142.9192103602,-1493.3371636858978
1776296.592423,-4142.9192103602,-1493.3371636858978
1776303.525409,-4142.9192103602,-1493.3371636858978
1776310.944118,-4142.9192103602,-1493.3371636858978
1776317.570793,-4142.9192103602,-1493.3371636858978
1776324.944677,-4142.9192103602,-1493.3371636858978
1776332.053827,-4142.9192103602,-1493.3371636858978
1776338.571991,-4142.9192103602,-1493.3371636858978
1776345.972123,-4142.9192103602,-1493.3371636858978
1776353.372487,-4142.9192103602,-1493.3371636858978
1776359.135398,-4142.9192103602,-1493.3371636858978
1776367.452591,-4142.9192103602,-1493.3371636858978
1776374.809979,-4142.9192103602,-1493.3371636858978
1776380.572542,-4142.9192103602,-1493.3371636858978
1776387.15209,-4142.9192103602,-1493.3371636858978
1776394.594077,-4142.9192103602,-1493.3371636858978
1776401.9802,-4142.9192103602,-1493.3371636858978
1776409.084563,-4142.9192103602,-1493.3371636858978
1776415.584762,-4142.9192103602,-1493.3371636858978
1776422.589932,-4142.9192103602,-1493.3371636858978
1776429.567296,-4142.9192103602,-1493.3371636858978
1776436.578995,-4142.9192103602,-1493.3371636858978
1776444.048332,-4142.9192103602,-1493.3371636858978
1776451.605446,-4142.9192103602,-1493.3371636858978
1776457.56989,-4142.9192103602,-1493.3371636858978
1776465.013737,-4142.9192103602,-1493.3371636858978
1776471.567391,-4142.9192103602,-1493.3371636858978
1776478.147542,-4142.9192103602,-1493.3371636858978
1776486.465636,-4142.9192103602,-1493.3371636858978
1776492.585902,-4142.9192103602,-1493.3371636858978
1776500.03198,-4142.9192103602,-1493.3371636858978
1776506.135895,-4142.9192103602,-1493.3371636858978
1776513.135949,-4142.9192103602,-1493.3371636858978
1776522.332206,-4142.9192103602,-1493.3371636858978
1776527.584106,-4142.9192103602,-1493.3371636858978
1776534.567872,-4142.9192103602,-1493.3371636858978
1776541.970731,-4142.9192103602,-1493.3371636858978
1776548.592358,-4142.9192103602,-1493.3371636858978
1776555.871319,-4142.9192103602,-1493.3371636858978
1776562.949483,-4142.9192103602,-1493.3371636858978
1776569.573475,-4142.9192103602,-1493.3371636858978
1776577.013836,-4142.9192103602,-1493.3371636858978
1776584.288162,-4142.9192103602,-1493.3371636858978
1776590.54814,-4142.9192103602,-1493.3371636858978
1776597.880532,-4142.9192103602,-1493.3371636858978
1776606.781506,-4142.9192103602,-1493.3371636858978
1776611.572276,-4142.9192103602,-1493.3371636858978
1776618.860105,-4142.9192103602,-1493.3371636858978
1776625.134363,-4142.9192103602,-1493.3371636858978
1776633.966843,-4142.9192103602,-1493.3371636858978
1776641.212082,-4142.9192103602,-1493.3371636858978
1776646.588248,-4142.9192103602,-1493.3371636858978
1776653.948604,-4142.9192103602,-1493.3371636858978
1776660.13969,-4142.9192103602,-1493.3371636858978
1776667.133451,-4142.9192103602,-1493.3371636858978
1776675.933605,-4142.9192103602,-1493.3371636858978
1776681.588134,-4142.9192103602,-1493.3371636858978
1776688.608105,-4142.9192103602,-1493.3371636858978
1776696.052548,-4142.9192103602,-1493.3371636858978
1776702.513551,-4142.9192103602,-1493.3371636858978
1776709.675543,-4142.9192103602,-1493.3371636858978
1776716.890829,-4142.9192103602,-1493.3371636858978
1776723.136727,-4142.9192103602,-1493.3371636858978
1776732.228537,-4142.9192103602,-1493.3371636858978
1776737.589912,-4142.9192103602,-1493.3371636858978
1776744.926913,-4142.9192103602,-1493.3371636858978
1776751.144851,-4142.9192103602,-1493.3371636858978
1776760.344532,-4142.9192103602,-1493.3371636858978
1776765.593698,-4142.9192103602,-1493.3371636858978
1776773.031145,-4142.9192103602,-1493.3371636858978
1776779.566263,-4142.9192103602,-1493.3371636858978
1776786.546978,-4142.9192103602,-1493.3371636858978
1776793.94704,-4142.9192103602,-1493.3371636858978
1776800.580756,-4142.9192103602,-1493.3371636858978
1776808.051296,-4142.9192103602,-1493.3371636858978
1776815.299259,-4142.9192103602,-1493.3371636858978
1776821.569881,-4142.9192103602,-1493.3371636858978
1776828.979931,-4142.9192103602,-1493.3371636858978
1776836.532303,-4142.9192103602,-1493.3371636858978
1776842.16633,-4142.9192103602,-1493.3371636858978
1776851.265617,-4142.9192103602,-1493.3371636858978
1776856.133946,-4147.333493147461,-1495.576200899166
1776865.60698,-4147.333493147461,-1495.576200899166
1776870.592707,-4147.333493147461,-1495.576200899166
1776877.76581,-4147.333493147461,-1495.576200899166
1776884.586921,-4147.333493147461,-1495.576200899166
1776891.560252,-4147.333493147461,-1495.576200899166
1776898.572146,-4147.333493147461,-1495.576200899166
1776905.947983,-4147.333493147461,-1495.576200899166
1776913.630842,-4147.333493147461,-1495.576200899166
1776919.591381,-4147.333493147461,-1495.576200899166
1776926.92456,-4147.333493147461,-1495.576200899166
1776933.551126,-4147.333493147461,-1495.576200899166
1776940.927886,-4147.333493147461,-1495.576200899166
1776948.028405,-4147.333493147461,-1495.576200899166
1776954.569774,-4147.333493147461,-1495.576200899166
1776961.298019,-4147.333493147461,-1495.576200899166
1776968.141103,-4147.333493147461,-1495.576200899166
1776975.142365,-4147.333493147461,-1495.576200899166
1776984.411626,-4147.333493147461,-1495.576200899166
1776989.154305,-4147.333493147461,-1495.576200899166
1776996.10394,-4147.333493147461,-1495.576200899166
1777004.805906,-4147.333493147461,-1495.576200899166
1777010.521735,-4147.333493147461,-1495.576200899166
1777017.913393,-4147.333493147461,-1495.576200899166
1777026.087666,-4147.333493147461,-1495.576200899166
1777031.542701,-4147.333493147461,-1495.576200899166
1777038.906936,-4147.333493147461,-1495.576200899166
1777045.559837,-4147.333493147461,-1495.576200899166
1777052.565598,-4147.333493147461,-1495.576200899166
1777060.046961,-4147.333493147461,-1495.576200899166
1777067.511375,-4147.333493147461,-1495.576200899166
1777073.569424,-4147.333493147461,-1495.576200899166
1777081.048389,-4147.333493147461,-1495.576200899166
1777087.124366,-4147.333493147461,-1495.576200899166
1777095.961414,-4147.333493147461,-1495.576200899166
1777101.134334,-4147.333493147461,-1495.576200899166
1777108.586748,-4147.333493147461,-1495.576200899166
1777116.030046,-4147.333493147461,-1495.576200899166
1777123.269761,-4147.333493147461,-1495.576200899166
1777129.593318,-4147.333493147461,-1495.576200899166
1777136.986201,-4147.333493147461,-1495.576200899166
1777144.512365,-4147.333493147461,-1495.576200899166
1777150.585528,-4147.333493147461,-1495.576200899166
1777157.951836,-4147.333493147461,-1495.576200899166
1777164.644881,-4147.333493147461,-1495.576200899166
1777174.255042,-4147.333493147461,-1495.576200899166
1777178.512394,-4147.333493147461,-1495.576200899166
1777185.592304,-4147.333493147461,-1495.576200899166
1777193.089386,-4147.333493147461,-1495.576200899166
1777200.451577,-4147.333493147461,-1495.576200899166
1777206.178741,-4147.333493147461,-1495.576200899166
1777214.783112,-4147.333493147461,-1495.576200899166
1777220.125152,-4147.333493147461,-1495.576200899166
1777227.123856,-4147.333493147461,-1495.576200899166
1777235.323455,-4147.333493147461,-1495.576200899166
1777241.527891,-4147.333493147461,-1495.576200899166
1777248.918608,-4147.333493147461,-1495.576200899166
1777255.653707,-4147.333493147461,-1495.576200899166
1777262.717543,-4147.333493147461,-1495.576200899166
1777270.43378,-4147.333493147461,-1495.576200899166
1777277.7683,-4147.333493147461,-1495.576200899166
1777283.661077,-4147.333493147461,-1495.576200899166
1777290.626891,-4147.333493147461,-1495.576200899166
1777298.487335,-4147.333493147461,-1495.576200899166
1777307.497562,-4147.333493147461,-1495.576200899166
1777311.629213,-4147.333493147461,-1495.576200899166
1777318.597237,-4147.333493147461,-1495.576200899166
1777325.845801,-4147.333493147461,-1495.576200899166
1777333.905886,-4147.333493147461,-1495.576200899166
1777339.218873,-4147.333493147461,-1495.576200899166
1777347.918535,-4147.333493147461,-1495.576200899166
1777358.120141,-4147.333493147461,-1495.576200899166
1777360.566967,-4147.333493147461,-1495.576200899166
1777368.145027,-4147.333493147461,-1495.576200899166
1777375.710149,-4147.333493147461,-1495.576200899166
1777385.238768,-4147.333493147461,-1495.576200899166
1777388.628561,-4147.333493147461,-1495.576200899166
1777395.575246,-4147.333493147461,-1495.576200899166
1777403.041746,-4147.333493147461,-1495.576200899166
1777410.149808,-4147.333493147461,-1495.576200899166
1777416.567125,-4147.333493147461,-1495.576200899166
1777424.049986,-4147.333493147461,-1495.576200899166
1777431.330542,-4147.333493147461,-1495.576200899166
1777437.641681,-4147.333493147461,-1495.576200899166
1777445.427374,-4147.333493147461,-1495.576200899166
1777453.741681,-4147.333493147461,-1495.576200899166
1777459.53721,-4147.333493147461,-1495.576200899166
1777465.190572,-4147.333493147461,-1495.576200899166
1777472.126719,-4147.333493147461,-1495.576200899166
1777479.179379,-4147.333493147461,-1495.576200899166
1777487.44751,-4147.333493147461,-1495.576200899166
1777493.612456,-4147.333493147461,-1495.576200899166
1777500.643512,-4147.333493147461,-1495.576200899166
1777507.90686,-4147.333493147461,-1495.576200899166
1777514.510763,-4147.333493147461,-1495.576200899166
1777522.065521,-4147.333493147461,-1495.576200899166
1777529.674045,-4147.333493147461,-1495.576200899166
1777535.584853,-4147.333493147461,-1495.576200899166
1777542.572965,-4147.333493147461,-1495.576200899166
1777549.643377,-4147.333493147461,-1495.576200899166
1777556.61828,-4147.333493147461,-1495.576200899166
1777564.435352,-4147.333493147461,-1495.576200899166
1777570.132334,-4147.333493147461,-1495.576200899166
1777578.432636,-4147.333493147461,-1495.576200899166
1777584.213788,-4147.333493147461,-1495.576200899166
1777591.222608,-4147.333493147461,-1495.576200899166
1777600.072243,-4147.333493147461,-1495.576200899166
1777605.654982,-4147.333493147461,-1495.576200899166
1777612.627767,-4147.333493147461,-1495.576200899166
1777619.123724,-4147.333493147461,-1495.576200899166
1777626.199523,-4147.333493147461,-1495.576200899166
1777634.97201,-4147.333493147461,-1495.576200899166
1777640.519186,-4147.333493147461,-1495.576200899166
1777648.165427,-4147.333493147461,-1495.576200899166
1777655.348394,-4147.333493147461,-1495.576200899166
1777662.65043,-4147.333493147461,-1495.576200899166
1777668.605948,-4147.333493147461,-1495.576200899166
1777676.069495,-4147.333493147461,-1495.576200899166
1777682.64218,-4147.333493147461,-1495.576200899166
1777689.548107,-4147.333493147461,-1495.576200899166
1777698.697585,-4147.333493147461,-1495.576200899166
1777703.200651,-4147.333493147461,-1495.576200899166
1777711.768034,-4147.333493147461,-1495.576200899166
1777717.528539,-4147.333493147461,-1495.576200899166
1777724.552402,-4147.333493147461,-1495.576200899166
1777731.546744,-4147.333493147461,-1495.576200899166
1777738.92763,-4147.333493147461,-1495.576200899166
1777745.470961,-4147.333493147461,-1495.576200899166
1777752.89653,-4147.333493147461,-1495.576200899166
1777760.456604,-4147.333493147461,-1495.576200899166
1777766.197612,-4147.333493147461,-1495.576200899166
1777777.027896,-4147.333493147461,-1495.576200899166
1777780.124413,-4147.333493147461,-1495.576200899166
1777788.373331,-4147.333493147461,-1495.576200899166
1777794.474009,-4147.333493147461,-1495.576200899166
1777801.493085,-4147.333493147461,-1495.576200899166
1777808.909525,-4147.333493147461,-1495.576200899166
1777815.123837,-4147.333493147461,-1495.576200899166
1777822.097969,-4147.333493147461,-1495.576200899166
1777830.329518,-4147.333493147461,-1495.576200899166
1777837.416247,-4147.333493147461,-1495.576200899166
1777843.494883,-4147.333493147461,-1495.576200899166
1777850.832231,-4147.333493147461,-1495.576200899166
1777857.474037,-4147.333493147461,-1495.576200899166
1777864.477544,-4147.333493147461,-1495.576200899166
1777871.77205,-4147.333493147461,-1495.576200899166
1777878.496585,-4147.333493147461,-1495.576200899166
1777885.869522,-4147.333493147461,-1495.576200899166
1777892.974975,-4147.333493147461,-1495.576200899166
1777899.470026,-4147.333493147461,-1495.576200899166
1777906.473544,-4147.333493147461,-1495.576200899166
1777914.290762,-4147.333493147461,-1495.576200899166
1777920.473438,-4147.333493147461,-1495.576200899166
1777927.788198,-4147.333493147461,-1495.576200899166
1777934.129826,-4147.333493147461,-1495.576200899166
1777943.545199,-4147.333493147461,-1495.576200899166
1777948.125577,-4147.333493147461,-1495.576200899166
1777955.093457,-4147.333493147461,-1495.576200899166
1777963.60823,-4147.333493147461,-1495.576200899166
1777970.869991,-4147.333493147461,-1495.576200899166
1777976.565668,-4147.333493147461,-1495.576200899166
1777983.544379,-4147.333493147461,-1495.576200899166
1777991.412185,-4147.333493147461,-1495.576200899166
1777997.566738,-4147.333493147461,-1495.576200899166
1778004.992748,-4147.333493147461,-1495.576200899166
1778011.776405,-4147.333493147461,-1495.576200899166
1778018.56549,-4147.333493147461,-1495.576200899166
1778025.96821,-4147.333493147461,-1495.576200899166
1778032.567299,-4147.333493147461,-1495.576200899166
1778040.066998,-4147.333493147461,-1495.576200899166
1778047.331658,-4147.333493147461,-1495.576200899166
1778053.135413,-4147.333493147461,-1495.576200899166
1778062.169901,-4147.333493147461,-1495.576200899166
1778067.125555,-4147.333493147461,-1495.576200899166
1778074.114715,-4147.333493147461,-1495.576200899166
1778082.60972,-4147.333493147461,-1495.576200899166
1778088.567802,-4147.333493147461,-1495.576200899166
1778095.909873,-4147.333493147461,-1495.576200899166
1778102.986929,-4147.333493147461,-1495.576200899166
1778109.525781,-4147.333493147461,-1495.576200899166
1778116.915394,-4147.333493147461,-1495.576200899166
1778124.305862,-4152.602825976681,-1490.1578239441674
1778130.477627,-4152.519406457928,-1490.3626423182802
1778137.950973,-4156.266333102751,-1484.6044530201489
1778143.575535,-4161.737263103851,-1480.5639450529427
1778144.660581,-4171.010732755156,-1483.6641504787826
1778151.505676,-4178.5115376654285,-1489.8087017155367
1778158.852569,-4196.349411067506,-1503.9039296363674
1778165.525388,-4186.929957263528,-1527.5464859504737
1778172.531773,-4166.353143045881,-1519.754078232983
1778180.22468,-4121.737604629374,-1466.5525059529623
1778186.471688,-4095.7871831510406,-1446.363930194231
1780967.308896,548.7058004496313,-1670.4398617766524
1780974.268851,385.09231395737646,-1609.7298481893358
1780984.804192,270.8770869106427,-1567.444170528216
1780988.296015,151.66364023257398,-1524.0087142361294
1780996.981046,-57.76106644791679,-1449.2174227232842
1781004.780544,-184.21115655282603,-1410.9070733182366
1781009.375465,-297.2932684551123,-1410.2646883375971
1781016.371268,-325.8714059122721,-1298.5222768027386
1781023.98099,-310.188536030872,-1178.9129542743406
1781030.699883,-265.5590924644552,-1049.9843668572146
1781038.849279,-213.6860538620676,-865.6197464289663
1781044.303866,-196.37650331865493,-756.9495182776805
1781055.011871,-204.56551960199917,-660.9035478954974
1781058.325251,-240.331639094859,-560.3096574849998
1781065.375155,-350.88335885728094,-399.28026518186925
1781073.537314,-474.21912014362266,-292.3136769740822
1781079.372605,-610.9576177095078,-172.15953327258788
1781086.371629,-798.6584906492672,40.07001702982615
1781095.905326,-857.8307372270821,227.9494602660022
1781100.36367,-999.5883090773167,466.78699428130665
1781107.373997,-1154.8250850026493,559.8865484901803
1781115.477293,-1326.5233128102657,579.8424397133939
1781126.839184,-1576.496856869945,482.125144894337
1781185.934239,-3096.7411322775147,612.7438264703273
1781185.934924,-3096.7411322775147,612.7438264703273
1781194.892628,-3344.9072483387627,656.1654668288909
1781201.913153,-3253.5003109981467,587.704697940293
1781208.962434,-3249.204205794972,464.88310853841114
1781215.912846,-3248.286591090164,359.81096834210047
1781222.963466,-3294.320262045584,288.6596552140364
1781229.946369,-3335.188874441441,130.10653523472993
1781240.443151,-3337.9069604157316,-5.157711120267998
1781243.888102,-3400.6106317089184,-200.46642156330225
1781252.289028,-3496.2163512351576,-285.0379559923514
1781260.689172,-3620.226416477287,-341.17225920309005
1781265.367508,-3751.3827534763927,-391.9579957098133
1781271.885538,-3844.826516566533,-496.84845039915996
1781278.876334,-3906.3901205507914,-529.1260137102223
1781285.886259,-3978.846923113522,-585.888716272092
1781294.538413,-3981.0019273109297,-587.569160314092
1781301.737421,-3981.0019273109297,-587.569160314092
1781307.305443,-3989.482911581841,-597.0047837244261
1781313.883889,-4045.770230920149,-629.6454295650605
1781320.886928,-4142.237950970884,-642.6002090995589
1781327.855594,-4252.942601731174,-621.9740400423823
1781334.887009,-4350.042919370591,-626.9315824297776
1781341.887013,-4305.07979979588,-668.2863288663949
1781351.002551,-4183.134369237881,-753.490876751287
1781356.236005,-4118.595469484925,-814.2195919980645
1781362.925852,-4089.801832790104,-835.3345264431047
1781371.322508,-4090.0798978502175,-834.990058820696
1781376.998509,-4090.0798978502175,-834.990058820696
1781383.901838,-4090.0798978502175,-834.990058820696
1781391.909392,-4074.543012760805,-861.8957723275436
1781397.935909,-4067.7721286082988,-975.6817910784698
1781404.85522,-4080.292007822929,-1078.738092788043
1781411.896179,-4108.2097395921855,-1243.7938575263681
1781418.925382,-4120.5766830149105,-1343.0889047799906
1781427.246293,-4145.984877616495,-1436.3324840793262
1781430.885777,-4178.414214899176,-1490.1298941653004
1781432.85851,-4178.414214899176,-1490.1298941653004
1781439.887318,-4181.278284980171,-1532.9602076141928
1781446.887362,-4162.634022913582,-1522.9939323542374
1781456.627139,-4162.647926161279,-1522.9613476040884
1781461.274205,-4162.647926161279,-1522.9613476040884
1781468.606197,-4162.647926161279,-1522.9613476040884
1781475.275615,-4162.647926161279,-1522.9613476040884
1781482.620893,-4162.647926161279,-1522.9613476040884
1781491.234224,-4162.647926161279,-1522.9613476040884
1781496.27281,-4162.647926161279,-1522.9613476040884
1781503.655196,-4162.647926161279,-1522.9613476040884
1781510.807521,-4162.647926161279,-1522.9613476040884
1781517.557326,-4162.647926161279,-1522.9613476040884
1781525.758142,-4162.647926161279,-1522.9613476040884
1781531.255087,-4162.647926161279,-1522.9613476040884
1781538.296215,-4162.647926161279,-1522.9613476040884
1781545.575324,-4162.647926161279,-1522.9613476040884
1781551.896251,-4162.647926161279,-1522.9613476040884
1781561.909387,-4162.647926161279,-1522.9613476040884
1781565.887016,-4162.647926161279,-1522.9613476040884
1781572.886655,-4162.647926161279,-1522.9613476040884
1781580.818117,-4162.647926161279,-1522.9613476040884
1781588.175525,-4162.647926161279,-1522.9613476040884
1781594.255177,-4162.647926161279,-1522.9613476040884
1781601.640375,-4162.647926161279,-1522.9613476040884
1781607.88861,-4162.647926161279,-1522.9613476040884
1781614.878972,-4162.647926161279,-1522.9613476040884
1781621.88928,-4162.647926161279,-1522.9613476040884
1781628.888611,-4162.647926161279,-1522.9613476040884
1781637.436629,-4162.647926161279,-1522.9613476040884
1781642.885094,-4162.647926161279,-1522.9613476040884
1781649.876022,-4162.647926161279,-1522.9613476040884
1781658.895293,-4162.647926161279,-1522.9613476040884
1781664.258515,-4162.647926161279,-1522.9613476040884
1781671.558937,-4162.647926161279,-1522.9613476040884
1781677.887636,-4162.647926161279,-1522.9613476040884
1781687.883887,-4162.647926161279,-1522.9613476040884
1781691.886557,-4162.647926161279,-1522.9613476040884
1781699.87502,-4162.647926161279,-1522.9613476040884
1781706.252878,-4162.647926161279,-1522.9613476040884
1781713.577704,-4162.647926161279,-1522.9613476040884
1781720.67685,-4162.647926161279,-1522.9613476040884
1781726.887835,-4162.647926161279,-1522.9613476040884
1781735.739112,-4162.647926161279,-1522.9613476040884
1781741.288739,-4162.647926161279,-1522.9613476040884
1781748.284294,-4164.121670969955,-1515.2061795424493
1781755.765713,-4165.352108846166,-1507.3718770124597
1781761.885574,-4165.352108846166,-1507.3718770124597
1781768.889395,-4160.45816383608,-1503.7316960055807
1781778.153894,-4160.45816383608,-1503.7316960055807
1781783.397178,-4160.45816383608,-1503.7316960055807
1781790.959165,-4160.45816383608,-1503.7316960055807
1781796.876775,-4160.45816383608,-1503.7316960055807
1781803.887829,-4160.45816383608,-1503.7316960055807
1781810.901054,-4160.45816383608,-1503.7316960055807
1781819.035393,-4160.45816383608,-1503.7316960055807
1781825.452825,-4160.45816383608,-1503.7316960055807
1781832.724629,-4159.853372341977,-1502.9356973449476
1781840.436478,-4159.853372341977,-1502.9356973449476
1781845.971364,-4159.853372341977,-1502.9356973449476
1781852.879236,-4159.853372341977,-1502.9356973449476
1781859.909967,-4159.853372341977,-1502.9356973449476
1781869.431471,-4159.853372341977,-1502.9356973449476
1781874.458284,-4159.540549154985,-1500.8223441664104
1781881.573695,-4160.103630889797,-1501.1714663882199
1781890.716919,-4160.103630889797,-1501.1714663882199
1781895.428579,-4157.378593333144,-1504.9280214828977
1781902.350063,-4157.378593333144,-1504.9280214828977
1781909.803576,-4157.378593333144,-1504.9280214828977
1781915.876992,-4157.378593333144,-1504.9280214828977
1781922.886991,-4151.115177920106,-1502.223488017291
1781932.428793,-4151.115177920106,-1502.223488017291
1781936.854304,-4151.115177920106,-1502.223488017291
1781943.857428,-4151.115177920106,-1502.223488017291
1781952.216647,-4151.115177920106,-1502.223488017291
1781958.394159,-4151.115177920106,-1502.223488017291
1781965.80094,-4151.115177920106,-1502.223488017291
1781971.876508,-4151.115177920106,-1502.223488017291
1781978.878307,-4151.115177920106,-1502.223488017291
1781988.095173,-4151.115177920106,-1502.223488017291
1781993.372353,-4151.115177920106,-1502.223488017291
1782000.4021,-4151.115177920106,-1502.223488017291
1782006.888284,-4151.115177920106,-1502.223488017291
1782013.878376,-4151.115177920106,-1502.223488017291
1782022.980144,-4151.115177920106,-1502.223488017291
1782028.358038,-4151.115177920106,-1502.223488017291
1782035.390153,-4151.115177920106,-1502.223488017291
1782041.877528,-4151.115177920106,-1502.223488017291
1782048.909111,-4151.115177920106,-1502.223488017291
1782055.88842,-4151.115177920106,-1502.223488017291
1782064.792581,-4151.115177920106,-1502.223488017291
1782070.400949,-4151.115177920106,-1502.223488017291
1782077.347674,-4151.115177920106,-1502.223488017291
1782084.816761,-4151.115177920106,-1502.223488017291
1782090.877236,-4151.115177920106,-1502.223488017291
1782097.863523,-4151.115177920106,-1502.223488017291
1782107.053783,-4151.115177920106,-1502.223488017291
1782112.397504,-4151.115177920106,-1502.223488017291
1782119.831026,-4151.115177920106,-1502.223488017291
1782125.895094,-4151.115177920106,-1502.223488017291
1782132.877036,-4151.115177920106,-1502.223488017291
1782139.87909,-4151.115177920106,-1502.223488017291
1782147.248322,-4151.254210445716,-1500.882858683971
1782154.256366,-4152.025840985835,-1498.6903711339012
1782160.871931,-4152.025840985835,-1498.6903711339012
1782167.90057,-4152.025840985835,-1498.6903711339012
1782176.26394,-4152.025840985835,-1498.6903711339012
1782184.894091,-4152.025840985835,-1498.6903711339012
1782189.299323,-4152.025840985835,-1498.6903711339012
1782196.640446,-4152.025840985835,-1498.6903711339012
1782203.792573,-4148.34147897972,-1504.3321862310959
1782209.841505,-4148.34147897972,-1504.3321862310959
1782218.279344,-4148.34147897972,-1504.3321862310959
1782225.495191,-4148.34147897972,-1504.3321862310959
1782231.259238,-4148.34147897972,-1504.3321862310959
1782238.770942,-4148.34147897972,-1504.3321862310959
1782245.024725,-4148.34147897972,-1504.3321862310959
1782254.473933,-4148.34147897972,-1504.3321862310959
1782259.532554,-4148.34147897972,-1504.3321862310959
1782265.897877,-4144.469423056212,-1511.4915191802168
1782272.887147,-4141.681820859641,-1517.7477892574627
1782279.895363,-4140.9588517108505,-1518.096911472505
1782286.877418,-4140.9588517108505,-1518.096911472505
1782295.029765,-4140.9588517108505,-1518.096911472505
1782301.244855,-4140.9588517108505,-1518.096911472505
1782308.244447,-4138.560540587809,-1517.3707372670442
1782315.648646,-4138.032216980036,-1517.1054043870297
1782322.254363,-4138.032216980036,-1517.1054043870297
1782329.481789,-4138.032216980036,-1517.1054043870297
1782335.891757,-4138.032216980036,-1517.1054043870297
1782342.876785,-4139.220945097594,-1519.3351315821192
1782351.303045,-4139.373880879191,-1519.9449317140272
1782358.401963,-4143.232033547296,-1522.2584482204775
1782364.275469,-4143.232033547296,-1522.2584482204775
1782370.877049,-4146.040490631757,-1516.8819661660784
1782380.750001,-4146.103055262541,-1516.8121417274158
1782385.228913,-4140.88933544803,-1520.815409752882
1782391.884167,-4140.88933544803,-1520.815409752882
1782398.886217,-4140.88933544803,-1520.815409752882
1782407.932531,-4140.88933544803,-1520.815409752882
1782413.299751,-4140.88933544803,-1520.815409752882
1782420.258322,-4139.311316248396,-1518.6229222725217
1782427.717521,-4137.204973441075,-1506.9063807304767
1782435.034959,-4137.204973441075,-1506.9063807304767
1782441.295114,-4137.204973441075,-1506.9063807304767
1782448.71929,-4137.204973441075,-1506.9063807304767
1782454.877481,-4137.204973441075,-1506.9063807304767
1782461.881758,-4137.204973441075,-1506.9063807304767
1782468.877234,-4137.204973441075,-1506.9063807304767
1782475.879305,-4137.204973441075,-1506.9063807304767
1782484.91646,-4137.204973441075,-1506.9063807304767
1782489.875287,-4137.204973441075,-1506.9063807304767
1782497.005101,-4137.204973441075,-1506.9063807304767
1782503.875887,-4137.204973441075,-1506.9063807304767
1782510.866171,-4137.204973441075,-1506.9063807304767
1782517.879305,-4137.204973441075,-1506.9063807304767
1782524.86548,-4137.204973441075,-1506.9063807304767
1782534.461922,-4137.204973441075,-1506.9063807304767
1782539.281633,-4137.204973441075,-1506.9063807304767
1782546.326118,-4137.204973441075,-1506.9063807304767
1782553.474211,-4137.204973441075,-1506.9063807304767
1782560.840877,-4142.467354647466,-1502.8146683095933
1782567.857715,-4142.801032714146,-1502.4376163093632
1782574.067313,-4142.801032714146,-1502.4376163093632
1782583.03279,-4142.801032714146,-1502.4376163093632
1782588.299053,-4142.801032714146,-1502.4376163093632
1782595.27894,-4142.801032714146,-1502.4376163093632
1782602.271292,-4142.801032714146,-1502.4376163093632
1782608.871764,-4142.801032714146,-1502.4376163093632
1782615.868155,-4142.801032714146,-1502.4376163093632
1782624.076205,-4142.801032714146,-1502.4376163093632
1782629.852077,-4142.801032714146,-1502.4376163093632
1782634.855844,-4142.801032714146,-1502.4376163093632
1782636.854966,-4142.801032714146,-1502.4376163093632
1782643.844541,-4142.801032714146,-1502.4376163093632
1782650.893556,-4156.627817681232,-1490.511601134294
1782660.026422,-4195.494361017813,-1521.2110815984993
1782664.848326,-4165.366012093715,-1544.5045150572494
1782671.866717,-4117.719564554127,-1574.701256973993
1782676.084423,-4142.801032714146,-1502.4376163093632
1782678.878019,-4080.7716700480264,-1591.4079168649344
1782688.040395,-4080.9732672131017,-1591.3241275430585
1782693.297741,-4080.9732672131017,-1591.3241275430585
1782698.900573,-4142.801032714146,-1502.4376163093632
1782700.448099,-4080.9732672131017,-1591.3241275430585
1782706.877792,-4069.3988091933875,-1602.063125467556
1782715.302285,-4046.72260373911,-1623.219928389079
1783494.973064,-4333.024608722119,-4198.707797024303
1783494.973742,-4333.024608722119,-4198.707797024303
1783502.017679,-4495.672540568345,-4215.809725259818
1783502.018336,-4495.672540568345,-4215.809725259818
1783514.207321,-4614.0587376051235,-4180.041141678134
1783514.22233,-4614.0587376051235,-4180.041141678134
1783521.685231,-4647.551673385423,-4166.504566318815
1783528.785599,-4677.047423993072,-4056.187052311124
1783535.80619,-4690.714321386986,-3928.9394837819827
1783544.020568,-4695.517895190405,-3845.1039156761876
1783549.825774,-4700.3075657459,-3769.689134498734
1783557.239607,-4766.313257831493,-3736.9974455084466
1783564.193891,-4813.438332720894,-3735.7731945647993
1783571.77661,-4831.269254247027,-3688.101884766085
1783579.526318,-4819.687844786337,-3696.1130483961906
1783585.282194,-4818.214100007363,-3696.932319046984
1783592.658026,-4818.214100007363,-3696.932319046984
1783600.099387,-4818.214100007363,-3696.932319046984
1783606.284554,-4818.214100007363,-3696.932319046984
1783613.618056,-4818.214100007363,-3696.932319046984
1783621.32022,-4818.214100007363,-3696.932319046984
1783626.920493,-4818.214100007363,-3696.932319046984
1783633.802123,-4818.214100007363,-3696.932319046984
1783642.961904,-4818.214100007363,-3696.932319046984
1783648.257935,-4818.214100007363,-3696.932319046984
1783655.701858,-4818.214100007363,-3696.932319046984
1783662.284592,-4818.214100007363,-3696.932319046984
1783669.281955,-4818.214100007363,-3696.932319046984
1783677.198956,-4818.214100007363,-3696.932319046984
1783683.248954,-4818.214100007363,-3696.932319046984
1783690.712575,-4818.214100007363,-3696.932319046984
1783698.290222,-4818.214100007363,-3696.932319046984
1783704.286055,-4818.214100007363,-3696.932319046984
1783711.707614,-4818.214100007363,-3696.932319046984
1783718.679297,-4818.214100007363,-3696.932319046984
1783726.16063,-4818.214100007363,-3696.932319046984
1783732.378176,-4818.214100007363,-3696.932319046984
1783739.257937,-4818.214100007363,-3696.932319046984
1783745.782985,-4818.214100007363,-3696.932319046984
1783753.25542,-4818.214100007363,-3696.932319046984
1783760.311759,-4818.214100007363,-3696.932319046984
1783767.279229,-4818.214100007363,-3696.932319046984
1783775.17952,-4818.214100007363,-3696.932319046984
1783781.259252,-4818.214100007363,-3696.932319046984
1783788.657953,-4818.214100007363,-3696.932319046984
1783795.253955,-4818.214100007363,-3696.932319046984
1783802.264612,-4818.214100007363,-3696.932319046984
1783809.616634,-4818.214100007363,-3696.932319046984
1783816.259326,-4818.214100007363,-3696.932319046984
1783823.679197,-4818.214100007363,-3696.932319046984
1783830.069891,-4818.214100007363,-3696.932319046984
1783836.801651,-4818.214100007363,-3696.932319046984
1783844.297928,-4818.214100007363,-3696.932319046984
1783852.194077,-4818.214100007363,-3696.932319046984
1783858.281091,-4818.214100007363,-3696.932319046984
1783864.769455,-4818.214100007363,-3696.932319046984
1783874.700629,-4809.322969941979,-3697.4210884620957
1783879.27669,-4809.322969941979,-3697.4210884620957
1783881.726573,-4809.322969941979,-3697.4210884620957
1783886.248598,-4809.322969941979,-3697.4210884620957
1783892.776044,-4809.322969941979,-3697.4210884620957
1783900.251265,-4807.710192630805,-3704.9062429834958
1783907.668741,-4804.804412822422,-3728.795429587761
1783914.279833,-4804.992106736941,-3728.7349152817005
1783921.574124,-4804.992106736941,-3728.7349152817005
1783928.272093,-4804.992106736941,-3728.7349152817005
1783935.249326,-4804.992106736941,-3728.7349152817005
1783942.774118,-4804.992106736941,-3728.7349152817005
1783949.230118,-4804.992106736941,-3728.7349152817005
1783956.609995,-4804.992106736941,-3728.7349152817005
1783964.233415,-4804.992106736941,-3728.7349152817005
1783970.232534,-4804.992106736941,-3728.7349152817005
1783977.611365,-4804.992106736941,-3728.7349152817005
1783983.803527,-4804.992106736941,-3728.7349152817005
1783990.803758,-4804.992106736941,-3728.7349152817005
1783998.247509,-4804.707090057523,-3734.8328953544983
1784005.980736,-4797.755463730987,-3746.097866006573
1784012.176581,-4786.97349129332,-3746.4469869965214
1784019.571277,-4782.760805738621,-3746.4144023715457
1784026.154078,-4782.760805738621,-3746.4144023715457
1784033.290228,-4782.760805738621,-3746.4144023715457
1784040.475664,-4782.760805738621,-3746.4144023715457
1784047.152458,-4782.760805738621,-3746.4144023715457
1784054.57712,-4782.760805738621,-3746.4144023715457
1784061.693794,-4782.760805738621,-3746.4144023715457
1784068.172708,-4782.760805738621,-3746.4144023715457
1784075.17783,-4782.760805738621,-3746.4144023715457
1784083.0526,-4782.760805738621,-3746.4144023715457
1784089.172547,-4782.760805738621,-3746.4144023715457
1784096.498284,-4782.760805738621,-3746.4144023715457
1784103.174064,-4782.760805738621,-3746.4144023715457
1784109.764041,-4782.760805738621,-3746.4144023715457
1784117.612492,-4782.760805738621,-3746.4144023715457
1784124.400966,-4782.760805738621,-3746.4144023715457
1784131.532102,-4782.760805738621,-3746.4144023715457
1784138.776535,-4782.760805738621,-3746.4144023715457
1784145.207266,-4782.760805738621,-3746.4144023715457
1784152.546329,-4782.760805738621,-3746.4144023715457
1784159.187408,-4782.760805738621,-3746.4144023715457
1784166.197376,-4782.760805738621,-3746.4144023715457
1784173.507263,-4782.760805738621,-3746.4144023715457
1784180.202312,-4782.760805738621,-3746.4144023715457
1784187.496536,-4782.760805738621,-3746.4144023715457
1784194.623396,-4782.760805738621,-3746.4144023715457
1784201.222078,-4782.760805738621,-3746.4144023715457
1784208.185839,-4778.388232772129,-3746.065281381238
1784215.603741,-4778.388232772129,-3746.065281381238
1784222.203168,-4778.388232772129,-3746.065281381238
1784228.788583,-4778.388232772129,-3746.065281381238
1784236.757173,-4778.388232772129,-3746.065281381238
1784243.179198,-4778.388232772129,-3746.065281381238
1784250.55518,-4778.388232772129,-3746.065281381238
1784257.164968,-4778.388232772129,-3746.065281381238
1784264.388776,-4778.388232772129,-3746.065281381238
1784271.708555,-4778.388232772129,-3746.065281381238
1784278.184574,-4778.388232772129,-3746.065281381238
1784285.508525,-4778.388232772129,-3746.065281381238
1784292.684898,-4778.388232772129,-3746.065281381238
1784299.168631,-4778.388232772129,-3746.065281381238
1784306.602243,-4778.388232772129,-3746.065281381238
1784314.240932,-4778.388232772129,-3746.065281381238
1784320.161797,-4778.388232772129,-3746.065281381238
1784327.605839,-4778.388232772129,-3746.065281381238
1784334.288814,-4778.388232772129,-3746.065281381238
1784341.647217,-4778.388232772129,-3746.065281381238
1784349.039533,-4778.388232772129,-3746.065281381238
1784354.796457,-4778.388232772129,-3746.065281381238
1784362.132844,-4778.388232772129,-3746.065281381238
1784369.438518,-4778.388232772129,-3746.065281381238
1784376.157965,-4778.388232772129,-3746.065281381238
1784383.655136,-4778.388232772129,-3746.065281381238
1784391.185036,-4778.388232772129,-3746.065281381238
1784397.181813,-4778.388232772129,-3746.065281381238
1784404.224669,-4778.388232772129,-3746.065281381238
1784411.161054,-4778.388232772129,-3746.065281381238
1784418.583116,-4778.388232772129,-3746.065281381238
1784425.542064,-4778.388232772129,-3746.065281381238
1784432.225878,-4778.388232772129,-3746.065281381238
1784439.651314,-4778.388232772129,-3746.065281381238
1784446.803738,-4778.388232772129,-3746.065281381238
1784453.207596,-4778.388232772129,-3746.065281381238
1784460.523817,-4778.388232772129,-3746.065281381238
1784468.147285,-4778.388232772129,-3746.065281381238
1784473.797525,-4778.388232772129,-3746.065281381238
1784481.165721,-4778.388232772129,-3746.065281381238
1784488.167101,-4778.388232772129,-3746.065281381238
1784495.506011,-4778.388232772129,-3746.065281381238
1784502.618251,-4778.388232772129,-3746.065281381238
1784509.186002,-4778.388232772129,-3746.065281381238
1784516.549076,-4778.388232772129,-3746.065281381238
1784523.763544,-4778.388232772129,-3746.065281381238
1784530.18853,-4778.388232772129,-3746.065281381238
1784537.528571,-4778.388232772129,-3746.065281381238
1784545.078167,-4778.388232772129,-3746.065281381238
1784551.187261,-4778.388232772129,-3746.065281381238
1784558.606081,-4775.9482119323075,-3746.7076640009172
1784565.187416,-4774.314579740273,-3747.1452289737904
1784572.165889,-4774.314579740273,-3747.1452289737904
1784579.581768,-4774.314579740273,-3747.1452289737904
1784586.187164,-4774.314579740273,-3747.1452289737904
1784592.756323,-4774.314579740273,-3747.1452289737904
1784599.796939,-4774.314579740273,-3747.1452289737904
1784606.758265,-4774.314579740273,-3747.1452289737904
1784614.271587,-4774.314579740273,-3747.1452289737904
1784621.139576,-4774.314579740273,-3747.1452289737904
1784628.135426,-4774.314579740273,-3747.1452289737904
1784635.519136,-4774.314579740273,-3747.1452289737904
1784642.178951,-4774.314579740273,-3747.1452289737904
1784649.603046,-4774.314579740273,-3747.1452289737904
1784657.811312,-4774.314579740273,-3747.1452289737904
1784663.15642,-4774.314579740273,-3747.1452289737904
1784670.637937,-4774.314579740273,-3747.1452289737904
1784677.16208,-4774.314579740273,-3747.1452289737904
1784684.152626,-4774.314579740273,-3747.1452289737904
1784691.601664,-4774.314579740273,-3747.1452289737904
1784699.032545,-4774.314579740273,-3747.1452289737904
1784705.138731,-4774.314579740273,-3747.1452289737904
1784712.578891,-4774.314579740273,-3747.1452289737904
1784718.794685,-4774.314579740273,-3747.1452289737904
1784726.232761,-4774.314579740273,-3747.1452289737904
1784733.157688,-4774.314579740273,-3747.1452289737904
1784740.132233,-4774.314579740273,-3747.1452289737904
1784747.538021,-4774.314579740273,-3747.1452289737904
1784754.596668,-4774.314579740273,-3747.1452289737904
1784761.182771,-4774.314579740273,-3747.1452289737904
1784768.491213,-4774.314579740273,-3747.1452289737904
1784775.979799,-4774.314579740273,-3747.1452289737904
1784782.131999,-4774.314579740273,-3747.1452289737904
1784789.453743,-4774.314579740273,-3747.1452289737904
1784796.168393,-4774.314579740273,-3747.1452289737904
1784803.419588,-4774.314579740273,-3747.1452289737904
1784810.689153,-4774.314579740273,-3747.1452289737904
1784817.160752,-4774.314579740273,-3747.1452289737904
1784824.539311,-4774.314579740273,-3747.1452289737904
1784830.778493,-4774.314579740273,-3747.1452289737904
1784837.799976,-4774.314579740273,-3747.1452289737904
1784847.317395,-4774.314579740273,-3747.1452289737904
1784852.196675,-4774.314579740273,-3747.1452289737904
1784859.152421,-4774.314579740273,-3747.1452289737904
1784866.576383,-4774.314579740273,-3747.1452289737904
1784873.140769,-4774.314579740273,-3747.1452289737904
1784880.484082,-4774.314579740273,-3747.1452289737904
1784887.588482,-4774.314579740273,-3747.1452289737904
1784894.164351,-4774.314579740273,-3747.1452289737904
1784901.608113,-4774.314579740273,-3747.1452289737904
1784908.808565,-4774.314579740273,-3747.1452289737904
1784915.165865,-4773.125851639498,-3744.482599564539
1784922.683213,-4772.312511359474,-3742.6718253708527
1784930.083127,-4772.312511359474,-3742.6718253708527
1784936.209048,-4772.312511359474,-3742.6718253708527
1784943.60441,-4772.312511359474,-3742.6718253708527
1784950.169819,-4772.312511359474,-3742.6718253708527
1784957.438634,-4772.312511359474,-3742.6718253708527
1784964.97678,-4772.312511359474,-3742.6718253708527
1784971.134938,-4772.312511359474,-3742.6718253708527
1784978.574071,-4772.312511359474,-3742.6718253708527
1784985.991445,-4772.312511359474,-3742.6718253708527
1784992.249096,-4772.312511359474,-3742.6718253708527
1784999.633715,-4759.695309560792,-3740.6283038337187
1785007.498108,-4759.945568113703,-3740.5026202803197
1785013.289948,-4759.945568113703,-3740.5026202803197
1785021.105027,-4759.945568113703,-3740.5026202803197
1785027.288457,-4759.945568113703,-3740.5026202803197
1785034.904538,-4759.945568113703,-3740.5026202803197
1785042.042507,-4759.945568113703,-3740.5026202803197
1785048.264801,-4759.945568113703,-3740.5026202803197
1785055.705527,-4759.945568113703,-3740.5026202803197
1785063.396492,-4759.945568113703,-3740.5026202803197
1785069.261686,-4759.945568113703,-3740.5026202803197
1785076.750805,-4759.945568113703,-3740.5026202803197
1785082.787907,-4759.945568113703,-3740.5026202803197
1785090.920318,-4759.945568113703,-3740.5026202803197
1785098.873819,-4759.945568113703,-3740.5026202803197
1785104.236766,-4759.945568113703,-3740.5026202803197
1785111.599043,-4759.945568113703,-3740.5026202803197
1785118.815609,-4759.945568113703,-3740.5026202803197
1785125.243261,-4759.945568113703,-3740.5026202803197
1785132.236405,-4759.945568113703,-3740.5026202803197
1785139.648425,-4759.945568113703,-3740.5026202803197
1785145.785903,-4759.945568113703,-3740.5026202803197
1785153.28594,-4759.945568113703,-3740.5026202803197
1785161.220653,-4759.945568113703,-3740.5026202803197
1785167.290253,-4759.945568113703,-3740.5026202803197
1785174.741958,-4759.945568113703,-3740.5026202803197
1785181.235938,-4748.482336286176,-3739.501806770754
1785188.232934,-4737.470960162549,-3739.5483562292907
1785195.752321,-4737.470960162549,-3739.5483562292907
1785201.754258,-4737.470960162549,-3739.5483562292907
1785210.686205,-4737.470960162549,-3739.5483562292907
1785216.334054,-4737.470960162549,-3739.5483562292907
1785223.318016,-4737.470960162549,-3739.5483562292907
1785230.773004,-4737.470960162549,-3739.5483562292907
1785237.296117,-4737.470960162549,-3739.5483562292907
1785244.315636,-4737.470960162549,-3739.5483562292907
1785251.293136,-4737.470960162549,-3739.5483562292907
1785258.326916,-4737.470960162549,-3739.5483562292907
1785265.787697,-4737.470960162549,-3739.5483562292907
1785273.884858,-4737.470960162549,-3739.5483562292907
1785279.330443,-4737.470960162549,-3739.5483562292907
1785286.754062,-4737.470960162549,-3739.5483562292907
1785294.192973,-4737.470960162549,-3739.5483562292907
1785300.309575,-4737.470960162549,-3739.5483562292907
1785307.772736,-4737.470960162549,-3739.5483562292907
1785315.572927,-4737.470960162549,-3739.5483562292907
1785321.477408,-4737.470960162549,-3739.5483562292907
1785330.75553,-4737.470960162549,-3739.5483562292907
1785335.360809,-4737.470960162549,-3739.5483562292907
1785342.345063,-4737.470960162549,-3739.5483562292907
1785350.012989,-4737.470960162549,-3739.5483562292907
1785356.334681,-4737.470960162549,-3739.5483562292907
1785363.629739,-4737.470960162549,-3739.5483562292907
1785370.71688,-4737.470960162549,-3739.5483562292907
1785377.336209,-4737.470960162549,-3739.5483562292907
1785384.76218,-4737.470960162549,-3739.5483562292907
1785392.547862,-4737.470960162549,-3739.5483562292907
1785398.350707,-4737.470960162549,-3739.5483562292907
1785405.901055,-4737.470960162549,-3739.5483562292907
1785412.351623,-4737.470960162549,-3739.5483562292907
1785420.156655,-4737.470960162549,-3739.5483562292907
1785427.477007,-4737.470960162549,-3739.5483562292907
1785433.363452,-4737.470960162549,-3739.5483562292907
1785440.797073,-4737.470960162549,-3739.5483562292907
1785446.894649,-4737.470960162549,-3739.5483562292907
1785454.482279,-4737.470960162549,-3739.5483562292907
1785462.644983,-4737.470960162549,-3739.5483562292907
1785468.340327,-4737.470960162549,-3739.5483562292907
1785475.364851,-4737.470960162549,-3739.5483562292907
1785482.860827,-4737.470960162549,-3739.5483562292907
1785489.356924,-4737.470960162549,-3739.5483562292907
1785497.102246,-4737.470960162549,-3739.5483562292907
1785504.424288,-4737.470960162549,-3739.5483562292907
1785510.360919,-4737.470960162549,-3739.5483562292907
1785517.902049,-4737.470960162549,-3739.5483562292907
1785525.396051,-4737.470960162549,-3739.5483562292907
1785531.338724,-4737.470960162549,-3739.5483562292907
1785539.099921,-4737.470960162549,-3739.5483562292907
1785544.78018,-4737.470960162549,-3739.5483562292907
1785552.640646,-4737.470960162549,-3739.5483562292907
1785559.342156,-4737.470960162549,-3739.5483562292907
1785565.76616,-4737.470960162549,-3739.5483562292907
1785573.480525,-4737.470960162549,-3739.5483562292907
1785580.800797,-4737.470960162549,-3739.5483562292907
1785587.375326,-4737.470960162549,-3739.5483562292907
1785594.836612,-4737.470960162549,-3739.5483562292907
1785602.482833,-4737.470960162549,-3739.5483562292907
1785608.564097,-4737.470960162549,-3739.5483562292907
1785615.944117,-4737.470960162549,-3739.5483562292907
1785623.546205,-4737.470960162549,-3739.5483562292907
1785629.36518,-4737.470960162549,-3739.5483562292907
1785636.783627,-4737.470960162549,-3739.5483562292907
1785643.380953,-4737.470960162549,-3739.5483562292907
1785651.059565,-4737.470960162549,-3739.5483562292907
1785658.261234,-4737.012152831879,-3739.664729894002
1785664.289877,-4733.383403879401,-3740.5212400581427
1785671.680953,-4733.383403879401,-3740.5212400581427
1785679.052968,-4733.383403879401,-3740.5212400581427
1785685.188493,-4733.383403879401,-3740.5212400581427
1785693.390415,-4733.383403879401,-3740.5212400581427
1785700.830031,-4733.383403879401,-3740.5212400581427
1785706.211388,-4733.383403879401,-3740.5212400581427
1785713.195366,-4733.383403879401,-3740.5212400581427
1785720.231671,-4733.383403879401,-3740.5212400581427
1785727.207126,-4733.383403879401,-3740.5212400581427
1785734.621775,-4733.383403879401,-3740.5212400581427
1785741.21002,-4733.383403879401,-3740.5212400581427
1785748.2377,-4733.383403879401,-3740.5212400581427
1785755.655221,-4733.383403879401,-3740.5212400581427
1785762.249747,-4733.383403879401,-3740.5212400581427
1785769.594141,-4733.383403879401,-3740.5212400581427
1785777.29356,-4733.383403879401,-3740.5212400581427
1785783.252118,-4733.383403879401,-3740.5212400581427
1785790.255109,-4733.383403879401,-3740.5212400581427
1785797.255069,-4733.383403879401,-3740.5212400581427
1785804.652541,-4733.383403879401,-3740.5212400581427
1785811.046033,-4733.383403879401,-3740.5212400581427
1785817.777862,-4733.383403879401,-3740.5212400581427
1785825.290227,-4733.383403879401,-3740.5212400581427
1785831.845775,-4733.383403879401,-3740.5212400581427
1785838.845881,-4733.383403879401,-3740.5212400581427
1785846.205878,-4733.383403879401,-3740.5212400581427
1785853.954273,-4733.383403879401,-3740.5212400581427
1785860.188369,-4733.383403879401,-3740.5212400581427
1785867.624503,-4733.383403879401,-3740.5212400581427
1785874.231415,-4733.383403879401,-3740.5212400581427
1785881.669633,-4733.383403879401,-3740.5212400581427
1785888.253521,-4733.383403879401,-3740.5212400581427
1785895.237848,-4733.383403879401,-3740.5212400581427
1785900.609206,-4731.756723317815,-3741.9409987629547
1785904.15341,-4731.756723317815,-3741.9409987629547
1785909.260702,-4705.444817610972,-3753.9321409404224
1785916.215291,-4698.520997771244,-3798.3775681394054
1785923.632518,-4693.78694023014,-3878.6521090834835
1785930.829827,-4691.937807625321,-3913.4524810077337
1786433.123206,-5566.964971801566,-3217.8699664305086
1786433.123882,-5566.964971801566,-3217.8699664305086
1786440.652056,-5566.964971801566,-3217.8699664305086
1786440.652775,-5566.964971801566,-3217.8699664305086
1786457.441047,-5360.920611938978,-3162.9352092543063
1786457.621048,-5360.920611938978,-3162.9352092543063
1786468.458603,-5359.113189122932,-3169.6755779584923
1786472.125769,-5316.5622849366855,-3177.2957322584125
1786478.505738,-5253.872519469381,-3182.532551757119
1786485.478209,-5180.101861643101,-3189.5801469862354
1786491.039237,-5114.033605578766,-3185.944630564047
1786498.562088,-5063.8915252338265,-3161.645787886684
1786505.055189,-5037.600474617355,-3148.7282993042563
1786512.517627,-4998.386350708675,-3129.6430003793953
1786520.002017,-4962.196184203413,-3130.578645536813
1786530.73885,-4928.6337324110145,-3198.89935799183
1786533.484372,-4916.232031076473,-3223.3657774616536
1786542.95868,-4892.652114628987,-3278.745719250872
1786547.444386,-4873.291835346134,-3325.965529647202
1786554.760185,-4859.298211573441,-3353.727648397445
1786561.191869,-4851.859971406972,-3384.6085818768192
1786568.053732,-4908.453161235611,-3426.9825826632396
1786576.269824,-4915.161480623747,-3430.8694649482677
1786582.600818,-4915.161480623747,-3430.8694649482677
1786589.747772,-4915.161480623747,-3430.8694649482677
1786596.949387,-4915.161480623747,-3430.8694649482677
1786603.434556,-4918.359228726572,-3434.072069728471
1786610.729737,-4908.93282345188,-3475.5523171118643
1786617.703085,-4897.705946961645,-3501.4105554727935
1786624.042054,-4889.350092135806,-3521.5664813064127
1786631.505575,-4883.475967900742,-3535.8525170426306
1786639.472509,-4883.475967900742,-3535.8525170426306
1786645.491753,-4883.475967900742,-3535.8525170426306
1786652.907403,-4883.475967900742,-3535.8525170426306
1786659.536212,-4883.475967900742,-3535.8525170426306
1786667.077377,-4883.475967900742,-3535.8525170426306
1786673.476553,-4883.475967900742,-3535.8525170426306
1786680.433269,-4873.28488372247,-3563.9870224560154
1786688.222247,-4835.620972320513,-3653.4737335500877
1786694.029221,-4805.895818157556,-3717.893544468993
1786698.930089,-4791.429483768394,-3742.709064939892
1786701.029212,-4788.078799876272,-3758.1309026272174
1786709.650612,-4784.026001724931,-3759.8439229174883
1786715.206858,-4784.026001724931,-3759.8439229174883
1786722.023001,-4784.026001724931,-3759.8439229174883
1786729.091217,-4784.026001724931,-3759.8439229174883
1786736.02028,-4784.026001724931,-3759.8439229174883
1786743.029006,-4784.026001724931,-3759.8439229174883
1786752.306183,-4784.026001724931,-3759.8439229174883
1786757.462095,-4784.026001724931,-3759.8439229174883
1786758.461099,-4784.026001724931,-3759.8439229174883
1786764.026905,-4784.026001724931,-3759.8439229174883
1786771.054125,-4784.026001724931,-3759.8439229174883
1786778.060097,-4767.814809123649,-3745.6137515743844
1786785.757726,-4726.577761688871,-3743.0721507666194
1786792.051228,-4688.7887208878055,-3781.065823257177
1786799.479288,-4650.659050366938,-3778.2495807627565
1786806.906166,-4613.5790753855235,-3762.9161875349264
1786813.49092,-4615.754934433238,-3700.4747335998927
1786820.033126,-4605.5916567025815,-3637.9820691077985
1786827.49864,-4597.875351443166,-3583.514528369101
1786834.462704,-4603.443604157448,-3538.077582210154
1786841.841072,-4601.010534931439,-3521.096331541946
1786849.414927,-4608.12900031739,-3513.615829812431
1786855.434392,-4626.655084566932,-3521.3570086400887
1786863.105499,-4784.026001724931,-3759.8439229174883
1786863.611856,-4655.490430678145,-3531.649098939304
1786871.115717,-4657.033691733023,-3531.5978945073866
1786876.939564,-4657.033691733023,-3531.5978945073866
1786884.586791,-4657.033691733023,-3531.5978945073866
1786890.533936,-4657.033691733023,-3531.5978945073866
1786897.107163,-4657.033691733023,-3531.5978945073866
1786904.632642,-4657.033691733023,-3531.5978945073866
1786911.614825,-4657.033691733023,-3531.5978945073866
1786919.051591,-4657.033691733023,-3531.5978945073866
1786925.22309,-4657.033691733023,-3531.5978945073866
1786932.054426,-4657.033691733023,-3531.5978945073866
1786940.116752,-4660.641585804191,-3544.9901800006915
1786946.655333,-4660.829279719343,-3544.324522446806
1786953.486713,-4673.237932752526,-3538.5198022727877
1786960.966427,-4687.530476522513,-3518.498870468663
1786967.509981,-4707.419079491895,-3525.453363010678
1786974.444619,-4722.02444644191,-3505.1624437963965
1786981.869263,-4784.23455051883,-3524.2058369059623
1786988.495713,-4836.517732116652,-3552.8151475208524
1786995.77696,-4784.026001724931,-3759.8439229174883
1786995.784232,-4859.534566861777,-3565.197308892568
1787003.905412,-4859.465050600067,-3565.155414355438
1787009.463282,-4859.465050600067,-3565.155414355438
1787843.608361,-2910.305459331153,-3623.8030994608353
1787843.609088,-2910.305459331153,-3623.8030994608353
1787849.762089,-3132.8756871258543,-3766.3003335581034
1787849.762788,-3132.8756871258543,-3766.3003335581034
1787857.635188,-3179.236084606043,-3801.407938071891
1787857.641539,-3179.236084606043,-3801.407938071891
1787864.665867,-3252.798196717683,-3863.8447271465343
1787872.476021,-3313.1452666992277,-3906.5398872131896
1787879.686676,-3338.51870355133,-3909.5469818995916
1787887.0879,-3377.7119739277064,-3870.645602698425
1787941.202648,-3868.0658038568586,-3313.7323220056546
1787941.203386,-3868.0658038568586,-3313.7323220056546
1787947.680651,-3904.3602456206704,-3270.822994420599
1787964.012421,-3963.3726026289646,-3202.0740342475983
1787964.013029,-3963.3726026289646,-3202.0740342475983
1787973.211368,-3982.5243335082428,-3176.1087198386977
1787979.97517,-4004.442811705085,-3159.448651106763
1787987.115313,-4025.4784333278008,-3167.478441206237
1787992.49695,-4082.9822872565355,-3201.394411465742
1788050.42342,-4327.199875019782,-3259.008731220859
1788050.424097,-4327.199875019782,-3259.008731220859
1788056.226867,-4321.138056792957,-3256.0062884169806
1788063.642699,-4321.138056792957,-3256.0062884169806
1788065.240097,-4321.138056792957,-3256.0062884169806
1788070.626701,-4321.138056792957,-3256.0062884169806
1788077.696014,-4321.138056792957,-3256.0062884169806
1788084.882437,-4321.138056792957,-3256.0062884169806
1788091.977325,-4321.138056792957,-3256.0062884169806
1788099.292576,-4321.138056792957,-3256.0062884169806
1788105.721137,-4321.138056792957,-3256.0062884169806
1788113.222533,-4321.138056792957,-3256.0062884169806
1788120.391865,-4321.138056792957,-3256.0062884169806
1788126.23844,-4321.138056792957,-3256.0062884169806
1788133.693131,-4316.181547168442,-3252.6547243355217
1788141.086859,-4315.847869102825,-3252.4080119719056
1788147.692095,-4315.847869102825,-3252.4080119719056
1788155.118513,-4315.847869102825,-3252.4080119719056
1788162.734594,-4315.847869102825,-3252.4080119719056
1788169.916296,-4315.847869102825,-3252.4080119719056
1788175.193096,-4315.847869102825,-3252.4080119719056
1788183.112957,-4315.847869102825,-3252.4080119719056
1788189.749183,-4315.847869102825,-3252.4080119719056
1788196.816138,-4315.847869102825,-3252.4080119719056
1788203.206249,-4315.847869102825,-3252.4080119719056
1788210.201486,-4315.847869102825,-3252.4080119719056
1788217.669555,-4315.847869102825,-3252.4080119719056
1788224.618871,-4315.847869102825,-3252.4080119719056
1788232.04717,-4310.036309429967,-3254.023279665104
1788239.645211,-4310.098874060539,-3255.1404676915427
1788245.600995,-4310.098874060539,-3255.1404676915427
1788252.646523,-4310.098874060539,-3255.1404676915427
1788259.603737,-4310.098874060539,-3255.1404676915427
1788267.105171,-4310.098874060539,-3255.1404676915427
1788274.185231,-4310.098874060539,-3255.1404676915427
1788280.646876,-4310.098874060539,-3255.1404676915427
1788287.593136,-4310.098874060539,-3255.1404676915427
1788295.047061,-4310.098874060539,-3255.1404676915427
1788301.224289,-4310.098874060539,-3255.1404676915427
1788308.619902,-4310.098874060539,-3255.1404676915427
1788315.645188,-4310.098874060539,-3255.1404676915427
1788322.845657,-4310.098874060539,-3255.1404676915427
1788330.079031,-4310.098874060539,-3255.1404676915427
1788336.602478,-4310.098874060539,-3255.1404676915427
1788343.601132,-4310.098874060539,-3255.1404676915427
1788351.093055,-4310.098874060539,-3255.1404676915427
1788357.600139,-4310.098874060539,-3255.1404676915427
1788365.522566,-4310.098874060539,-3255.1404676915427
1788372.644634,-4310.098874060539,-3255.1404676915427
1788378.596245,-4310.098874060539,-3255.1404676915427
1788386.093044,-4310.098874060539,-3255.1404676915427
1788392.625486,-4310.098874060539,-3255.1404676915427
1788399.627917,-4310.098874060539,-3255.1404676915427
1788407.067866,-4310.098874060539,-3255.1404676915427
1788413.599935,-4310.098874060539,-3255.1404676915427
1788420.237505,-4310.098874060539,-3255.1404676915427
1788428.648049,-4310.098874060539,-3255.1404676915427
1788434.601073,-4310.098874060539,-3255.1404676915427
1788441.742615,-4310.098874060539,-3255.1404676915427
1788448.990485,-4310.098874060539,-3255.1404676915427
1788455.653293,-4310.098874060539,-3255.1404676915427
1788463.093798,-4310.098874060539,-3255.1404676915427
1788470.666485,-4310.098874060539,-3255.1404676915427
1788476.682584,-4310.098874060539,-3255.1404676915427
1788483.967709,-4302.264391105247,-3258.785293612607
1788490.651465,-4298.350625435007,-3260.3307370422262
1788498.005323,-4298.350625435007,-3260.3307370422262
1788504.625251,-4298.350625435007,-3260.3307370422262
1788511.630681,-4298.350625435007,-3260.3307370422262
1788519.113164,-4298.350625435007,-3260.3307370422262
1788526.443604,-4298.350625435007,-3260.3307370422262
1788532.601543,-4298.350625435007,-3260.3307370422262
1788539.227656,-4298.350625435007,-3260.3307370422262
1788546.631552,-4298.350625435007,-3260.3307370422262
1788553.600191,-4298.350625435007,-3260.3307370422262
1788560.980861,-4298.350625435007,-3260.3307370422262
1788567.664988,-4298.350625435007,-3260.3307370422262
1788574.987784,-4298.350625435007,-3260.3307370422262
1788582.187845,-4298.350625435007,-3260.3307370422262
1788588.646854,-4298.350625435007,-3260.3307370422262
1788596.025095,-4298.350625435007,-3260.3307370422262
1788603.350864,-4298.350625435007,-3260.3307370422262
1788609.60012,-4298.350625435007,-3260.3307370422262
1788617.145048,-4298.350625435007,-3260.3307370422262
1788624.578354,-4298.350625435007,-3260.3307370422262
1788630.616918,-4298.350625435007,-3260.3307370422262
1788638.079854,-4298.350625435007,-3260.3307370422262
1788644.643148,-4298.350625435007,-3260.3307370422262
1788651.919865,-4298.350625435007,-3260.3307370422262
1788659.328462,-4298.350625435007,-3260.3307370422262
1788665.223575,-4298.350625435007,-3260.3307370422262
1788672.741228,-4298.350625435007,-3260.3307370422262
1788680.045044,-4298.350625435007,-3260.3307370422262
1788686.673042,-4298.350625435007,-3260.3307370422262
1788694.106464,-4298.350625435007,-3260.3307370422262
1788701.585106,-4298.350625435007,-3260.3307370422262
1788707.697054,-4298.350625435007,-3260.3307370422262
1788715.111718,-4298.350625435007,-3260.3307370422262
1788721.838385,-4298.350625435007,-3260.3307370422262
1788728.646533,-4298.350625435007,-3260.3307370422262
1788736.089857,-4298.350625435007,-3260.3307370422262
1788742.516807,-4298.350625435007,-3260.3307370422262
1788749.989052,-4298.350625435007,-3260.3307370422262
1788757.290826,-4298.350625435007,-3260.3307370422262
1788763.670823,-4298.350625435007,-3260.3307370422262
1788771.236957,-4298.350625435007,-3260.3307370422262
1788777.233581,-4298.350625435007,-3260.3307370422262
1788784.234928,-4298.350625435007,-3260.3307370422262
1788791.647759,-4298.350625435007,-3260.3307370422262
1788798.818577,-4298.350625435007,-3260.3307370422262
1788805.606708,-4298.350625435007,-3260.3307370422262
1788813.187838,-4298.350625435007,-3260.3307370422262
1788819.631859,-4298.350625435007,-3260.3307370422262
1788827.105185,-4298.350625435007,-3260.3307370422262
1788834.371702,-4298.350625435007,-3260.3307370422262
1788840.655832,-4298.350625435007,-3260.3307370422262
1788848.04521,-4298.350625435007,-3260.3307370422262
1788855.709057,-4298.350625435007,-3260.3307370422262
1788861.709537,-4298.350625435007,-3260.3307370422262
1788868.997025,-4298.350625435007,-3260.3307370422262
1788875.675631,-4298.350625435007,-3260.3307370422262
1788882.669023,-4298.350625435007,-3260.3307370422262
1788889.677267,-4298.350625435007,-3260.3307370422262
1788896.670301,-4298.350625435007,-3260.3307370422262
1788903.287625,-4298.350625435007,-3260.3307370422262
1788910.197396,-4298.350625435007,-3260.3307370422262
1788917.224167,-4298.350625435007,-3260.3307370422262
1788924.644935,-4298.350625435007,-3260.3307370422262
1788932.61316,-4298.350625435007,-3260.3307370422262
1788938.642815,-4298.350625435007,-3260.3307370422262
1788946.066632,-4298.350625435007,-3260.3307370422262
1788952.702572,-4298.350625435007,-3260.3307370422262
1788960.132622,-4298.350625435007,-3260.3307370422262
1788963.814075,-4298.350625435007,-3260.3307370422262
1788967.087048,-4295.458748857474,-3262.951473923059
1788973.819622,-4282.264561934972,-3266.7731879135335
1788982.873143,-4286.692747956924,-3287.534264675093
1788987.742347,-4333.025337938151,-3305.041530896034
1788994.713067,-4425.996389339827,-3352.5452912547485
1789003.210116,-4442.291001585521,-3345.8468190311464
1789008.637257,-4442.165872316485,-3304.301393889098
1789015.867605,-4434.970939001355,-3274.425925698173
1789023.169427,-4425.607098260217,-3255.9504290144023
1789031.972531,-4467.372469581156,-3249.6150418898937
1789038.072084,-4515.19965905724,-3239.834991553831
1789043.599871,-4528.3938459127985,-3241.482843927822
1789051.168906,-4528.3938459127985,-3241.482843927822
1789058.178394,-4544.7510227599905,-3240.291176669093
1789065.339727,-4580.767398962147,-3239.858266306927
1789071.680003,-4590.430159607413,-3203.936014439574
1789079.026365,-4585.925505720698,-3097.556422136101
1789085.588825,-4598.535755946396,-3016.211143618177
1789094.918461,-4618.1462939077965,-2938.17552586572
1789102.133718,-4627.294634190221,-2879.0390074516804
1789106.719048,-4677.485376453145,-2776.0574769217446
1789114.503137,-4709.511519025565,-2711.586366043602
1789121.578342,-4772.611431294722,-2562.059913199857
1789127.231756,-4797.463495419593,-2502.062192991381
1789134.875239,-4867.2647753295305,-2334.0880970892977
1789141.965987,-4880.02100961936,-2131.243664834612
1789148.251967,-4889.996593378802,-2005.406163577684
1789157.993149,-4876.684228990061,-1878.8005689653635
1789162.708371,-4858.860259115242,-1745.1938875686342
1789169.658318,-4853.368474319742,-1723.7577910331152
1789176.196442,-4852.026810441881,-1723.2876399385784
1789186.12912,-4852.026810441881,-1723.2876399385784
1789190.681529,-4852.026810441881,-1723.2876399385784
1789198.01183,-4844.7345544295,-1717.1198161511477
1789204.694677,-4803.136022504876,-1701.8655075432982
1789211.713401,-4798.666126775433,-1700.799521366092
1789218.990409,-4798.666126775433,-1700.799521366092
1789225.641068,-4751.228228686804,-1692.4717951975965
1789233.182356,-4686.536393957912,-1680.2106263423843
1789239.657056,-4619.341973636704,-1670.9286327595698
1789246.557176,-4610.860989479373,-1669.9604007236917
1789253.962379,-4610.860989479373,-1669.9604007236917
1789260.705019,-4610.860989479373,-1669.9604007236917
1789267.954261,-4585.584876033498,-1647.421075680373
1789275.510932,-4519.565280418215,-1645.1447993200538
1789282.329612,-4440.858966553012,-1671.873589984684
1789290.815513,-4372.552285644967,-1672.1342678401643
1789297.45286,-4393.7964559026595,-1593.8471171024648
1789302.307933,-4427.199020706004,-1522.7518742805842
1789309.682601,-4496.6666231374,-1405.7354087211045
1789318.174526,-4520.079700765981,-1335.8271607151657
1789323.594856,-4531.271819228049,-1265.4022039458914
1789332.107941,-4484.869713176503,-1195.2751571432714
1789337.606608,-4429.2219439821265,-1186.7379509266289
1789345.048254,-4414.34546351768,-1155.652092172804
1789351.603829,-4390.758595165906,-1068.3342435878053
1789361.031779,-4356.389754267569,-1052.581838020296
1789370.112084,-4342.7923730342845,-1049.2535371541267
1789370.448921,-4342.7923730342845,-1049.2535371541267
1789370.449608,-4342.7923730342845,-1049.2535371541267
1789384.680466,-4342.7923730342845,-1049.2535371541267
1789384.776149,-4343.070438092932,-1046.9446738782506
1789390.949168,-4343.438874293598,-1043.2113909122822
1789400.314446,-4343.438874293598,-1043.2113909122822
1789405.354356,-4343.438874293598,-1043.2113909122822
1789412.37831,-4343.438874293598,-1043.2113909122822
1789419.641063,-4343.438874293598,-1043.2113909122822
1789426.060705,-4343.438874293598,-1043.2113909122822
1789435.244274,-4329.897106063325,-1040.153078039835
1789440.396475,-4258.489999607833,-1049.5095603012987
1789447.429294,-4248.04170510624,-1139.1595492402637
1789454.422387,-4262.584507566163,-1163.1838262764616
1789461.762056,-4261.590424983965,-1213.4341761165551
1789468.386636,-4295.674249269165,-1220.8728102379325
1789475.743635,-4340.8111595135115,-1172.1306697747154
1789482.450706,-4404.383782896691,-1173.3409607653377
1789493.033481,-4435.09606827866,-1212.0283766644682
1789496.083964,-4439.489496159104,-1248.4488223540338
1789514.302898,-4401.165179876381,-1359.0414665895387
1789514.318481,-4363.9531237874,-1440.0052502133058
1789517.292922,-4304.120475358244,-1564.8653213125583
1789524.053743,-4284.940938101431,-1612.5693751026427
1789540.321848,-4282.688611142967,-1617.3407112831067
1789540.328448,-4282.688611142967,-1617.3407112831067
1789545.055085,-4282.688611142967,-1617.3407112831067
1789554.891823,-4282.688611142967,-1617.3407112831067
1789558.976143,-4282.688611142967,-1617.3407112831067
1789565.976056,-4282.688611142967,-1617.3407112831067
1789575.391873,-4251.739970360647,-1606.0896677692756
1789580.271542,-4194.694923974912,-1535.1945897164176
1789583.804777,-4182.202851293024,-1522.9613476040884
1789586.948445,-4182.202851293024,-1522.9613476040884
1789593.975995,-4178.588005560363,-1519.5958095007127
1789601.004044,-4178.588005560363,-1519.5958095007127
1789607.97966,-4178.588005560363,-1519.5958095007127
1789616.92145,-4178.588005560363,-1519.5958095007127
1789621.97422,-4178.588005560363,-1519.5958095007127
1789628.975657,-4178.588005560363,-1519.5958095007127
1789635.974255,-4178.588005560363,-1519.5958095007127
1789642.976773,-4178.588005560363,-1519.5958095007127
1789649.975856,-4178.588005560363,-1519.5958095007127
1789656.984749,-4178.588005560363,-1519.5958095007127
1789665.769585,-4178.588005560363,-1519.5958095007127
1789673.296228,-4178.588005560363,-1519.5958095007127
1789678.451934,-4178.588005560363,-1519.5958095007127
1789685.959704,-4178.588005560363,-1519.5958095007127
1789692.494618,-4178.588005560363,-1519.5958095007127
1789698.976392,-4178.588005560363,-1519.5958095007127
1789707.629558,-4178.588005560363,-1519.5958095007127
1789713.447684,-4178.588005560363,-1519.5958095007127
1789720.440659,-4178.588005560363,-1519.5958095007127
1789728.050185,-4178.588005560363,-1519.5958095007127
1789734.400263,-4178.588005560363,-1519.5958095007127
1789740.94606,-4178.588005560363,-1519.5958095007127
1789749.864875,-4178.588005560363,-1519.5958095007127
1789754.982289,-4178.588005560363,-1519.5958095007127
1789763.988073,-4178.588005560363,-1519.5958095007127
1789769.422892,-4178.588005560363,-1519.5958095007127
1789776.419891,-4178.588005560363,-1519.5958095007127
1789783.723687,-4178.588005560363,-1519.5958095007127
1789791.404805,-4178.588005560363,-1519.5958095007127
1789797.418758,-4178.588005560363,-1519.5958095007127
1789803.982628,-4178.588005560363,-1519.5958095007127
1789810.94844,-4178.588005560363,-1519.5958095007127
1789819.882747,-4178.588005560363,-1519.5958095007127
1789824.977441,-4178.588005560363,-1519.5958095007127
1789831.985994,-4178.588005560363,-1519.5958095007127
1789840.750772,-4178.588005560363,-1519.5958095007127
1789846.420995,-4178.588005560363,-1519.5958095007127
1789853.398727,-4178.588005560363,-1519.5958095007127
1789860.749468,-4178.588005560363,-1519.5958095007127
1789870.180793,-4178.588005560363,-1519.5958095007127
1789873.946573,-4178.588005560363,-1519.5958095007127
1789880.982356,-4178.588005560363,-1519.5958095007127
1789887.992455,-4172.150799488703,-1506.464159243606
1789894.944838,-4172.150799488703,-1506.464159243606
1789903.442112,-4172.150799488703,-1506.464159243606
1789909.417234,-4172.150799488703,-1506.464159243606
1789916.848866,-4171.740653527274,-1505.9567682890204
1789924.356732,-4159.658726800995,-1496.3209949736968
1789930.348035,-4159.56140402631,-1495.9160131920707
1789936.977254,-4159.56140402631,-1495.9160131920707
1789943.948905,-4159.56140402631,-1495.9160131920707
1789950.975972,-4159.56140402631,-1495.9160131920707
1789959.690273,-4159.56140402631,-1495.9160131920707
1789965.354542,-4159.56140402631,-1495.9160131920707
1789972.679623,-4159.56140402631,-1495.9160131920707
1789979.354336,-4159.56140402631,-1495.9160131920707
1789985.976473,-4159.56140402631,-1495.9160131920707
1789994.548458,-4159.56140402631,-1495.9160131920707
1789999.975369,-4159.56140402631,-1495.9160131920707
1790007.384296,-4159.56140402631,-1495.9160131920707
1790014.680937,-4159.56140402631,-1495.9160131920707
1790022.286716,-4159.56140402631,-1495.9160131920707
1790028.415502,-4159.56140402631,-1495.9160131920707
1790035.733,-4148.855899331579,-1492.382896273786
1790042.372113,-4148.855899331579,-1492.382896273786
1790049.794053,-4148.855899331579,-1492.382896273786
1790056.896309,-4148.855899331579,-1492.382896273786
1790062.966036,-4148.855899331579,-1492.382896273786
1790071.082508,-4148.855899331579,-1492.382896273786
1790078.309018,-4148.855899331579,-1492.382896273786
1790084.374719,-4148.855899331579,-1492.382896273786
1790091.733376,-4148.855899331579,-1492.382896273786
1790099.390615,-4148.855899331579,-1492.382896273786
1790105.150317,-4163.767138015301,-1480.2567174931262
1790113.245566,-4195.869748843543,-1504.727858074589
1790118.979013,-4186.811779617581,-1528.2028356949786
1790127.689056,-4140.465286230388,-1492.0011893061996
1790132.986207,-4127.618680587896,-1468.4656958274304
1790137.082868,-4082.182850211793,-1436.095080944744
1790139.946032,-4082.182850211793,-1436.095080944744
1790147.978245,-4026.5837419373433,-1383.1029750325881
1790154.71696,-4054.4667156013084,-1329.2729711387049
1790161.612974,-4091.261674336754,-1257.0325773939337
1790167.97692,-4088.3419912351596,-1149.4935728037326
1790174.945617,-4078.6444723584436,-1059.5549774155193
1790181.976772,-4069.0651311260604,-979.1125016042876
1792096.551862,495.0531454278129,-1653.0070299237318
1792103.562318,309.95218072068997,-1585.0818230811215
1792110.820402,173.5751676679535,-1531.5544088691233
1792116.611753,22.829142165692172,-1475.4202108032691
1792123.600428,-120.9722082491418,-1422.9494640759037
1792130.611809,-272.1075248393953,-1407.0760382559902
1792137.938443,-327.8039581395735,-1386.3055901320918
1792144.557845,-327.8734744054696,-1291.0277840036517
1792151.567665,-282.7921751166352,-1095.9661219035852
1792158.606251,-237.94723112693518,-961.3863878626212
1792167.999319,-212.6850196111193,-861.8538776237588
1792172.628367,-198.32991042689028,-722.6005054827851
1792179.630742,-215.29883125699934,-634.0211007276725
1792186.549387,-261.29079366266603,-522.4461316247838
1792197.164636,-406.1001299056516,-357.4832789633887
1792200.51719,-537.2078098527153,-242.85459957308393
1792210.566244,-672.4725625236762,-118.80423406077045
1792214.883434,-829.342970959615,116.99812604807605
1792221.57635,-881.1395415858092,298.7888832121524
1792241.608316,-979.6371404297108,447.7434821439203
1792242.488299,-1115.1104416622513,544.0503133608875
1792242.527951,-1363.6797574823895,576.7329142844542
1792249.617006,-1527.0499362756982,509.8082965836652
1792256.607493,-1774.0551353745325,418.2774769566168
1792271.635427,-1930.564058107816,395.8265232107707
1792272.394017,-2087.3371424193597,453.6134084593198
1792277.945749,-2311.6800373786045,601.3717142389593
1792284.550108,-2471.7134339268127,692.6558463518338
1792291.600116,-2645.9351000590163,724.3562542992422
1792298.549919,-2899.6833739152007,666.3040106386195
1792311.969521,-3051.3331075824176,627.0671952886884
1792312.553287,-3158.9442867005005,599.9798757170868
1792319.663122,-3301.3553081014456,585.8799464694271
1792326.604347,-3353.8887498107806,642.6008588782064
1792341.671444,-3295.8774263896726,681.7957803820179
1792341.679486,-3252.401954005368,565.9799147940923
1792347.705706,-3248.515994770639,460.27933594790557
1792354.606992,-3246.2636677687096,371.5740942872537
1792363.603764,-3315.070867250676,261.2232268756295
1792368.524829,-3331.831238827448,157.07746040116774
1792376.825718,-3333.6108552184605,41.522369000813214
1792383.91087,-3336.926781072275,-17.99612903793737
1792389.524336,-3336.9615392083283,-17.809930088276836
1792398.271898,-3336.9615392083283,-17.809930088276836
1792404.100726,-3336.9615392083283,-17.809930088276836
1792410.523286,-3336.9615392083283,-17.809930088276836
1792417.533193,-3336.9615392083283,-17.809930088276836
1792424.535698,-3336.9615392083283,-17.809930088276836
1792431.545625,-3337.2604591523245,-19.26228191367432
1792441.615694,-3343.447406763837,-65.07653249839409
1792445.527097,-3388.125510464946,-170.36271381360197
1792452.511773,-3451.621667127162,-250.83322182754014
1792462.400426,-3550.2791506046988,-307.59129426406025
1792466.534759,-3726.071881446799,-376.24746812406687
1792473.499965,-3806.064247359535,-444.4800322390484
1792481.639826,-3851.9797402091012,-498.52889467560755
1792489.83189,-3962.3576651609164,-562.693002041032
1792494.61479,-3987.8353761143703,-587.6948444906161
1792504.975633,-4028.259083907119,-624.4504837625775
1792508.540867,-4187.381812984247,-627.9603306559645
1792516.124088,-4299.240433618275,-595.2033104880054
1792522.532194,-4348.159028616029,-596.3018833170812
1792529.508651,-4299.490692165515,-662.7562256094388
1792538.062176,-4236.877393087162,-705.800723378828
1792543.542757,-4176.669356663484,-747.1135699600804
1792552.170525,-4110.941728775361,-812.2086458303223
1792557.902392,-4087.9596517848195,-827.9889871530714
1792564.534237,-4069.3084380507053,-910.1910597403458
1792571.533774,-4079.867958613013,-1025.6668226455356
1792578.503288,-4091.4007068709298,-1108.9953713897448
1792585.53495,-4102.66929332208,-1191.3696413334708
1792602.116878,-4113.041119960028,-1275.5127871605832
1792602.19355,-4123.927366956161,-1348.1069560746757
1792609.715835,-4145.887554850177,-1425.928640732889
1792613.544767,-4194.1666003677465,-1498.420383272972
1792617.982216,-4202.049744732273,-1513.8190006135612
1792620.533134,-4202.049744732273,-1513.8190006135612
1792627.539307,-4199.345562057687,-1515.9370087105242
1792634.533819,-4199.345562057687,-1515.9370087105242
1792642.464384,-4199.345562057687,-1515.9370087105242
1792648.528858,-4199.345562057687,-1515.9370087105242
1792657.894048,-4199.345562057687,-1515.9370087105242
1792662.944521,-4199.345562057687,-1515.9370087105242
1792670.369074,-4199.345562057687,-1515.9370087105242
1792677.812613,-4199.345562057687,-1515.9370087105242
1792684.168661,-4199.345562057687,-1515.9370087105242
1792690.524523,-4199.345562057687,-1515.9370087105242
1792697.525048,-4199.345562057687,-1515.9370087105242
1792706.618294,-4199.345562057687,-1515.9370087105242
1792711.542473,-4199.345562057687,-1515.9370087105242
1792718.533835,-4199.345562057687,-1515.9370087105242
1792725.533607,-4199.345562057687,-1515.9370087105242
1792732.499674,-4199.345562057687,-1515.9370087105242
1792739.533595,-4199.345562057687,-1515.9370087105242
1792748.481586,-4199.345562057687,-1515.9370087105242
1792753.533303,-4199.345562057687,-1515.9370087105242
1792761.859462,-4199.345562057687,-1515.9370087105242
1792767.527851,-4199.345562057687,-1515.9370087105242
1792774.524671,-4199.345562057687,-1515.9370087105242
1792783.413899,-4199.345562057687,-1515.9370087105242
1792788.89832,-4199.345562057687,-1515.9370087105242
1792795.879986,-4199.345562057687,-1515.9370087105242
1792803.855288,-4199.345562057687,-1515.9370087105242
1792809.525057,-4199.345562057687,-1515.9370087105242
1792816.525023,-4199.345562057687,-1515.9370087105242
1792825.529392,-4199.345562057687,-1515.9370087105242
1792830.870005,-4199.345562057687,-1515.9370087105242
1792838.073835,-4199.345562057687,-1515.9370087105242
1792845.214081,-4199.345562057687,-1515.9370087105242
1792851.775812,-4199.345562057687,-1515.9370087105242
1792858.533974,-4199.345562057687,-1515.9370087105242
1792866.510277,-4199.345562057687,-1515.9370087105242
1792872.702314,-4199.345562057687,-1515.9370087105242
1792879.497651,-4199.345562057687,-1515.9370087105242
1792886.525313,-4199.345562057687,-1515.9370087105242
1792893.524973,-4199.345562057687,-1515.9370087105242
1792902.351394,-4199.345562057687,-1515.9370087105242
1792907.893017,-4199.345562057687,-1515.9370087105242
1792915.076005,-4199.345562057687,-1515.9370087105242
1792921.893848,-4199.345562057687,-1515.9370087105242
1792928.520714,-4199.345562057687,-1515.9370087105242
1792936.947223,-4199.345562057687,-1515.9370087105242
1792942.52341,-4199.345562057687,-1515.9370087105242
1792949.523336,-4199.345562057687,-1515.9370087105242
1792956.523386,-4190.092947283275,-1520.685070799499
1792966.749502,-4181.667576061952,-1523.785276029006
1792971.031597,-4181.688430941517,-1523.752691279222
1792977.523096,-4185.171195780455,-1492.6156444250964
1792984.522839,-4184.079790430412,-1509.3502362520271
1792993.523782,-4184.079790430412,-1509.3502362520271
1792998.533295,-4184.079790430412,-1509.3502362520271
1793005.522016,-4181.424269137867,-1517.5057311930857
1793012.694151,-4181.424269137867,-1517.5057311930857
1793021.800681,-4181.424269137867,-1517.5057311930857
1793027.041795,-4181.424269137867,-1517.5057311930857
1793034.545978,-4181.424269137867,-1517.5057311930857
1793042.259734,-4181.424269137867,-1517.5057311930857
1793048.04422,-4181.424269137867,-1517.5057311930857
1793054.529268,-4181.424269137867,-1517.5057311930857
1793061.540809,-4181.424269137867,-1517.5057311930857
1793070.595195,-4181.424269137867,-1517.5057311930857
1793076.004704,-4181.424269137867,-1517.5057311930857
1793083.048276,-4181.424269137867,-1517.5057311930857
1793090.08102,-4181.424269137867,-1517.5057311930857
1793096.52408,-4181.424269137867,-1517.5057311930857
1793103.524535,-4181.424269137867,-1517.5057311930857
1793112.443171,-4181.424269137867,-1517.5057311930857
1793117.538943,-4181.424269137867,-1517.5057311930857
1793124.538637,-4181.424269137867,-1517.5057311930857
1793131.557138,-4181.424269137867,-1517.5057311930857
1793138.541675,-4181.424269137867,-1517.5057311930857
1793147.426635,-4181.424269137867,-1517.5057311930857
1793153.064661,-4181.424269137867,-1517.5057311930857
1793160.201856,-4181.424269137867,-1517.5057311930857
1793167.044765,-4181.424269137867,-1517.5057311930857
1793173.522537,-4181.424269137867,-1517.5057311930857
1793180.5233,-4181.424269137867,-1517.5057311930857
1793189.282258,-4181.424269137867,-1517.5057311930857
1793194.996503,-4181.424269137867,-1517.5057311930857
1793202.701007,-4191.121787994206,-1510.1788196442694
1793209.974909,-4183.766967243574,-1504.9047466664579
1793215.489663,-4183.766967243574,-1504.9047466664579
1793224.195917,-4183.766967243574,-1504.9047466664579
1793231.365863,-4183.766967243574,-1504.9047466664579
1793236.496946,-4183.766967243574,-1504.9047466664579
1793245.554101,-4183.766967243574,-1504.9047466664579
1793250.546017,-4183.766967243574,-1504.9047466664579
1793257.522639,-4183.766967243574,-1504.9047466664579
1793265.964598,-4183.766967243574,-1504.9047466664579
1793271.902397,-4181.32694637162,-1506.4734691768883
1793278.963716,-4165.37991534966,-1498.778815430629
1793285.97871,-4165.37991534966,-1498.778815430629
1793292.523601,-4165.37991534966,-1498.778815430629
1793300.900217,-4165.37991534966,-1498.778815430629
1793308.038955,-4165.37991534966,-1498.778815430629
1793314.004838,-4165.37991534966,-1498.778815430629
1793321.376628,-4165.37991534966,-1498.778815430629
1793327.977508,-4165.37991534966,-1498.778815430629
1793334.996525,-4165.37991534966,-1498.778815430629
1793341.791893,-4165.37991534966,-1498.778815430629
1793348.523963,-4165.37991534966,-1498.778815430629
1793355.534187,-4165.37991534966,-1498.778815430629
1793362.52332,-4165.37991534966,-1498.778815430629
1793369.59571,-4165.37991534966,-1498.778815430629
1793376.498155,-4165.37991534966,-1498.778815430629
1793385.073853,-4165.37991534966,-1498.778815430629
1793390.974083,-4165.37991534966,-1498.778815430629
1793398.331831,-4165.37991534966,-1498.778815430629
1793405.143695,-4165.37991534966,-1498.778815430629
1793411.962159,-4165.37991534966,-1498.778815430629
1793421.030299,-4165.37991534966,-1498.778815430629
1793425.998904,-4165.37991534966,-1498.778815430629
1793432.901975,-4165.37991534966,-1498.778815430629
1793440.379517,-4162.383764357523,-1499.8215271307943
1793446.939488,-4161.709456592106,-1499.0022536468357
1793454.344796,-4161.709456592106,-1499.0022536468357
1793460.524266,-4161.709456592106,-1499.0022536468357
1793467.523727,-4161.709456592106,-1499.0022536468357
1793474.524239,-4161.709456592106,-1499.0022536468357
1793481.524723,-4161.709456592106,-1499.0022536468357
1793488.524298,-4161.709456592106,-1499.0022536468357
1793495.51462,-4161.709456592106,-1499.0022536468357
1793505.39807,-4161.709456592106,-1499.0022536468357
1793509.96813,-4161.709456592106,-1499.0022536468357
1793517.287367,-4161.709456592106,-1499.0022536468357
1793523.965942,-4161.709456592106,-1499.0022536468357
1793531.33095,-4161.709456592106,-1499.0022536468357
1793537.553518,-4161.709456592106,-1499.0022536468357
1793544.523372,-4161.709456592106,-1499.0022536468357
1793552.705857,-4161.709456592106,-1499.0022536468357
1793560.146009,-4161.709456592106,-1499.0022536468357
1793565.94076,-4161.709456592106,-1499.0022536468357
1793573.287089,-4161.709456592106,-1499.0022536468357
1793582.297027,-4161.709456592106,-1499.0022536468357
1793586.528556,-4161.709456592106,-1499.0022536468357
1793594.989989,-4161.709456592106,-1499.0022536468357
1793600.523523,-4161.709456592106,-1499.0022536468357
1793609.341925,-4161.709456592106,-1499.0022536468357
1793614.525468,-4161.709456592106,-1499.0022536468357
1793621.524967,-4161.709456592106,-1499.0022536468357
1793629.674081,-4161.709456592106,-1499.0022536468357
1793635.997088,-4161.709456592106,-1499.0022536468357
1793642.986116,-4161.709456592106,-1499.0022536468357
1793650.473975,-4161.709456592106,-1499.0022536468357
1793656.526683,-4161.709456592106,-1499.0022536468357
1793663.595576,-4161.709456592106,-1499.0022536468357
1793671.791597,-4161.709456592106,-1499.0022536468357
1793677.97657,-4161.709456592106,-1499.0022536468357
1793685.286207,-4161.709456592106,-1499.0022536468357
1793692.4718,-4161.709456592106,-1499.0022536468357
1793698.995945,-4161.709456592106,-1499.0022536468357
1793705.535244,-4161.709456592106,-1499.0022536468357
1793712.524553,-4161.709456592106,-1499.0022536468357
1793720.008369,-4161.709456592106,-1499.0022536468357
1793728.093902,-4161.709456592106,-1499.0022536468357
1793734.304769,-4161.709456592106,-1499.0022536468357
1793740.523627,-4161.709456592106,-1499.0022536468357
1793748.573415,-4161.709456592106,-1499.0022536468357
1793754.995713,-4161.709456592106,-1499.0022536468357
1793762.346051,-4161.709456592106,-1499.0022536468357
1793769.504465,-4161.709456592106,-1499.0022536468357
1793776.295842,-4161.709456592106,-1499.0022536468357
1793782.523594,-4161.709456592106,-1499.0022536468357
1793789.989218,-4161.709456592106,-1499.0022536468357
1793796.968876,-4161.709456592106,-1499.0022536468357
1793804.415589,-4161.709456592106,-1499.0022536468357
1793810.977773,-4161.709456592106,-1499.0022536468357
1793817.976863,-4161.709456592106,-1499.0022536468357
1793824.988714,-4161.709456592106,-1499.0022536468357
1793831.522696,-4161.709456592106,-1499.0022536468357
1793841.467872,-4161.709456592106,-1499.0022536468357
1793845.522098,-4161.709456592106,-1499.0022536468357
1793852.524202,-4161.709456592106,-1499.0022536468357
1793859.523478,-4161.709456592106,-1499.0022536468357
1793867.915521,-4161.709456592106,-1499.0022536468357
1793873.995344,-4161.709456592106,-1499.0022536468357
1793881.612959,-4159.86032396575,-1500.547701355539
1793888.957087,-4157.705319776096,-1502.5493354227478
1793894.951848,-4157.705319776096,-1502.5493354227478
1793901.49405,-4157.705319776096,-1502.5493354227478
1793908.795837,-4157.705319776096,-1502.5493354227478
1793915.977827,-4153.972296387187,-1504.9280214828977
1793923.431507,-4153.965344755162,-1504.9326764433576
1793929.997862,-4153.965344755162,-1504.9326764433576
1793937.356815,-4153.965344755162,-1504.9326764433576
1793944.649725,-4153.965344755162,-1504.9326764433576
1793950.514725,-4153.965344755162,-1504.9326764433576
1793959.768455,-4153.965344755162,-1504.9326764433576
1793964.528837,-4153.965344755162,-1504.9326764433576
1793971.524521,-4153.965344755162,-1504.9326764433576
1793978.604621,-4153.965344755162,-1504.9326764433576
1793985.524595,-4153.965344755162,-1504.9326764433576
1793992.536626,-4153.965344755162,-1504.9326764433576
1794000.731477,-4153.965344755162,-1504.9326764433576
1794007.047813,-4153.965344755162,-1504.9326764433576
1794014.314383,-4153.965344755162,-1504.9326764433576
1794020.526075,-4153.965344755162,-1504.9326764433576
1794027.523512,-4153.965344755162,-1504.9326764433576
1794036.552499,-4153.965344755162,-1504.9326764433576
1794041.967254,-4153.965344755162,-1504.9326764433576
1794048.987756,-4153.965344755162,-1504.9326764433576
1794055.991581,-4153.965344755162,-1504.9326764433576
1794062.996553,-4153.965344755162,-1504.9326764433576
1794069.536778,-4153.965344755162,-1504.9326764433576
1794078.834049,-4153.965344755162,-1504.9326764433576
1794084.181134,-4153.965344755162,-1504.9326764433576
1794092.889497,-4153.965344755162,-1504.9326764433576
1794097.494975,-4144.615407214017,-1495.9392880089658
1794104.525707,-4144.865665761918,-1495.7065398576794
1794111.515166,-4144.865665761918,-1495.7065398576794
1794118.55962,-4144.865665761918,-1495.7065398576794
1794125.527879,-4144.865665761918,-1495.7065398576794
1794133.813412,-4144.865665761918,-1495.7065398576794
1794139.612679,-4144.865665761918,-1495.7065398576794
1794146.49467,-4144.865665761918,-1495.7065398576794
1794155.611422,-4144.865665761918,-1495.7065398576794
1794160.927429,-4144.865665761918,-1495.7065398576794
1794169.035395,-4144.865665761918,-1495.7065398576794
1794176.103692,-4144.865665761918,-1495.7065398576794
1794181.920731,-4144.865665761918,-1495.7065398576794
1794189.226467,-4144.865665761918,-1495.7065398576794
1794195.524753,-4144.865665761918,-1495.7065398576794
1794202.964815,-4144.865665761918,-1495.7065398576794
1794209.522876,-4144.865665761918,-1495.7065398576794
1794216.525632,-4144.865665761918,-1495.7065398576794
1794223.494658,-4144.865665761918,-1495.7065398576794
1794232.666264,-4144.865665761918,-1495.7065398576794
1794237.572329,-4143.558759990198,-1492.1082534472957
1794246.427319,-4143.704744148004,-1490.99571728423
1794251.973416,-4143.704744148004,-1490.99571728423
1794258.945939,-4141.382900920092,-1486.7690108385243
1794265.52439,-4141.111787492442,-1487.1786475888193
1794274.649871,-4141.111787492442,-1487.1786475888193
1794280.031362,-4141.111787492442,-1487.1786475888193
1794286.99812,-4141.111787492442,-1487.1786475888193
1794293.997049,-4141.111787492442,-1487.1786475888193
1794301.395362,-4141.111787492442,-1487.1786475888193
1794308.533109,-4141.111787492442,-1487.1786475888193
1794314.529115,-4141.111787492442,-1487.1786475888193
1794321.530141,-4141.111787492442,-1487.1786475888193
1794328.528672,-4141.111787492442,-1487.1786475888193
1794335.540139,-4141.111787492442,-1487.1786475888193
1794342.555978,-4141.111787492442,-1487.1786475888193
1794352.647419,-4141.111787492442,-1487.1786475888193
1794356.522407,-4141.111787492442,-1487.1786475888193
1794365.507874,-4141.111787492442,-1487.1786475888193
1794370.886036,-4141.111787492442,-1487.1786475888193
1794378.268434,-4141.111787492442,-1487.1786475888193
1794384.554355,-4141.111787492442,-1487.1786475888193
1794391.523782,-4141.111787492442,-1487.1786475888193
1794400.10623,-4141.111787492442,-1487.1786475888193
1794405.928721,-4141.111787492442,-1487.1786475888193
1794412.966439,-4141.111787492442,-1487.1786475888193
1794420.380675,-4141.111787492442,-1487.1786475888193
1794428.06613,-4141.111787492442,-1487.1786475888193
1794433.519166,-4141.111787492442,-1487.1786475888193
1794440.528064,-4141.111787492442,-1487.1786475888193
1794447.493609,-4141.111787492442,-1487.1786475888193
1794456.690036,-4141.111787492442,-1487.1786475888193
1794461.538691,-4141.111787492442,-1487.1786475888193
1794468.517433,-4141.111787492442,-1487.1786475888193
1794477.039912,-4141.111787492442,-1487.1786475888193
1794482.525614,-4141.111787492442,-1487.1786475888193
1794489.535072,-4141.111787492442,-1487.1786475888193
1794498.628868,-4141.111787492442,-1487.1786475888193
1794504.079775,-4138.991541429248,-1485.4888960021617
1794510.524003,-4141.660965979914,-1479.5305432452903
1794517.522384,-4143.002629878969,-1479.6282974670612
1794524.523718,-4143.002629878969,-1479.6282974670612
1794533.328536,-4143.002629878969,-1479.6282974670612
1794540.315988,-4143.002629878969,-1479.6282974670612
1794545.891581,-4143.002629878969,-1479.6282974670612
1794553.37159,-4143.002629878969,-1479.6282974670612
1794562.531419,-4143.002629878969,-1479.6282974670612
1794567.144277,-4143.002629878969,-1479.6282974670612
1794576.607123,-4143.002629878969,-1479.6282974670612
1794580.487067,-4143.002629878969,-1479.6282974670612
1794587.526157,-4143.002629878969,-1479.6282974670612
1794595.797066,-4143.002629878969,-1479.6282974670612
1794601.514898,-4143.002629878969,-1479.6282974670612
1794610.158433,-4143.002629878969,-1479.6282974670612
1794617.1581,-4143.002629878969,-1479.6282974670612
1794622.890396,-4143.002629878969,-1479.6282974670612
1794629.521973,-4143.002629878969,-1479.6282974670612
1794638.038059,-4143.002629878969,-1479.6282974670612
1794643.962001,-4143.002629878969,-1479.6282974670612
1794650.921259,-4143.002629878969,-1479.6282974670612
1794657.905843,-4143.002629878969,-1479.6282974670612
1794664.925355,-4143.002629878969,-1479.6282974670612
1794672.322333,-4143.002629878969,-1479.6282974670612
1794678.52429,-4143.002629878969,-1479.6282974670612
1794686.98497,-4143.002629878969,-1479.6282974670612
1794692.51477,-4143.002629878969,-1479.6282974670612
1794699.514756,-4143.002629878969,-1479.6282974670612
1794706.514833,-4143.002629878969,-1479.6282974670612
1794714.831374,-4143.002629878969,-1479.6282974670612
1794720.550838,-4143.002629878969,-1479.6282974670612
1794728.913824,-4143.002629878969,-1479.6282974670612
1794736.095671,-4143.002629878969,-1479.6282974670612
1794741.895796,-4143.002629878969,-1479.6282974670612
1794748.523672,-4143.002629878969,-1479.6282974670612
1794757.315058,-4143.002629878969,-1479.6282974670612
1794762.496863,-4143.002629878969,-1479.6282974670612
1794771.157149,-4143.002629878969,-1479.6282974670612
1794776.896957,-4143.002629878969,-1479.6282974670612
1794783.896637,-4143.002629878969,-1479.6282974670612
1794792.185665,-4143.002629878969,-1479.6282974670612
1794797.523638,-4143.002629878969,-1479.6282974670612
1794805.759164,-4143.002629878969,-1479.6282974670612
1794811.524045,-4143.002629878969,-1479.6282974670612
1794818.522653,-4143.002629878969,-1479.6282974670612
1794825.513798,-4143.002629878969,-1479.6282974670612
1794832.524043,-4143.002629878969,-1479.6282974670612
1794842.101826,-4143.002629878969,-1479.6282974670612
1794846.515156,-4143.002629878969,-1479.6282974670612
1794853.51415,-4143.002629878969,-1479.6282974670612
1794862.096685,-4143.002629878969,-1479.6282974670612
1794867.502555,-4143.002629878969,-1479.6282974670612
1794874.524003,-4143.002629878969,-1479.6282974670612
1794882.577224,-4143.002629878969,-1479.6282974670612
1794888.522481,-4143.002629878969,-1479.6282974670612
1794895.552072,-4143.002629878969,-1479.6282974670612
1794904.269066,-4143.002629878969,-1479.6282974670612
1794909.927514,-4143.002629878969,-1479.6282974670612
1794916.577854,-4149.1687225184905,-1478.050264966634
1794924.79858,-4149.1687225184905,-1478.050264966634
1794931.162604,-4149.1687225184905,-1478.050264966634
1794940.473919,-4149.1687225184905,-1478.050264966634
1794944.522358,-4149.1687225184905,-1478.050264966634
1794951.51266,-4149.1687225184905,-1478.050264966634
1794960.669947,-4149.1687225184905,-1478.050264966634
1794965.524522,-4149.1687225184905,-1478.050264966634
1794972.535847,-4149.1687225184905,-1478.050264966634
1794981.204757,-4149.1687225184905,-1478.050264966634
1794986.940738,-4149.1687225184905,-1478.050264966634
1794993.488217,-4149.1687225184905,-1478.050264966634
1795001.690662,-4149.1687225184905,-1478.050264966634
1795007.969073,-4149.1687225184905,-1478.050264966634
1795015.411472,-4149.1687225184905,-1478.050264966634
1795022.710583,-4149.1687225184905,-1478.050264966634
1795028.969048,-4149.1687225184905,-1478.050264966634
1795035.951304,-4149.1687225184905,-1478.050264966634
1795042.644374,-4149.1687225184905,-1478.050264966634
1795049.654186,-4149.1687225184905,-1478.050264966634
1795056.513084,-4149.1687225184905,-1478.050264966634
1795063.492405,-4149.1687225184905,-1478.050264966634
1795072.450197,-4149.1687225184905,-1478.050264966634
1795077.950523,-4149.1687225184905,-1478.050264966634
1795084.924789,-4149.1687225184905,-1478.050264966634
1795095.055101,-4149.1687225184905,-1478.050264966634
1795098.898494,-4149.1687225184905,-1478.050264966634
1795105.90086,-4149.1687225184905,-1478.050264966634
1795110.701605,-4149.1687225184905,-1478.050264966634
1795110.702325,-4149.1687225184905,-1478.050264966634
1795120.666555,-4149.1687225184905,-1478.050264966634
1795127.686379,-4149.1687225184905,-1478.050264966634
1795134.164908,-4149.1687225184905,-1478.050264966634
1795141.693584,-4149.1687225184905,-1478.050264966634
1795149.244796,-4149.1687225184905,-1478.050264966634
1795155.149041,-4149.1687225184905,-1478.050264966634
1795161.733806,-4149.1687225184905,-1478.050264966634
1795168.732492,-4149.1687225184905,-1478.050264966634
1795175.748064,-4149.1687225184905,-1478.050264966634
1795184.929247,-4149.1687225184905,-1478.050264966634
1795189.765072,-4149.1687225184905,-1478.050264966634
1795198.70069,-4149.1687225184905,-1478.050264966634
1795204.098182,-4149.1687225184905,-1478.050264966634
1795210.743166,-4149.1687225184905,-1478.050264966634
1795219.302583,-4149.1687225184905,-1478.050264966634
1795225.136801,-4149.1687225184905,-1478.050264966634
1795232.319003,-4149.1687225184905,-1478.050264966634
1795240.891471,-4160.6806158887985,-1485.9590472728335
1795246.117096,-4160.694519136351,-1485.986977051051
1795253.364836,-4160.694519136351,-1485.986977051051
1795260.456781,-4160.694519136351,-1485.986977051051
1795267.12101,-4160.694519136351,-1485.986977051051
1795274.541069,-4160.694519136351,-1485.986977051051
1795280.73639,-4160.694519136351,-1485.986977051051
1795287.753795,-4160.694519136351,-1485.986977051051
1795296.857314,-4160.694519136351,-1485.986977051051
1795301.706011,-4160.694519136351,-1485.986977051051
1795308.751993,-4160.694519136351,-1485.986977051051
1795317.76506,-4160.694519136351,-1485.986977051051
1795323.160865,-4160.694519136351,-1485.986977051051
1795328.981817,-4160.694519136351,-1485.986977051051
1795329.707935,-4160.694519136351,-1485.986977051051
1795336.734002,-4160.694519136351,-1485.986977051051
1795343.877985,-4170.684006312294,-1480.6756641696397
1795352.32426,-4193.311550318015,-1503.2848195667505
1795359.814023,-4201.563130884452,-1527.2299484804055
1795365.196676,-4229.599040229997,-1573.6632003583538
1796061.038049,-4333.024608722119,-4198.707797024303
1796061.038638,-4333.024608722119,-4198.707797024303
1796067.861392,-4690.290272182684,-3970.1497120678455
1796067.862089,-4690.290272182684,-3970.1497120678455
1796078.147667,-4693.557536564719,-3894.269451184058
1796078.157669,-4693.557536564719,-3894.269451184058
1796085.502168,-4689.595109545726,-3878.293678278578
1796092.190503,-4687.502670019339,-3858.533434136721
1796098.390029,-4692.723341403702,-3816.755295194896
1796107.453798,-4713.501752545735,-3745.869773636283
1796112.286953,-4761.106489711869,-3742.946467213354
1796119.654185,-4801.968149284187,-3737.663102872652
1796126.7994,-4816.3997255347185,-3689.265621491862
1796131.593406,-4816.4970483078405,-3684.8480768466393
1796133.753671,-4816.4970483078405,-3684.8480768466393
1796142.261048,-4813.688591273339,-3690.489872536486
1796147.704759,-4813.688591273339,-3690.489872536486
1796155.149628,-4813.688591273339,-3690.489872536486
1796162.481538,-4813.688591273339,-3690.489872536486
1796168.782951,-4813.688591273339,-3690.489872536486
1796176.13256,-4813.688591273339,-3690.489872536486
1796183.849719,-4813.688591273339,-3690.489872536486
1796189.276495,-4813.688591273339,-3690.489872536486
1796198.592261,-4813.688591273339,-3690.489872536486
1796203.72789,-4813.688591273339,-3690.489872536486
1796211.035098,-4813.688591273339,-3690.489872536486
1796218.14558,-4813.688591273339,-3690.489872536486
1796224.757983,-4813.688591273339,-3690.489872536486
1796232.172362,-4813.688591273339,-3690.489872536486
1796239.494411,-4813.688591273339,-3690.489872536486
1796245.761638,-4813.688591273339,-3690.489872536486
1796252.833691,-4813.688591273339,-3690.489872536486
1796260.835085,-4813.688591273339,-3690.489872536486
1796266.73367,-4813.688591273339,-3690.489872536486
1796274.046821,-4813.688591273339,-3690.489872536486
1796281.033689,-4813.688591273339,-3690.489872536486
1796288.473241,-4813.688591273339,-3690.489872536486
1796294.757737,-4813.688591273339,-3690.489872536486
1796301.765947,-4813.688591273339,-3690.489872536486
1796309.188875,-4813.688591273339,-3690.489872536486
1796315.320709,-4813.688591273339,-3690.489872536486
1796323.186962,-4813.688591273339,-3690.489872536486
1796330.196407,-4813.688591273339,-3690.489872536486
1796336.816343,-4805.4161559399545,-3710.4270098804814
1796343.610968,-4797.658140957676,-3732.7288594857528
1796351.133525,-4797.658140957676,-3732.7288594857528
1796357.714939,-4797.658140957676,-3732.7288594857528
1796364.943477,-4797.658140957676,-3732.7288594857528
1796372.047216,-4797.658140957676,-3732.7288594857528
1796378.305176,-4797.658140957676,-3732.7288594857528
1796385.315473,-4797.658140957676,-3732.7288594857528
1796392.649945,-4797.658140957676,-3732.7288594857528
1796399.635181,-4797.658140957676,-3732.7288594857528
1796406.703461,-4797.658140957676,-3732.7288594857528
1796414.452363,-4797.658140957676,-3732.7288594857528
1796420.719584,-4797.658140957676,-3732.7288594857528
1796428.185836,-4797.658140957676,-3732.7288594857528
1796434.279173,-4797.658140957676,-3732.7288594857528
1796441.88309,-4797.658140957676,-3732.7288594857528
1796450.037993,-4797.658140957676,-3732.7288594857528
1796455.651968,-4797.658140957676,-3732.7288594857528
1796462.611034,-4797.658140957676,-3732.7288594857528
1796469.963723,-4797.658140957676,-3732.7288594857528
1796476.737488,-4797.658140957676,-3732.7288594857528
1796484.18431,-4797.658140957676,-3732.7288594857528
1796492.394758,-4797.658140957676,-3732.7288594857528
1796497.73692,-4797.658140957676,-3732.7288594857528
1796505.137612,-4797.658140957676,-3732.7288594857528
1796511.765597,-4797.658140957676,-3732.7288594857528
1796518.343822,-4797.658140957676,-3732.7288594857528
1796526.045812,-4797.658140957676,-3732.7288594857528
1796532.657503,-4797.658140957676,-3732.7288594857528
1796540.314962,-4797.658140957676,-3732.7288594857528
1796547.468252,-4797.658140957676,-3732.7288594857528
1796554.163931,-4797.658140957676,-3732.7288594857528
1796560.339774,-4797.658140957676,-3732.7288594857528
1796568.224569,-4797.658140957676,-3732.7288594857528
1796574.715056,-4797.658140957676,-3732.7288594857528
1796582.146949,-4797.658140957676,-3732.7288594857528
1796588.664213,-4797.658140957676,-3732.7288594857528
1796595.947269,-4797.658140957676,-3732.7288594857528
1796603.163211,-4790.845547162018,-3746.055971492173
1796609.72311,-4790.845547162018,-3746.055971492173
1796617.677599,-4790.845547162018,-3746.055971492173
1796623.764224,-4790.845547162018,-3746.055971492173
1796630.740517,-4790.845547162018,-3746.055971492173
1796638.772201,-4790.845547162018,-3746.055971492173
1796644.748883,-4790.845547162018,-3746.055971492173
1796651.828194,-4780.842156867416,-3739.9533365830416
1796659.652371,-4779.013879145653,-3738.035498601286
1796665.792181,-4779.013879145653,-3738.035498601286
1796673.304584,-4779.013879145653,-3738.035498601286
1796679.294769,-4779.013879145653,-3738.035498601286
1796686.343971,-4779.013879145653,-3738.035498601286
1796693.82159,-4779.013879145653,-3738.035498601286
1796701.493582,-4779.013879145653,-3738.035498601286
1796707.857462,-4779.013879145653,-3738.035498601286
1796715.316245,-4779.013879145653,-3738.035498601286
1796723.181473,-4779.013879145653,-3738.035498601286
1796728.952212,-4779.013879145653,-3738.035498601286
1796736.170608,-4779.013879145653,-3738.035498601286
1796742.731424,-4771.5339292144845,-3735.605616484533
1796749.619457,-4770.331297857725,-3735.442693348631
1796757.058959,-4770.331297857725,-3735.442693348631
1796763.631107,-4763.560413808156,-3739.445947411817
1796771.317639,-4763.560413808156,-3739.445947411817
1796778.236241,-4763.560413808156,-3739.445947411817
1796784.937551,-4763.560413808156,-3739.445947411817
1796791.276003,-4763.560413808156,-3739.445947411817
1796798.241246,-4766.959759084637,-3736.243344170515
1796806.956614,-4766.619129390461,-3735.9500825355763
1796812.712378,-4765.034158589035,-3733.226938773927
1796819.684369,-4760.341810814041,-3728.5440624641224
1796827.226925,-4760.73805351452,-3728.488203114463
1796834.301721,-4760.73805351452,-3728.488203114463
1796840.789676,-4760.73805351452,-3728.488203114463
1796847.713847,-4760.73805351452,-3728.488203114463
1796855.414952,-4760.73805351452,-3728.488203114463
1796861.246885,-4760.73805351452,-3728.488203114463
1796868.27669,-4760.73805351452,-3728.488203114463
1796877.315156,-4760.73805351452,-3728.488203114463
1796882.354842,-4760.73805351452,-3728.488203114463
1796892.369904,-4760.73805351452,-3728.488203114463
1796896.341197,-4759.7856807103635,-3729.0514516554085
1796905.374838,-4751.666181146123,-3730.8482610523947
1796910.761779,-4739.702432218711,-3733.552785034018
1796917.311593,-4739.806706615695,-3733.557439979105
1796924.371753,-4739.806706615695,-3733.557439979105
1796933.51615,-4739.806706615695,-3733.557439979105
1796938.917777,-4739.806706615695,-3733.557439979105
1796946.893609,-4739.806706615695,-3733.557439979105
1796952.418906,-4739.806706615695,-3733.557439979105
1796959.260254,-4739.806706615695,-3733.557439979105
1796967.964315,-4739.806706615695,-3733.557439979105
1796973.737656,-4739.806706615695,-3733.557439979105
1796981.995916,-4739.806706615695,-3733.557439979105
1796989.292453,-4739.806706615695,-3733.557439979105
1796989.895406,-4739.806706615695,-3733.557439979105
1796994.84821,-4739.806706615695,-3733.557439979105
1797001.732325,-4739.806706615695,-3733.557439979105
1798433.895032,-4817.943884873288,-3839.292169223313
1798433.895678,-4817.943884873288,-3839.292169223313
1798441.239976,-4684.478712558247,-4024.207584571082
1798441.240555,-4684.478712558247,-4024.207584571082
1798452.773042,-4689.483883524777,-3995.8263874661066
1798452.796405,-4689.483883524777,-3995.8263874661066
1798459.817066,-4696.220009450959,-3949.491066389674
1798466.783356,-4701.843875167236,-3912.8007886577348
1798473.807481,-4696.637107031514,-3901.7918429473816
1798480.777656,-4702.19145648562,-3883.5816963932734
1798499.624168,-4705.493479001859,-3847.4453534054255
1798499.633193,-4711.520539041402,-3816.578407246542
1798500.914891,-4738.013187018994,-3791.5068676157052
1798500.915534,-4738.013187018994,-3791.5068676157052
1798503.350731,-4738.013187018994,-3791.5068676157052
1798511.543807,-4772.402882500766,-3783.449155732887
1798514.042461,-4778.40213602774,-3782.5879906703726
1798517.798343,-4787.828541331926,-3783.2629578754077
1798525.279629,-4796.260864071821,-3784.459279062197
1798534.664834,-4801.328599663502,-3786.3957366918007
1798538.808987,-4800.4874528726705,-3786.749512602638
1798546.270283,-4800.4874528726705,-3786.749512602638
1798552.828488,-4800.4874528726705,-3786.749512602638
1798560.068957,-4800.4874528726705,-3786.749512602638
1798566.327983,-4800.4874528726705,-3786.749512602638
1798573.350013,-4800.4874528726705,-3786.749512602638
1798580.749928,-4793.195196859726,-3776.9508507431688
1798588.006088,-4791.707548824077,-3774.7816457794465
1798594.808736,-4788.322106797085,-3768.5021231848195
1798601.799873,-4788.030138493877,-3767.869050476771
1798609.938242,-4788.030138493877,-3767.869050476771
1798615.800726,-4788.030138493877,-3767.869050476771
1798623.172977,-4788.030138493877,-3767.869050476771
1798629.87149,-4788.030138493877,-3767.869050476771
1798636.99672,-4780.126139360891,-3757.944704774773
1798644.220728,-4780.355543025995,-3758.2938257583423
1798650.76457,-4780.355543025995,-3758.2938257583423
1798658.546666,-4780.355543025995,-3758.2938257583423
1798665.761976,-4780.355543025995,-3758.2938257583423
1798671.884867,-4780.355543025995,-3758.2938257583423
1798678.792897,-4780.355543025995,-3758.2938257583423
1798686.885722,-4780.355543025995,-3758.2938257583423
1798692.348469,-4780.355543025995,-3758.2938257583423
1798699.750034,-4780.355543025995,-3758.2938257583423
1798706.835298,-4780.355543025995,-3758.2938257583423
1798714.113929,-4780.355543025995,-3758.2938257583423
1798720.973645,-4780.355543025995,-3758.2938257583423
1798727.349156,-4780.355543025995,-3758.2938257583423
1798734.428965,-4780.355543025995,-3758.2938257583423
1798741.733359,-4780.355543025995,-3758.2938257583423
1798748.788199,-4778.979121010608,-3757.265082597887
1798756.478892,-4776.4973904120925,-3755.007433574012
1798763.683941,-4776.4973904120925,-3755.007433574012
1798769.766046,-4776.4973904120925,-3755.007433574012
1798777.320835,-4776.4973904120925,-3755.007433574012
1798783.350074,-4776.4973904120925,-3755.007433574012
1798790.828651,-4776.4973904120925,-3755.007433574012
1798798.25349,-4776.4973904120925,-3755.007433574012
1798804.853042,-4776.4973904120925,-3755.007433574012
1798811.351517,-4776.4973904120925,-3755.007433574012
1798818.824607,-4776.4973904120925,-3755.007433574012
1798825.825949,-4776.4973904120925,-3755.007433574012
1798833.368968,-4776.4973904120925,-3755.007433574012
1798839.835773,-4776.4973904120925,-3755.007433574012
1798846.807619,-4776.4973904120925,-3755.007433574012
1798854.22872,-4776.4973904120925,-3755.007433574012
1798860.94457,-4776.4973904120925,-3755.007433574012
1798867.807458,-4776.4973904120925,-3755.007433574012
1798875.173518,-4776.4973904120925,-3755.007433574012
1798881.834157,-4776.4973904120925,-3755.007433574012
1798889.28611,-4776.4973904120925,-3755.007433574012
1798896.273201,-4776.4973904120925,-3755.007433574012
1798902.810091,-4776.4973904120925,-3755.007433574012
1798911.346222,-4776.4973904120925,-3755.007433574012
1798916.88474,-4776.4973904120925,-3755.007433574012
1798923.831304,-4776.4973904120925,-3755.007433574012
1798930.79008,-4776.4973904120925,-3755.007433574012
1798937.349446,-4776.4973904120925,-3755.007433574012
1798944.760853,-4776.4973904120925,-3755.007433574012
1798952.144762,-4776.4973904120925,-3755.007433574012
1798958.809143,-4776.4973904120925,-3755.007433574012
1798965.816886,-4776.4973904120925,-3755.007433574012
1798973.271601,-4776.4973904120925,-3755.007433574012
1798979.828888,-4776.4973904120925,-3755.007433574012
1798987.191465,-4776.4973904120925,-3755.007433574012
1798993.799931,-4773.939191919509,-3754.0717893367137
1799000.711811,-4766.79987168147,-3752.3029096838995
1799008.505972,-4765.30527201296,-3752.2423953812804
1799015.064567,-4765.30527201296,-3752.2423953812804
1799021.999201,-4765.30527201296,-3752.2423953812804
1799029.453915,-4765.30527201296,-3752.2423953812804
1799035.902033,-4765.30527201296,-3752.2423953812804
1799042.892693,-4765.30527201296,-3752.2423953812804
1799050.689975,-4765.30527201296,-3752.2423953812804
1799056.354251,-4765.30527201296,-3752.2423953812804
1799063.752666,-4765.30527201296,-3752.2423953812804
1799071.551801,-4765.30527201296,-3752.2423953812804
1799077.718154,-4765.30527201296,-3752.2423953812804
1799085.147433,-4765.30527201296,-3752.2423953812804
1799091.853892,-4765.30527201296,-3752.2423953812804
1799098.793975,-4765.30527201296,-3752.2423953812804
1799106.331558,-4765.30527201296,-3752.2423953812804
1799112.80739,-4765.30527201296,-3752.2423953812804
1799120.395722,-4765.30527201296,-3752.2423953812804
1799127.883732,-4765.30527201296,-3752.2423953812804
1799133.911386,-4765.30527201296,-3752.2423953812804
1799141.495166,-4765.30527201296,-3752.2423953812804
1799149.004808,-4765.30527201296,-3752.2423953812804
1799154.949973,-4765.30527201296,-3752.2423953812804
1799163.809264,-4765.30527201296,-3752.2423953812804
1799164.561289,-4765.30527201296,-3752.2423953812804
1799164.562022,-4765.30527201296,-3752.2423953812804
1799165.931552,-4765.30527201296,-3752.2423953812804
1799173.366315,-4758.45792007703,-3753.5131957624544
1799179.920085,-4758.402307062374,-3752.908052717424
1799187.439629,-4758.402307062374,-3752.908052717424
1799195.410236,-4758.402307062374,-3752.908052717424
1799200.882738,-4758.402307062374,-3752.908052717424
1799211.712038,-4758.402307062374,-3752.908052717424
1799214.920101,-4743.087874249579,-3750.0173309629454
1799222.396053,-4741.718403856814,-3749.6682099745944
1799229.766387,-4741.718403856814,-3749.6682099745944
1799236.390677,-4741.718403856814,-3749.6682099745944
1799244.266465,-4741.718403856814,-3749.6682099745944
1799251.709035,-4741.718403856814,-3749.6682099745944
1799257.370325,-4741.718403856814,-3749.6682099745944
1799264.83268,-4741.718403856814,-3749.6682099745944
1799271.391628,-4741.718403856814,-3749.6682099745944
1799278.361988,-4741.718403856814,-3749.6682099745944
1799285.772893,-4741.718403856814,-3749.6682099745944
1799292.367713,-4739.799754992009,-3747.4338356594226
1799299.86951,-4736.1988125429125,-3748.383444740938
1799306.386098,-4734.551277101977,-3748.5929173325185
1799313.366177,-4734.551277101977,-3748.5929173325185
1799320.888636,-4734.551277101977,-3748.5929173325185
1799328.282129,-4734.551277101977,-3748.5929173325185
1799334.340736,-4734.551277101977,-3748.5929173325185
1799341.750087,-4734.551277101977,-3748.5929173325185
1799347.949574,-4734.551277101977,-3748.5929173325185
1799354.90984,-4734.551277101977,-3748.5929173325185
1799363.220569,-4731.325722481981,-3754.0392047125492
1799371.553153,-4731.096318816615,-3754.695552157733
1799376.367329,-4731.1866899579945,-3751.0740038135455
1799383.827518,-4731.1866899579945,-3751.0740038135455
1799390.362225,-4731.1866899579945,-3751.0740038135455
1799397.806047,-4727.703925161105,-3748.983932844921
1799405.476789,-4727.703925161105,-3748.983932844921
1799411.411361,-4727.703925161105,-3748.983932844921
1799418.396154,-4727.703925161105,-3748.983932844921
1799424.911235,-4727.703925161105,-3748.983932844921
1799433.195848,-4727.703925161105,-3748.983932844921
1799439.362021,-4727.703925161105,-3748.983932844921
1799446.361894,-4727.703925161105,-3748.983932844921
1799453.80199,-4727.703925161105,-3748.983932844921
1799461.010105,-4727.703925161105,-3748.983932844921
1799467.474601,-4727.703925161105,-3748.983932844921
1799474.370457,-4727.703925161105,-3748.983932844921
1799481.358085,-4727.703925161105,-3748.983932844921
1799489.081282,-4727.703925161105,-3748.983932844921
1799496.706082,-4727.703925161105,-3748.983932844921
1799502.328635,-4711.791652465815,-3744.25916213845
1799508.688528,-4701.3433580691335,-3750.129049681015
1799509.580676,-4698.347207120434,-3768.8093496390247
1799516.387442,-4695.031281347864,-3807.491952603046
1799523.741571,-4685.716102044294,-3831.7861156349754
1799530.582364,-4681.788433159705,-3843.71674183232
1800388.429814,-3603.4354372370535,-3387.464929378885
1800388.430435,-3603.4354372370535,-3387.464929378885
1800395.602557,-3611.7245772759834,-3433.2621086322874
1800395.603268,-3611.7245772759834,-3433.2621086322874
1800407.762649,-3702.4641578975998,-3463.6682334933644
1800407.769669,-3702.4641578975998,-3463.6682334933644
1800414.519503,-3793.8293847636182,-3494.209350396582
1800421.519413,-3870.6170507669067,-3521.4640724506066
1800431.094283,-3918.034094871041,-3543.607660448708
1800435.563725,-3969.8654217347394,-3563.5029078742186
1800444.877094,-4044.6857771990503,-3582.8442158983325
1800450.02104,-4048.6968656564295,-3582.1599385876525
1800457.048933,-4062.4193762510945,-3582.1506286837875
1800466.565142,-4079.24231222991,-3548.769997757317
1800470.988667,-4094.1048895515005,-3552.005186577082
1800478.076888,-4124.483497067605,-3566.4913843889094
1800482.766206,-4121.716749749635,-3584.3198343167624
1800485.048575,-4121.716749749635,-3584.3198343167624
1800492.08816,-4119.798100850517,-3587.182627148903
1800499.092842,-4119.798100850517,-3587.182627148903
1800506.556373,-4119.798100850517,-3587.182627148903
1800514.33289,-4119.798100850517,-3587.182627148903
1800519.600952,-4119.798100850517,-3587.182627148903
1800528.872765,-4119.798100850517,-3587.182627148903
1800534.156016,-4119.798100850517,-3587.182627148903
1800541.790122,-4119.798100850517,-3587.182627148903
1800549.04345,-4119.798100850517,-3587.182627148903
1800555.124945,-4119.798100850517,-3587.182627148903
1800562.480542,-4119.798100850517,-3587.182627148903
1800569.158223,-4119.798100850517,-3587.182627148903
1800576.12921,-4119.798100850517,-3587.182627148903
1800583.611655,-4119.798100850517,-3587.182627148903
1800591.376271,-4119.798100850517,-3587.182627148903
1800597.12882,-4119.798100850517,-3587.182627148903
1800604.633159,-4119.798100850517,-3587.182627148903
1800611.130363,-4119.798100850517,-3587.182627148903
1800619.452593,-4119.798100850517,-3587.182627148903
1800625.284881,-4119.798100850517,-3587.182627148903
1800631.997129,-4118.3730174320135,-3599.1039480355034
1800639.425708,-4118.414727191345,-3599.0946381440767
1800648.033166,-4118.414727191345,-3599.0946381440767
1800653.061323,-4118.414727191345,-3599.0946381440767
1800660.493024,-4118.414727191345,-3599.0946381440767
1800667.056894,-4118.414727191345,-3599.0946381440767
1800674.056837,-4118.414727191345,-3599.0946381440767
1800681.410414,-4118.414727191345,-3599.0946381440767
1800688.062072,-4118.414727191345,-3599.0946381440767
1800695.502322,-4118.414727191345,-3599.0946381440767
1800702.66366,-4118.414727191345,-3599.0946381440767
1800709.063485,-4118.414727191345,-3599.0946381440767
1800716.482612,-4118.414727191345,-3599.0946381440767
1800723.103903,-4118.414727191345,-3599.0946381440767
1860738.305937,-1941.0749176210074,395.3191307380708
1860738.306558,-1941.0749176210074,395.3191307380708
1860746.932598,-2176.0816081830085,512.8759268894886
1860753.920666,-2334.418808086008,617.1148512411575
1860761.118179,-2560.84023875845,718.2442665674558
1860771.095155,-2714.4364285875376,714.8554417045315
1860774.927287,-2962.769385094373,649.5693619615322
1860781.928317,-3132.3890732687437,604.1879761521332
1860791.123615,-3283.135094939949,582.4212976425842
1860796.362523,-3356.1966898248265,636.9916096205883
1860803.699919,-3256.4130425201083,604.9094978051829
1860810.763638,-3249.996691219498,467.6667850053282
1860817.327635,-3248.286591090164,328.7808951767244
1860824.810073,-3329.6623313487403,165.4983104162032
1860832.260764,-3333.0199669627073,30.86713302118876
1860838.027403,-3383.954534551109,-184.029713516208
1860846.59848,-3494.262944185732,-287.07683367150275
1860852.34529,-3621.3803864790198,-342.95045829977033
1860859.349293,-3753.099805222915,-392.61434663935273
1860866.262803,-3803.075047978263,-442.0780673544359
1860872.948107,-3825.890286058323,-480.84000728902885
1860893.978108,-3882.692025938656,-512.8801679476543
1860893.984766,-3892.2366090704722,-520.0627869186482
1860894.710209,-3892.2366090704722,-520.0627869186482
1860894.710847,-3892.2366090704722,-520.0627869186482
1860898.876598,-3899.292509931358,-525.9327042292815
1860907.578175,-3977.0603551112126,-580.1770684703451
1860913.328546,-4012.8751345804526,-626.0378283173164
1860919.897705,-4095.349230685438,-646.9293304763153
1860926.883752,-4215.18831866183,-628.8913245289805
1860933.953569,-4335.527923449352,-605.7794013197093
1860942.237323,-4300.484774746914,-666.0659086192268
1860948.340839,-4211.441392021577,-722.8285989496167
1860955.317754,-4114.931962347785,-803.4340310867043
1860962.812097,-4055.4051851723766,-932.7909255004906
1860969.366213,-4073.055364701866,-1062.0546942529254
1860977.136561,-4094.654068039498,-1205.139028316347
1860984.417751,-4127.250244385566,-1399.4418978345545
1860989.875361,-4153.311891869353,-1483.0031457149944
1860998.360411,-4183.322063154994,-1505.086290217713
1861005.59937,-4174.111158136794,-1523.650282103376
1861011.254278,-4161.493956179814,-1512.1757987207889
1861018.411711,-4161.493956179814,-1512.1757987207889
1861024.885151,-4161.493956179814,-1512.1757987207889
1861033.148657,-4161.493956179814,-1512.1757987207889
1861040.106207,-4161.493956179814,-1512.1757987207889
1861046.224518,-4161.493956179814,-1512.1757987207889
1861053.545971,-4161.493956179814,-1512.1757987207889
1861061.305915,-4161.493956179814,-1512.1757987207889
1861067.224427,-4161.493956179814,-1512.1757987207889
1861074.681287,-4161.493956179814,-1512.1757987207889
1861082.120508,-4161.493956179814,-1512.1757987207889
1861088.244356,-4161.493956179814,-1512.1757987207889
1861095.62435,-4161.493956179814,-1512.1757987207889
1861102.244433,-4161.493956179814,-1512.1757987207889
1861108.915335,-4161.493956179814,-1512.1757987207889
1861117.406253,-4161.493956179814,-1512.1757987207889
1861123.245716,-4161.493956179814,-1512.1757987207889
1861130.665108,-4161.493956179814,-1512.1757987207889
1861137.263923,-4161.493956179814,-1512.1757987207889
1861144.249805,-4161.493956179814,-1512.1757987207889
1861151.648393,-4161.493956179814,-1512.1757987207889
1861159.103165,-4161.493956179814,-1512.1757987207889
1861166.149657,-4161.493956179814,-1512.1757987207889
1861173.283205,-4161.493956179814,-1512.1757987207889
1861179.244964,-4161.493956179814,-1512.1757987207889
1861186.475075,-4161.493956179814,-1512.1757987207889
1861193.336368,-4161.493956179814,-1512.1757987207889
1861200.323288,-4161.493956179814,-1512.1757987207889
1861207.642257,-4161.493956179814,-1512.1757987207889
1861213.889076,-4161.493956179814,-1512.1757987207889
1861220.877985,-4161.493956179814,-1512.1757987207889
1861229.096469,-4161.493956179814,-1512.1757987207889
1861234.905652,-4161.493956179814,-1512.1757987207889
1861242.333803,-4161.493956179814,-1512.1757987207889
1861249.659098,-4161.493956179814,-1512.1757987207889
1861256.306056,-4161.493956179814,-1512.1757987207889
1861263.336381,-4161.493956179814,-1512.1757987207889
1861270.993783,-4161.493956179814,-1512.1757987207889
1861277.45651,-4161.493956179814,-1512.1757987207889
1861284.704414,-4161.493956179814,-1512.1757987207889
1861291.325978,-4161.493956179814,-1512.1757987207889
1861297.886487,-4161.493956179814,-1512.1757987207889
1861306.100217,-4161.493956179814,-1512.1757987207889
1861306.107721,-4161.493956179814,-1512.1757987207889
1861311.850512,-4158.303159646452,-1509.215242324389
1861318.850492,-4156.182913584004,-1507.2275731620134
1861320.512524,-4156.182913584004,-1507.2275731620134
1861330.164237,-4156.182913584004,-1507.2275731620134
1861330.164838,-4156.182913584004,-1507.2275731620134
1861342.382524,-4156.182913584004,-1507.2275731620134
1861342.383235,-4156.182913584004,-1507.2275731620134
1861345.194156,-4156.182913584004,-1507.2275731620134
1861352.228246,-4156.182913584004,-1507.2275731620134
1861359.311268,-4156.182913584004,-1507.2275731620134
1861368.42323,-4156.182913584004,-1507.2275731620134
1861373.641908,-4156.182913584004,-1507.2275731620134
1861380.647727,-4156.182913584004,-1507.2275731620134
1861388.026093,-4156.182913584004,-1507.2275731620134
1861394.656516,-4156.182913584004,-1507.2275731620134
1861401.678083,-4156.182913584004,-1507.2275731620134
1861408.933315,-4156.182913584004,-1507.2275731620134
1861415.649735,-4156.182913584004,-1507.2275731620134
1861423.036442,-4156.182913584004,-1507.2275731620134
1861430.23655,-4156.182913584004,-1507.2275731620134
1861436.660924,-4156.182913584004,-1507.2275731620134
1861444.079858,-4156.182913584004,-1507.2275731620134
1861451.779136,-4156.182913584004,-1507.2275731620134
1861457.679514,-4156.182913584004,-1507.2275731620134
1861464.993723,-4156.182913584004,-1507.2275731620134
1861471.188655,-4156.182913584004,-1507.2275731620134
1861480.043172,-4156.182913584004,-1507.2275731620134
1861485.729805,-4156.182913584004,-1507.2275731620134
1861492.623422,-4156.182913584004,-1507.2275731620134
1861499.998004,-4156.182913584004,-1507.2275731620134
1861507.214062,-4156.182913584004,-1507.2275731620134
1861513.704651,-4156.182913584004,-1507.2275731620134
1861520.983157,-4156.182913584004,-1507.2275731620134
1861528.737915,-4156.182913584004,-1507.2275731620134
1861534.742054,-4156.182913584004,-1507.2275731620134
1861541.978342,-4156.182913584004,-1507.2275731620134
1861548.631815,-4156.182913584004,-1507.2275731620134
1861556.013797,-4156.182913584004,-1507.2275731620134
1861563.148619,-4156.182913584004,-1507.2275731620134
1861569.637773,-4156.182913584004,-1507.2275731620134
1861576.65267,-4156.182913584004,-1507.2275731620134
1861583.636961,-4156.182913584004,-1507.2275731620134
1861590.661837,-4156.182913584004,-1507.2275731620134
1861597.495124,-4156.182913584004,-1507.2275731620134
1861606.473252,-4156.182913584004,-1507.2275731620134
1861611.643204,-4156.182913584004,-1507.2275731620134
1861619.039485,-4156.182913584004,-1507.2275731620134
1861625.63774,-4156.182913584004,-1507.2275731620134
1861633.01945,-4156.182913584004,-1507.2275731620134
1861640.183459,-4156.182913584004,-1507.2275731620134
1861646.644895,-4156.182913584004,-1507.2275731620134
1861653.979673,-4156.182913584004,-1507.2275731620134
1861661.239295,-4156.182913584004,-1507.2275731620134
1861667.656379,-4156.182913584004,-1507.2275731620134
1861675.206979,-4156.182913584004,-1507.2275731620134
1861682.605712,-4156.182913584004,-1507.2275731620134
1861688.662558,-4156.182913584004,-1507.2275731620134
1861696.01778,-4156.182913584004,-1507.2275731620134
1861702.620395,-4156.182913584004,-1507.2275731620134
1861709.961791,-4156.182913584004,-1507.2275731620134
1861716.226615,-4156.182913584004,-1507.2275731620134
1861723.256996,-4156.182913584004,-1507.2275731620134
1861731.879185,-4156.182913584004,-1507.2275731620134
1861737.637723,-4156.182913584004,-1507.2275731620134
1861744.660356,-4156.182913584004,-1507.2275731620134
1861752.044427,-4156.182913584004,-1507.2275731620134
1861759.639552,-4156.182913584004,-1507.2275731620134
1861765.63385,-4156.182913584004,-1507.2275731620134
1861774.076412,-4156.182913584004,-1507.2275731620134
1861779.639407,-4156.182913584004,-1507.2275731620134
1861786.925062,-4156.182913584004,-1507.2275731620134
1861794.079188,-4156.182913584004,-1507.2275731620134
1861800.603104,-4156.182913584004,-1507.2275731620134
1861808.045741,-4156.182913584004,-1507.2275731620134
1861815.177883,-4156.182913584004,-1507.2275731620134
1861821.644908,-4156.182913584004,-1507.2275731620134
1861828.974498,-4156.182913584004,-1507.2275731620134
1861835.184302,-4156.182913584004,-1507.2275731620134
1861842.21836,-4156.182913584004,-1507.2275731620134
1861844.215434,-4156.182913584004,-1507.2275731620134
1861849.218488,-4156.182913584004,-1507.2275731620134
1861856.240552,-4156.182913584004,-1507.2275731620134
1861865.287809,-4152.137067008088,-1506.4315745030897
1861870.585782,-4149.919498179061,-1504.9419863777086
1861877.5684,-4149.919498179061,-1504.9419863777086
1861884.908897,-4149.919498179061,-1504.9419863777086
1861892.003355,-4149.919498179061,-1504.9419863777086
1861898.667198,-4149.919498179061,-1504.9419863777086
1861906.051667,-4149.919498179061,-1504.9419863777086
1861913.58738,-4149.919498179061,-1504.9419863777086
1861919.585776,-4149.919498179061,-1504.9419863777086
1861926.991223,-4149.919498179061,-1504.9419863777086
1861933.5818,-4149.919498179061,-1504.9419863777086
1861940.783249,-4149.919498179061,-1504.9419863777086
1861947.968647,-4149.919498179061,-1504.9419863777086
1861954.568684,-4149.919498179061,-1504.9419863777086
1861961.216987,-4149.919498179061,-1504.9419863777086
1861968.569735,-4149.919498179061,-1504.9419863777086
1861975.584384,-4149.919498179061,-1504.9419863777086
1861982.984515,-4149.919498179061,-1504.9419863777086
1861990.464513,-4149.919498179061,-1504.9419863777086
1861996.570679,-4149.919498179061,-1504.9419863777086
1862004.786035,-4149.919498179061,-1504.9419863777086
1862010.565937,-4149.919498179061,-1504.9419863777086
1862017.868581,-4149.919498179061,-1504.9419863777086
1862024.568568,-4149.919498179061,-1504.9419863777086
1862031.560594,-4149.919498179061,-1504.9419863777086
1862038.568475,-4149.919498179061,-1504.9419863777086
1862045.888445,-4149.919498179061,-1504.9419863777086
1862052.589874,-4149.919498179061,-1504.9419863777086
1862059.98842,-4149.919498179061,-1504.9419863777086
1862067.548383,-4149.919498179061,-1504.9419863777086
1862073.701963,-4149.919498179061,-1504.9419863777086
1862080.23312,-4149.919498179061,-1504.9419863777086
1862087.233204,-4149.919498179061,-1504.9419863777086
1862095.587022,-4149.919498179061,-1504.9419863777086
1862103.0445,-4149.919498179061,-1504.9419863777086
1862108.569684,-4149.919498179061,-1504.9419863777086
1862115.943702,-4149.919498179061,-1504.9419863777086
1862123.108689,-4149.919498179061,-1504.9419863777086
1862129.562479,-4149.919498179061,-1504.9419863777086
1862136.905875,-4149.919498179061,-1504.9419863777086
1862145.109945,-4149.919498179061,-1504.9419863777086
1862150.587813,-4149.919498179061,-1504.9419863777086
1862157.868699,-4149.919498179061,-1504.9419863777086
1862164.561928,-4149.919498179061,-1504.9419863777086
1862171.802619,-4149.919498179061,-1504.9419863777086
1862181.067189,-4149.919498179061,-1504.9419863777086
1862185.563225,-4149.919498179061,-1504.9419863777086
1862192.583205,-4149.919498179061,-1504.9419863777086
1862199.210287,-4149.919498179061,-1504.9419863777086
1862206.186172,-4149.919498179061,-1504.9419863777086
1862214.757386,-4149.919498179061,-1504.9419863777086
1862220.216771,-4149.919498179061,-1504.9419863777086
1862227.21681,-4146.110006894571,-1503.531532609524
1862234.21682,-4143.002629878969,-1500.7059700910474
1862241.245576,-4143.002629878969,-1500.7059700910474
1862250.67186,-4143.002629878969,-1500.7059700910474
1862255.618111,-4143.002629878969,-1500.7059700910474
1862262.653772,-4143.002629878969,-1500.7059700910474
1862270.132855,-4143.002629878969,-1500.7059700910474
1862277.382135,-4143.002629878969,-1500.7059700910474
1862283.658111,-4143.002629878969,-1500.7059700910474
1862291.172909,-4143.002629878969,-1500.7059700910474
1862297.720003,-4143.002629878969,-1500.7059700910474
1862304.63775,-4143.002629878969,-1500.7059700910474
1862312.062314,-4143.002629878969,-1500.7059700910474
1862318.651029,-4143.002629878969,-1500.7059700910474
1862327.481289,-4143.002629878969,-1500.7059700910474
1862332.232012,-4143.002629878969,-1500.7059700910474
1862339.20693,-4143.002629878969,-1500.7059700910474
1862346.216503,-4143.002629878969,-1500.7059700910474
1862355.284413,-4143.002629878969,-1500.7059700910474
1862360.679728,-4143.002629878969,-1500.7059700910474
1862368.193572,-4143.002629878969,-1500.7059700910474
1862375.677798,-4143.002629878969,-1500.7059700910474
1862381.975955,-4143.002629878969,-1500.7059700910474
1862389.061114,-4143.002629878969,-1500.7059700910474
1862395.679633,-4143.002629878969,-1500.7059700910474
1862403.057518,-4143.002629878969,-1500.7059700910474
1862410.138179,-4143.002629878969,-1500.7059700910474
1862416.698518,-4143.002629878969,-1500.7059700910474
1862424.396414,-4143.002629878969,-1500.7059700910474
1862431.507713,-4143.002629878969,-1500.7059700910474
1862437.684619,-4143.002629878969,-1500.7059700910474
1862444.217931,-4143.002629878969,-1500.7059700910474
1862454.110487,-4143.002629878969,-1500.7059700910474
1862458.665707,-4143.002629878969,-1500.7059700910474
1862465.68611,-4143.002629878969,-1500.7059700910474
1862472.640627,-4143.002629878969,-1500.7059700910474
1862480.063051,-4143.002629878969,-1500.7059700910474
1862487.426124,-4143.002629878969,-1500.7059700910474
1862493.683468,-4143.002629878969,-1500.7059700910474
1862501.043603,-4143.002629878969,-1500.7059700910474
1862508.359273,-4143.002629878969,-1500.7059700910474
1862514.189064,-4143.002629878969,-1500.7059700910474
1862523.357046,-4143.002629878969,-1500.7059700910474
1862528.667108,-4143.002629878969,-1500.7059700910474
1862535.797806,-4143.002629878969,-1500.7059700910474
1862543.845676,-4143.002629878969,-1500.7059700910474
1862549.640945,-4143.002629878969,-1500.7059700910474
1862557.03772,-4143.002629878969,-1500.7059700910474
1862563.180856,-4143.002629878969,-1500.7059700910474
1862570.437528,-4143.002629878969,-1500.7059700910474
1862579.302029,-4143.002629878969,-1500.7059700910474
1862584.641776,-4143.002629878969,-1500.7059700910474
1862591.679605,-4143.002629878969,-1500.7059700910474
1862599.123714,-4143.002629878969,-1500.7059700910474
1862606.620488,-4143.002629878969,-1500.7059700910474
1862612.641083,-4143.002629878969,-1500.7059700910474
1862620.060689,-4143.002629878969,-1500.7059700910474
1862626.623591,-4143.002629878969,-1500.7059700910474
1862633.660046,-4143.002629878969,-1500.7059700910474
1862641.046433,-4143.002629878969,-1500.7059700910474
1862647.665727,-4143.002629878969,-1500.7059700910474
1862655.118043,-4143.002629878969,-1500.7059700910474
1862662.408205,-4143.002629878969,-1500.7059700910474
1862668.657771,-4143.002629878969,-1500.7059700910474
1862675.679221,-4143.002629878969,-1500.7059700910474
1862682.216606,-4143.002629878969,-1500.7059700910474
1862689.190271,-4143.002629878969,-1500.7059700910474
1862698.357773,-4143.002629878969,-1500.7059700910474
1862703.684632,-4143.002629878969,-1500.7059700910474
1862711.117761,-4143.002629878969,-1500.7059700910474
1862718.236783,-4143.002629878969,-1500.7059700910474
1862724.660676,-4143.002629878969,-1500.7059700910474
1862731.65818,-4143.002629878969,-1500.7059700910474
1862739.124627,-4143.002629878969,-1500.7059700910474
1862745.682038,-4143.002629878969,-1500.7059700910474
1862753.050201,-4143.002629878969,-1500.7059700910474
1862760.705906,-4143.002629878969,-1500.7059700910474
1862766.63769,-4143.002629878969,-1500.7059700910474
1862773.999707,-4143.002629878969,-1500.7059700910474
1862780.643449,-4143.002629878969,-1500.7059700910474
1862788.078303,-4143.002629878969,-1500.7059700910474
1862795.26653,-4143.002629878969,-1500.7059700910474
1862801.68453,-4143.002629878969,-1500.7059700910474
1862808.330222,-4143.002629878969,-1500.7059700910474
1862815.207661,-4143.002629878969,-1500.7059700910474
1862822.664351,-4143.002629878969,-1500.7059700910474
1862829.963792,-4143.002629878969,-1500.7059700910474
1862837.621876,-4143.002629878969,-1500.7059700910474
1862843.684623,-4143.002629878969,-1500.7059700910474
1862851.75641,-4143.002629878969,-1500.7059700910474
1862857.686045,-4143.002629878969,-1500.7059700910474
1862865.696236,-4143.002629878969,-1500.7059700910474
1862873.793553,-4143.002629878969,-1500.7059700910474
1862878.660658,-4143.002629878969,-1500.7059700910474
1862885.976441,-4143.002629878969,-1500.7059700910474
1862893.3031,-4143.002629878969,-1500.7059700910474
1862899.660405,-4143.002629878969,-1500.7059700910474
1862906.883191,-4143.002629878969,-1500.7059700910474
1862913.657902,-4143.002629878969,-1500.7059700910474
1862920.66484,-4143.002629878969,-1500.7059700910474
1862928.279087,-4143.002629878969,-1500.7059700910474
1862934.207082,-4143.002629878969,-1500.7059700910474
1862943.096388,-4143.002629878969,-1500.7059700910474
1862948.6422,-4143.002629878969,-1500.7059700910474
1862955.660637,-4143.002629878969,-1500.7059700910474
1862963.100519,-4143.002629878969,-1500.7059700910474
1862970.416777,-4143.002629878969,-1500.7059700910474
1862976.664782,-4143.002629878969,-1500.7059700910474
1862984.085979,-4143.002629878969,-1500.7059700910474
1862991.669206,-4143.002629878969,-1500.7059700910474
1862997.221809,-4143.002629878969,-1500.7059700910474
1863005.586902,-4148.459656625757,-1497.9781617913402
1863011.66742,-4148.459656625757,-1497.9781617913402
1863019.187338,-4148.459656625757,-1497.9781617913402
1863026.322268,-4148.459656625757,-1497.9781617913402
1863032.7897,-4148.459656625757,-1497.9781617913402
1863040.582135,-4148.459656625757,-1497.9781617913402
1863047.880399,-4148.459656625757,-1497.9781617913402
1863053.206946,-4148.459656625757,-1497.9781617913402
1863061.838277,-4148.459656625757,-1497.9781617913402
1863069.117939,-4148.459656625757,-1497.9781617913402
1863074.638153,-4148.459656625757,-1497.9781617913402
1863082.024634,-4148.459656625757,-1497.9781617913402
1863088.657743,-4148.459656625757,-1497.9781617913402
1863095.529938,-4148.459656625757,-1497.9781617913402
1863104.100809,-4148.459656625757,-1497.9781617913402
1863109.657667,-4148.459656625757,-1497.9781617913402
1863116.964925,-4148.459656625757,-1497.9781617913402
1863124.08055,-4148.459656625757,-1497.9781617913402
1863130.664491,-4148.459656625757,-1497.9781617913402
1863138.005764,-4148.459656625757,-1497.9781617913402
1863145.737977,-4148.459656625757,-1497.9781617913402
1863151.664856,-4148.459656625757,-1497.9781617913402
1863159.207235,-4148.459656625757,-1497.9781617913402
1863165.657583,-4148.459656625757,-1497.9781617913402
1863172.17146,-4148.459656625757,-1497.9781617913402
1863180.884304,-4148.459656625757,-1497.9781617913402
1863186.620372,-4148.459656625757,-1497.9781617913402
1863193.981735,-4148.459656625757,-1497.9781617913402
1863200.662,-4148.459656625757,-1497.9781617913402
1863207.659153,-4148.459656625757,-1497.9781617913402
1863215.102213,-4148.459656625757,-1497.9781617913402
1863222.79772,-4148.459656625757,-1497.9781617913402
1863228.698004,-4148.459656625757,-1497.9781617913402
1863235.640378,-4148.459656625757,-1497.9781617913402
1863242.664646,-4148.459656625757,-1497.9781617913402
1863250.083369,-4148.459656625757,-1497.9781617913402
1863257.200849,-4148.459656625757,-1497.9781617913402
1863263.640666,-4148.459656625757,-1497.9781617913402
1863271.101814,-4148.459656625757,-1497.9781617913402
1863277.644715,-4148.459656625757,-1497.9781617913402
1863284.621713,-4148.459656625757,-1497.9781617913402
1863292.083193,-4148.459656625757,-1497.9781617913402
1863298.20721,-4148.459656625757,-1497.9781617913402
1863305.206485,-4148.459656625757,-1497.9781617913402
1863312.206579,-4148.459656625757,-1497.9781617913402
1863312.91135,-4148.459656625757,-1497.9781617913402
1863319.206558,-4148.459656625757,-1497.9781617913402
1863326.208488,-4148.459656625757,-1497.9781617913402
1863334.420687,-4148.459656625757,-1497.9781617913402
1863340.659434,-4148.459656625757,-1497.9781617913402
1863348.217209,-4148.459656625757,-1497.9781617913402
1863355.163258,-4146.228184540613,-1492.9042521343952
1863361.58887,-4094.188309070354,-1446.6385730275624
1863369.043109,-4028.717891253086,-1400.2611714456655
1863376.708535,-4036.1561315458403,-1363.2774838196442
1863382.624427,-4084.6923873598435,-1264.764473791264
1863389.963955,-4096.9481047660865,-1191.3742963087839
1863396.653518,-4084.233580014538,-1102.4318695453806
1863404.014045,-4064.1364279790473,-960.2738507698451
1863410.626013,-4065.777011820224,-877.7785217179432
1863417.560303,-4062.377666491716,-807.8609057035154
1863425.031628,-4025.4019654410235,-694.3495000763655
1863432.420364,-4013.6954265060867,-633.3135453940691
1863438.738526,-4065.08184917387,-632.7130543471665
1863445.596133,-4205.129315232216,-627.7880967892195
1863458.759066,-4289.80707658712,-601.0918469988392
1863459.186846,-4320.985121011943,-594.3281762032663
1863467.290763,-4348.318916020706,-602.092665449803
1863479.907977,-4351.662648322373,-635.8272288107318
1863480.173578,-4328.819603972356,-652.0311767144267
1863480.660987,-4328.819603972356,-652.0311767144267
1863480.662514,-4328.819603972356,-652.0311767144267
1863483.711261,-4319.504424592615,-655.2524153772836
1863493.74933,-4269.765537643821,-688.0233973512542
1863497.790026,-4252.504649266995,-703.5244436356944
1863506.541895,-4260.492068011754,-694.1586463466416
1863512.261678,-4273.435996393102,-684.3878666194565
1863519.20028,-4273.435996393102,-684.3878666194565
1863519.82271,-4148.459656625757,-1497.9781617913402
1863527.080495,-4273.435996393102,-684.3878666194565
1863533.196272,-4273.435996393102,-684.3878666194565
1863540.699344,-4273.435996393102,-684.3878666194565
1863547.859613,-4273.435996393102,-684.3878666194565
1863554.193625,-4273.435996393102,-684.3878666194565
1863562.927899,-4273.435996393102,-684.3878666194565
1863567.712257,-4273.435996393102,-684.3878666194565
1863574.720368,-4273.435996393102,-684.3878666194565
1863583.612751,-4273.435996393102,-684.3878666194565
1863589.181499,-4273.435996393102,-684.3878666194565
1863596.196297,-4273.435996393102,-684.3878666194565
1863603.613563,-4273.435996393102,-684.3878666194565
1863610.188256,-4273.435996393102,-684.3878666194565
1863617.59289,-4273.435996393102,-684.3878666194565
1863624.760346,-4273.435996393102,-684.3878666194565
1863631.197777,-4273.435996393102,-684.3878666194565
1863638.649899,-4273.435996393102,-684.3878666194565
1863645.996988,-4273.435996393102,-684.3878666194565
1863652.192129,-4273.435996393102,-684.3878666194565
1863662.360166,-4273.435996393102,-684.3878666194565
1863666.200396,-4273.435996393102,-684.3878666194565
1863673.19492,-4273.435996393102,-684.3878666194565
1863680.593891,-4273.435996393102,-684.3878666194565
1863686.909284,-4272.8451081477915,-685.4957492294058
1863701.252632,-4248.966271417808,-703.5197886680768
1863703.461592,-4165.984706852095,-754.4777300516195
1863708.092484,-4110.844406008973,-806.6552689830365
1863715.533339,-4052.812228503779,-806.4923450956159
1863721.612041,-4148.459656625757,-1497.9781617913402
1863722.298272,-4022.3849595606175,-702.1884675946067
1863728.716107,-4003.546051892492,-638.5317659632018
1863735.70364,-3964.1303299077417,-587.7507041282761
1863742.728315,-3875.7960124818787,-516.6274189350223
1864668.301494,-2366.5144682301325,-1935.4840166597487
1864668.30215,-2366.5144682301325,-1935.4840166597487
1864669.202739,-2472.1791929082246,-1830.7287932698507
1864669.203273,-2472.1791929082246,-1830.7287932698507
1864675.32437,-2509.7388315255384,-1789.8768582457233
1864682.332117,-2510.1211709857234,-1789.6394552430008
1864689.324561,-2510.1211709857234,-1789.6394552430008
1864701.943777,-2510.1211709857234,-1789.6394552430008
1864703.356159,-2510.1211709857234,-1789.6394552430008
1864710.356523,-2510.1211709857234,-1789.6394552430008
1864718.893529,-2510.1211709857234,-1789.6394552430008
1864724.814922,-2510.1211709857234,-1789.6394552430008
1864732.397465,-2510.1211709857234,-1789.6394552430008
1864738.357572,-2510.1211709857234,-1789.6394552430008
1864745.354026,-2525.748427616704,-1760.8997263543786
1864753.458112,-2575.2509607269844,-1704.798133273001
1864759.455472,-2671.885522166851,-1597.8410747214493
1864768.918911,-2742.722597202712,-1524.0133691969002
1864773.371916,-2819.086215306729,-1448.505213335606
1864783.028216,-2967.2462326135383,-1375.4362495774026
1864787.38253,-3056.4981661138313,-1337.0095216192467
1864796.843608,-3111.81921028346,-1313.1388649747164
1864802.870484,-3114.335699098888,-1311.2536044089975
1864808.325737,-3114.335699098888,-1311.2536044089975
1864817.487519,-3114.335699098888,-1311.2536044089975
1864822.811615,-3114.335699098888,-1311.2536044089975
1864831.439832,-3114.335699098888,-1311.2536044089975
1864836.809168,-3114.9335389804614,-1310.4250207572202
1864843.836635,-3163.747860655193,-1322.0251918138918
1864857.246014,-3163.8660383033357,-1398.4829753083848
1864857.325164,-3187.689262493473,-1463.335926362958
1864864.351073,-3200.4107390743557,-1476.002081198151
1864872.877452,-3233.1946098687113,-1524.3205967476924
1864878.363357,-3275.2519504497664,-1602.9196385132084
1864887.1946,-3359.324921757406,-1667.5444755892777
1864892.793054,-3442.4802782541815,-1636.1886525612717
1864899.797483,-3532.4899383743214,-1603.2129011319246
1864906.460283,-3631.6479388212956,-1628.926911846332
1864913.377316,-3639.8160999496517,-1636.1560678295225
1864920.378825,-3639.8160999496517,-1636.1560678295225
1864927.429102,-3651.800704029977,-1646.713521474151
1864937.076046,-3702.4502546499275,-1688.55231755199
1864941.808143,-3785.5221911232006,-1730.163017781379
1864949.134894,-3849.817784374096,-1792.0227951865204
1864956.480651,-3904.798198088073,-1752.6092406706616
1864962.324704,-3963.0597794407404,-1692.932636394244
1864970.389424,-4018.2209353190146,-1598.748792360212
1864976.824321,-4040.813721267271,-1533.1510610911816
1864983.799589,-4082.5999477977557,-1499.0255284647544
1864991.228174,-4132.470915841957,-1492.3410016004045
1864997.451212,-4140.458334606609,-1492.8297727199388
1865004.396381,-4144.344293777988,-1491.8289556722948
1865011.478981,-4156.356704245271,-1478.4086971363326
1865018.328658,-4173.103172305217,-1485.9171525979066
1865025.322425,-4173.103172305217,-1485.9171525979066
1865032.426407,-4173.103172305217,-1485.9171525979066
1865039.32402,-4173.103172305217,-1485.9171525979066
1865046.466206,-4173.103172305217,-1485.9171525979066
1865053.724835,-4173.103172305217,-1485.9171525979066
1865062.369909,-4173.103172305217,-1485.9171525979066
1865067.733546,-4173.103172305217,-1485.9171525979066
1865074.696519,-4173.103172305217,-1485.9171525979066
1865081.357484,-4173.103172305217,-1485.9171525979066
1865090.63219,-4173.103172305217,-1485.9171525979066
1865095.746852,-4173.103172305217,-1485.9171525979066
1865103.17064,-4173.103172305217,-1485.9171525979066
1865109.848347,-4173.103172305217,-1485.9171525979066
1865116.327574,-4173.103172305217,-1485.9171525979066
1865123.437729,-4173.103172305217,-1485.9171525979066
1865130.322086,-4173.103172305217,-1485.9171525979066
1865139.174723,-4173.103172305217,-1485.9171525979066
1865144.346521,-4173.103172305217,-1485.9171525979066
1865151.368648,-4173.103172305217,-1485.9171525979066
1865158.365628,-4173.103172305217,-1485.9171525979066
1865165.313664,-4173.103172305217,-1485.9171525979066
1865172.365486,-4173.103172305217,-1485.9171525979066
1865181.466811,-4173.103172305217,-1485.9171525979066
1865186.709864,-4173.103172305217,-1485.9171525979066
1865194.052015,-4173.103172305217,-1485.9171525979066
1865200.36191,-4173.103172305217,-1485.9171525979066
1865207.363357,-4173.103172305217,-1485.9171525979066
1865216.012571,-4173.103172305217,-1485.9171525979066
1865223.196326,-4173.103172305217,-1485.9171525979066
1865228.751095,-4173.103172305217,-1485.9171525979066
1865235.764453,-4173.103172305217,-1485.9171525979066
1865242.347996,-4173.103172305217,-1485.9171525979066
1865249.327882,-4173.103172305217,-1485.9171525979066
1865257.361845,-4173.103172305217,-1485.9171525979066
1865263.320479,-4173.103172305217,-1485.9171525979066
1865270.326495,-4173.103172305217,-1485.9171525979066
1865278.757406,-4173.103172305217,-1485.9171525979066
1865284.757453,-4173.103172305217,-1485.9171525979066
1865292.701425,-4173.103172305217,-1485.9171525979066
1865301.798968,-4173.103172305217,-1485.9171525979066
1865305.775273,-4173.103172305217,-1485.9171525979066
1865312.781975,-4173.103172305217,-1485.9171525979066
1865319.94825,-4173.103172305217,-1485.9171525979066
1865326.757541,-4173.103172305217,-1485.9171525979066
1865334.141085,-4173.103172305217,-1485.9171525979066
1865340.904783,-4173.103172305217,-1485.9171525979066
1865348.26402,-4173.103172305217,-1485.9171525979066
1865354.89761,-4173.103172305217,-1485.9171525979066
1865361.329683,-4173.103172305217,-1485.9171525979066
1865369.604027,-4173.103172305217,-1485.9171525979066
1865375.346599,-4173.103172305217,-1485.9171525979066
1865382.348067,-4173.103172305217,-1485.9171525979066
1865391.333762,-4173.103172305217,-1485.9171525979066
1865396.702912,-4173.103172305217,-1485.9171525979066
1865403.733321,-4173.103172305217,-1485.9171525979066
1865410.361856,-4173.103172305217,-1485.9171525979066
1865417.379307,-4173.103172305217,-1485.9171525979066
1865426.165512,-4173.103172305217,-1485.9171525979066
1865431.72146,-4173.103172305217,-1485.9171525979066
1865438.708148,-4173.103172305217,-1485.9171525979066
1865446.055668,-4173.103172305217,-1485.9171525979066
1865453.141414,-4173.103172305217,-1485.9171525979066
1865459.848195,-4173.103172305217,-1485.9171525979066
1865468.911779,-4173.103172305217,-1485.9171525979066
1865473.728591,-4173.103172305217,-1485.9171525979066
1865480.808529,-4173.103172305217,-1485.9171525979066
1865490.042793,-4173.103172305217,-1485.9171525979066
1865494.356654,-4173.103172305217,-1485.9171525979066
1865503.148059,-4173.103172305217,-1485.9171525979066
1865508.346259,-4173.103172305217,-1485.9171525979066
1865515.346209,-4173.103172305217,-1485.9171525979066
1865525.22956,-4173.103172305217,-1485.9171525979066
1865529.466797,-4173.103172305217,-1485.9171525979066
1865536.45722,-4173.103172305217,-1485.9171525979066
1865545.032115,-4173.103172305217,-1485.9171525979066
1865550.797776,-4173.103172305217,-1485.9171525979066
1865557.773472,-4173.103172305217,-1485.9171525979066
1865565.202749,-4173.103172305217,-1485.9171525979066
1865571.776405,-4173.103172305217,-1485.9171525979066
1865579.13778,-4173.103172305217,-1485.9171525979066
1865586.226946,-4173.103172305217,-1485.9171525979066
1865592.758874,-4173.103172305217,-1485.9171525979066
1865600.172093,-4173.103172305217,-1485.9171525979066
1865606.474337,-4173.103172305217,-1485.9171525979066
1865613.320149,-4173.103172305217,-1485.9171525979066
1865621.858759,-4173.103172305217,-1485.9171525979066
1865627.346271,-4173.103172305217,-1485.9171525979066
1865634.346204,-4173.103172305217,-1485.9171525979066
1865642.32434,-4173.103172305217,-1485.9171525979066
1865648.760485,-4173.103172305217,-1485.9171525979066
1865655.341505,-4173.103172305217,-1485.9171525979066
1865664.032157,-4173.103172305217,-1485.9171525979066
1865669.756638,-4173.103172305217,-1485.9171525979066
1865677.11509,-4173.103172305217,-1485.9171525979066
1865684.333459,-4173.103172305217,-1485.9171525979066
1865690.740246,-4173.103172305217,-1485.9171525979066
1865698.158846,-4173.103172305217,-1485.9171525979066
1865705.895383,-4173.103172305217,-1485.9171525979066
1865711.797716,-4173.103172305217,-1485.9171525979066
1865719.219086,-4173.103172305217,-1485.9171525979066
1865725.350702,-4173.103172305217,-1485.9171525979066
1865735.078037,-4173.103172305217,-1485.9171525979066
1865739.320139,-4173.103172305217,-1485.9171525979066
1865746.368244,-4173.103172305217,-1485.9171525979066
1865754.957641,-4173.103172305217,-1485.9171525979066
1865762.461818,-4173.103172305217,-1485.9171525979066
1865767.901501,-4173.103172305217,-1485.9171525979066
1865774.345265,-4173.103172305217,-1485.9171525979066
1865784.443281,-4173.103172305217,-1485.9171525979066
1865788.941686,-4173.103172305217,-1485.9171525979066
1865795.808171,-4173.103172305217,-1485.9171525979066
1865802.810899,-4173.103172305217,-1485.9171525979066
1865810.241399,-4173.103172305217,-1485.9171525979066
1865817.52421,-4173.103172305217,-1485.9171525979066
1865823.825722,-4173.103172305217,-1485.9171525979066
1865831.265419,-4173.103172305217,-1485.9171525979066
1865838.683232,-4173.103172305217,-1485.9171525979066
1865846.028572,-4173.103172305217,-1485.9171525979066
1865851.353083,-4173.103172305217,-1485.9171525979066
1865858.335893,-4173.103172305217,-1485.9171525979066
1865865.345145,-4173.103172305217,-1485.9171525979066
1865874.020255,-4173.103172305217,-1485.9171525979066
1865879.797431,-4173.103172305217,-1485.9171525979066
1865887.185656,-4173.103172305217,-1485.9171525979066
1865893.340959,-4173.103172305217,-1485.9171525979066
1865900.337009,-4173.103172305217,-1485.9171525979066
1865908.536185,-4173.103172305217,-1485.9171525979066
1865916.088015,-4173.103172305217,-1485.9171525979066
1865921.792263,-4173.103172305217,-1485.9171525979066
1865929.162815,-4173.103172305217,-1485.9171525979066
1865936.83912,-4173.103172305217,-1485.9171525979066
1865942.798884,-4173.103172305217,-1485.9171525979066
1865949.805746,-4173.103172305217,-1485.9171525979066
1865956.808359,-4173.103172305217,-1485.9171525979066
1865964.141906,-4173.103172305217,-1485.9171525979066
1865970.313411,-4173.103172305217,-1485.9171525979066
1865978.387452,-4173.103172305217,-1485.9171525979066
1865984.36731,-4173.103172305217,-1485.9171525979066
1865991.443491,-4173.103172305217,-1485.9171525979066
1865999.123181,-4173.103172305217,-1485.9171525979066
1866006.330601,-4173.103172305217,-1485.9171525979066
1866013.90361,-4173.103172305217,-1485.9171525979066
1866019.337171,-4173.103172305217,-1485.9171525979066
1866027.620162,-4173.103172305217,-1485.9171525979066
1866033.344871,-4173.103172305217,-1485.9171525979066
1866042.041566,-4173.103172305217,-1485.9171525979066
1866049.059107,-4173.103172305217,-1485.9171525979066
1866054.760138,-4173.103172305217,-1485.9171525979066
1866062.13389,-4173.103172305217,-1485.9171525979066
1866069.331062,-4173.103172305217,-1485.9171525979066
1866075.34504,-4173.103172305217,-1485.9171525979066
1866083.944379,-4173.103172305217,-1485.9171525979066
1866089.437473,-4173.103172305217,-1485.9171525979066
1866096.346773,-4173.103172305217,-1485.9171525979066
1866103.351532,-4173.103172305217,-1485.9171525979066
1866110.345395,-4173.103172305217,-1485.9171525979066
1866118.671155,-4173.103172305217,-1485.9171525979066
1866125.856101,-4173.103172305217,-1485.9171525979066
1866131.346899,-4173.103172305217,-1485.9171525979066
1866138.376268,-4173.103172305217,-1485.9171525979066
1866146.659288,-4173.103172305217,-1485.9171525979066
1866152.767441,-4173.103172305217,-1485.9171525979066
1866160.387537,-4173.103172305217,-1485.9171525979066
1866168.049477,-4173.103172305217,-1485.9171525979066
1866173.732194,-4173.103172305217,-1485.9171525979066
1866181.208162,-4173.103172305217,-1485.9171525979066
1866187.759087,-4173.103172305217,-1485.9171525979066
1866195.1256,-4173.103172305217,-1485.9171525979066
1866201.756945,-4173.103172305217,-1485.9171525979066
1866208.842966,-4173.103172305217,-1485.9171525979066
1866215.346425,-4173.103172305217,-1485.9171525979066
1866222.407637,-4173.103172305217,-1485.9171525979066
1866229.336072,-4173.103172305217,-1485.9171525979066
1866237.477521,-4173.103172305217,-1485.9171525979066
1866244.801465,-4173.103172305217,-1485.9171525979066
1866250.782913,-4173.103172305217,-1485.9171525979066
1866257.336967,-4173.103172305217,-1485.9171525979066
1866264.345637,-4173.103172305217,-1485.9171525979066
1866273.80321,-4173.103172305217,-1485.9171525979066
1866278.372118,-4173.103172305217,-1485.9171525979066
1866285.337222,-4173.103172305217,-1485.9171525979066
1866293.969557,-4173.103172305217,-1485.9171525979066
1866301.632261,-4173.103172305217,-1485.9171525979066
1866306.807164,-4173.103172305217,-1485.9171525979066
1866314.344131,-4173.103172305217,-1485.9171525979066
1866320.832796,-4173.103172305217,-1485.9171525979066
1866327.806889,-4173.103172305217,-1485.9171525979066
1866334.476436,-4173.103172305217,-1485.9171525979066
1866341.684415,-4173.103172305217,-1485.9171525979066
1866342.867529,-4173.103172305217,-1485.9171525979066
1866348.309723,-4173.103172305217,-1485.9171525979066
1866356.602941,-4173.103172305217,-1485.9171525979066
1866362.744337,-4173.103172305217,-1485.9171525979066
1866369.884419,-4173.103172305217,-1485.9171525979066
1866377.206681,-4173.103172305217,-1485.9171525979066
1866383.426634,-4173.103172305217,-1485.9171525979066
1866390.336684,-4173.103172305217,-1485.9171525979066
1866397.336176,-4173.103172305217,-1485.9171525979066
1866404.309738,-4173.103172305217,-1485.9171525979066
1866415.475971,-4173.103172305217,-1485.9171525979066
1866418.309088,-4173.103172305217,-1485.9171525979066
1866428.464498,-4173.103172305217,-1485.9171525979066
1866432.368416,-4173.103172305217,-1485.9171525979066
1866439.347002,-4173.103172305217,-1485.9171525979066
1866447.352319,-4173.103172305217,-1485.9171525979066
1866453.359195,-4173.103172305217,-1485.9171525979066
1866460.347128,-4173.103172305217,-1485.9171525979066
1866467.401275,-4173.103172305217,-1485.9171525979066
1866479.321687,-4173.103172305217,-1485.9171525979066
1866481.692267,-4173.103172305217,-1485.9171525979066
1866488.707321,-4173.103172305217,-1485.9171525979066
1866495.788199,-4173.103172305217,-1485.9171525979066
1866502.310119,-4173.103172305217,-1485.9171525979066
1866511.514668,-4173.103172305217,-1485.9171525979066
1866517.722601,-4173.103172305217,-1485.9171525979066
1866524.732377,-4173.103172305217,-1485.9171525979066
1866530.713586,-4173.103172305217,-1485.9171525979066
1866537.689797,-4173.103172305217,-1485.9171525979066
1866545.093622,-4173.103172305217,-1485.9171525979066
1866552.571398,-4173.103172305217,-1485.9171525979066
1866558.705857,-4173.103172305217,-1485.9171525979066
1866566.053577,-4173.103172305217,-1485.9171525979066
1866572.719104,-4173.103172305217,-1485.9171525979066
1866579.309645,-4173.103172305217,-1485.9171525979066
1866586.387696,-4173.103172305217,-1485.9171525979066
1866593.33725,-4173.103172305217,-1485.9171525979066
1866600.336234,-4173.103172305217,-1485.9171525979066
1866608.634849,-4173.103172305217,-1485.9171525979066
1866618.249688,-4173.103172305217,-1485.9171525979066
1866621.605842,-4173.103172305217,-1485.9171525979066
1866630.506974,-4173.103172305217,-1485.9171525979066
1866635.742019,-4173.103172305217,-1485.9171525979066
1866643.168501,-4173.103172305217,-1485.9171525979066
1866649.711222,-4173.103172305217,-1485.9171525979066
1866657.011248,-4173.103172305217,-1485.9171525979066
1866664.128554,-4173.103172305217,-1485.9171525979066
1866670.735738,-4173.103172305217,-1485.9171525979066
1866677.768388,-4173.103172305217,-1485.9171525979066
1866685.246898,-4173.103172305217,-1485.9171525979066
1866691.713636,-4173.103172305217,-1485.9171525979066
1866698.343375,-4173.103172305217,-1485.9171525979066
1866705.343165,-4173.103172305217,-1485.9171525979066
1866712.341048,-4173.103172305217,-1485.9171525979066
1866721.287037,-4173.103172305217,-1485.9171525979066
1866726.753791,-4173.103172305217,-1485.9171525979066
1866734.017502,-4173.103172305217,-1485.9171525979066
1866741.126443,-4173.103172305217,-1485.9171525979066
1866747.3365,-4173.103172305217,-1485.9171525979066
1866756.326184,-4173.103172305217,-1485.9171525979066
1866761.335199,-4173.103172305217,-1485.9171525979066
1866768.336649,-4173.103172305217,-1485.9171525979066
1866776.369852,-4173.103172305217,-1485.9171525979066
1866783.533827,-4173.103172305217,-1485.9171525979066
1866789.716809,-4173.103172305217,-1485.9171525979066
1866797.113562,-4173.103172305217,-1485.9171525979066
1866803.732322,-4173.103172305217,-1485.9171525979066
1866810.971207,-4173.103172305217,-1485.9171525979066
1866817.334884,-4173.103172305217,-1485.9171525979066
1866824.337517,-4173.103172305217,-1485.9171525979066
1866833.63912,-4173.103172305217,-1485.9171525979066
1866838.337184,-4173.103172305217,-1485.9171525979066
1866845.345592,-4173.103172305217,-1485.9171525979066
1866854.487063,-4180.270299148597,-1488.9149488165144
1866859.816737,-4186.262601130622,-1493.262684284182
1866866.338064,-4190.982755468562,-1496.1627262364373
1866874.928944,-4190.989707092479,-1496.1580712639416
1866880.708208,-4190.989707092479,-1496.1580712639416
1866887.923404,-4190.989707092479,-1496.1580712639416
1866895.236369,-4191.768289255732,-1495.9625628247995
1866903.64031,-4200.464773910861,-1508.6100971529268
1866908.783596,-4200.464773910861,-1508.6100971529268
1866917.36436,-4200.464773910861,-1508.6100971529268
1866922.757666,-4200.464773910861,-1508.6100971529268
1866930.12181,-4200.464773910861,-1508.6100971529268
1866937.867228,-4200.464773910861,-1508.6100971529268
1866943.359625,-4200.464773910861,-1508.6100971529268
1866951.764463,-4200.464773910861,-1508.6100971529268
1866957.325037,-4200.464773910861,-1508.6100971529268
1866966.20804,-4200.464773910861,-1508.6100971529268
1866971.828817,-4200.464773910861,-1508.6100971529268
1866978.787789,-4200.464773910861,-1508.6100971529268
1866985.331264,-4200.464773910861,-1508.6100971529268
1866994.023162,-4200.464773910861,-1508.6100971529268
1866999.783157,-4200.464773910861,-1508.6100971529268
1867007.283041,-4200.464773910861,-1508.6100971529268
1867014.756292,-4200.464773910861,-1508.6100971529268
1867020.776322,-4200.464773910861,-1508.6100971529268
1867028.181527,-4200.464773910861,-1508.6100971529268
1867034.706922,-4199.303852298278,-1511.5753085148856
1867041.694917,-4199.303852298278,-1511.5753085148856
1867048.709599,-4199.303852298278,-1511.5753085148856
1867055.692411,-4199.303852298278,-1511.5753085148856
1867062.328243,-4199.303852298278,-1511.5753085148856
1867070.888803,-4199.303852298278,-1511.5753085148856
1867076.580947,-4199.303852298278,-1511.5753085148856
1867084.813673,-4199.303852298278,-1511.5753085148856
1867091.994026,-4199.303852298278,-1511.5753085148856
1867097.714884,-4199.303852298278,-1511.5753085148856
1867104.771943,-4199.303852298278,-1511.5753085148856
1867111.304205,-4199.303852298278,-1511.5753085148856
1867119.625429,-4199.303852298278,-1511.5753085148856
1867126.653494,-4199.303852298278,-1511.5753085148856
1867132.709925,-4199.303852298278,-1511.5753085148856
1867140.122946,-4199.303852298278,-1511.5753085148856
1867147.251129,-4199.303852298278,-1511.5753085148856
1867153.337753,-4199.303852298278,-1511.5753085148856
1867161.611154,-4199.303852298278,-1511.5753085148856
1867168.764413,-4199.303852298278,-1511.5753085148856
1867174.708538,-4199.303852298278,-1511.5753085148856
1867182.005845,-4199.303852298278,-1511.5753085148856
1867188.329143,-4199.303852298278,-1511.5753085148856
1867197.742107,-4199.303852298278,-1511.5753085148856
1867202.327254,-4199.303852298278,-1511.5753085148856
1867209.325871,-4199.303852298278,-1511.5753085148856
1867217.912742,-4199.303852298278,-1511.5753085148856
1867223.736322,-4199.303852298278,-1511.5753085148856
1867230.326754,-4199.303852298278,-1511.5753085148856
1867238.439085,-4199.303852298278,-1511.5753085148856
1867245.660321,-4199.303852298278,-1511.5753085148856
1867251.739677,-4199.303852298278,-1511.5753085148856
1867259.067192,-4199.303852298278,-1511.5753085148856
1867265.712481,-4199.303852298278,-1511.5753085148856
1867272.939045,-4199.303852298278,-1511.5753085148856
1867281.50182,-4199.303852298278,-1511.5753085148856
1867286.687125,-4199.303852298278,-1511.5753085148856
1867294.123479,-4199.303852298278,-1511.5753085148856
1867301.347006,-4199.303852298278,-1511.5753085148856
1867307.337486,-4199.303852298278,-1511.5753085148856
1867316.453894,-4199.303852298278,-1511.5753085148856
1867321.326229,-4199.303852298278,-1511.5753085148856
1867328.326152,-4199.303852298278,-1511.5753085148856
1867336.987188,-4199.303852298278,-1511.5753085148856
1867342.751397,-4199.303852298278,-1511.5753085148856
1867349.358995,-4199.303852298278,-1511.5753085148856
1867357.45388,-4199.303852298278,-1511.5753085148856
1867363.715258,-4199.303852298278,-1511.5753085148856
1867371.211068,-4199.303852298278,-1511.5753085148856
1867378.349542,-4199.303852298278,-1511.5753085148856
1867384.71492,-4199.303852298278,-1511.5753085148856
1867392.129376,-4199.303852298278,-1511.5753085148856
1867399.668205,-4199.303852298278,-1511.5753085148856
1867405.708215,-4199.303852298278,-1511.5753085148856
1867413.089612,-4199.303852298278,-1511.5753085148856
1867419.772924,-4199.303852298278,-1511.5753085148856
1867426.370998,-4199.303852298278,-1511.5753085148856
1867435.509719,-4199.303852298278,-1511.5753085148856
1867441.624332,-4196.634427750781,-1516.0161430828095
1867447.33776,-4196.6274761270115,-1516.0207980432463
1867457.062592,-4196.6274761270115,-1516.0207980432463
1867461.784481,-4196.6274761270115,-1516.0207980432463
1867470.934529,-4196.6274761270115,-1516.0207980432463
1867475.324881,-4196.6274761270115,-1516.0207980432463
1867482.336123,-4196.6274761270115,-1516.0207980432463
1867490.525855,-4196.6274761270115,-1516.0207980432463
1867496.711174,-4196.6274761270115,-1516.0207980432463
1867503.985714,-4196.6274761270115,-1516.0207980432463
1867511.05593,-4196.6274761270115,-1516.0207980432463
1867517.709446,-4196.6274761270115,-1516.0207980432463
1867525.095201,-4196.6274761270115,-1516.0207980432463
1867532.213089,-4196.6274761270115,-1516.0207980432463
1867538.703596,-4195.862797219772,-1517.5709006720003
1867545.837512,-4193.673034896076,-1520.829374647585
1867552.326886,-4193.673034896076,-1520.829374647585
1867559.316798,-4193.673034896076,-1520.829374647585
1867568.564982,-4193.673034896076,-1520.829374647585
1867573.724691,-4186.429440159762,-1526.2291314859367
1867580.97872,-4185.901116552361,-1526.294300962455
1867588.145569,-4185.901116552361,-1526.294300962455
1867594.326609,-4185.901116552361,-1526.294300962455
1867603.181622,-4185.901116552361,-1526.294300962455
1867608.708527,-4185.901116552361,-1526.294300962455
1867615.683311,-4185.901116552361,-1526.294300962455
1867623.033603,-4185.901116552361,-1526.294300962455
1867632.262261,-4185.901116552361,-1526.294300962455
1867636.725548,-4185.901116552361,-1526.294300962455
1867644.136299,-4185.901116552361,-1526.294300962455
1867650.7391,-4185.901116552361,-1526.294300962455
1867657.933676,-4185.901116552361,-1526.294300962455
1867669.237672,-4185.901116552361,-1526.294300962455
1867671.304963,-4185.901116552361,-1526.294300962455
1867679.969775,-4185.901116552361,-1526.294300962455
1867685.333282,-4185.901116552361,-1526.294300962455
1867692.333087,-4185.901116552361,-1526.294300962455
1867699.332955,-4185.901116552361,-1526.294300962455
1867709.421634,-4185.901116552361,-1526.294300962455
1867713.489776,-4185.901116552361,-1526.294300962455
1867722.36345,-4173.582834529406,-1523.6270072867958
1867727.78753,-4173.721867063351,-1523.650282103376
1867735.251785,-4173.721867063351,-1523.650282103376
1867742.425623,-4173.721867063351,-1523.650282103376
1867748.832609,-4173.721867063351,-1523.650282103376
1867756.289583,-4173.721867063351,-1523.650282103376
1867763.646957,-4173.721867063351,-1523.650282103376
1867773.60791,-4173.721867063351,-1523.650282103376
1867776.905887,-4173.721867063351,-1523.650282103376
1867783.769453,-4173.721867063351,-1523.650282103376
1867790.334731,-4173.721867063351,-1523.650282103376
1867799.165665,-4173.721867063351,-1523.650282103376
1867806.279897,-4173.721867063351,-1523.650282103376
1867811.297804,-4173.721867063351,-1523.650282103376
1867820.921551,-4173.721867063351,-1523.650282103376
1867825.913814,-4173.721867063351,-1523.650282103376
1867833.227604,-4173.721867063351,-1523.650282103376
1867839.305741,-4173.721867063351,-1523.650282103376
1867846.328122,-4173.721867063351,-1523.650282103376
1867855.631887,-4173.721867063351,-1523.650282103376
1867860.317755,-4173.721867063351,-1523.650282103376
1867867.317728,-4173.721867063351,-1523.650282103376
1867874.331983,-4173.721867063351,-1523.650282103376
1867881.316469,-4173.721867063351,-1523.650282103376
1867890.944547,-4173.721867063351,-1523.650282103376
1867895.832306,-4173.721867063351,-1523.650282103376
1867902.687197,-4171.872734429054,-1522.4586116235441
1867910.020924,-4170.0514083065755,-1520.950403677991
1867918.538584,-4170.0514083065755,-1520.950403677991
1867924.163031,-4170.0514083065755,-1520.950403677991
1867933.617758,-4170.0514083065755,-1520.950403677991
1867937.788405,-4170.0514083065755,-1520.950403677991
1867944.779212,-4167.1734349689705,-1515.806669755771
1867952.136339,-4163.655911993074,-1514.1588129073314
1867958.331136,-4163.655911993074,-1514.1588129073314
1867966.813881,-4163.655911993074,-1514.1588129073314
1867972.31714,-4163.655911993074,-1514.1588129073314
1867979.690205,-4163.655911993074,-1514.1588129073314
1867987.165671,-4163.655911993074,-1514.1588129073314
1867994.323437,-4163.655911993074,-1514.1588129073314
1868000.708224,-4163.655911993074,-1514.1588129073314
1868008.128405,-4163.655911993074,-1514.1588129073314
1868014.736391,-4163.655911993074,-1514.1588129073314
1868022.011033,-4163.655911993074,-1514.1588129073314
1868029.116266,-4163.655911993074,-1514.1588129073314
1868035.318338,-4163.655911993074,-1514.1588129073314
1868042.491295,-4163.655911993074,-1514.1588129073314
1868049.316731,-4163.655911993074,-1514.1588129073314
1868056.402753,-4163.655911993074,-1514.1588129073314
1868065.309601,-4163.655911993074,-1514.1588129073314
1868070.328663,-4163.655911993074,-1514.1588129073314
1868077.297456,-4163.655911993074,-1514.1588129073314
1868085.745575,-4163.655911993074,-1514.1588129073314
1868091.689749,-4163.655911993074,-1514.1588129073314
1868098.680168,-4163.655911993074,-1514.1588129073314
1868106.046862,-4163.655911993074,-1514.1588129073314
1868112.680465,-4163.655911993074,-1514.1588129073314
1868119.867247,-4163.655911993074,-1514.1588129073314
1868127.022974,-4163.655911993074,-1514.1588129073314
1868133.668179,-4163.655911993074,-1514.1588129073314
1868141.090674,-4163.655911993074,-1514.1588129073314
1868148.185936,-4163.655911993074,-1514.1588129073314
1868154.353536,-4163.655911993074,-1514.1588129073314
1868167.135146,-4163.655911993074,-1514.1588129073314
1868168.292298,-4163.655911993074,-1514.1588129073314
1868175.327628,-4163.655911993074,-1514.1588129073314
1868182.348675,-4163.655911993074,-1514.1588129073314
1868189.687572,-4163.655911993074,-1514.1588129073314
1868196.928156,-4163.655911993074,-1514.1588129073314
1868203.31799,-4163.655911993074,-1514.1588129073314
1868210.684344,-4163.655911993074,-1514.1588129073314
1868218.044481,-4163.655911993074,-1514.1588129073314
1868225.223063,-4163.655911993074,-1514.1588129073314
1868231.688572,-4163.655911993074,-1514.1588129073314
1868239.065637,-4163.655911993074,-1514.1588129073314
1868246.671407,-4163.655911993074,-1514.1588129073314
1868252.699152,-4163.655911993074,-1514.1588129073314
1868260.228221,-4163.655911993074,-1514.1588129073314
1868271.36249,-4159.526645899038,-1510.6815556345368
1868274.252382,-4159.526645899038,-1510.6815556345368
1868283.055154,-4159.526645899038,-1510.6815556345368
1868287.287987,-4159.526645899038,-1510.6815556345368
1868295.907826,-4159.526645899038,-1510.6815556345368
1868301.79371,-4159.526645899038,-1510.6815556345368
1868308.731006,-4159.526645899038,-1510.6815556345368
1868316.183262,-4159.526645899038,-1510.6815556345368
1868322.292635,-4159.526645899038,-1510.6815556345368
1868329.326351,-4159.526645899038,-1510.6815556345368
1868336.326373,-4159.526645899038,-1510.6815556345368
1868343.344622,-4159.526645899038,-1510.6815556345368
1868352.536871,-4159.526645899038,-1510.6815556345368
1868357.78973,-4159.526645899038,-1510.6815556345368
1868364.716659,-4158.157175488688,-1510.3882929725899
1868372.33237,-4151.553130385207,-1506.966895248564
1868379.379298,-4151.553130385207,-1506.966895248564
1868385.724627,-4151.553130385207,-1506.966895248564
1868393.092751,-4151.553130385207,-1506.966895248564
1868399.326551,-4151.553130385207,-1506.966895248564
1868406.31634,-4151.553130385207,-1506.966895248564
1868416.232787,-4151.553130385207,-1506.966895248564
1868420.316766,-4151.553130385207,-1506.966895248564
1868429.080353,-4151.553130385207,-1506.966895248564
1868439.046644,-4151.553130385207,-1506.966895248564
1868441.607562,-4151.553130385207,-1506.966895248564
1868450.675433,-4151.553130385207,-1506.966895248564
1868455.697821,-4151.553130385207,-1506.966895248564
1868462.736337,-4151.553130385207,-1506.966895248564
1868471.477737,-4151.553130385207,-1506.966895248564
1868476.711416,-4151.553130385207,-1506.966895248564
1868483.67255,-4151.553130385207,-1506.966895248564
1868491.005618,-4151.553130385207,-1506.966895248564
1868497.835104,-4151.553130385207,-1506.966895248564
1868505.298951,-4151.553130385207,-1506.966895248564
1868511.752467,-4148.9115123468355,-1507.0460296095348
1868518.318379,-4147.111041094825,-1506.8598310965838
1868527.353681,-4147.111041094825,-1506.8598310965838
1868532.32978,-4147.111041094825,-1506.8598310965838
1868539.329761,-4147.111041094825,-1506.8598310965838
1868547.852443,-4147.111041094825,-1506.8598310965838
1868555.023123,-4147.111041094825,-1506.8598310965838
1868562.630369,-4147.111041094825,-1506.8598310965838
1868567.338464,-4147.111041094825,-1506.8598310965838
1868575.919435,-4147.111041094825,-1506.8598310965838
1868581.2897,-4143.030436382476,-1510.108995206085
1868590.158161,-4143.030436382476,-1510.108995206085
1868595.78025,-4143.030436382476,-1510.108995206085
1868603.239046,-4143.030436382476,-1510.108995206085
1868610.86516,-4143.030436382476,-1510.108995206085
1868616.712442,-4143.030436382476,-1510.108995206085
1868624.22439,-4143.030436382476,-1510.108995206085
1868631.733727,-4143.030436382476,-1510.108995206085
1868637.831251,-4143.030436382476,-1510.108995206085
1868644.326348,-4143.065194518011,-1510.281228821847
1868651.700641,-4143.6908408922,-1511.0492977081162
1868658.289105,-4143.6908408922,-1511.0492977081162
1868667.228988,-4143.6908408922,-1511.0492977081162
1868672.317125,-4143.6908408922,-1511.0492977081162
1868681.130435,-4143.6908408922,-1511.0492977081162
1868686.337097,-4144.274777515174,-1509.857627203654
1868693.317002,-4144.274777515174,-1509.857627203654
1868700.317263,-4144.274777515174,-1509.857627203654
1868710.388195,-4144.274777515174,-1509.857627203654
1868714.688341,-4144.274777515174,-1509.857627203654
1868722.061548,-4144.274777515174,-1509.857627203654
1868728.685038,-4144.274777515174,-1509.857627203654
1868736.142934,-4144.274777515174,-1509.857627203654
1868743.220343,-4140.451382982684,-1506.9762051701828
1868749.717433,-4139.853543103859,-1506.7434570236812
1868757.21132,-4139.853543103859,-1506.7434570236812
1868763.295903,-4138.894218662914,-1499.709808017261
1868770.319928,-4140.173317923003,-1497.8105831321955
1868778.379199,-4140.173317923003,-1497.8105831321955
1868785.663342,-4140.173317923003,-1497.8105831321955
1868791.731219,-4140.173317923003,-1497.8105831321955
1868798.837722,-4140.173317923003,-1497.8105831321955
1868805.564742,-4140.173317923003,-1497.8105831321955
1868814.51924,-4140.173317923003,-1497.8105831321955
1868820.448981,-4140.173317923003,-1497.8105831321955
1868826.318153,-4140.173317923003,-1497.8105831321955
1868834.639102,-4140.173317923003,-1497.8105831321955
1868840.355671,-4140.173317923003,-1497.8105831321955
1868847.323486,-4140.173317923003,-1497.8105831321955
1868858.289637,-4140.173317923003,-1497.8105831321955
1868861.741799,-4140.173317923003,-1497.8105831321955
1868868.734889,-4140.173317923003,-1497.8105831321955
1868875.756386,-4140.173317923003,-1497.8105831321955
1868882.307333,-4140.173317923003,-1497.8105831321955
1868891.564744,-4140.173317923003,-1497.8105831321955
1868896.33323,-4140.173317923003,-1497.8105831321955
1868903.333088,-4140.173317923003,-1497.8105831321955
1868911.551669,-4140.173317923003,-1497.8105831321955
1868919.932754,-4140.173317923003,-1497.8105831321955
1868924.699037,-4140.173317923003,-1497.8105831321955
1868931.325636,-4140.173317923003,-1497.8105831321955
1868938.290365,-4140.173317923003,-1497.8105831321955
1868945.316961,-4140.173317923003,-1497.8105831321955
1868956.968245,-4140.173317923003,-1497.8105831321955
1868959.741513,-4140.173317923003,-1497.8105831321955
1868966.727183,-4140.173317923003,-1497.8105831321955
1868974.220353,-4140.173317923003,-1497.8105831321955
1868980.756452,-4140.173317923003,-1497.8105831321955
1868987.778973,-4140.173317923003,-1497.8105831321955
1868996.082682,-4140.173317923003,-1497.8105831321955
1869001.842395,-4140.173317923003,-1497.8105831321955
1869010.004414,-4140.173317923003,-1497.8105831321955
1869015.32571,-4140.173317923003,-1497.8105831321955
1869022.316784,-4140.173317923003,-1497.8105831321955
1869030.463184,-4140.173317923003,-1497.8105831321955
1869036.76375,-4140.173317923003,-1497.8105831321955
1869044.112288,-4140.173317923003,-1497.8105831321955
1869050.317666,-4140.173317923003,-1497.8105831321955
1869057.31556,-4140.173317923003,-1497.8105831321955
1869069.67893,-4140.173317923003,-1497.8105831321955
1869071.717531,-4140.173317923003,-1497.8105831321955
1869078.731343,-4140.173317923003,-1497.8105831321955
1869086.724053,-4140.173317923003,-1497.8105831321955
1869093.941646,-4140.173317923003,-1497.8105831321955
1869099.760233,-4140.173317923003,-1497.8105831321955
1869107.226052,-4140.173317923003,-1497.8105831321955
1869113.752599,-4140.173317923003,-1497.8105831321955
1869121.15875,-4140.173317923003,-1497.8105831321955
1869127.316429,-4140.173317923003,-1497.8105831321955
1869134.288986,-4140.173317923003,-1497.8105831321955
1869141.315311,-4140.173317923003,-1497.8105831321955
1869149.491895,-4140.173317923003,-1497.8105831321955
1869155.745725,-4140.173317923003,-1497.8105831321955
1869163.10033,-4140.173317923003,-1497.8105831321955
1869169.315627,-4140.173317923003,-1497.8105831321955
1869176.285373,-4140.173317923003,-1497.8105831321955
1869183.316873,-4140.173317923003,-1497.8105831321955
1869190.318932,-4140.173317923003,-1497.8105831321955
1869197.287631,-4140.173317923003,-1497.8105831321955
1869204.316879,-4140.173317923003,-1497.8105831321955
1869211.319411,-4140.173317923003,-1497.8105831321955
1869219.941141,-4140.173317923003,-1497.8105831321955
1869225.326736,-4140.173317923003,-1497.8105831321955
1869232.759971,-4140.173317923003,-1497.8105831321955
1869240.221642,-4140.173317923003,-1497.8105831321955
1869246.316585,-4140.173317923003,-1497.8105831321955
1869253.309197,-4140.173317923003,-1497.8105831321955
1869262.184496,-4140.173317923003,-1497.8105831321955
1869267.744243,-4140.173317923003,-1497.8105831321955
1869275.785393,-4140.173317923003,-1497.8105831321955
1869281.713647,-4140.173317923003,-1497.8105831321955
1869288.322757,-4140.173317923003,-1497.8105831321955
1869296.765539,-4140.173317923003,-1497.8105831321955
1869302.316085,-4140.173317923003,-1497.8105831321955
1869309.287957,-4140.173317923003,-1497.8105831321955
1869318.475008,-4140.173317923003,-1497.8105831321955
1869323.765793,-4140.173317923003,-1497.8105831321955
1869330.764106,-4140.173317923003,-1497.8105831321955
1869338.156673,-4140.173317923003,-1497.8105831321955
1869346.905169,-4140.173317923003,-1497.8105831321955
1869351.728798,-4140.173317923003,-1497.8105831321955
1869359.084248,-4140.173317923003,-1497.8105831321955
1869365.277007,-4140.173317923003,-1497.8105831321955
1869477.049617,-4140.173317923003,-1497.8105831321955
1869477.053376,-4140.173317923003,-1497.8105831321955
1869480.932798,-4140.173317923003,-1497.8105831321955
1869480.933517,-4140.173317923003,-1497.8105831321955
1869487.644136,-4140.173317923003,-1497.8105831321955
1869494.537554,-4140.173317923003,-1497.8105831321955
1869507.409666,-4140.173317923003,-1497.8105831321955
1869510.693572,-4140.173317923003,-1497.8105831321955
1869515.920668,-4140.173317923003,-1497.8105831321955
1869522.931194,-4140.173317923003,-1497.8105831321955
1869530.639812,-4140.173317923003,-1497.8105831321955
1869536.553454,-4140.173317923003,-1497.8105831321955
1869545.245611,-4146.978960192832,-1487.8629271657749
1869550.537549,-4170.7326676955,-1489.6131932641274
1869557.536517,-4191.566692091114,-1503.4849829752002
1869564.510117,-4193.52009911465,-1528.6357472340885
1869573.242978,-4137.476086868745,-1523.2546102603499
1869578.536634,-4108.717208320684,-1484.753411837995
1869587.094919,-4074.028592399916,-1454.0259998320803
1869587.104445,-4074.028592399916,-1454.0259998320803
1869590.003638,-4055.412136796166,-1437.7382830345955
1869590.00427,-4055.412136796166,-1437.7382830345955
1869591.084613,-4055.412136796166,-1437.7382830345955
1869591.085232,-4055.412136796166,-1437.7382830345955
1869591.519623,-4055.412136796166,-1437.7382830345955
1869592.462722,-4052.02669471453,-1435.271152417777
1869597.143171,-4042.0233042669374,-1427.748731460547
1869597.143758,-4042.0233042669374,-1427.748731460547
1869599.667055,-4026.2431122378343,-1417.3076482575607
1869606.638993,-4024.5816735155804,-1387.6415647451663
1869613.877794,-4010.2891295418485,-1344.7553819322973
1869623.244504,-4010.2891295418485,-1344.7553819322973
1870060.501471,-4181.616403223325,-666.7093115926737
1870060.502078,-4181.616403223325,-666.7093115926737
1870067.379004,-4073.952124513214,-1014.3552541042582
1870067.379612,-4073.952124513214,-1014.3552541042582
1870078.275829,-4087.1046017330823,-1110.0287738012441
1870078.276627,-4087.1046017330823,-1110.0287738012441
1870094.12632,-4092.6798061322565,-1155.7731212744075
1870094.129921,-4092.6798061322565,-1155.7731212744075
1870096.397629,-4104.455861311655,-1230.8297803205685
1870103.43841,-4110.496824686113,-1276.5787740508479
1870112.148324,-4119.582600438037,-1349.1589779557073
1870117.89782,-4133.32596589276,-1402.6910624810619
1870124.95796,-4146.554910983639,-1443.3521688915876
1870131.427196,-4153.728989454712,-1465.2211864672304
1870131.89624,-4153.728989454712,-1465.2211864672304
1870138.627446,-4153.728989454712,-1465.2211864672304
1870147.054364,-4153.728989454712,-1465.2211864672304
1870152.959149,-4153.728989454712,-1465.2211864672304
1870159.92184,-4153.728989454712,-1465.2211864672304
1870167.904311,-4153.728989454712,-1465.2211864672304
1870175.26043,-4153.728989454712,-1465.2211864672304
1870180.959159,-4153.728989454712,-1465.2211864672304
1870188.435172,-4153.728989454712,-1465.2211864672304
1870194.427561,-4153.728989454712,-1465.2211864672304
1870204.641594,-4153.728989454712,-1465.2211864672304
1870208.448675,-4153.728989454712,-1465.2211864672304
1870215.424828,-4153.728989454712,-1465.2211864672304
1870223.867708,-4153.728989454712,-1465.2211864672304
1870230.169802,-4153.728989454712,-1465.2211864672304
1870237.567759,-4153.728989454712,-1465.2211864672304
1870245.404591,-4153.728989454712,-1465.2211864672304
1870250.387042,-4153.728989454712,-1465.2211864672304
1870257.425038,-4153.728989454712,-1465.2211864672304
1870266.003575,-4153.728989454712,-1465.2211864672304
1870275.129555,-4153.728989454712,-1465.2211864672304
1870279.242904,-4153.728989454712,-1465.2211864672304
1870287.364337,-4153.728989454712,-1465.2211864672304
1870293.383768,-4153.728989454712,-1465.2211864672304
1870299.839256,-4153.728989454712,-1465.2211864672304
1870307.208298,-4153.728989454712,-1465.2211864672304
1870313.424556,-4153.728989454712,-1465.2211864672304
1870323.475108,-4153.728989454712,-1465.2211864672304
1870327.921682,-4153.728989454712,-1465.2211864672304
1870334.977726,-4153.728989454712,-1465.2211864672304
1870347.972239,-4153.728989454712,-1465.2211864672304
1870350.072422,-4153.728989454712,-1465.2211864672304
1870355.878797,-4153.728989454712,-1465.2211864672304
1870363.27175,-4153.728989454712,-1465.2211864672304
1870369.895168,-4153.728989454712,-1465.2211864672304
1870376.647605,-4153.728989454712,-1465.2211864672304
1870384.751269,-4153.728989454712,-1465.2211864672304
1870391.009756,-4153.728989454712,-1465.2211864672304
1870397.422728,-4153.728989454712,-1465.2211864672304
1870406.547063,-4153.728989454712,-1465.2211864672304
1870411.937652,-4153.728989454712,-1465.2211864672304
1870419.271129,-4153.728989454712,-1465.2211864672304
1870426.967534,-4153.728989454712,-1465.2211864672304
1870432.428789,-4153.728989454712,-1465.2211864672304
1870442.376199,-4153.728989454712,-1465.2211864672304
1870446.911078,-4153.728989454712,-1465.2211864672304
1870454.333441,-4153.728989454712,-1465.2211864672304
1870461.54233,-4153.728989454712,-1465.2211864672304
1870467.916213,-4153.728989454712,-1465.2211864672304
1870479.229705,-4153.728989454712,-1465.2211864672304
1870481.412985,-4153.728989454712,-1465.2211864672304
1870488.423499,-4153.728989454712,-1465.2211864672304
1870495.423168,-4153.728989454712,-1465.2211864672304
1870505.067132,-4153.728989454712,-1465.2211864672304
1870511.603489,-4153.728989454712,-1465.2211864672304
1870516.846902,-4153.728989454712,-1465.2211864672304
1870523.871348,-4153.728989454712,-1465.2211864672304
1870531.282234,-4153.728989454712,-1465.2211864672304
1870538.321857,-4153.728989454712,-1465.2211864672304
1870544.864391,-4153.728989454712,-1465.2211864672304
1870551.435998,-4153.728989454712,-1465.2211864672304
1870558.434768,-4153.728989454712,-1465.2211864672304
1870565.413849,-4153.728989454712,-1465.2211864672304
1870579.651934,-4153.728989454712,-1465.2211864672304
1870579.915844,-4153.728989454712,-1465.2211864672304
1870586.814426,-4153.728989454712,-1465.2211864672304
1870594.257948,-4153.728989454712,-1465.2211864672304
1870600.859115,-4153.728989454712,-1465.2211864672304
1870611.248901,-4153.728989454712,-1465.2211864672304
1870614.447365,-4153.728989454712,-1465.2211864672304
1870621.438012,-4153.728989454712,-1465.2211864672304
1870628.423464,-4153.728989454712,-1465.2211864672304
1870642.291005,-4160.666712633,-1474.1959554911298
1870642.900465,-4168.953051332269,-1482.4724799234214
1870649.880308,-4169.849811141866,-1482.8960815709493
1870656.823096,-4169.849811141866,-1482.8960815709493
1870663.872402,-4169.849811141866,-1482.8960815709493
1870671.225738,-4169.849811141866,-1482.8960815709493
1870678.310906,-4169.849811141866,-1482.8960815709493
1870684.388944,-4169.849811141866,-1482.8960815709493
1870693.184332,-4169.849811141866,-1482.8960815709493
1870698.792187,-4169.849811141866,-1482.8960815709493
1870706.266529,-4169.849811141866,-1482.8960815709493
1870713.504195,-4169.849811141866,-1482.8960815709493
1870719.840425,-4169.849811141866,-1482.8960815709493
1870727.217193,-4169.849811141866,-1482.8960815709493
1870733.482197,-4169.849811141866,-1482.8960815709493
1870740.39216,-4169.849811141866,-1482.8960815709493
1870749.577704,-4169.849811141866,-1482.8960815709493
1870754.775804,-4169.849811141866,-1482.8960815709493
1870762.019039,-4169.849811141866,-1482.8960815709493
1870769.256389,-4169.849811141866,-1482.8960815709493
1870775.801864,-4169.849811141866,-1482.8960815709493
1870783.202943,-4169.849811141866,-1482.8960815709493
1870790.344109,-4169.849811141866,-1482.8960815709493
1870796.417155,-4169.849811141866,-1482.8960815709493
1870803.426547,-4169.849811141866,-1482.8960815709493
1870811.159197,-4169.849811141866,-1482.8960815709493
1870817.820366,-4169.849811141866,-1482.8960815709493
1870825.284252,-4169.849811141866,-1482.8960815709493
1870831.876823,-4169.849811141866,-1482.8960815709493
1870839.223164,-4169.849811141866,-1482.8960815709493
1870846.429566,-4169.849811141866,-1482.8960815709493
1870852.804695,-4169.849811141866,-1482.8960815709493
1870859.413183,-4169.849811141866,-1482.8960815709493
1870868.634055,-4172.832058877599,-1483.9760329978913
1870877.65155,-4181.208768717412,-1491.3308746283572
1870880.889909,-4181.215720341182,-1491.3308746283572
1870888.89307,-4181.215720341182,-1491.3308746283572
1870894.884397,-4181.215720341182,-1491.3308746283572
1870902.312245,-4181.215720341182,-1491.3308746283572
1870913.279444,-4181.215720341182,-1491.3308746283572
1870916.001252,-4181.215720341182,-1491.3308746283572
1870922.41393,-4181.215720341182,-1491.3308746283572
1870929.414114,-4181.215720341182,-1491.3308746283572
1870938.606906,-4181.215720341182,-1491.3308746283572
1870943.960297,-4181.215720341182,-1491.3308746283572
1870950.904644,-4181.215720341182,-1491.3308746283572
1870958.107068,-4181.215720341182,-1491.3308746283572
1870964.902992,-4181.215720341182,-1491.3308746283572
1870988.916964,-4181.215720341182,-1491.3308746283572
1870988.917634,-4181.215720341182,-1491.3308746283572
1870995.312769,-4181.215720341182,-1491.3308746283572
1871004.483145,-4181.215720341182,-1491.3308746283572
1871010.067405,-4181.215720341182,-1491.3308746283572
1871016.774014,-4181.215720341182,-1491.3308746283572
1871024.660466,-4181.215720341182,-1491.3308746283572
1871030.655075,-4181.931737865603,-1494.1145425139705
1871037.797838,-4181.931737865603,-1494.1145425139705
1871044.314883,-4181.931737865603,-1494.1145425139705
1871056.556073,-4181.931737865603,-1494.1145425139705
1871059.132556,-4181.931737865603,-1494.1145425139705
1871065.74836,-4181.931737865603,-1494.1145425139705
1871073.121583,-4181.931737865603,-1494.1145425139705
1871080.702855,-4181.931737865603,-1494.1145425139705
1871086.68182,-4181.931737865603,-1494.1145425139705
1871097.060689,-4181.931737865603,-1494.1145425139705
1871100.305171,-4181.931737865603,-1494.1145425139705
1871107.311488,-4181.931737865603,-1494.1145425139705
1871115.500228,-4181.931737865603,-1494.1145425139705
1871121.648562,-4181.931737865603,-1494.1145425139705
1871129.274198,-4181.931737865603,-1494.1145425139705
1871136.373768,-4181.931737865603,-1494.1145425139705
1871142.308259,-4181.931737865603,-1494.1145425139705
1871151.643121,-4181.931737865603,-1494.1145425139705
1871156.305652,-4181.931737865603,-1494.1145425139705
1871163.415728,-4185.956729567573,-1497.6243846060365
1871171.845782,-4189.404736270702,-1499.0441483204343
1871179.580493,-4198.775528691163,-1507.767548864908
1871185.373782,-4198.775528691163,-1507.7768587875833
1871192.626159,-4198.775528691163,-1507.7768587875833
1871198.69775,-4198.775528691163,-1507.7768587875833
1871205.745641,-4198.775528691163,-1507.7768587875833
1871213.100481,-4198.775528691163,-1507.7768587875833
1871219.675259,-4198.775528691163,-1507.7768587875833
1871227.72763,-4198.775528691163,-1507.7768587875833
1871233.275728,-4198.775528691163,-1507.7768587875833
1871240.302965,-4198.775528691163,-1507.7768587875833
1871248.711306,-4198.775528691163,-1507.7768587875833
1871259.862148,-4198.775528691163,-1507.7768587875833
1871261.684828,-4198.775528691163,-1507.7768587875833
1871269.318024,-4198.775528691163,-1507.7768587875833
1871275.758933,-4198.775528691163,-1507.7768587875833
1871282.277969,-4198.775528691163,-1507.7768587875833
1871290.167637,-4198.775528691163,-1507.7768587875833
1871296.303069,-4198.775528691163,-1507.7768587875833
1871303.302107,-4198.775528691163,-1507.7768587875833
1871310.33041,-4198.775528691163,-1507.7768587875833
1871317.27691,-4198.775528691163,-1507.7768587875833
1871324.313536,-4198.775528691163,-1507.7768587875833
1871334.386098,-4198.775528691163,-1507.7768587875833
1871338.704745,-4198.775528691163,-1507.7768587875833
1871345.304878,-4198.775528691163,-1507.7768587875833
1871352.282023,-4198.775528691163,-1507.7768587875833
1871361.975348,-4198.775528691163,-1507.7768587875833
1871366.72174,-4198.775528691163,-1507.7768587875833
1871373.732439,-4194.145745488039,-1520.3406035481491
1871380.791257,-4194.145745488039,-1520.3406035481491
1871387.760965,-4194.145745488039,-1520.3406035481491
1871394.68881,-4194.145745488039,-1520.3406035481491
1871402.181382,-4192.852742973585,-1521.792951950352
1871411.081662,-4189.064106572173,-1524.5626548094972
1871415.572209,-4189.064106572173,-1524.5626548094972
1871425.467011,-4189.064106572173,-1524.5626548094972
1871429.647426,-4189.064106572173,-1524.5626548094972
1871436.578993,-4189.064106572173,-1524.5626548094972
1871444.116461,-4189.064106572173,-1524.5626548094972
1871450.642844,-4189.064106572173,-1524.5626548094972
1871457.827778,-4189.064106572173,-1524.5626548094972
1871464.317415,-4189.064106572173,-1524.5626548094972
1871471.302825,-4189.064106572173,-1524.5626548094972
1871480.251152,-4189.064106572173,-1524.5626548094972
1871485.64326,-4189.064106572173,-1524.5626548094972
1871492.667022,-4189.064106572173,-1524.5626548094972
1871500.12138,-4189.064106572173,-1524.5626548094972
1871506.645769,-4189.064106572173,-1524.5626548094972
1871513.841544,-4189.064106572173,-1524.5626548094972
1871521.482718,-4189.064106572173,-1524.5626548094972
1871527.316567,-4189.064106572173,-1524.5626548094972
1871535.437705,-4189.064106572173,-1524.5626548094972
1871541.594972,-4189.064106572173,-1524.5626548094972
1871548.601329,-4189.064106572173,-1524.5626548094972
1871558.693783,-4189.064106572173,-1524.5626548094972
1871562.744538,-4183.377676161958,-1526.2244765258777
1871569.732536,-4181.855269978923,-1525.600711504699
1871577.07914,-4181.855269978923,-1525.600711504699
1871583.345218,-4181.855269978923,-1525.600711504699
1871591.900316,-4181.855269978923,-1525.600711504699
1871597.777804,-4181.855269978923,-1525.600711504699
1871604.692423,-4181.855269978923,-1525.600711504699
1871612.1378,-4181.855269978923,-1525.600711504699
1871619.299196,-4181.855269978923,-1525.600711504699
1871627.193837,-4181.855269978923,-1525.600711504699
1871632.68576,-4181.855269978923,-1525.600711504699
1871640.664391,-4181.855269978923,-1525.600711504699
1871646.40074,-4181.855269978923,-1525.600711504699
1871655.660749,-4181.855269978923,-1525.600711504699
1871660.728345,-4181.855269978923,-1525.600711504699
1871668.084228,-4181.855269978923,-1525.600711504699
1871675.163426,-4181.855269978923,-1525.600711504699
1871681.777701,-4181.855269978923,-1525.600711504699
1871689.12305,-4181.855269978923,-1525.600711504699
1871696.345637,-4181.855269978923,-1525.600711504699
1871702.937795,-4181.855269978923,-1525.600711504699
1871709.329221,-4181.855269978923,-1525.600711504699
1871716.684245,-4181.855269978923,-1525.600711504699
1871723.683031,-4181.855269978923,-1525.600711504699
1871731.152347,-4181.855269978923,-1525.600711504699
1871737.723175,-4181.855269978923,-1525.600711504699
1871745.102136,-4181.855269978923,-1525.600711504699
1871753.163086,-4181.855269978923,-1525.600711504699
1871758.697753,-4181.855269978923,-1525.600711504699
1871765.89039,-4181.855269978923,-1525.600711504699
1871772.303322,-4171.017684378928,-1514.0005441636733
1871779.304513,-4172.43581617212,-1514.0610586797861
1871787.55509,-4172.43581617212,-1514.0610586797861
1871793.272638,-4172.43581617212,-1514.0610586797861
1871800.305394,-4172.43581617212,-1514.0610586797861
1871809.308589,-4172.43581617212,-1514.0610586797861
1871814.653641,-4172.43581617212,-1514.0610586797861
1871821.901233,-4172.43581617212,-1514.0610586797861
1871828.311968,-4172.43581617212,-1514.0610586797861
1871835.345278,-4172.43581617212,-1514.0610586797861
1871843.906976,-4172.43581617212,-1514.0610586797861
1871849.860017,-4172.43581617212,-1514.0610586797861
1871856.767035,-4172.43581617212,-1514.0610586797861
1871864.229952,-4172.43581617212,-1514.0610586797861
1871871.754951,-4172.43581617212,-1514.0610586797861
1871877.752364,-4172.43581617212,-1514.0610586797861
1871885.189745,-4172.43581617212,-1514.0610586797861
1871891.302007,-4169.863714397662,-1512.4690613817713
1871898.273436,-4166.700724368345,-1509.792457726261
1871913.562413,-4166.700724368345,-1509.792457726261
1871914.531934,-4157.573238874132,-1500.943373201529
1871919.737785,-4157.573238874132,-1500.9387182399998
1871926.310277,-4157.573238874132,-1500.9387182399998
1871935.068201,-4157.573238874132,-1500.9387182399998
1871940.272076,-4157.573238874132,-1500.9387182399998
1871949.415154,-4157.573238874132,-1500.9387182399998
1871954.271869,-4157.573238874132,-1500.9387182399998
1871963.366979,-4157.573238874132,-1500.9387182399998
1871968.751235,-4156.530494906539,-1500.9294083180002
1871976.105578,-4151.692162910817,-1498.8858795727826
1871983.921748,-4151.692162910817,-1498.8858795727826
1871990.020309,-4151.692162910817,-1498.8858795727826
1871997.50198,-4151.692162910817,-1498.8858795727826
1872003.68437,-4151.692162910817,-1498.8858795727826
1872010.265442,-4151.692162910817,-1498.8858795727826
1872017.292995,-4151.692162910817,-1498.8858795727826
1872024.724343,-4151.692162910817,-1498.8858795727826
1872031.707138,-4151.692162910817,-1498.8858795727826
1872039.061772,-4151.692162910817,-1498.8858795727826
1872045.68712,-4151.692162910817,-1498.8858795727826
1872052.700082,-4151.692162910817,-1498.8858795727826
1872060.174463,-4151.692162910817,-1498.8858795727826
1872066.3304,-4151.692162910817,-1498.8858795727826
1872074.269703,-4151.692162910817,-1498.8858795727826
1872083.409322,-4151.692162910817,-1498.8858795727826
1872087.704469,-4151.692162910817,-1498.8858795727826
1872095.024548,-4151.692162910817,-1498.8858795727826
1872102.781592,-4151.692162910817,-1498.8858795727826
1872108.821624,-4151.692162910817,-1498.8858795727826
1872116.193478,-4151.692162910817,-1498.8858795727826
1872122.751124,-4151.692162910817,-1498.8858795727826
1872129.999296,-4151.692162910817,-1498.8858795727826
1872136.29456,-4151.692162910817,-1498.8858795727826
1872143.304214,-4151.692162910817,-1498.8858795727826
1872152.370048,-4151.692162910817,-1498.8858795727826
1872157.832364,-4151.692162910817,-1498.8858795727826
1872159.791944,-4151.692162910817,-1498.8858795727826
1872164.264555,-4151.692162910817,-1498.8858795727826
1872171.269501,-4151.692162910817,-1498.8858795727826
1872185.651135,-4148.362333859445,-1496.888900454351
1872191.097166,-4137.003376267978,-1478.4366269153602
1872193.16838,-4080.1390720411473,-1431.7985496875692
1872199.693887,-4038.3806520121607,-1402.402454731825
1872207.044236,-4034.452983072761,-1397.2401000006323
1872214.113845,-4033.229496817076,-1368.8774054362555
1872223.071437,-4054.4806188488874,-1336.66505427015
1872227.677705,-4080.4588468606803,-1281.9878428917334
1872235.082293,-4099.673142326102,-1234.3256589763773
1872241.734998,-4101.2998229101395,-1198.7943108229067
1872248.748392,-4088.6617660546394,-1120.441932257423
1872255.363315,-4068.5854689008493,-973.4101672677187
1872262.323382,-4059.9445972375115,-932.8747148997711
1872263.648642,-4151.692162910817,-1498.8858795727826
1872272.731132,-4059.3884671170917,-928.20112789938
1872276.725663,-4059.3884671170917,-928.20112789938
1872284.060211,-4059.3884671170917,-928.20112789938
1872291.258073,-4059.3884671170917,-928.20112789938
1872297.729716,-4059.3884671170917,-928.20112789938
1872306.37264,-4059.3884671170917,-928.20112789938
1872311.736381,-4059.3884671170917,-928.20112789938
1872318.756187,-4059.3884671170917,-928.20112789938
1872326.124875,-4059.3884671170917,-928.20112789938
1872332.73196,-4059.3884671170917,-928.20112789938
1872339.667581,-4059.3884671170917,-928.20112789938
1872347.108767,-4059.3884671170917,-928.20112789938
1872354.207795,-4059.3884671170917,-928.20112789938
1872355.449446,-4151.692162910817,-1498.8858795727826
1872360.377534,-4069.7950518996963,-982.2825339739508
1872368.755243,-4079.2631671095182,-1049.7655834378381
1872374.368117,-4090.2467368796847,-1130.9900845414545
1873827.225268,-4039.1036211624573,-4170.959347172126
1873827.225889,-4039.1036211624573,-4170.959347172126
1873838.703881,-4137.33010271092,-4181.3212510980575
1873848.373313,-4255.007234774224,-4222.354575187074
1873856.244256,-4287.054232526176,-4234.178130361588
1873860.144116,-4320.338619760568,-4240.001463945418
1873868.056484,-4444.37648950801,-4231.67377104783
1873874.062986,-4524.382757496201,-4202.515207704127
1873881.640453,-4604.7991712987705,-4175.400163157939
1873888.085157,-4662.504621666145,-4147.968581301427
1873895.532755,-4673.940047013445,-4118.549337251741
1873902.103303,-4674.669967777538,-4117.697482539293
1873909.039197,-4677.978941919579,-4110.41715040799
1873916.068447,-4682.017836833586,-4077.3577383667384
1873926.434258,-4685.910747582885,-4027.7220676324328
1873930.582966,-4686.50163582279,-3973.1474965585453
1873937.735002,-4690.63785350116,-3918.8289427888753
1873945.399342,-4688.48980096022,-3897.2998206482275
1873951.478999,-4687.766831820057,-3894.17635227707
1873960.859864,-4689.810609963926,-3836.897246204932
1873964.686916,-4695.0938459862955,-3797.9912076131573
1873972.711054,-4709.448954387302,-3742.127196620926
1873979.786951,-4746.230009351022,-3734.6839370644007
1873987.063935,-4765.242707374776,-3738.859424143773
1873994.155031,-4804.887832339972,-3710.822680361436
1874001.095461,-4823.177561207729,-3680.06279135217
1874007.173517,-4826.528245097053,-3674.14635368792
1874015.121413,-4825.784421079823,-3673.9322261274187
1874022.397672,-4825.784421079823,-3673.9322261274187
1874030.105641,-4825.784421079823,-3673.9322261274187
1874035.036138,-4825.784421079823,-3673.9322261274187
1874042.109369,-4825.784421079823,-3673.9322261274187
1874049.437579,-4825.784421079823,-3673.9322261274187
1874056.028311,-4825.784421079823,-3673.9322261274187
1874063.266629,-4825.784421079823,-3673.9322261274187
1874072.04751,-4825.784421079823,-3673.9322261274187
1874077.25789,-4825.784421079823,-3673.9322261274187
1874086.764259,-4825.784421079823,-3673.9322261274187
1874093.779794,-4825.784421079823,-3673.9322261274187
1874098.159445,-4825.784421079823,-3673.9322261274187
1874107.628991,-4825.784421079823,-3673.9322261274187
1874113.794813,-4825.784421079823,-3673.9322261274187
1874118.60471,-4825.784421079823,-3673.9322261274187
1874126.013492,-4825.784421079823,-3673.9322261274187
1874133.404235,-4825.784421079823,-3673.9322261274187
1874140.16059,-4825.784421079823,-3673.9322261274187
1874147.884119,-4825.784421079823,-3673.9322261274187
1874155.296829,-4825.784421079823,-3673.9322261274187
1874161.185498,-4825.784421079823,-3673.9322261274187
1874169.314137,-4825.784421079823,-3673.9322261274187
1874177.921718,-4825.784421079823,-3673.9322261274187
1874182.087537,-4825.784421079823,-3673.9322261274187
1874189.411785,-4825.784421079823,-3673.9322261274187
1874196.098212,-4825.784421079823,-3673.9322261274187
1874205.609421,-4825.784421079823,-3673.9322261274187
1874211.91969,-4825.784421079823,-3673.9322261274187
1874216.659386,-4825.784421079823,-3673.9322261274187
1874224.404696,-4825.784421079823,-3673.9322261274187
1874231.537954,-4825.784421079823,-3673.9322261274187
1874238.122049,-4825.784421079823,-3673.9322261274187
1874249.054969,-4825.784421079823,-3673.9322261274187
1874252.061658,-4825.784421079823,-3673.9322261274187
1874259.00126,-4825.784421079823,-3673.9322261274187
1874266.515422,-4825.784421079823,-3673.9322261274187
1874273.003006,-4825.784421079823,-3673.9322261274187
1874282.615998,-4825.784421079823,-3673.9322261274187
1874287.025951,-4825.784421079823,-3673.9322261274187
1874295.921111,-4825.784421079823,-3673.9322261274187
1874301.019034,-4825.784421079823,-3673.9322261274187
1874308.044396,-4827.598795543813,-3670.915820435274
1874321.65623,-4827.598795543813,-3670.915820435274
1874322.054811,-4827.598795543813,-3670.915820435274
1874330.216548,-4827.876860599406,-3664.8969738536125
1874337.217615,-4825.276952351112,-3662.211069372454
1874343.01094,-4825.270000727438,-3662.7603531249815
1874352.788056,-4825.270000727438,-3662.7603531249815
1874357.279109,-4825.270000727438,-3662.7603531249815
1874364.046773,-4825.270000727438,-3662.7603531249815
1874371.022819,-4825.270000727438,-3662.7603531249815
1874378.545816,-4825.270000727438,-3662.7603531249815
1874385.017608,-4825.270000727438,-3662.7603531249815
1874391.996779,-4825.270000727438,-3662.7603531249815
1874399.460227,-4825.270000727438,-3662.7603531249815
1874406.997803,-4825.270000727438,-3662.7603531249815
1874415.520811,-4825.270000727438,-3662.7603531249815
1874419.992352,-4825.270000727438,-3662.7603531249815
1874427.002085,-4825.270000727438,-3662.7603531249815
1874434.323101,-4825.270000727438,-3662.7603531249815
1874440.63857,-4825.270000727438,-3662.7603531249815
1874442.105565,-4825.270000727438,-3662.7603531249815
1874455.812687,-4825.270000727438,-3662.7603531249815
1874455.816439,-4823.789304324994,-3659.9487650662318
1874461.694946,-4841.766209994014,-3676.3621084804618
1874469.09389,-4840.640046524816,-3676.683299826697
1874475.597593,-4840.640046524816,-3676.683299826697
1874485.786896,-4840.640046524816,-3676.683299826697
1874490.179239,-4840.640046524816,-3676.683299826697
1874497.427376,-4840.640046524816,-3676.683299826697
1874504.12133,-4840.640046524816,-3676.683299826697
1874511.705575,-4840.640046524816,-3676.683299826697
1874522.691136,-4840.640046524816,-3676.683299826697
1874525.165807,-4840.640046524816,-3676.683299826697
1874532.089749,-4840.640046524816,-3676.683299826697
1874539.334014,-4840.640046524816,-3676.683299826697
1874546.329577,-4840.640046524816,-3676.683299826697
1874553.713018,-4840.640046524816,-3676.683299826697
1874561.665834,-4840.640046524816,-3676.683299826697
1874566.617986,-4840.640046524816,-3676.683299826697
1874575.229404,-4840.640046524816,-3676.683299826697
1874585.828473,-4840.640046524816,-3676.683299826697
1874588.071231,-4840.640046524816,-3676.683299826697
1874595.523156,-4840.640046524816,-3676.683299826697
1874602.059019,-4840.640046524816,-3676.683299826697
1874609.453908,-4840.640046524816,-3676.683299826697
1874616.748308,-4840.640046524816,-3676.683299826697
1874623.086983,-4840.640046524816,-3676.683299826697
1874630.899054,-4840.640046524816,-3676.683299826697
1874638.1004,-4840.640046524816,-3676.683299826697
1874644.066758,-4840.640046524816,-3676.683299826697
1874652.41533,-4840.640046524816,-3676.683299826697
1874658.064142,-4840.640046524816,-3676.683299826697
1874665.364317,-4840.640046524816,-3676.683299826697
1874672.541586,-4840.640046524816,-3676.683299826697
1874679.08184,-4840.640046524816,-3676.683299826697
1874685.612093,-4840.640046524816,-3676.683299826697
1874695.351915,-4840.640046524816,-3676.683299826697
1874699.627034,-4840.640046524816,-3676.683299826697
1874707.286988,-4840.640046524816,-3676.683299826697
1874715.057561,-4840.640046524816,-3676.683299826697
1874727.522658,-4840.640046524816,-3676.683299826697
1874730.179871,-4840.640046524816,-3676.683299826697
1874735.187679,-4840.640046524816,-3676.683299826697
1874742.373605,-4840.640046524816,-3676.683299826697
1874750.800864,-4840.640046524816,-3676.683299826697
1874756.059139,-4840.640046524816,-3676.683299826697
1874763.575963,-4840.640046524816,-3676.683299826697
1874771.168418,-4840.640046524816,-3676.683299826697
1874777.092734,-4840.640046524816,-3676.683299826697
1874784.529999,-4840.640046524816,-3676.683299826697
1874796.315619,-4840.640046524816,-3676.683299826697
1874798.13362,-4840.640046524816,-3676.683299826697
1874804.621552,-4840.640046524816,-3676.683299826697
1874814.71876,-4840.640046524816,-3676.683299826697
1874818.627611,-4840.640046524816,-3676.683299826697
1874826.429706,-4840.640046524816,-3676.683299826697
1874833.091277,-4840.640046524816,-3676.683299826697
1874840.781679,-4840.640046524816,-3676.683299826697
1874847.932246,-4840.640046524816,-3676.683299826697
1874854.092216,-4840.640046524816,-3676.683299826697
1874865.1956,-4840.640046524816,-3676.683299826697
1874868.477156,-4840.640046524816,-3676.683299826697
1874875.092509,-4840.640046524816,-3676.683299826697
1874882.45488,-4840.640046524816,-3676.683299826697
1874889.096582,-4840.640046524816,-3676.683299826697
1874898.690211,-4840.640046524816,-3676.683299826697
1874905.003724,-4840.640046524816,-3676.683299826697
1874910.099651,-4835.586214193616,-3684.042771015458
1874924.016295,-4835.586214193616,-3684.042771015458
1874925.155111,-4830.706172512218,-3687.3710580953384
1874931.17544,-4823.1845128314,-3696.778705791965
1874937.6218,-4819.722602921348,-3704.8084891029193
1874946.501261,-4819.722602921348,-3704.8084891029193
1874952.115408,-4819.722602921348,-3704.8084891029193
1874960.615135,-4819.722602921348,-3704.8084891029193
1874966.105952,-4819.722602921348,-3704.8084891029193
1874974.508271,-4819.722602921348,-3704.8084891029193
1874980.145056,-4819.722602921348,-3704.8084891029193
1874987.131044,-4819.722602921348,-3704.8084891029193
1874995.028275,-4819.722602921348,-3704.8084891029193
1875002.384358,-4819.722602921348,-3704.8084891029193
1875008.215086,-4819.722602921348,-3704.8084891029193
1875015.068005,-4815.350029966941,-3712.9220613463376
1875023.033409,-4815.030255152577,-3713.0337800697343
1875029.145987,-4815.030255152577,-3713.0337800697343
1875040.503009,-4815.030255152577,-3713.0337800697343
1875043.064419,-4815.030255152577,-3713.0337800697343
1875049.646093,-4815.030255152577,-3713.0337800697343
1875057.117563,-4815.030255152577,-3713.0337800697343
1875063.618398,-4815.030255152577,-3713.0337800697343
1875073.053627,-4815.030255152577,-3713.0337800697343
1875077.975704,-4815.030255152577,-3713.0337800697343
1875085.001184,-4815.030255152577,-3713.0337800697343
1875092.397584,-4815.030255152577,-3713.0337800697343
1875099.927154,-4815.030255152577,-3713.0337800697343
1875106.253953,-4815.030255152577,-3713.0337800697343
1875113.734753,-4815.030255152577,-3713.0337800697343
1875120.016961,-4815.030255152577,-3713.0337800697343
1875127.211162,-4815.030255152577,-3713.0337800697343
1875135.790632,-4815.030255152577,-3713.0337800697343
1875141.018364,-4815.030255152577,-3713.0337800697343
1875150.469677,-4815.030255152577,-3713.0337800697343
1875154.992406,-4815.030255152577,-3713.0337800697343
1875161.972543,-4815.030255152577,-3713.0337800697343
1875168.637622,-4815.030255152577,-3713.0337800697343
1875180.424949,-4815.030255152577,-3713.0337800697343
1875183.495743,-4815.030255152577,-3713.0337800697343
1875183.496318,-4815.030255152577,-3713.0337800697343
1875190.973878,-4815.030255152577,-3713.0337800697343
1875198.316832,-4815.030255152577,-3713.0337800697343
1875207.737386,-4815.030255152577,-3713.0337800697343
1875211.850879,-4815.030255152577,-3713.0337800697343
1875219.70322,-4815.030255152577,-3713.0337800697343
1875225.856965,-4815.030255152577,-3713.0337800697343
1875232.82912,-4815.030255152577,-3713.0337800697343
1875239.801835,-4815.030255152577,-3713.0337800697343
1875247.15377,-4815.030255152577,-3713.0337800697343
1875253.887223,-4815.398691349306,-3718.545237008292
1875260.903452,-4815.099771414359,-3721.9852426175694
1875268.23136,-4814.592302693916,-3724.545463288299
1875274.853702,-4812.319120882859,-3732.5193868899105
1875285.301489,-4811.436264341802,-3733.1245299423917
1875289.450055,-4811.436264341802,-3733.1245299423917
1875295.499716,-4811.436264341802,-3733.1245299423917
1875302.911175,-4811.436264341802,-3733.1245299423917
1875310.425809,-4811.436264341802,-3733.1245299423917
1875316.999657,-4811.436264341802,-3733.1245299423917
1875324.6989,-4811.436264341802,-3733.1245299423917
1875331.987915,-4811.436264341802,-3733.1245299423917
1875338.03042,-4811.436264341802,-3733.1245299423917
1875345.465822,-4811.436264341802,-3733.1245299423917
1875354.634311,-4811.436264341802,-3733.1245299423917
1875358.983189,-4811.436264341802,-3733.1245299423917
1875366.020697,-4811.436264341802,-3733.1245299423917
1875374.144156,-4811.436264341802,-3733.1245299423917
1875380.005624,-4811.436264341802,-3733.1245299423917
1875392.467428,-4811.436264341802,-3733.1245299423917
1875395.042125,-4811.436264341802,-3733.1245299423917
1875400.433639,-4811.436264341802,-3733.1245299423917
1875407.901919,-4803.560071716305,-3736.960205938255
1875419.718806,-4800.063403669458,-3744.878270025177
1875422.34839,-4797.734608851558,-3745.390314137447
1875431.652297,-4796.865655557548,-3745.0644678814992
1875435.467857,-4795.586556316017,-3743.365412398183
1875443.124404,-4794.425634718797,-3742.0992669409598
1875450.915699,-4794.425634718797,-3742.0992669409598
1875459.056279,-4794.425634718797,-3742.0992669409598
1875463.881008,-4794.425634718797,-3742.0992669409598
1875470.839547,-4794.425634718797,-3742.0992669409598
1875477.839095,-4794.425634718797,-3742.0992669409598
1875485.220753,-4794.425634718797,-3742.0992669409598
1875495.937599,-4794.425634718797,-3742.0992669409598
1875498.896771,-4794.425634718797,-3742.0992669409598
1875506.264297,-4794.425634718797,-3742.0992669409598
1875512.894121,-4794.425634718797,-3742.0992669409598
1875524.967027,-4794.425634718797,-3742.0992669409598
1875526.936265,-4794.425634718797,-3742.0992669409598
1875533.502635,-4794.425634718797,-3742.0992669409598
1875540.456971,-4794.425634718797,-3742.0992669409598
1875547.485158,-4794.425634718797,-3742.0992669409598
1875554.980642,-4794.425634718797,-3742.0992669409598
1875567.345399,-4794.613328624964,-3741.1124182810863
1875569.461592,-4794.272698939411,-3744.2684720278767
1875576.659002,-4791.735355327183,-3743.47713111728
1875582.93237,-4791.735355327183,-3743.47713111728
1875590.000526,-4791.735355327183,-3743.47713111728
1875604.687259,-4791.735355327183,-3743.47713111728
1875605.270297,-4791.735355327183,-3743.47713111728
1875610.952237,-4791.735355327183,-3743.47713111728
1875618.449725,-4791.735355327183,-3743.47713111728
1875624.802904,-4790.8246922825865,-3741.279996348232
1875632.225983,-4775.795276152859,-3737.169678534047
1875640.212342,-4775.795276152859,-3737.169678534047
1875645.9175,-4775.795276152859,-3737.169678534047
1875652.888936,-4775.795276152859,-3737.169678534047
1875659.488559,-4775.795276152859,-3737.169678534047
1875666.439146,-4775.795276152859,-3737.169678534047
1875682.697436,-4775.795276152859,-3737.169678534047
1875682.70118,-4775.795276152859,-3737.169678534047
1875687.917895,-4775.795276152859,-3737.169678534047
1875694.889817,-4775.795276152859,-3737.169678534047
1875701.856551,-4775.795276152859,-3737.169678534047
1875709.367145,-4775.795276152859,-3737.169678534047
1875717.049885,-4775.795276152859,-3737.169678534047
1875722.929702,-4766.480096866739,-3734.4651545676084
1875729.936407,-4766.494000122351,-3734.427914998437
1875737.528951,-4766.494000122351,-3734.427914998437
1875747.652586,-4766.494000122351,-3734.427914998437
1875751.789184,-4766.494000122351,-3734.427914998437
1875758.239107,-4766.494000122351,-3734.427914998437
1875765.320531,-4766.494000122351,-3734.427914998437
1875773.009961,-4766.494000122351,-3734.427914998437
1875780.090456,-4766.494000122351,-3734.427914998437
1875787.366892,-4766.494000122351,-3734.427914998437
1875794.179012,-4766.494000122351,-3734.427914998437
1875799.912622,-4759.952519737386,-3731.0763534407756
1875807.987197,-4747.036398007861,-3734.0555192663946
1875819.228584,-4747.036398007861,-3734.0555192663946
1875821.289746,-4747.036398007861,-3734.0555192663946
1875829.475222,-4747.036398007861,-3734.0555192663946
1875834.939554,-4747.036398007861,-3734.0555192663946
1875842.227381,-4747.036398007861,-3734.0555192663946
1875851.629248,-4747.036398007861,-3734.0555192663946
1875856.007359,-4747.036398007861,-3734.0555192663946
1875863.037759,-4747.036398007861,-3734.0555192663946
1875870.578082,-4747.036398007861,-3734.0555192663946
1875876.955223,-4747.036398007861,-3734.0555192663946
1875889.067801,-4747.036398007861,-3734.0555192663946
1875890.924504,-4746.730526448746,-3733.939145601048
1875898.044158,-4743.025309611364,-3731.3137557164914
1875904.533277,-4743.025309611364,-3731.3137557164914
1875911.458301,-4743.025309611364,-3731.3137557164914
1875919.796454,-4743.025309611364,-3731.3137557164914
1875925.93429,-4743.025309611364,-3731.3137557164914
1875932.99698,-4743.025309611364,-3731.3137557164914
1875940.541816,-4743.025309611364,-3731.3137557164914
1875947.807367,-4743.025309611364,-3731.3137557164914
1875956.197706,-4743.025309611364,-3731.3137557164914
1875960.947439,-4743.025309611364,-3731.3137557164914
1875967.956558,-4743.025309611364,-3731.3137557164914
1875971.384806,-4743.025309611364,-3731.3137557164914
1875974.939284,-4743.025309611364,-3731.3137557164914
1875981.431617,-4743.025309611364,-3731.3137557164914
1875989.057913,-4743.025309611364,-3731.3137557164914
1875995.436664,-4717.651873469038,-3732.049237281673
1876002.790587,-4700.926260488628,-3747.8946753648747
1876009.457212,-4687.308024480607,-3772.882427682548
1876017.005578,-4640.467966132946,-3776.345707731825
1876026.21768,-4614.760851866996,-3775.7172899762236
1876053.011673,-4598.6400303437185,-3600.8169687428867
1876053.012281,-4598.6400303437185,-3600.8169687428867
1876054.996828,-4596.422461527857,-3596.692685181578
1876062.518148,-4592.293195472504,-3582.2995870102554
1876069.07791,-4593.46106869888,-3578.2870220770346
1876076.355895,-4593.46106869888,-3578.2870220770346
1876084.252806,-4593.46106869888,-3578.2870220770346
1876090.365036,-4593.46106869888,-3578.2870220770346
1876098.011309,-4593.46106869888,-3578.2870220770346
1876104.329591,-4593.46106869888,-3578.2870220770346
1876111.403965,-4604.458541603465,-3565.8955510700375
1876121.991476,-4602.33134393765,-3539.3856226003254
1876125.34896,-4608.427920253776,-3521.184775557328
1876132.50523,-4630.297736775782,-3523.4843199503894
1876140.200011,-4643.561439859163,-3530.4900168607637
1876146.582393,-4654.989913579358,-3535.6337344894673
1876149.428664,-4743.025309611364,-3731.3137557164914
1876153.592926,-4661.524442356768,-3533.1898867477908
1876166.512032,-4661.524442356768,-3533.1898867477908
1876168.351949,-4661.524442356768,-3533.1898867477908
1876175.906531,-4661.524442356768,-3533.1898867477908
1876180.981763,-4661.524442356768,-3533.1898867477908
1876188.482269,-4661.524442356768,-3533.1898867477908
1876205.788243,-4661.524442356768,-3533.1898867477908
1876205.796356,-4678.583733415234,-3523.814821265585
1876208.134043,-4743.025309611364,-3731.3137557164914
1876208.957712,-4697.450447321228,-3524.1779072155728
1876215.981656,-4713.390526524998,-3522.227483947913
1876223.398453,-4718.43045562326,-3502.653426665606
1876230.656031,-4718.43045562326,-3502.653426665606
1877849.076393,-4638.855188815262,-4174.366765730723
1877849.076976,-4638.855188815262,-4174.366765730723
1877857.259479,-4655.407011160304,-4146.930528876994
1877857.260104,-4655.407011160304,-4146.930528876994
1877879.769524,-4666.0847092420645,-4092.1092560116954
1877879.777455,-4666.0847092420645,-4092.1092560116954
1877879.784672,-4669.13647320763,-4043.2463071855436
1877881.361958,-4681.6563522594015,-3970.010063720197
1877888.473401,-4692.236727561129,-3914.5231184168306
1877895.968778,-4688.170026144903,-3868.225030985727
1877901.46243,-4696.164396444622,-3801.3939732278473
1877915.861043,-4699.209208784365,-3779.5762404491184
1877915.86483,-4698.618320544782,-3770.3501368837906
1877922.437115,-4711.8333622246055,-3746.0001121333917
1877929.531518,-4746.44550976894,-3742.3739087944846
1877936.505726,-4747.488253714739,-3741.992203177822
1877950.858167,-4781.961368706283,-3743.844871898851
1877951.162948,-4802.322682225427,-3712.912751456078
1877958.083997,-4822.29470465865,-3665.9117523266073
1877965.036403,-4837.963670391901,-3617.8075271726334
1877999.271251,-4772.076156062248,-3493.115437534627
1877999.271802,-4772.076156062248,-3493.115437534627
1878002.528233,-4740.8564021935945,-3472.7546930633575
1878010.188865,-4664.673529087869,-3396.003897316563
1878017.379586,-4632.696047865,-3346.6660901347536
1878030.837916,-4626.244938609561,-3332.584867934475
1878032.409703,-4626.244938609561,-3332.584867934475
1878037.978127,-4626.244938609561,-3332.584867934475
1878045.560389,-4626.244938609561,-3332.584867934475
1878052.735844,-4626.244938609561,-3332.584867934475
1878062.871253,-4623.2904974063,-3317.111815462042
1878085.468137,-4470.431185184147,-3248.0928731882595
1878085.468722,-4470.431185184147,-3248.0928731882595
1878091.755143,-4423.542465224722,-3253.2505579482627
1878101.919833,-4394.644554325158,-3256.890728932686
1878105.766516,-4392.809324955246,-3257.6448308509666
1878113.996993,-4392.809324955246,-3257.6448308509666
1878121.065097,-4392.809324955246,-3257.6448308509666
1878127.283709,-4392.809324955246,-3257.6448308509666
1878135.644454,-4392.809324955246,-3257.6448308509666
1878142.64724,-4392.809324955246,-3257.6448308509666
1878147.755545,-4392.809324955246,-3257.6448308509666
1878155.213493,-4392.809324955246,-3257.6448308509666
1878162.206007,-4392.809324955246,-3257.6448308509666
1878173.296391,-4392.809324955246,-3257.6448308509666
1878176.373814,-4392.809324955246,-3257.6448308509666
1878183.315206,-4392.809324955246,-3257.6448308509666
1878191.011466,-4392.809324955246,-3257.6448308509666
1878198.383562,-4392.809324955246,-3257.6448308509666
1878205.277747,-4392.809324955246,-3257.6448308509666
1878212.844337,-4392.809324955246,-3257.6448308509666
1878218.965131,-4392.809324955246,-3257.6448308509666
1878225.199549,-4392.809324955246,-3257.6448308509666
1878233.800295,-4392.809324955246,-3257.6448308509666
1878240.986468,-4392.809324955246,-3257.6448308509666
1878246.196198,-4392.809324955246,-3257.6448308509666
1878252.698603,-4392.809324955246,-3257.6448308509666
1878260.196293,-4392.809324955246,-3257.6448308509666
1878267.202088,-4392.809324955246,-3257.6448308509666
1878275.287139,-4392.809324955246,-3257.6448308509666
1878281.296716,-4392.809324955246,-3257.6448308509666
1878288.783417,-4392.809324955246,-3257.6448308509666
1878295.185752,-4392.809324955246,-3257.6448308509666
1878301.79775,-4382.826789458361,-3257.495872449148
1878309.35114,-4382.826789458361,-3257.495872449148
1878316.201181,-4382.826789458361,-3257.495872449148
1878323.8388,-4382.826789458361,-3257.495872449148
1878331.325313,-4382.826789458361,-3257.495872449148
1878337.223771,-4382.826789458361,-3257.495872449148
1878344.611924,-4382.826789458361,-3257.495872449148
1878352.137682,-4382.826789458361,-3257.495872449148
1878357.764621,-4382.826789458361,-3257.495872449148
1878365.084424,-4382.826789458361,-3257.495872449148
1878375.4973,-4382.826789458361,-3257.495872449148
1878378.7592,-4382.826789458361,-3257.495872449148
1878386.702495,-4382.826789458361,-3257.495872449148
1878393.121903,-4361.061247213927,-3259.2414787265016
1878400.565318,-4350.765888516212,-3260.521590001096
1878416.763493,-4350.765888516212,-3260.521590001096
1878416.767223,-4350.765888516212,-3260.521590001096
1878421.261097,-4350.765888516212,-3260.521590001096
1878428.243617,-4350.765888516212,-3260.521590001096
1878450.403463,-4350.765888516212,-3260.521590001096
1878450.404032,-4350.765888516212,-3260.521590001096
1878452.679189,-4350.765888516212,-3260.521590001096
1878460.224175,-4350.765888516212,-3260.521590001096
1878467.276987,-4350.765888516212,-3260.521590001096
1878474.08637,-4350.765888516212,-3260.521590001096
1878480.679397,-4350.765888516212,-3260.521590001096
1878488.335667,-4350.765888516212,-3260.521590001096
1878488.692007,-4350.765888516212,-3260.521590001096
1878494.984746,-4350.765888516212,-3260.521590001096
1878503.379643,-4350.765888516212,-3260.521590001096
1878509.495122,-4350.765888516212,-3260.521590001096
1878517.18204,-4350.765888516212,-3260.521590001096
1878525.908851,-4350.765888516212,-3260.521590001096
1878530.480193,-4350.765888516212,-3260.521590001096
1878537.853877,-4350.765888516212,-3260.521590001096
1878544.156782,-4350.765888516212,-3260.521590001096
1878551.876555,-4350.765888516212,-3260.521590001096
1878559.803128,-4350.765888516212,-3260.521590001096
1878565.137921,-4350.765888516212,-3260.521590001096
1878572.808318,-4350.765888516212,-3260.521590001096
1878579.167247,-4350.765888516212,-3260.521590001096
1878586.223215,-4350.765888516212,-3260.521590001096
1878599.644831,-4350.765888516212,-3260.521590001096
1878599.762213,-4350.765888516212,-3260.521590001096
1878608.464585,-4350.765888516212,-3260.521590001096
1878614.624482,-4350.765888516212,-3260.521590001096
1878620.750237,-4350.765888516212,-3260.521590001096
1878631.888224,-4350.765888516212,-3260.521590001096
1878635.188244,-4350.765888516212,-3260.521590001096
1878642.185563,-4350.765888516212,-3260.521590001096
1878649.608542,-4350.765888516212,-3260.521590001096
1878656.168561,-4350.765888516212,-3260.521590001096
1878663.786,-4350.765888516212,-3260.521590001096
1878671.181556,-4350.765888516212,-3260.521590001096
1878677.240321,-4350.765888516212,-3260.521590001096
1878684.34197,-4350.765888516212,-3260.521590001096
1878691.188336,-4350.765888516212,-3260.521590001096
1878698.693682,-4350.765888516212,-3260.521590001096
1878705.881918,-4350.765888516212,-3260.521590001096
1878713.304641,-4350.765888516212,-3260.521590001096
1878719.169641,-4350.765888516212,-3260.521590001096
1878732.799626,-4350.765888516212,-3260.521590001096
1878733.226749,-4350.765888516212,-3260.521590001096
1878739.712187,-4350.765888516212,-3260.521590001096
1878747.173586,-4350.765888516212,-3260.521590001096
1878760.270825,-4350.765888516212,-3260.521590001096
1878761.991401,-4350.765888516212,-3260.521590001096
1878769.337795,-4350.765888516212,-3260.521590001096
1878775.17211,-4350.765888516212,-3260.521590001096
1878782.590082,-4350.765888516212,-3260.521590001096
1878790.417711,-4350.765888516212,-3260.521590001096
1878801.553279,-4350.765888516212,-3260.521590001096
1878803.509619,-4350.765888516212,-3260.521590001096
1878810.580496,-4350.765888516212,-3260.521590001096
1878817.14084,-4350.765888516212,-3260.521590001096
1878824.677105,-4350.765888516212,-3260.521590001096
1878837.506097,-4350.765888516212,-3260.521590001096
1878838.806905,-4350.765888516212,-3260.521590001096
1878844.749834,-4350.765888516212,-3260.521590001096
1878851.811154,-4350.765888516212,-3260.521590001096
1878858.989267,-4350.765888516212,-3260.521590001096
1878868.303476,-4350.765888516212,-3260.521590001096
1878873.142376,-4350.765888516212,-3260.521590001096
1878880.644387,-4350.765888516212,-3260.521590001096
1878887.166985,-4350.765888516212,-3260.521590001096
1878894.704474,-4350.765888516212,-3260.521590001096
1878902.121747,-4350.765888516212,-3260.521590001096
1878908.160241,-4350.765888516212,-3260.521590001096
1878915.645737,-4350.765888516212,-3260.521590001096
1878923.307912,-4350.765888516212,-3260.521590001096
1878929.164332,-4350.765888516212,-3260.521590001096
1878942.321979,-4350.765888516212,-3260.521590001096
1878944.407739,-4350.765888516212,-3260.521590001096
1878950.34715,-4350.765888516212,-3260.521590001096
1878958.82418,-4350.765888516212,-3260.521590001096
1878963.704028,-4350.765888516212,-3260.521590001096
1878976.366629,-4350.765888516212,-3260.521590001096
1878978.215576,-4350.765888516212,-3260.521590001096
1878984.735388,-4350.765888516212,-3260.521590001096
1878992.299183,-4350.765888516212,-3260.521590001096
1878999.637849,-4350.765888516212,-3260.521590001096
1879013.906503,-4350.765888516212,-3260.521590001096
1879013.910179,-4350.765888516212,-3260.521590001096
1879020.169725,-4350.765888516212,-3260.521590001096
1879027.404592,-4350.765888516212,-3260.521590001096
1879034.600945,-4350.765888516212,-3260.521590001096
1879043.54119,-4350.765888516212,-3260.521590001096
1879049.495655,-4350.765888516212,-3260.521590001096
1879055.167098,-4350.765888516212,-3260.521590001096
1879062.164121,-4350.765888516212,-3260.521590001096
1879069.60085,-4350.765888516212,-3260.521590001096
1879080.575825,-4350.765888516212,-3260.521590001096
1879083.391997,-4350.765888516212,-3260.521590001096
1879090.993783,-4350.765888516212,-3260.521590001096
1879097.201298,-4350.765888516212,-3260.521590001096
1879103.678908,-4350.765888516212,-3260.521590001096
1879111.988154,-4350.765888516212,-3260.521590001096
1879119.83871,-4350.765888516212,-3260.521590001096
1879126.26626,-4350.765888516212,-3260.521590001096
1879132.172384,-4350.765888516212,-3260.521590001096
1879141.600009,-4350.765888516212,-3260.521590001096
1879146.529624,-4350.765888516212,-3260.521590001096
1879153.899097,-4350.765888516212,-3260.521590001096
1879160.148189,-4350.341839300437,-3254.162928171135
1879167.68321,-4350.404403939202,-3254.2932667694745
1879174.933393,-4350.404403939202,-3254.2932667694745
1879183.312582,-4350.404403939202,-3254.2932667694745
1879188.183139,-4350.404403939202,-3254.2932667694745
1879195.342864,-4350.404403939202,-3254.2932667694745
1879203.154587,-4350.404403939202,-3254.2932667694745
1879212.169079,-4350.404403939202,-3254.2932667694745
1879218.904378,-4350.404403939202,-3254.2932667694745
1879222.929718,-4350.404403939202,-3254.2932667694745
1879230.420284,-4350.404403939202,-3254.2932667694745
1879237.143376,-4350.404403939202,-3254.2932667694745
1879244.781992,-4350.404403939202,-3254.2932667694745
1879251.187195,-4350.404403939202,-3254.2932667694745
1879258.145052,-4350.404403939202,-3254.2932667694745
1879265.608353,-4350.404403939202,-3254.2932667694745
1879272.263243,-4350.404403939202,-3254.2932667694745
1879280.121784,-4350.404403939202,-3254.2932667694745
1879287.867381,-4350.404403939202,-3254.2932667694745
1879293.163177,-4350.404403939202,-3254.2932667694745
1879300.628733,-4350.404403939202,-3254.2932667694745
1879315.466446,-4350.404403939202,-3254.2932667694745
1879315.475117,-4349.695338049471,-3256.220416118542
1879321.300393,-4349.695338049471,-3256.220416118542
1879327.650048,-4347.880963557413,-3252.501110972814
1879335.373703,-4347.880963557413,-3252.501110972814
1879343.648377,-4347.8044956711465,-3252.072855567902
1879355.578996,-4342.834082793423,-3252.114750112927
1879356.948414,-4339.469495611624,-3257.9427476556375
1879363.924404,-4339.233140320639,-3258.040501603787
1879370.049533,-4339.233140320639,-3258.040501603787
1879377.536279,-4339.233140320639,-3258.040501603787
1879384.829323,-4339.233140320639,-3258.040501603787
1879395.537329,-4339.233140320639,-3258.040501603787
1879398.064329,-4339.233140320639,-3258.040501603787
1879405.048237,-4339.233140320639,-3258.040501603787
1879412.105608,-4339.233140320639,-3258.040501603787
1879419.362863,-4339.233140320639,-3258.040501603787
1879430.781052,-4339.233140320639,-3258.040501603787
1879433.620463,-4339.233140320639,-3258.040501603787
1879440.169759,-4339.233140320639,-3258.040501603787
1879448.651572,-4337.008619868173,-3252.6640342326077
1879456.036723,-4336.980813364778,-3250.9370477312646
1879461.365589,-4339.386076101595,-3255.4011448987044
1879467.757144,-4339.3721728457,-3255.3313206508533
1879475.263718,-4337.495233714605,-3250.7043002237037
1879482.105763,-4336.695796682347,-3249.7686552429036
1879489.139306,-4336.695796682347,-3249.7686552429036
1879498.687401,-4336.695796682347,-3249.7686552429036
1879503.257495,-4339.559866762194,-3254.446880131
1879510.845876,-4339.587673265586,-3254.474809832485
1879517.407328,-4339.587673265586,-3254.474809832485
1879524.139489,-4339.587673265586,-3254.474809832485
1879532.182749,-4339.587673265586,-3254.474809832485
1879539.417771,-4339.587673265586,-3254.474809832485
1879545.091103,-4339.587673265586,-3254.474809832485
1879552.661718,-4339.490350491266,-3256.467128468311
1879560.317741,-4339.490350491266,-3256.467128468311
1879568.409408,-4339.490350491266,-3256.467128468311
1879572.679361,-4339.490350491266,-3256.467128468311
1879581.076453,-4340.046480608599,-3257.7518946961954
1879586.640725,-4341.019708301243,-3259.083210427728
1879594.139818,-4342.597727494058,-3259.888516786859
1879601.523537,-4342.834082793423,-3260.642618702015
1879608.156124,-4342.834082793423,-3260.642618702015
1879617.276081,-4342.834082793423,-3260.642618702015
1879622.160757,-4342.834082793423,-3260.642618702015
1879630.929763,-4342.834082793423,-3260.642618702015
1879636.114392,-4342.834082793423,-3260.642618702015
1879643.555514,-4342.834082793423,-3260.642618702015
1879651.511844,-4342.834082793423,-3260.642618702015
1879657.461256,-4342.834082793423,-3260.642618702015
1879665.620513,-4342.834082793423,-3260.642618702015
1879671.207071,-4342.834082793423,-3260.642618702015
1879679.291758,-4342.834082793423,-3260.642618702015
1879688.633106,-4342.834082793423,-3260.642618702015
1879691.670404,-4342.834082793423,-3260.642618702015
1879701.7813,-4342.834082793423,-3260.642618702015
1879706.181684,-4342.834082793423,-3260.642618702015
1879714.281889,-4342.834082793423,-3260.642618702015
1879720.172332,-4342.834082793423,-3260.642618702015
1879727.527042,-4342.834082793423,-3260.642618702015
1879734.149905,-4342.834082793423,-3260.642618702015
1879741.62158,-4342.834082793423,-3260.642618702015
1879748.927617,-4342.834082793423,-3260.642618702015
1879755.215223,-4342.834082793423,-3260.642618702015
1879762.218582,-4342.834082793423,-3260.642618702015
1879769.812652,-4342.834082793423,-3260.642618702015
1879776.142011,-4339.997819225565,-3264.1384861926495
1879783.496541,-4339.893544827496,-3264.0919366873127
1879791.24576,-4338.878607367289,-3264.133831244836
1879797.166149,-4338.878607367289,-3264.133831244836
1879806.256302,-4338.878607367289,-3264.133831244836
1879811.147222,-4338.878607367289,-3264.133831244836
1879820.609949,-4338.878607367289,-3264.133831244836
1879825.141839,-4338.878607367289,-3264.133831244836
1879831.729141,-4337.641217871819,-3261.1313884509705
1879839.156197,-4337.529991849996,-3260.139884095001
1879846.587319,-4337.529991849996,-3260.139884095001
1879853.280371,-4337.529991849996,-3260.139884095001
1879860.62328,-4337.529991849996,-3260.139884095001
1879870.380433,-4337.529991849996,-3260.139884095001
1879874.243119,-4337.529991849996,-3260.139884095001
1879881.681335,-4337.529991849996,-3260.139884095001
1879888.147218,-4337.529991849996,-3260.139884095001
1879895.545743,-4337.529991849996,-3260.139884095001
1879902.759204,-4337.529991849996,-3260.139884095001
1879909.437734,-4337.529991849996,-3260.139884095001
1879916.62432,-4337.529991849996,-3260.139884095001
1879924.024402,-4337.529991849996,-3260.139884095001
1879930.188778,-4337.529991849996,-3260.139884095001
1879936.721416,-4337.529991849996,-3260.139884095001
1879946.028974,-4337.529991849996,-3260.139884095001
1879950.669451,-4337.529991849996,-3260.139884095001
1879958.140133,-4337.529991849996,-3260.139884095001
1879968.217112,-4337.529991849996,-3260.139884095001
1879972.664523,-4337.529991849996,-3260.139884095001
1879980.344394,-4337.529991849996,-3260.139884095001
1879986.262387,-4337.529991849996,-3260.139884095001
1879993.586405,-4337.529991849996,-3260.139884095001
1880001.897708,-4337.529991849996,-3260.139884095001
1880008.63176,-4337.529991849996,-3260.139884095001
1880014.167469,-4337.529991849996,-3260.139884095001
1880022.249852,-4337.529991849996,-3260.139884095001
1880030.673109,-4337.529991849996,-3260.139884095001
1880035.163258,-4326.442147738394,-3262.6349373292037
1880042.163148,-4324.294095180021,-3262.1135829207656
1880049.767503,-4324.294095180021,-3262.1135829207656
1880057.319244,-4324.294095180021,-3262.1135829207656
1880064.688888,-4324.294095180021,-3262.1135829207656
1880070.745457,-4324.294095180021,-3262.1135829207656
1880076.743985,-4324.294095180021,-3262.1135829207656
1880084.08758,-4324.294095180021,-3262.1135829207656
1880091.452844,-4324.294095180021,-3262.1135829207656
1880099.195768,-4324.294095180021,-3262.1135829207656
1880105.292439,-4324.294095180021,-3262.1135829207656
1880112.629948,-4324.294095180021,-3262.1135829207656
1880119.120441,-4324.294095180021,-3262.1135829207656
1880126.423859,-4324.294095180021,-3262.1135829207656
1880134.379525,-4324.294095180021,-3262.1135829207656
1880141.031926,-4324.294095180021,-3262.1135829207656
1880147.138171,-4324.294095180021,-3262.1135829207656
1880154.737647,-4324.294095180021,-3262.1135829207656
1880161.259252,-4324.294095180021,-3262.1135829207656
1880175.307071,-4324.294095180021,-3262.1135829207656
1880176.551203,-4324.294095180021,-3262.1135829207656
1880181.650073,-4324.294095180021,-3262.1135829207656
1880189.193215,-4324.294095180021,-3262.1135829207656
1880195.752837,-4324.294095180021,-3262.1135829207656
1880203.159537,-4324.294095180021,-3262.1135829207656
1880211.119444,-4324.294095180021,-3262.1135829207656
1880217.156365,-4324.294095180021,-3262.1135829207656
1880224.636368,-4324.294095180021,-3262.1135829207656
1880231.969016,-4324.294095180021,-3262.1135829207656
1880238.196583,-4324.294095180021,-3262.1135829207656
1880245.197497,-4324.294095180021,-3262.1135829207656
1880253.245802,-4324.294095180021,-3262.1135829207656
1880259.145646,-4324.294095180021,-3262.1135829207656
1880266.555824,-4324.294095180021,-3262.1135829207656
1880273.156496,-4324.294095180021,-3262.1135829207656
1880282.016348,-4324.294095180021,-3262.1135829207656
1880288.056248,-4324.294095180021,-3262.1135829207656
1880294.09571,-4324.294095180021,-3262.1135829207656
1880302.003216,-4324.294095180021,-3262.1135829207656
1880309.492177,-4324.294095180021,-3262.1135829207656
1880315.695785,-4324.2384821732185,-3262.7745858223307
1880327.659199,-4320.95731450854,-3264.818108896525
1880329.111626,-4320.95731450854,-3264.818108896525
1880336.146494,-4320.95731450854,-3264.818108896525
1880343.42591,-4320.95731450854,-3264.818108896525
1880350.120527,-4320.95731450854,-3264.818108896525
1880357.137629,-4320.95731450854,-3264.818108896525
1880364.595988,-4320.95731450854,-3264.818108896525
1880371.104203,-4320.95731450854,-3264.818108896525
1880378.46988,-4320.95731450854,-3264.818108896525
1880386.307943,-4320.95731450854,-3264.818108896525
1880392.053493,-4320.95731450854,-3264.818108896525
1880399.57133,-4320.95731450854,-3264.818108896525
1880407.358083,-4320.95731450854,-3264.818108896525
1880413.319299,-4320.95731450854,-3264.818108896525
1880421.501491,-4320.95731450854,-3264.818108896525
1880426.846181,-4320.95731450854,-3264.818108896525
1880433.712149,-4320.95731450854,-3264.818108896525
1880440.769967,-4320.95731450854,-3264.818108896525
1880448.450837,-4320.95731450854,-3264.818108896525
1880458.258135,-4320.95731450854,-3264.818108896525
1880462.322319,-4320.95731450854,-3264.818108896525
1880469.29406,-4320.95731450854,-3264.818108896525
1880476.600993,-4320.95731450854,-3264.818108896525
1880485.856248,-4320.95731450854,-3264.818108896525
1880490.125434,-4320.95731450854,-3264.818108896525
1880497.701759,-4320.95731450854,-3264.818108896525
1880504.171624,-4320.95731450854,-3264.818108896525
1880511.472901,-4320.95731450854,-3264.818108896525
1880518.103756,-4320.95731450854,-3264.818108896525
1880525.111925,-4320.95731450854,-3264.818108896525
1880532.642455,-4320.95731450854,-3264.818108896525
1880541.273128,-4320.95731450854,-3264.818108896525
1880545.731391,-4320.95731450854,-3264.818108896525
1880554.155949,-4320.95731450854,-3264.818108896525
1880559.681622,-4320.95731450854,-3264.818108896525
1880566.907131,-4320.95731450854,-3264.818108896525
1880575.468155,-4320.95731450854,-3264.818108896525
1880586.026256,-4320.95731450854,-3264.818108896525
1880588.582474,-4319.61565061448,-3259.553360386089
1880597.134946,-4319.61565061448,-3259.553360386089
1880602.258921,-4319.61565061448,-3259.553360386089
1880609.176155,-4319.61565061448,-3259.553360386089
1880616.522011,-4319.61565061448,-3259.553360386089
1880625.259972,-4319.61565061448,-3259.553360386089
1880630.652879,-4319.61565061448,-3259.553360386089
1880642.594265,-4319.61565061448,-3259.553360386089
1880644.321081,-4319.61565061448,-3259.553360386089
1880652.254574,-4319.61565061448,-3259.553360386089
1880658.069301,-4319.61565061448,-3259.553360386089
1880665.807587,-4316.536080113563,-3265.9539167077855
1880671.672095,-4316.536080113563,-3265.958571655241
1880678.844367,-4316.536080113563,-3265.958571655241
1880691.91612,-4316.536080113563,-3265.958571655241
1880695.978439,-4316.536080113563,-3265.958571655241
1880700.141071,-4316.536080113563,-3265.958571655241
1880707.581083,-4316.536080113563,-3265.958571655241
1880720.274184,-4316.536080113563,-3265.958571655241
1880721.344342,-4316.536080113563,-3265.958571655241
1880728.943063,-4316.536080113563,-3265.958571655241
1880735.121423,-4316.536080113563,-3265.958571655241
1880742.587817,-4316.536080113563,-3265.958571655241
1880752.077916,-4316.536080113563,-3265.958571655241
1880756.251843,-4316.536080113563,-3265.958571655241
1880763.616784,-4316.536080113563,-3265.958571655241
1880771.414222,-4316.536080113563,-3265.958571655241
1880777.192114,-4316.536080113563,-3265.958571655241
1880784.629552,-4316.536080113563,-3265.958571655241
1880790.645075,-4316.536080113563,-3265.958571655241
1880798.541178,-4316.536080113563,-3265.958571655241
1880804.692062,-4316.536080113563,-3265.958571655241
1880813.528246,-4316.536080113563,-3265.958571655241
1880820.382617,-4316.536080113563,-3265.958571655241
1880827.64357,-4316.536080113563,-3265.958571655241
1880833.136371,-4316.536080113563,-3265.958571655241
1880840.556344,-4316.536080113563,-3265.958571655241
1880848.60688,-4316.536080113563,-3265.958571655241
1880858.381042,-4316.536080113563,-3265.958571655241
1880861.694608,-4316.536080113563,-3265.958571655241
1880870.506821,-4316.536080113563,-3265.958571655241
1880875.449627,-4316.536080113563,-3265.958571655241
1880882.69308,-4316.536080113563,-3265.958571655241
1880889.573927,-4316.536080113563,-3265.958571655241
1880896.194388,-4316.536080113563,-3265.958571655241
1880903.574399,-4316.536080113563,-3265.958571655241
1880910.105802,-4316.536080113563,-3265.958571655241
1880926.86876,-4316.536080113563,-3265.958571655241
1880926.869317,-4316.536080113563,-3265.958571655241
1880930.771173,-4316.536080113563,-3265.958571655241
1880941.096669,-4311.961909936978,-3267.5878041588107
1880945.144632,-4311.961909936978,-3267.5878041588107
1880952.491116,-4308.208031680613,-3268.011404615795
1880960.115268,-4308.208031680613,-3268.011404615795
1880966.092254,-4308.208031680613,-3268.011404615795
1880973.439051,-4308.208031680613,-3268.011404615795
1880980.104494,-4308.208031680613,-3268.011404615795
1880987.057665,-4308.208031680613,-3268.011404615795
1880995.888361,-4308.208031680613,-3268.011404615795
1881001.079804,-4308.208031680613,-3268.011404615795
1881008.064119,-4308.208031680613,-3268.011404615795
1881015.18731,-4308.208031680613,-3268.011404615795
1881022.101613,-4308.208031680613,-3268.011404615795
1881030.389607,-4308.208031680613,-3268.011404615795
1881035.687543,-4308.208031680613,-3268.011404615795
1881042.789369,-4308.208031680613,-3268.011404615795
1881051.54924,-4308.208031680613,-3268.011404615795
1881057.091065,-4308.208031680613,-3268.011404615795
1881064.348367,-4308.208031680613,-3268.011404615795
1881071.104161,-4308.208031680613,-3268.011404615795
1881078.711219,-4308.208031680613,-3268.011404615795
1881085.728423,-4308.208031680613,-3268.011404615795
1881096.932475,-4300.07462878659,-3264.468987642452
1881099.127755,-4293.880729663074,-3275.3429508493014
1881106.42161,-4293.3106962976835,-3274.9146954476723
1881113.941566,-4293.3106962976835,-3274.9146954476723
1881120.1656,-4293.3106962976835,-3274.9146954476723
1881127.864043,-4292.469549497241,-3278.2569495145713
1881135.509772,-4293.595712980379,-3276.511343278456
1881141.160095,-4293.595712980379,-3276.511343278456
1881148.628334,-4293.595712980379,-3276.511343278456
1881149.268559,-4293.595712980379,-3276.511343278456
1881155.187024,-4293.595712980379,-3276.511343278456
1881161.780634,-4277.7668596415815,-3277.5587070207825
1881172.876043,-4275.431113172487,-3274.514369747552
1881176.582858,-4268.375212365192,-3279.0017415008056
1881182.777136,-4259.908131398439,-3303.7334900221745
1881190.111799,-4253.582151359711,-3349.8407656416894
1881201.760472,-4251.587034579259,-3370.4901209158934
1881206.82014,-4249.932547488576,-3379.115741845069
1881211.26519,-4233.846483972255,-3422.6907198120152
1881218.283873,-4226.1579851536635,-3436.306445146065
1881225.174364,-4226.1579851536635,-3436.306445146065
1881232.145248,-4226.1579851536635,-3436.306445146065
1881244.341686,-4223.161834165154,-3445.825815329393
1881249.260888,-4213.87446126824,-3482.348541872258
1881252.770912,-4203.38445700589,-3518.9364355991024
1881260.210347,-4205.247492886514,-3520.770485170818
1881272.784312,-4205.984365281885,-3520.9939226885936
1881274.614321,-4205.845332756284,-3521.222015149391
1881280.738633,-4205.845332756284,-3521.222015149391
1881289.830519,-4206.888076722812,-3522.0505959189936
1881295.224885,-4208.208885740508,-3522.2973081670516
1881302.690197,-4210.27351878549,-3521.105641444645
1881311.787218,-4209.063935789974,-3526.4867614934583
1881316.318622,-4194.465520306827,-3573.888096445078
1881323.142345,-4181.382559378588,-3600.062867242711
1881330.078189,-4157.336883573846,-3620.842552900829
1881336.990881,-4087.7232964841987,-3574.2698021627557
1881346.175543,-4051.102128399375,-3536.876605615604
1881351.10779,-4051.102128399375,-3536.876605615604
1881358.144705,-4051.102128399375,-3536.876605615604
1881365.152686,-3959.1112556075814,-3630.6365622218223
1881372.514041,-3951.0682237984774,-3671.162532634817
1881379.355553,-3952.1943872894512,-3679.6578109610587
1881386.062504,-3949.5041078488575,-3681.4313457609796
1881394.291926,-3955.378232203803,-3668.9188481415813
1881401.909461,-3941.030075195106,-3667.419955180689
1881411.01499,-3937.4777940759936,-3659.5484396069296
1881414.09217,-3937.4777940759936,-3659.5484396069296
1881421.985323,-3937.4777940759936,-3659.5484396069296
1881428.264551,-3941.6487699562676,-3659.096909737921
1881435.749454,-3984.0745462008526,-3673.7786128772304
1881443.786956,-4010.1361937598535,-3687.035901909392
1881449.201223,-4017.956773514487,-3693.8274694723123
1881456.562285,-4054.7656355329877,-3700.139577431398
1881464.612409,-4084.0945474803398,-3717.102203526048
1881470.080686,-4103.016874644995,-3726.0676308506745
1881477.49005,-4122.842913228523,-3726.463301322235
1881484.205314,-4141.077029356909,-3714.383714628662
1881491.330371,-4154.472813483041,-3691.5046509688846
1881499.276982,-4163.61420223378,-3663.9752943299773
1881507.752667,-4149.815223780578,-3627.499127692243
1881512.142983,-4089.426444963558,-3597.9588309275423
1881519.15534,-4065.1305105571823,-3584.952907207736
1881526.512809,-4011.178937730528,-3569.2657332824515
1881537.354231,-3968.621080597688,-3557.4607855340146
1881540.156234,-3927.6064845082196,-3545.9211696004954
1881547.160204,-3833.7108658410434,-3532.1425234382673
1881554.552503,-3780.2041968643607,-3467.1361701756023
1881561.432608,-3724.2992167002035,-3424.1616836557664
1881568.478899,-3676.8821724151853,-3382.7372923081048
1881576.01941,-3676.8821724151853,-3382.7372923081048
1881581.781428,-3676.8821724151853,-3382.7372923081048
1881588.781305,-3676.8821724151853,-3382.7372923081048
1881598.625559,-3587.9569662625154,-3364.801772887965
1881602.714935,-3563.1466112680205,-3390.0734921654175
1881614.477779,-3521.478561976936,-3390.925347853027
1881617.129468,-3506.386580824185,-3389.850054603693
1881625.149262,-3443.5786352433574,-3367.7855953903504
1881633.960318,-3447.9164501927103,-3333.031743088634
1881638.108128,-3503.45994605827,-3249.9548532562417
1881648.01614,-3518.1904426373267,-3180.7171210021434
1881651.742475,-3451.322747192136,-3125.7654261611665
1881659.155002,-3365.9706767264315,-3097.8077895087404
1881666.168001,-3350.3086621501548,-3091.2629280032966
1881673.167112,-3349.7942417824297,-3088.055666534656
1881680.662849,-3349.7942417824297,-3088.055666534656
1881686.67357,-3349.7942417824297,-3088.055666534656
1881693.717217,-3351.3931158850246,-3087.1432960738193
1881700.82424,-3335.439133001485,-3076.353118786072
1881708.1578,-3319.832731433264,-3047.585518372369
1881715.100811,-3326.527147782347,-3023.3890793376245
1881722.592108,-3335.3070520975084,-3003.8522463137433
1881729.098707,-3335.3070520975084,-3003.8522463137433
1881736.114931,-3381.5562234027016,-2947.9788556093818
1881752.215872,-3426.734844186389,-2867.424899948548
1881756.238495,-3444.2320881378764,-2834.6493754014464
1881965.658318,-3853.7037435679445,-1872.9818686938065
1881965.658979,-3853.7037435679445,-1872.9818686938065
1881969.803119,-3839.821345510858,-1833.312296365521
1881977.333913,-3872.062989072078,-1771.7690603161157
1881988.699177,-3930.713861537178,-1722.0540751865885
1882004.942334,-4071.9083463338334,-1509.9181417213006
1882004.942971,-4071.9083463338334,-1509.9181417213006
1882006.024061,-4071.9083463338334,-1509.9181417213006
1882006.024755,-4071.9083463338334,-1509.9181417213006
1882008.442729,-4105.401282513959,-1499.2629315743725
1882030.435104,-4156.405365636745,-1481.2947742612803
1882030.438808,-4158.866241389676,-1477.6685579900184
1882030.446116,-4166.69377274457,-1479.837770805569
1882030.455659,-4169.891520901153,-1483.166069427915
1882031.294324,-4170.176537584586,-1483.4453672062168
1882031.294863,-4170.176537584586,-1483.4453672062168
1882033.462516,-4170.176537584586,-1483.4453672062168
1882041.726106,-4170.176537584586,-1483.4453672062168
1882047.422179,-4170.176537584586,-1483.4453672062168
1882055.638655,-4170.176537584586,-1483.4453672062168
1882061.782708,-4170.176537584586,-1483.4453672062168
1882068.765402,-4170.176537584586,-1483.4453672062168
1882076.337157,-4170.176537584586,-1483.4453672062168
1882087.466223,-4170.176537584586,-1483.4453672062168
1882090.752597,-4170.176537584586,-1483.4453672062168
1882099.138865,-4170.176537584586,-1483.4453672062168
1882103.783966,-4170.176537584586,-1483.4453672062168
1882111.164033,-4170.176537584586,-1483.4453672062168
1882123.762397,-4170.176537584586,-1483.4453672062168
1882124.49831,-4170.176537584586,-1483.4453672062168
1882131.722636,-4170.176537584586,-1483.4453672062168
1882138.552081,-4170.176537584586,-1483.4453672062168
1882146.459561,-4170.176537584586,-1483.4453672062168
1882153.604024,-4170.176537584586,-1483.4453672062168
1882160.577328,-4170.176537584586,-1483.4453672062168
1882166.750484,-4170.176537584586,-1483.4453672062168
1882174.180212,-4170.176537584586,-1483.4453672062168
1882180.853422,-4170.176537584586,-1483.4453672062168
1882191.857689,-4170.176537584586,-1483.4453672062168
1882194.862436,-4170.176537584586,-1483.4453672062168
1882201.886233,-4170.176537584586,-1483.4453672062168
1882209.412304,-4170.176537584586,-1483.4453672062168
1882217.087763,-4170.176537584586,-1483.4453672062168
1882228.414589,-4170.176537584586,-1483.4453672062168
1882230.304829,-4170.176537584586,-1483.4453672062168
1882237.075057,-4170.176537584586,-1483.4453672062168
1882243.886448,-4170.176537584586,-1483.4453672062168
1882251.461073,-4170.176537584586,-1483.4453672062168
1882261.87512,-4170.176537584586,-1483.4453672062168
1882264.774189,-4170.176537584586,-1483.4453672062168
1882272.086892,-4170.176537584586,-1483.4453672062168
1882278.423427,-4170.176537584586,-1483.4453672062168
1882285.763909,-4170.176537584586,-1483.4453672062168
1882294.100072,-4170.176537584586,-1483.4453672062168
1882299.89094,-4170.176537584586,-1483.4453672062168
1882307.274473,-4170.176537584586,-1483.4453672062168
1882314.158462,-4170.176537584586,-1483.4453672062168
1882324.77086,-4176.843147324678,-1498.7881253529897
1882328.961724,-4176.843147324678,-1498.7881253529897
1882334.470645,-4176.843147324678,-1498.7881253529897
1882342.050517,-4181.146204078418,-1500.8968235784557
1882348.806248,-4181.354752875102,-1499.9844508391989
1882356.034976,-4183.127417614109,-1493.760765326588
1882362.821384,-4183.127417614109,-1493.760765326588
1882369.427258,-4186.318214137585,-1494.1517822151693
1882376.866639,-4191.559740458946,-1500.3987425413154
1882383.802349,-4200.652467819507,-1510.2998486788379
1882395.371161,-4200.527338541576,-1515.4435826459535
1882397.426081,-4200.527338541576,-1515.4435826459535
1882406.550292,-4200.527338541576,-1515.4435826459535
1882411.829569,-4200.527338541576,-1515.4435826459535
1882419.215735,-4200.527338541576,-1515.4435826459535
1882429.831229,-4200.527338541576,-1515.4435826459535
1882432.831772,-4200.527338541576,-1515.4435826459535
1882443.926996,-4200.527338541576,-1515.4435826459535
1882446.857197,-4200.527338541576,-1515.4435826459535
1882453.573903,-4200.527338541576,-1515.4435826459535
1882460.852049,-4200.527338541576,-1515.4435826459535
1882467.79452,-4200.527338541576,-1515.4435826459535
1882474.832706,-4200.527338541576,-1515.4435826459535
1882482.250417,-4200.527338541576,-1515.4435826459535
1882488.365002,-4200.527338541576,-1515.4435826459535
1882495.834145,-4199.157868140637,-1519.9402767528939
1882503.375499,-4199.164819764406,-1519.9076920030498
1882509.812085,-4199.164819764406,-1519.9076920030498
1882517.220597,-4199.164819764406,-1519.9076920030498
1882524.188086,-4199.164819764406,-1519.9076920030498
1882531.087607,-4199.164819764406,-1519.9076920030498
1882538.920578,-4199.164819764406,-1519.9076920030498
1882544.817227,-4199.164819764406,-1519.9076920030498
1882552.127538,-4199.164819764406,-1519.9076920030498
1882558.869041,-4199.164819764406,-1519.9076920030498
1882568.726333,-4199.164819764406,-1519.9076920030498
1882572.410837,-4199.164819764406,-1519.9076920030498
1882580.525143,-4199.164819764406,-1519.9076920030498
1882586.84063,-4199.164819764406,-1519.9076920030498
1882594.062977,-4199.164819764406,-1519.9076920030498
1882600.873193,-4199.164819764406,-1519.9076920030498
1882607.418094,-4199.164819764406,-1519.9076920030498
1882616.449264,-4199.164819764406,-1519.9076920030498
1882623.278494,-4199.164819764406,-1519.9076920030498
1882630.647565,-4199.164819764406,-1519.9076920030498
1882635.881328,-4199.164819764406,-1519.9076920030498
1882642.479318,-4199.164819764406,-1519.9076920030498
1882649.833004,-4199.164819764406,-1519.9076920030498
1882657.284096,-4199.164819764406,-1519.9076920030498
1882667.629683,-4199.164819764406,-1519.9076920030498
1882672.176995,-4188.76518664131,-1530.018271169241
1882677.80516,-4182.230657804758,-1528.938319809645
1882684.865032,-4181.744043956736,-1529.119863354181
1882692.120773,-4181.744043956736,-1529.119863354181
1882707.749821,-4178.824360852294,-1526.4060200710069
1882708.130072,-4181.354752875102,-1523.4408087792367
1882712.478273,-4181.354752875102,-1523.4408087792367
1882719.469614,-4181.354752875102,-1523.4408087792367
1882728.161552,-4181.354752875102,-1523.4408087792367
1882737.698475,-4179.547330000525,-1522.0163901587537
1882740.425727,-4179.547330000525,-1522.0117351969182
1882749.957255,-4179.547330000525,-1522.0117351969182
1882754.8833,-4179.547330000525,-1522.0117351969182
1882761.424444,-4179.547330000525,-1522.0117351969182
1882768.475789,-4179.547330000525,-1522.0117351969182
1882775.464421,-4179.547330000525,-1522.0117351969182
1882782.425837,-4179.547330000525,-1522.0117351969182
1882789.504442,-4179.547330000525,-1522.0117351969182
1882796.425819,-4179.547330000525,-1522.0117351969182
1882806.053685,-4179.547330000525,-1522.0117351969182
1882810.817255,-4179.547330000525,-1522.0117351969182
1882817.465925,-4179.547330000525,-1522.0117351969182
1882825.3963,-4179.547330000525,-1522.0117351969182
1882832.641504,-4179.547330000525,-1522.0117351969182
1882838.762502,-4177.211583526634,-1520.0892355618132
1882846.179059,-4175.411112283923,-1518.8463604823282
1882852.507815,-4175.383305772184,-1518.5763726392472
1882859.416407,-4175.397209028127,-1518.259835165676
1882874.127225,-4175.397209028127,-1518.259835165676
1882874.223065,-4175.397209028127,-1518.259835165676
1882884.503949,-4175.397209028127,-1518.259835165676
1882887.485184,-4175.397209028127,-1518.259835165676
1882894.474536,-4175.397209028127,-1518.259835165676
1882902.051247,-4175.397209028127,-1518.259835165676
1882908.473065,-4175.397209028127,-1518.259835165676
1882922.148987,-4175.744790350526,-1523.482703439967
1882922.437074,-4176.857050580474,-1522.1839688229907
1882929.487721,-4176.585937144772,-1521.2203915193454
1882939.436527,-4169.2589228952775,-1516.2768210032368
1882943.475654,-4169.2589228952775,-1516.2768210032368
1882950.466855,-4169.2589228952775,-1516.2768210032368
1882959.308601,-4169.2589228952775,-1516.2768210032368
1882966.466765,-4169.2589228952775,-1516.2768210032368
1882971.782825,-4169.2589228952775,-1516.2768210032368
1882978.479825,-4169.2589228952775,-1516.2768210032368
1882985.41994,-4169.2589228952775,-1516.2768210032368
1882992.469914,-4169.2589228952775,-1516.2768210032368
1883004.607138,-4169.2589228952775,-1516.2768210032368
1883006.740233,-4169.2589228952775,-1516.2768210032368
1883013.430138,-4169.2589228952775,-1516.2768210032368
1883022.477185,-4169.2589228952775,-1516.2768210032368
1883027.776183,-4169.2589228952775,-1516.2768210032368
1883035.11187,-4169.2589228952775,-1516.2768210032368
1883043.399065,-4169.2589228952775,-1516.2768210032368
1883049.824907,-4169.2589228952775,-1516.2768210032368
1883055.776078,-4169.2589228952775,-1516.2768210032368
1883062.457803,-4165.748351551851,-1514.4660404511162
1883069.877777,-4165.463334868392,-1515.1223902086342
1883076.505268,-4165.463334868392,-1515.1223902086342
1883083.489009,-4165.463334868392,-1515.1223902086342
1883094.958145,-4165.463334868392,-1515.1223902086342
1883097.558058,-4165.463334868392,-1515.1223902086342
1883108.066115,-4165.463334868392,-1515.1223902086342
1883111.501482,-4165.463334868392,-1515.1223902086342
1883118.857522,-4165.463334868392,-1515.1223902086342
1883126.020003,-4165.463334868392,-1515.1223902086342
1883133.506535,-4165.463334868392,-1515.1223902086342
1883140.97532,-4165.463334868392,-1515.1223902086342
1883146.84658,-4165.463334868392,-1515.1223902086342
1883154.956115,-4165.463334868392,-1515.1223902086342
1883160.76022,-4165.463334868392,-1515.1223902086342
1883175.970003,-4165.463334868392,-1515.1223902086342
1883175.973695,-4159.408468253025,-1515.2713490193157
1883181.396744,-4159.283338974987,-1515.0479108091213
1883190.598177,-4159.283338974987,-1515.0479108091213
1883195.476707,-4159.283338974987,-1515.0479108091213
1883202.468133,-4159.283338974987,-1515.0479108091213
1883211.603499,-4159.283338974987,-1515.0479108091213
1883216.421634,-4159.283338974987,-1515.0479108091213
1883223.473415,-4159.283338974987,-1515.0479108091213
1883232.635974,-4159.283338974987,-1515.0479108091213
1883237.880146,-4159.283338974987,-1515.0479108091213
1883245.402013,-4159.283338974987,-1515.0479108091213
1883251.396905,-4159.283338974987,-1515.0479108091213
1883258.409095,-4158.059852722396,-1518.9161849304642
1883267.008596,-4154.347684213239,-1513.9400296457936
1883279.697584,-4154.354635837015,-1513.9493395695006
1883280.123043,-4154.354635837015,-1513.9493395695006
1883286.80941,-4154.354635837015,-1513.9493395695006
1883294.093736,-4154.354635837015,-1513.9493395695006
1883300.828093,-4154.354635837015,-1513.9493395695006
1883311.444264,-4154.354635837015,-1513.9493395695006
1883314.480438,-4154.354635837015,-1513.9493395695006
1883323.692034,-4154.354635837015,-1513.9493395695006
1883328.48199,-4154.354635837015,-1513.9493395695006
1883335.531898,-4154.354635837015,-1513.9493395695006
1883345.129835,-4154.354635837015,-1513.9493395695006
1883349.773765,-4154.354635837015,-1513.9493395695006
1883356.778956,-4154.354635837015,-1513.9493395695006
1883364.253987,-4154.354635837015,-1513.9493395695006
1883370.423933,-4154.354635837015,-1513.9493395695006
1883378.100305,-4154.354635837015,-1513.9493395695006
1883384.474446,-4150.204514862464,-1509.7691829102305
1883391.472691,-4148.835044451853,-1507.1810235383743
1883398.573958,-4148.835044451853,-1507.1810235383743
1883406.855618,-4148.835044451853,-1507.1810235383743
1883412.981571,-4148.835044451853,-1507.1810235383743
1883420.338642,-4148.835044451853,-1507.1810235383743
1883428.040894,-4148.835044451853,-1507.1810235383743
1883433.392669,-4148.835044451853,-1507.1810235383743
1883442.883814,-4148.835044451853,-1507.1810235383743
1883447.912162,-4148.835044451853,-1507.1810235383743
1883454.795584,-4148.835044451853,-1507.1810235383743
1883462.613504,-4147.81315537205,-1500.9899228355578
1883468.423135,-4147.81315537205,-1500.9899228355578
1883477.702636,-4147.81315537205,-1500.9899228355578
1883484.793079,-4147.81315537205,-1500.9899228355578
1883492.855712,-4147.81315537205,-1500.9899228355578
1883499.412064,-4147.81315537205,-1500.9899228355578
1883507.831455,-4147.81315537205,-1500.9899228355578
1883541.072188,-4154.987233843081,-1489.1802817086584
1883541.072827,-4154.987233843081,-1489.1802817086584
1883543.979756,-4154.987233843081,-1489.1802817086584
1883557.607437,-4154.987233843081,-1489.1802817086584
1883557.906388,-4154.987233843081,-1489.1802817086584
1883566.680522,-4154.987233843081,-1489.1802817086584
1883574.696428,-4154.987233843081,-1489.1802817086584
1883574.697142,-4154.987233843081,-1489.1802817086584
1883579.910549,-4154.987233843081,-1489.1802817086584
1883586.859821,-4154.987233843081,-1489.1802817086584
1883593.859866,-4154.987233843081,-1489.1802817086584
1883604.451157,-4154.987233843081,-1489.1802817086584
1883608.224198,-4154.987233843081,-1489.1802817086584
1883615.97868,-4154.987233843081,-1489.1802817086584
1883621.838016,-4154.987233843081,-1489.1802817086584
1883628.83668,-4154.987233843081,-1489.1802817086584
1883640.306267,-4155.015040346582,-1486.508332916822
1883648.772048,-4164.851591742177,-1480.3963663778845
1883649.120463,-4183.363772906018,-1495.855498672596
1883649.121107,-4183.363772906018,-1495.855498672596
1883651.264656,-4195.000795537902,-1507.8606481209915
1883658.622039,-4201.869002447252,-1540.2359143090525
1883665.636227,-4215.619319502584,-1557.8316729475528
1883672.922729,-4208.035095079425,-1558.320444019343
1883679.183998,-4208.035095079425,-1558.320444019343
1883682.512921,-4208.035095079425,-1558.320444019343
1883686.707082,-4208.035095079425,-1558.320444019343
1883694.221016,-4208.035095079425,-1558.320444019343
1883703.77874,-4208.035095079425,-1558.320444019343
1947145.694222,-4339.462543987874,-594.5190299617612
1947145.694892,-4339.462543987874,-594.5190299617612
1947155.050633,-4342.834082793423,-596.4229125255305
1947164.459469,-4342.834082793423,-596.4229125255305
1947169.394582,-4342.834082793423,-596.4229125255305
1947176.908963,-4352.635876014776,-620.5263445625743
1947189.957034,-4300.338790589585,-671.1305149544994
1947190.041863,-4246.4567342864975,-709.1336810108401
1947197.004076,-4183.266450139774,-750.2649836206798
1947204.036705,-4105.679347565586,-813.6144461667732
1947211.015108,-4071.345264598009,-857.1337404193431
1947220.694268,-4060.000210244617,-933.1912526667161
1947225.103841,-4072.4644764541126,-1029.3954507621454
1947234.622636,-4095.7871831510406,-1192.8080255857526
1947239.486953,-4110.364743784021,-1295.5756842983033
1947246.492289,-4124.775465375083,-1396.0298094248558
1947253.065121,-4174.03469025025,-1503.9970288936875
1947262.823323,-4191.9629347964365,-1534.3008368809785
1947267.518618,-4145.51911864784,-1513.656076908375
1947274.044429,-4139.033251188708,-1509.5364347647542
1947281.045612,-4139.033251188708,-1509.5364347647542
1947289.816044,-4139.033251188708,-1509.5364347647542
1947296.854645,-4139.033251188708,-1509.5364347647542
1947302.414639,-4139.033251188708,-1509.5364347647542
1947309.046572,-4139.033251188708,-1509.5364347647542
1947316.083346,-4139.033251188708,-1509.5364347647542
1947323.056294,-4139.033251188708,-1509.5364347647542
1947330.04655,-4139.033251188708,-1509.5364347647542
1947337.0454,-4139.033251188708,-1509.5364347647542
1947344.046415,-4139.033251188708,-1509.5364347647542
1947351.04648,-4139.033251188708,-1509.5364347647542
1947358.045406,-4139.033251188708,-1509.5364347647542
1947366.677197,-4139.033251188708,-1509.5364347647542
1947372.560231,-4139.033251188708,-1509.5364347647542
1947379.401531,-4139.033251188708,-1509.5364347647542
1947386.838766,-4139.033251188708,-1509.5364347647542
1947393.012122,-4139.033251188708,-1509.5364347647542
1947400.05001,-4139.033251188708,-1509.5364347647542
1947408.699526,-4139.033251188708,-1509.5364347647542
1947416.061581,-4139.033251188708,-1509.5364347647542
1947421.451294,-4139.033251188708,-1509.5364347647542
1947428.665253,-4139.033251188708,-1509.5364347647542
1947435.034445,-4139.033251188708,-1509.5364347647542
1947442.014875,-4139.033251188708,-1509.5364347647542
1947449.035774,-4139.033251188708,-1509.5364347647542
1947456.034465,-4139.033251188708,-1509.5364347647542
1947463.034139,-4139.033251188708,-1509.5364347647542
1947471.334669,-4139.033251188708,-1509.5364347647542
1947477.41731,-4139.033251188708,-1509.5364347647542
1947484.758862,-4139.033251188708,-1509.5364347647542
1947492.417726,-4139.033251188708,-1509.5364347647542
1947498.417448,-4139.033251188708,-1509.5364347647542
1947505.76009,-4139.033251188708,-1509.5364347647542
1947512.423109,-4139.033251188708,-1509.5364347647542
1947519.039625,-4139.033251188708,-1509.5364347647542
1947527.678899,-4139.033251188708,-1509.5364347647542
1947533.426879,-4139.033251188708,-1509.5364347647542
1947540.758862,-4139.033251188708,-1509.5364347647542
1947548.132041,-4139.033251188708,-1509.5364347647542
1947554.398919,-4139.033251188708,-1509.5364347647542
1947561.716578,-4139.033251188708,-1509.5364347647542
1947568.049401,-4139.033251188708,-1509.5364347647542
1947575.035567,-4139.033251188708,-1509.5364347647542
1947583.963,-4139.033251188708,-1509.5364347647542
1947589.398642,-4138.5327340843,-1505.0630154122316
1947596.640667,-4138.5327340843,-1505.0630154122316
1947603.032576,-4138.5327340843,-1505.0630154122316
1947610.039742,-4138.5327340843,-1505.0630154122316
1947618.538657,-4138.5327340843,-1505.0630154122316
1947624.035259,-4138.5327340843,-1505.0630154122316
1947631.033956,-4138.5327340843,-1505.0630154122316
1947638.035111,-4138.5327340843,-1505.0630154122316
1947647.956057,-4138.5327340843,-1505.0630154122316
1947652.392155,-4138.5327340843,-1505.0630154122316
1947659.804211,-4138.5327340843,-1505.0630154122316
1947666.414683,-4138.5327340843,-1505.0630154122316
1947673.517512,-4138.5327340843,-1505.0630154122316
1947680.862621,-4138.5327340843,-1505.0630154122316
1947687.401212,-4138.5327340843,-1505.0630154122316
1947694.234358,-4138.5327340843,-1505.0630154122316
1947701.003378,-4138.5327340843,-1505.0630154122316
1947708.045421,-4138.5327340843,-1505.0630154122316
1947715.035809,-4138.5327340843,-1505.0630154122316
1947719.70573,-4138.5327340843,-1505.0630154122316
1947722.019754,-4138.5327340843,-1505.0630154122316
1947729.057698,-4138.5327340843,-1505.0630154122316
1947737.731379,-4138.5327340843,-1505.0630154122316
1947743.496044,-4138.5327340843,-1505.0630154122316
1947750.936285,-4138.5327340843,-1505.0630154122316
1947757.036148,-4138.5327340843,-1505.0630154122316
1947764.034978,-4138.5327340843,-1505.0630154122316
1947772.226936,-4138.5327340843,-1505.0630154122316
1947779.690813,-4138.5327340843,-1505.0630154122316
1947785.486738,-4138.5327340843,-1505.0630154122316
1947792.53057,-4138.5327340843,-1505.0630154122316
1947800.390658,-4138.5327340843,-1505.0630154122316
1947806.509165,-4138.5327340843,-1505.0630154122316
1947813.036721,-4138.5327340843,-1505.0630154122316
1947820.036496,-4138.5327340843,-1505.0630154122316
1947828.887899,-4138.5327340843,-1505.0630154122316
1947834.465778,-4138.5327340843,-1505.0630154122316
1947841.458541,-4138.5327340843,-1505.0630154122316
1947848.486627,-4138.5327340843,-1505.0630154122316
1947855.490998,-4138.5327340843,-1505.0630154122316
1947862.509301,-4138.5327340843,-1505.0630154122316
1947869.83866,-4138.5327340843,-1505.0630154122316
1947876.00418,-4138.5327340843,-1505.0630154122316
1947883.034708,-4138.5327340843,-1505.0630154122316
1947891.293284,-4138.5327340843,-1505.0630154122316
1947897.5118,-4138.5327340843,-1505.0630154122316
1947904.947933,-4138.5327340843,-1505.0630154122316
1947912.090918,-4138.5327340843,-1505.0630154122316
1947918.677788,-4138.5327340843,-1505.0630154122316
1947925.820025,-4138.5327340843,-1505.0630154122316
1947932.035738,-4138.5327340843,-1505.0630154122316
1947939.03521,-4138.5327340843,-1505.0630154122316
1947947.610591,-4138.5327340843,-1505.0630154122316
1947955.054933,-4138.5327340843,-1505.0630154122316
1947960.496141,-4138.5327340843,-1505.0630154122316
1947967.884361,-4138.5327340843,-1505.0630154122316
1947974.471963,-4138.5327340843,-1505.0630154122316
1947981.898886,-4138.5327340843,-1505.0630154122316
1947989.013468,-4138.5327340843,-1505.0630154122316
1947995.492942,-4138.5327340843,-1505.0630154122316
1948005.222134,-4138.5327340843,-1505.0630154122316
1948009.024717,-4138.5327340843,-1505.0630154122316
1948016.025624,-4138.5327340843,-1505.0630154122316
1948024.320086,-4138.5327340843,-1505.0630154122316
1948031.590597,-4138.5327340843,-1505.0630154122316
1948037.486457,-4138.5327340843,-1505.0630154122316
1948044.887054,-4138.5327340843,-1505.0630154122316
1948051.669414,-4138.5327340843,-1505.0630154122316
1948060.410935,-4138.5327340843,-1505.0630154122316
1948065.469553,-4138.5327340843,-1505.0630154122316
1948072.51316,-4138.5327340843,-1505.0630154122316
1948079.892039,-4138.5327340843,-1505.0630154122316
1948087.149532,-4138.5327340843,-1505.0630154122316
1948093.472007,-4138.5327340843,-1505.0630154122316
1948100.863231,-4138.5327340843,-1505.0630154122316
1948108.609564,-4138.5327340843,-1505.0630154122316
1948114.471784,-4138.5327340843,-1505.0630154122316
1948121.004997,-4138.5327340843,-1505.0630154122316
1948128.057712,-4138.5327340843,-1505.0630154122316
1948137.064903,-4138.5327340843,-1505.0630154122316
1948142.034896,-4138.5327340843,-1505.0630154122316
1948149.034954,-4138.5327340843,-1505.0630154122316
1948157.525279,-4138.5327340843,-1505.0630154122316
1948164.805519,-4138.5327340843,-1505.0630154122316
1948170.487856,-4138.5327340843,-1505.0630154122316
1948177.034764,-4138.5327340843,-1505.0630154122316
1948186.953547,-4138.5327340843,-1505.0630154122316
1948191.489249,-4138.5327340843,-1505.0630154122316
1948198.988194,-4138.5327340843,-1505.0630154122316
1948205.510497,-4138.5327340843,-1505.0630154122316
1948212.849139,-4138.5327340843,-1505.0630154122316
1948219.997391,-4138.5327340843,-1505.0630154122316
1948226.466656,-4138.5327340843,-1505.0630154122316
1948233.8076,-4138.5327340843,-1505.0630154122316
1948240.041086,-4138.5327340843,-1505.0630154122316
1948247.04009,-4138.5327340843,-1505.0630154122316
1948256.093531,-4138.5327340843,-1505.0630154122316
1948261.410666,-4138.5327340843,-1505.0630154122316
1948268.404372,-4138.5327340843,-1505.0630154122316
1948275.886606,-4138.5327340843,-1505.0630154122316
1948282.527894,-4138.5327340843,-1505.0630154122316
1948289.447799,-4138.5327340843,-1505.0630154122316
1948296.035149,-4138.5327340843,-1505.0630154122316
1948303.024744,-4138.5327340843,-1505.0630154122316
1948311.108052,-4138.5327340843,-1505.0630154122316
1948318.348337,-4138.5327340843,-1505.0630154122316
1948324.452351,-4138.5327340843,-1505.0630154122316
1948331.92719,-4138.5327340843,-1505.0630154122316
1948338.421499,-4138.5327340843,-1505.0630154122316
1948345.405235,-4138.5327340843,-1505.0630154122316
1948352.806643,-4138.5327340843,-1505.0630154122316
1948359.680677,-4138.5327340843,-1505.0630154122316
1948368.953027,-4138.5327340843,-1505.0630154122316
1948373.024833,-4138.5327340843,-1505.0630154122316
1948380.030156,-4138.5327340843,-1505.0630154122316
1948389.182995,-4138.5327340843,-1505.0630154122316
1948394.48802,-4138.5327340843,-1505.0630154122316
1948401.424231,-4138.5327340843,-1505.0630154122316
1948408.445507,-4138.5327340843,-1505.0630154122316
1948415.000234,-4138.5327340843,-1505.0630154122316
1948422.040952,-4138.5327340843,-1505.0630154122316
1948430.045275,-4138.5327340843,-1505.0630154122316
1948436.545209,-4138.5327340843,-1505.0630154122316
1948443.739036,-4138.5327340843,-1505.0630154122316
1948451.028064,-4138.5327340843,-1505.0630154122316
1948457.417102,-4138.5327340843,-1505.0630154122316
1948464.757237,-4138.5327340843,-1505.0630154122316
1948473.037968,-4138.5327340843,-1505.0630154122316
1948478.40645,-4138.5327340843,-1505.0630154122316
1948485.041078,-4138.5327340843,-1505.0630154122316
1948492.043945,-4138.5327340843,-1505.0630154122316
1948499.143156,-4138.5327340843,-1505.0630154122316
1948508.245213,-4138.5327340843,-1505.0630154122316
1948513.056295,-4138.5327340843,-1505.0630154122316
1948523.93411,-4138.5327340843,-1505.0630154122316
1948527.404279,-4138.5327340843,-1505.0630154122316
1948534.405215,-4138.5327340843,-1505.0630154122316
1948541.025073,-4138.5327340843,-1505.0630154122316
1948549.067998,-4138.5327340843,-1505.0630154122316
1948555.394591,-4138.5327340843,-1505.0630154122316
1948563.095772,-4138.5327340843,-1505.0630154122316
1948570.531893,-4145.40789262557,-1487.2857117428878
1948576.441093,-4145.414844249346,-1487.2810567820345
1948583.813161,-4145.414844249346,-1487.2810567820345
1948590.397217,-4145.414844249346,-1487.2810567820345
1948597.565294,-4145.414844249346,-1487.2810567820345
1948604.222924,-4145.414844249346,-1487.2810567820345
1948611.034055,-4145.414844249346,-1487.2810567820345
1948619.501296,-4145.414844249346,-1487.2810567820345
1948625.546718,-4145.414844249346,-1487.2810567820345
1948632.395466,-4145.414844249346,-1487.2810567820345
1948639.801106,-4145.414844249346,-1487.2810567820345
1948647.301333,-4145.414844249346,-1487.2810567820345
1948653.397247,-4145.414844249346,-1487.2810567820345
1948660.064661,-4145.414844249346,-1487.2810567820345
1948667.040653,-4145.414844249346,-1487.2810567820345
1948676.164508,-4145.414844249346,-1487.2810567820345
1948681.397286,-4145.414844249346,-1487.2810567820345
1948688.380078,-4145.414844249346,-1487.2810567820345
1948695.41106,-4145.414844249346,-1487.2810567820345
1948702.834562,-4145.414844249346,-1487.2810567820345
1948709.422523,-4145.414844249346,-1487.2810567820345
1948716.776003,-4145.414844249346,-1487.2810567820345
1948723.009154,-4145.414844249346,-1487.2810567820345
1948730.025587,-4145.414844249346,-1487.2810567820345
1948738.519916,-4145.414844249346,-1487.2810567820345
1948744.412888,-4145.414844249346,-1487.2810567820345
1948751.655723,-4145.414844249346,-1487.2810567820345
1948758.841215,-4145.414844249346,-1487.2810567820345
1948765.402594,-4145.414844249346,-1487.2810567820345
1948772.758545,-4145.414844249346,-1487.2810567820345
1948780.099212,-4145.414844249346,-1487.2810567820345
1948786.02435,-4145.414844249346,-1487.2810567820345
1948794.841095,-4145.414844249346,-1487.2810567820345
1948800.405881,-4145.414844249346,-1487.2810567820345
1948807.597721,-4145.414844249346,-1487.2810567820345
1948814.941161,-4145.414844249346,-1487.2810567820345
1948821.422885,-4145.414844249346,-1487.2810567820345
1948828.679847,-4145.414844249346,-1487.2810567820345
1948835.801162,-4145.414844249346,-1487.2810567820345
1948842.39981,-4145.414844249346,-1487.2810567820345
1948849.063681,-4145.414844249346,-1487.2810567820345
1948857.582828,-4145.414844249346,-1487.2810567820345
1948863.395963,-4145.414844249346,-1487.2810567820345
1948870.858475,-4145.414844249346,-1487.2810567820345
1948878.398935,-4145.414844249346,-1487.2810567820345
1948884.401165,-4145.414844249346,-1487.2810567820345
1948891.4998,-4145.414844249346,-1487.2810567820345
1948898.394481,-4145.414844249346,-1487.2810567820345
1948904.994831,-4145.414844249346,-1487.2810567820345
1948913.908896,-4145.414844249346,-1487.2810567820345
1948919.395814,-4145.414844249346,-1487.2810567820345
1948926.029307,-4145.414844249346,-1487.2810567820345
1948934.387907,-4145.414844249346,-1487.2810567820345
1948940.477524,-4145.414844249346,-1487.2810567820345
1948947.817103,-4145.414844249346,-1487.2810567820345
1948955.345201,-4145.414844249346,-1487.2810567820345
1948961.41842,-4145.414844249346,-1487.2810567820345
1948968.02532,-4145.414844249346,-1487.2810567820345
1948975.01646,-4145.414844249346,-1487.2810567820345
1948983.264028,-4145.414844249346,-1487.2810567820345
1948990.237211,-4145.414844249346,-1487.2810567820345
1948996.410195,-4145.414844249346,-1487.2810567820345
1949003.842688,-4145.414844249346,-1487.2810567820345
1949011.023824,-4145.414844249346,-1487.2810567820345
1949017.397672,-4145.414844249346,-1487.2810567820345
1949024.015059,-4145.414844249346,-1487.2810567820345
1949032.917449,-4145.414844249346,-1487.2810567820345
1949038.44427,-4145.414844249346,-1487.2810567820345
1949045.755108,-4145.414844249346,-1487.2810567820345
1949052.426347,-4145.414844249346,-1487.2810567820345
1949059.705116,-4145.414844249346,-1487.2810567820345
1949066.842955,-4145.414844249346,-1487.2810567820345
1949073.393815,-4145.414844249346,-1487.2810567820345
1949080.760115,-4145.414844249346,-1487.2810567820345
1949088.104064,-4145.414844249346,-1487.2810567820345
1949094.025791,-4145.414844249346,-1487.2810567820345
1949102.040752,-4145.414844249346,-1487.2810567820345
1949109.337165,-4145.414844249346,-1487.2810567820345
1949115.418502,-4145.414844249346,-1487.2810567820345
1949122.903846,-4145.414844249346,-1487.2810567820345
1949129.443884,-4145.414844249346,-1487.2810567820345
1949136.68118,-4145.414844249346,-1487.2810567820345
1949143.879724,-4145.414844249346,-1487.2810567820345
1949150.015695,-4145.414844249346,-1487.2810567820345
1949158.365155,-4145.414844249346,-1487.2810567820345
1949165.5763,-4145.414844249346,-1487.2810567820345
1949171.406339,-4145.414844249346,-1487.2810567820345
1949178.842354,-4145.414844249346,-1487.2810567820345
1949186.858419,-4145.414844249346,-1487.2810567820345
1949192.597166,-4145.414844249346,-1487.2810567820345
1949200.107899,-4145.414844249346,-1487.2810567820345
1949206.015622,-4145.414844249346,-1487.2810567820345
1949212.990232,-4145.414844249346,-1487.2810567820345
1949221.135755,-4145.414844249346,-1487.2810567820345
1949227.418494,-4145.414844249346,-1487.2810567820345
1949234.842441,-4145.414844249346,-1487.2810567820345
1949242.07742,-4145.414844249346,-1487.2810567820345
1949248.422315,-4145.414844249346,-1487.2810567820345
1949255.79997,-4145.414844249346,-1487.2810567820345
1949263.31858,-4145.414844249346,-1487.2810567820345
1949269.014054,-4145.414844249346,-1487.2810567820345
1949277.43997,-4145.414844249346,-1487.2810567820345
1949283.423046,-4145.414844249346,-1487.2810567820345
1949290.641074,-4145.414844249346,-1487.2810567820345
1949297.742532,-4145.414844249346,-1487.2810567820345
1949304.422411,-4145.414844249346,-1487.2810567820345
1949311.926705,-4145.414844249346,-1487.2810567820345
1949318.400006,-4145.414844249346,-1487.2810567820345
1949325.445716,-4145.414844249346,-1487.2810567820345
1949332.014023,-4145.414844249346,-1487.2810567820345
1949341.42395,-4145.414844249346,-1487.2810567820345
1949346.704416,-4145.414844249346,-1487.2810567820345
1949353.722589,-4145.414844249346,-1487.2810567820345
1949360.399857,-4145.414844249346,-1487.2810567820345
1949367.706947,-4145.414844249346,-1487.2810567820345
1949374.426516,-4145.414844249346,-1487.2810567820345
1949381.381309,-4145.414844249346,-1487.2810567820345
1949388.015979,-4145.414844249346,-1487.2810567820345
1949396.455529,-4145.414844249346,-1487.2810567820345
1949402.408209,-4145.414844249346,-1487.2810567820345
1949409.137205,-4145.414844249346,-1487.2810567820345
1949418.222929,-4145.414844249346,-1487.2810567820345
1949423.448277,-4145.414844249346,-1487.2810567820345
1949430.945186,-4145.414844249346,-1487.2810567820345
1949437.421087,-4145.414844249346,-1487.2810567820345
1949444.799937,-4145.414844249346,-1487.2810567820345
1949451.93131,-4145.414844249346,-1487.2810567820345
1949458.013007,-4145.414844249346,-1487.2810567820345
1949466.90715,-4145.414844249346,-1487.2810567820345
1949472.481163,-4145.414844249346,-1487.2810567820345
1949479.446497,-4145.414844249346,-1487.2810567820345
1949487.043883,-4145.414844249346,-1487.2810567820345
1949494.385159,-4145.414844249346,-1487.2810567820345
1949500.399923,-4145.414844249346,-1487.2810567820345
1949507.891081,-4145.414844249346,-1487.2810567820345
1949514.015156,-4149.884740043386,-1483.612945881379
1949522.24027,-4149.884740043386,-1483.612945881379
1949529.199925,-4149.884740043386,-1483.612945881379
1949535.369176,-4149.884740043386,-1483.612945881379
1949543.093187,-4149.884740043386,-1483.612945881379
1949550.053385,-4149.884740043386,-1483.612945881379
1949556.398869,-4149.884740043386,-1483.612945881379
1949563.775063,-4149.884740043386,-1483.612945881379
1949571.217628,-4149.884740043386,-1483.612945881379
1949577.017947,-4149.884740043386,-1483.612945881379
1949585.853086,-4149.884740043386,-1483.612945881379
1949591.376059,-4149.884740043386,-1483.612945881379
1949598.575804,-4149.884740043386,-1483.612945881379
1949605.714471,-4149.884740043386,-1483.612945881379
1949612.368425,-4149.884740043386,-1483.612945881379
1949619.772486,-4149.884740043386,-1483.612945881379
1949626.990611,-4149.884740043386,-1483.612945881379
1949633.03111,-4149.884740043386,-1483.612945881379
1949640.933259,-4149.884740043386,-1483.612945881379
1949647.374655,-4149.884740043386,-1483.612945881379
1949654.375941,-4149.884740043386,-1483.612945881379
1949661.733658,-4149.884740043386,-1483.612945881379
1949668.398119,-4149.884740043386,-1483.612945881379
1949675.596274,-4149.884740043386,-1483.612945881379
1949682.377605,-4149.884740043386,-1483.612945881379
1949689.413749,-4149.884740043386,-1483.612945881379
1949697.301328,-4149.884740043386,-1483.612945881379
1949697.302065,-4149.884740043386,-1483.612945881379
1949703.559927,-4149.884740043386,-1483.612945881379
1949712.590573,-4149.884740043386,-1483.612945881379
1949717.953315,-4149.884740043386,-1483.612945881379
1949725.010645,-4149.884740043386,-1483.612945881379
1949733.192173,-4149.884740043386,-1483.612945881379
1949739.305712,-4149.884740043386,-1483.612945881379
1949745.950589,-4149.884740043386,-1483.612945881379
1949752.954923,-4149.884740043386,-1483.612945881379
1949760.231789,-4149.884740043386,-1483.612945881379
1949766.951992,-4149.884740043386,-1483.612945881379
1949774.052302,-4149.884740043386,-1483.612945881379
1949781.658708,-4149.884740043386,-1483.612945881379
1949788.593308,-4149.884740043386,-1483.612945881379
1949794.950444,-4149.884740043386,-1483.612945881379
1949802.425748,-4149.884740043386,-1483.612945881379
1949810.016987,-4149.884740043386,-1483.612945881379
1949815.69,-4149.884740043386,-1483.612945881379
1949822.586594,-4149.884740043386,-1483.612945881379
1949829.664076,-4149.884740043386,-1483.612945881379
1949837.095268,-4149.884740043386,-1483.612945881379
1949844.277191,-4149.884740043386,-1483.612945881379
1949850.930557,-4149.884740043386,-1483.612945881379
1949858.355122,-4149.884740043386,-1483.612945881379
1949865.495857,-4149.884740043386,-1483.612945881379
1949871.984708,-4149.884740043386,-1483.612945881379
1949879.315924,-4149.884740043386,-1483.612945881379
1949886.83051,-4149.884740043386,-1483.612945881379
1949892.955684,-4149.884740043386,-1483.612945881379
1949900.270515,-4149.884740043386,-1483.612945881379
1949906.953834,-4149.884740043386,-1483.612945881379
1949914.155642,-4149.884740043386,-1483.612945881379
1949921.394722,-4149.884740043386,-1483.612945881379
1949927.932419,-4149.884740043386,-1483.612945881379
1949935.317168,-4149.884740043386,-1483.612945881379
1949941.592688,-4149.884740043386,-1483.612945881379
1949948.60255,-4149.884740043386,-1483.612945881379
1949957.381253,-4149.884740043386,-1483.612945881379
1949962.974753,-4167.667000440765,-1482.0209485077835
1949969.985125,-4188.834702904064,-1530.4651475902367
1949977.388908,-4148.195494821925,-1506.1429668024084
1949983.591341,-4107.841303389565,-1459.0021555876708
1949983.933193,-4072.937187047249,-1432.8412614964082
1949990.574909,-4019.5486959738237,-1387.4786410062554
1949999.451996,-4050.6641759332338,-1334.5237707512908
1950004.999807,-4085.477921148576,-1259.6393576468645
1950012.361862,-4094.487229010192,-1174.8026198891991
1950019.149888,-4091.317287352074,-1153.6411470740452
1950026.037398,-4081.89783352785,-1087.7454520300794
1950033.631789,-4073.8478501145705,-1035.7401699467118
1950040.038473,-4072.9580419270073,-1029.046328279209
1950047.030375,-4078.9364406661903,-1024.8940982201443
1950054.496263,-4078.8391178997426,-1024.7870339992342
1950060.674889,-4078.8391178997426,-1024.7870339992342
1950070.129233,-4078.8391178997426,-1024.7870339992342
1950075.047808,-4078.8391178997426,-1024.7870339992342
1950082.005184,-4078.1509068773553,-1050.2124602077063
1950089.498657,-4083.8929503152767,-1102.0920570329015
1950096.956913,-4098.088171501505,-1201.1031735475397
1950102.71934,-4109.259435184589,-1263.8939953908357
1950110.833139,-4116.753288472321,-1334.1606835495397
1950117.006558,-4144.80310112288,-1439.0230529391717
1950123.960253,-4174.361416692941,-1489.8459414171662
1950131.445306,-4201.910712206661,-1521.0155731557354
1950138.025453,-4227.040841706269,-1571.0145267246187
1950144.599956,-4263.905316582318,-1645.3216878715884
1951022.174317,-2267.002549485912,-4992.622532818542
1951022.175071,-2267.002549485912,-4992.622532818542
1951032.364999,-2968.5392351562,-4849.565943806822
1951039.414613,-2968.5392351562,-4849.565943806822
1951046.344091,-2968.5392351562,-4849.565943806822
1951054.982479,-2968.5392351562,-4849.565943806822
1951060.814087,-2968.5392351562,-4849.565943806822
1951067.765318,-2984.590540907754,-4848.234631406788
1951075.088327,-3044.4509972835326,-4828.6885445914
1951081.70315,-3127.0293691903253,-4788.791064736502
1951089.5144,-3230.4695722659058,-4766.368223773578
1951096.175069,-3277.448664434497,-4760.475070928073
1951102.333428,-3322.279703968245,-4740.02592320113
1951110.365877,-3389.99549800621,-4687.899911525764
1951117.519323,-3433.4848735393784,-4656.297525699928
1951123.659223,-3472.5669178295507,-4625.486478103265
1951131.185098,-3528.826431196585,-4585.416752699654
1951142.770311,-3578.23164078177,-4548.195848445172
1951159.463389,-3639.690970670361,-4502.917239237882
1951159.471487,-3736.8190959978047,-4424.80732497415
1951168.775785,-3881.906492146786,-4303.262134746275
1951168.776444,-3881.906492146786,-4303.262134746275
1951177.631916,-3958.367431576338,-4243.092346017672
1951177.632565,-3958.367431576338,-4243.092346017672
1951184.374871,-3976.3790957194815,-4193.726674931754
1951191.376484,-4020.77218222984,-4168.869277583074
1951198.864663,-4066.0550768720773,-4175.921516817177
1951206.228841,-4178.775699469095,-4203.371717244733
1951212.361398,-4264.822931269668,-4227.135201656475
1951219.370164,-4343.925488139963,-4235.616507727813
1951227.607549,-4448.45709419424,-4226.637122756233
1951233.856876,-4494.532473842702,-4211.536487499724
1951240.728789,-4558.570855975407,-4187.651973992721
1951247.769086,-4640.885063713886,-4176.456835300796
1951254.793109,-4661.482732597778,-4146.441759807114
1951261.796579,-4671.722478209662,-4094.506552147466
1951268.890272,-4682.845080362866,-4007.882694073529
1951275.783637,-4686.946539906463,-3947.4149609137608
1951282.365404,-4690.074771764635,-3888.9535034846476
1951290.970489,-4694.9131037032375,-3838.0051233085733
1951296.366014,-4697.735464001366,-3780.1581087353525
1951304.078903,-4742.378808357852,-3736.1502452416485
1951310.338794,-4785.833424575292,-3737.993604076843
1951311.135051,-4798.388061728048,-3727.4920445324287
1951317.345931,-4804.880880716294,-3708.8722576554396
1951324.339885,-4823.247077469646,-3684.103285325516
1951331.376161,-4818.624245962899,-3691.709468633874
1951338.440666,-4816.2884995141,-3697.872618314411
1951345.364636,-4816.2884995141,-3697.872618314411
1951352.340318,-4816.2884995141,-3697.872618314411
1951359.376108,-4816.2884995141,-3697.872618314411
1951366.402212,-4816.2884995141,-3697.872618314411
1951373.37674,-4816.2884995141,-3697.872618314411
1951381.083554,-4816.2884995141,-3697.872618314411
1951387.365992,-4816.2884995141,-3697.872618314411
1951394.993961,-4816.2884995141,-3697.872618314411
1951402.317895,-4816.2884995141,-3697.872618314411
1951408.857737,-4816.2884995141,-3697.872618314411
1951415.340345,-4816.2884995141,-3697.872618314411
1951424.032438,-4816.2884995141,-3697.872618314411
1951429.839306,-4816.2884995141,-3697.872618314411
1951437.297893,-4816.2884995141,-3697.872618314411
1951444.956563,-4816.2884995141,-3697.872618314411
1951450.369646,-4816.2884995141,-3697.872618314411
1951458.129232,-4816.2884995141,-3697.872618314411
1951466.281861,-4816.2884995141,-3697.872618314411
1951471.83942,-4816.2884995141,-3697.872618314411
1951479.200509,-4816.2884995141,-3697.872618314411
1951485.91797,-4816.2884995141,-3697.872618314411
1951492.812526,-4816.2884995141,-3697.872618314411
1951500.255409,-4816.2884995141,-3697.872618314411
1951507.190477,-4816.2884995141,-3697.872618314411
1951513.341893,-4816.2884995141,-3697.872618314411
1951521.433817,-4816.2884995141,-3697.872618314411
1951527.824804,-4816.2884995141,-3697.872618314411
1951534.330417,-4816.2884995141,-3697.872618314411
1951544.338378,-4816.2884995141,-3697.872618314411
1951548.833828,-4816.2884995141,-3697.872618314411
1951556.159417,-4816.2884995141,-3697.872618314411
1951562.859664,-4816.2884995141,-3697.872618314411
1951570.076469,-4816.2884995141,-3697.872618314411
1951577.636501,-4816.2884995141,-3697.872618314411
1951583.337112,-4816.2884995141,-3697.872618314411
1951590.365747,-4816.2884995141,-3697.872618314411
1951597.357169,-4816.2884995141,-3697.872618314411
1951604.871796,-4816.2884995141,-3697.872618314411
1951612.1876,-4816.2884995141,-3697.872618314411
1951614.387251,-4816.2884995141,-3697.872618314411
1951619.100389,-4816.2884995141,-3697.872618314411
1951625.355273,-4815.412594596799,-3700.4095643461665
1951629.737963,-4815.412594596799,-3700.4095643461665
1951632.763555,-4811.929829806685,-3707.699211065168
1951639.361299,-4811.867265176823,-3707.745760536713
1951646.788703,-4811.867265176823,-3707.745760536713
1951654.144459,-4811.867265176823,-3707.745760536713
1951660.371625,-4811.867265176823,-3707.745760536713
1951668.429063,-4811.867265176823,-3707.745760536713
1951675.810459,-4811.867265176823,-3707.745760536713
1951681.768628,-4811.867265176823,-3707.745760536713
1951689.203336,-4811.867265176823,-3707.745760536713
1951695.366189,-4811.867265176823,-3707.745760536713
1951702.34963,-4811.867265176823,-3707.745760536713
1951709.927271,-4811.867265176823,-3707.745760536713
1951716.807967,-4811.867265176823,-3707.745760536713
1951724.12189,-4811.867265176823,-3707.745760536713
1951731.282492,-4811.867265176823,-3707.745760536713
1951737.740513,-4811.867265176823,-3707.745760536713
1951745.263421,-4811.867265176823,-3707.745760536713
1951751.767398,-4811.867265176823,-3707.745760536713
1951758.747247,-4811.867265176823,-3707.745760536713
1951766.134245,-4811.867265176823,-3707.745760536713
1951772.7673,-4811.867265176823,-3707.745760536713
1951779.348891,-4811.867265176823,-3707.745760536713
1951786.748437,-4811.867265176823,-3707.745760536713
1951793.832535,-4811.867265176823,-3707.745760536713
1951800.822531,-4811.867265176823,-3707.745760536713
1951808.13004,-4811.867265176823,-3707.745760536713
1951814.368058,-4811.867265176823,-3707.745760536713
1951822.840904,-4811.867265176823,-3707.745760536713
1951829.961162,-4811.867265176823,-3707.745760536713
1951835.773665,-4811.867265176823,-3707.745760536713
1951843.114356,-4811.867265176823,-3707.745760536713
1951849.366399,-4811.867265176823,-3707.745760536713
1951856.909764,-4811.867265176823,-3707.745760536713
1951864.189996,-4811.867265176823,-3707.745760536713
1951870.72202,-4811.867265176823,-3707.745760536713
1951878.120272,-4811.867265176823,-3707.745760536713
1951884.737054,-4811.867265176823,-3707.745760536713
1951891.883457,-4811.867265176823,-3707.745760536713
1951898.370412,-4811.867265176823,-3707.745760536713
1951906.484797,-4811.867265176823,-3707.745760536713
1951912.905199,-4811.867265176823,-3707.745760536713
1951920.106018,-4811.867265176823,-3707.745760536713
1951926.79897,-4811.867265176823,-3707.745760536713
1951933.858228,-4811.867265176823,-3707.745760536713
1951940.367241,-4811.867265176823,-3707.745760536713
1951947.366171,-4811.867265176823,-3707.745760536713
1951955.646031,-4811.867265176823,-3707.745760536713
1951962.764788,-4811.867265176823,-3707.745760536713
1951968.929831,-4811.867265176823,-3707.745760536713
1951975.437631,-4811.867265176823,-3707.745760536713
1951983.427396,-4811.867265176823,-3707.745760536713
1951989.741855,-4811.867265176823,-3707.745760536713
1951997.228608,-4811.867265176823,-3707.745760536713
1952003.764611,-4811.867265176823,-3707.745760536713
1952011.140649,-4811.957636318031,-3703.062884040277
1952018.381788,-4818.791084997938,-3692.012040178909
1952024.367099,-4826.305793047623,-3663.765821711286
1952028.68274,-4826.305793047623,-3663.765821711286
1952031.400952,-4831.012044070871,-3649.065498548306
1952039.275777,-4849.691063994802,-3608.0461022846566
1952045.824737,-4854.744896332546,-3592.535816949657
1952053.215704,-4854.744896332546,-3592.535816949657
1952059.364179,-4864.247769504943,-3562.3438258641145
1952066.36946,-4792.486130968694,-3504.7807380382087
1952075.224651,-4709.5323739050355,-3445.565138199999
1952080.359271,-4644.56942568055,-3364.480581385158
1952090.029974,-4582.894596628858,-3245.4162768434694
1952094.768949,-4565.230514035869,-3245.3417976350893
1952101.815444,-4522.4641086135925,-3247.7716816275047
1952110.060853,-4393.831214038159,-3256.951243283069
1952114.900917,-4353.428361422865,-3262.001864115912
1952115.904361,-4329.278411307223,-3262.602352669049
1952122.809725,-4323.731013438896,-3262.881649677563
1952130.135427,-4320.283006745514,-3264.03142233677
1952137.617872,-4320.283006745514,-3264.03142233677
1952143.357454,-4320.283006745514,-3264.03142233677
1952150.41788,-4320.283006745514,-3264.03142233677
1952157.337164,-4320.283006745514,-3264.03142233677
1952165.942617,-4320.283006745514,-3264.03142233677
1952167.036696,-4320.283006745514,-3264.03142233677
1952171.764103,-4320.283006745514,-3264.03142233677
1952180.547132,-4320.283006745514,-3264.03142233677
1952180.547751,-4320.283006745514,-3264.03142233677
1952194.603955,-4320.283006745514,-3264.03142233677
1952194.604646,-4320.283006745514,-3264.03142233677
1952200.785903,-4324.98925782264,-3254.116378664884
1952205.367658,-4323.459900012135,-3250.136396309353
1952207.797231,-4323.459900012135,-3250.136396309353
1952214.824182,-4322.278123523059,-3253.1667688441175
1952223.39368,-4322.333736538112,-3254.162928171135
1952229.237386,-4318.301793223782,-3256.8395244790195
1952235.775652,-4315.938240245044,-3257.6681055929234
1952242.776271,-4309.647018349382,-3260.107299446473
1952249.785402,-4306.247673038031,-3258.8970124172656
1952258.265697,-4309.765195995023,-3259.9676509411665
1952264.239128,-4316.299724814066,-3259.85593213762
1952271.330723,-4315.555900788259,-3254.2513722230756
1952278.708382,-4314.673044237306,-3257.1607160363583
1952285.988425,-4314.012639729944,-3258.1894600062765
1952292.252085,-4314.4923019528605,-3261.112768657575
1952299.710473,-4314.4923019528605,-3261.112768657575
1952305.779016,-4316.098127649976,-3261.4293052650746
1952312.810057,-4314.673044237306,-3263.8917738334717
1952322.212322,-4316.2510634310065,-3265.2370543956176
1952326.78645,-4319.094278632455,-3261.7737715612
1952336.340423,-4320.352523008074,-3262.765275925993
1952341.262077,-4319.281972540634,-3260.712442948288
1952347.80553,-4319.066472129053,-3260.619343948427
1952356.598665,-4318.913536348029,-3263.3843842811366
1952362.229455,-4319.587844102826,-3262.742001172781
1952369.249205,-4319.587844102826,-3262.742001172781
1952376.299514,-4319.587844102826,-3262.742001172781
1952384.153599,-4319.587844102826,-3262.742001172781
1952390.222503,-4320.477652285835,-3261.3827557600366
1952397.589436,-4321.888832442427,-3260.605379092246
1952404.235948,-4321.888832442427,-3260.605379092246
1952411.716268,-4321.888832442427,-3260.605379092246
1952418.829297,-4321.610767392052,-3261.708602262424
1952425.240053,-4321.986155216786,-3261.070874100349
1952432.590722,-4321.993106840536,-3260.0374751878117
1952439.931851,-4320.491555541587,-3263.984872843799
1952445.769203,-4315.701884945541,-3269.6964965144657
1952452.784778,-4311.1277147690225,-3273.2156387077566
1952462.758869,-4310.655004178075,-3271.009192417
1952467.227939,-4312.177410356991,-3266.7173285115773
1952474.706376,-4312.900379503199,-3262.32771061998
1952481.258579,-4317.523211062602,-3255.3173557949926
1952488.870754,-4318.107147683451,-3253.855701469237
1952495.234984,-4318.107147683451,-3253.855701469237
1952502.191938,-4317.120016734428,-3257.5517318414386
1952509.353209,-4315.959095124697,-3258.7899485735056
1952516.661245,-4311.384924948055,-3263.952288183312
1952523.206502,-4311.384924948055,-3263.952288183312
1952530.711135,-4311.384924948055,-3263.952288183312
1952538.293293,-4311.384924948055,-3263.952288183312
1952544.208083,-4311.384924948055,-3263.952288183312
1952551.68158,-4312.267781499217,-3260.8567464013686
1952558.55061,-4314.9233027925675,-3257.933437749031
1952565.904284,-4314.9233027925675,-3257.933437749031
1952571.776302,-4314.9233027925675,-3257.933437749031
1952579.251948,-4314.9233027925675,-3257.933437749031
1952586.708054,-4314.9233027925675,-3257.933437749031
1952593.968074,-4314.9233027925675,-3257.933437749031
1952600.238986,-4314.9233027925675,-3257.933437749031
1952607.689251,-4314.9233027925675,-3257.933437749031
1952615.213429,-4314.9233027925675,-3257.933437749031
1952621.22401,-4314.9233027925675,-3257.933437749031
1952628.213304,-4314.9233027925675,-3257.933437749031
1952635.234722,-4314.9233027925675,-3257.933437749031
1952642.690372,-4314.9233027925675,-3257.933437749031
1952649.311947,-4314.9233027925675,-3257.933437749031
1952656.244144,-4314.9233027925675,-3257.933437749031
1952663.616185,-4314.9233027925675,-3257.933437749031
1952670.873303,-4314.9233027925675,-3257.933437749031
1952677.232064,-4314.9233027925675,-3257.933437749031
1952684.588731,-4314.9233027925675,-3257.933437749031
1952690.780867,-4314.9233027925675,-3257.933437749031
1952699.369679,-4314.9233027925675,-3257.933437749031
1952704.776629,-4314.9233027925675,-3257.933437749031
1952712.209376,-4314.9233027925675,-3257.933437749031
1952719.547835,-4314.9233027925675,-3257.933437749031
1952726.820037,-4314.9233027925675,-3257.933437749031
1952732.896751,-4314.9233027925675,-3257.933437749031
1952739.804111,-4314.9233027925675,-3257.933437749031
1952746.748363,-4314.9233027925675,-3257.933437749031
1952753.797901,-4314.9233027925675,-3257.933437749031
1952760.7874,-4314.9233027925675,-3257.933437749031
1952773.415927,-4314.9233027925675,-3257.933437749031
1952774.746059,-4314.9233027925675,-3257.933437749031
1952781.750702,-4314.9233027925675,-3257.933437749031
1952788.786143,-4314.9233027925675,-3257.933437749031
1952797.753466,-4314.9233027925675,-3257.933437749031
1952803.230752,-4314.9233027925675,-3257.933437749031
1952809.887387,-4314.9233027925675,-3257.933437749031
1952818.51069,-4314.9233027925675,-3257.933437749031
1952824.190477,-4314.9233027925675,-3257.933437749031
1952831.230538,-4314.9233027925675,-3257.933437749031
1952838.653176,-4314.9233027925675,-3257.933437749031
1952846.225242,-4314.9233027925675,-3257.933437749031
1952852.674515,-4314.9233027925675,-3257.933437749031
1952859.792138,-4314.9233027925675,-3257.933437749031
1952866.20649,-4314.9233027925675,-3257.933437749031
1952873.207917,-4314.9233027925675,-3257.933437749031
1952880.21338,-4314.9233027925675,-3257.933437749031
1952887.208112,-4314.9233027925675,-3257.933437749031
1952893.767383,-4314.9233027925675,-3257.933437749031
1952901.750939,-4314.9233027925675,-3257.933437749031
1952908.319882,-4314.9233027925675,-3257.933437749031
1952915.655235,-4314.9233027925675,-3257.933437749031
1952923.213517,-4314.9233027925675,-3257.933437749031
1952929.230557,-4314.9233027925675,-3257.933437749031
1952935.776033,-4314.9233027925675,-3257.933437749031
1952942.77582,-4314.9233027925675,-3257.933437749031
1952952.069367,-4314.9233027925675,-3257.933437749031
1952957.203878,-4314.9233027925675,-3257.933437749031
1952964.226602,-4314.9233027925675,-3257.933437749031
1952971.226625,-4314.9233027925675,-3257.933437749031
1952978.689378,-4314.9233027925675,-3257.933437749031
1952985.22796,-4314.9233027925675,-3257.933437749031
1952992.598931,-4314.9233027925675,-3257.933437749031
1952999.671295,-4314.9233027925675,-3257.933437749031
1953006.18521,-4314.9233027925675,-3257.933437749031
1953013.737497,-4314.9233027925675,-3257.933437749031
1953020.423968,-4314.9233027925675,-3257.933437749031
1953027.95628,-4314.9233027925675,-3257.933437749031
1953035.089634,-4314.9233027925675,-3257.933437749031
1953041.253598,-4314.9233027925675,-3257.933437749031
1953048.348269,-4314.9233027925675,-3257.933437749031
1953054.769805,-4314.9233027925675,-3257.933437749031
1953061.776162,-4314.9233027925675,-3257.933437749031
1953070.667985,-4314.9233027925675,-3257.933437749031
1953076.153128,-4314.9233027925675,-3257.933437749031
1953083.185525,-4314.9233027925675,-3257.933437749031
1953090.66408,-4314.9233027925675,-3257.933437749031
1953097.194193,-4314.9233027925675,-3257.933437749031
1953104.501629,-4314.9233027925675,-3257.933437749031
1953111.61519,-4314.9233027925675,-3257.933437749031
1953118.206769,-4314.9233027925675,-3257.933437749031
1953125.529309,-4314.9233027925675,-3257.933437749031
1953132.829933,-4314.9233027925675,-3257.933437749031
1953139.193216,-4314.9233027925675,-3257.933437749031
1953146.714828,-4314.9233027925675,-3257.933437749031
1953153.216215,-4314.9233027925675,-3257.933437749031
1953160.205471,-4314.9233027925675,-3257.933437749031
1953167.605657,-4314.9233027925675,-3257.933437749031
1953173.8215,-4314.9233027925675,-3257.933437749031
1953182.116586,-4314.9233027925675,-3257.933437749031
1953190.991387,-4314.9233027925675,-3257.933437749031
1953195.221202,-4314.9233027925675,-3257.933437749031
1953202.642751,-4314.9233027925675,-3257.933437749031
1953209.871119,-4314.9233027925675,-3257.933437749031
1953216.208161,-4314.9233027925675,-3257.933437749031
1953223.653198,-4314.9233027925675,-3257.933437749031
1953231.109824,-4314.9233027925675,-3257.933437749031
1953236.84488,-4314.9233027925675,-3257.933437749031
1953246.031785,-4314.9233027925675,-3257.933437749031
1953251.411033,-4314.9233027925675,-3257.933437749031
1953258.145577,-4314.9233027925675,-3257.933437749031
1953266.625287,-4314.9233027925675,-3257.933437749031
1953272.165191,-4314.9233027925675,-3257.933437749031
1953279.250706,-4314.9233027925675,-3257.933437749031
1953286.210847,-4314.9233027925675,-3257.933437749031
1953293.185232,-4314.9233027925675,-3257.933437749031
1953299.775898,-4314.9233027925675,-3257.933437749031
1953308.793246,-4314.9233027925675,-3257.933437749031
1953314.337271,-4314.9233027925675,-3257.933437749031
1953321.548048,-4314.9233027925675,-3257.933437749031
1953328.165291,-4314.9233027925675,-3257.933437749031
1953335.447128,-4314.9233027925675,-3257.933437749031
1953342.645308,-4314.9233027925675,-3257.933437749031
1953349.186756,-4314.9233027925675,-3257.933437749031
1953356.204304,-4314.9233027925675,-3257.933437749031
1953363.498871,-4314.9233027925675,-3257.933437749031
1953370.165505,-4314.9233027925675,-3257.933437749031
1953377.553442,-4314.9233027925675,-3257.933437749031
1953385.202836,-4314.9233027925675,-3257.933437749031
1953391.142696,-4314.9233027925675,-3257.933437749031
1953398.687004,-4314.9233027925675,-3257.933437749031
1953405.340752,-4314.9233027925675,-3257.933437749031
1953412.727888,-4314.9233027925675,-3257.933437749031
1953418.777705,-4314.9233027925675,-3257.933437749031
1953425.774806,-4314.9233027925675,-3257.933437749031
1953432.767191,-4314.9233027925675,-3257.933437749031
1953441.918649,-4314.9233027925675,-3257.933437749031
1953447.187981,-4314.9233027925675,-3257.933437749031
1953454.662728,-4314.9233027925675,-3257.933437749031
1953462.083869,-4314.9233027925675,-3257.933437749031
1953468.201586,-4314.9233027925675,-3257.933437749031
1953475.674934,-4314.9233027925675,-3257.933437749031
1953482.216567,-4314.9233027925675,-3257.933437749031
1953489.609327,-4314.9233027925675,-3257.933437749031
1953496.686816,-4317.891647263615,-3256.0109433648086
1953503.185305,-4317.891647263615,-3256.0109433648086
1953510.674621,-4317.891647263615,-3256.0109433648086
1953517.990735,-4317.891647263615,-3256.0109433648086
1953524.214611,-4317.891647263615,-3256.0109433648086
1953531.608897,-4317.891647263615,-3256.0109433648086
1953537.779019,-4317.891647263615,-3256.0109433648086
1953544.776778,-4317.891647263615,-3256.0109433648086
1953553.264423,-4317.891647263615,-3256.0109433648086
1953559.907794,-4317.891647263615,-3256.0109433648086
1953566.192143,-4317.891647263615,-3256.0109433648086
1953573.582566,-4317.891647263615,-3256.0109433648086
1953580.185392,-4317.891647263615,-3256.0109433648086
1953587.676219,-4317.891647263615,-3256.0109433648086
1953594.886694,-4317.891647263615,-3256.0109433648086
1953601.234726,-4317.891647263615,-3256.0109433648086
1953608.166331,-4317.891647263615,-3256.0109433648086
1953616.08949,-4317.891647263615,-3256.0109433648086
1953622.186831,-4317.891647263615,-3256.0109433648086
1953629.168023,-4317.891647263615,-3256.0109433648086
1953636.185498,-4317.891647263615,-3256.0109433648086
1953643.589397,-4317.891647263615,-3256.0109433648086
1953650.673264,-4317.891647263615,-3256.0109433648086
1953657.064348,-4317.891647263615,-3256.0109433648086
1953663.766134,-4317.891647263615,-3256.0109433648086
1953670.738654,-4317.891647263615,-3256.0109433648086
1953677.775996,-4317.891647263615,-3256.0109433648086
1953686.345402,-4317.891647263615,-3256.0109433648086
1953692.21472,-4317.891647263615,-3256.0109433648086
1953699.175195,-4317.891647263615,-3256.0109433648086
1953706.609279,-4317.891647263615,-3256.0109433648086
1953713.190642,-4317.891647263615,-3256.0109433648086
1953720.623909,-4317.891647263615,-3256.0109433648086
1953727.626597,-4317.891647263615,-3256.0109433648086
1953734.141273,-4317.891647263615,-3256.0109433648086
1953741.487911,-4317.891647263615,-3256.0109433648086
1953750.632315,-4317.891647263615,-3256.0109433648086
1953755.173886,-4317.891647263615,-3256.0109433648086
1953762.771217,-4317.891647263615,-3256.0109433648086
1953771.429827,-4317.891647263615,-3256.0109433648086
1953776.237988,-4317.891647263615,-3256.0109433648086
1953782.768159,-4317.891647263615,-3256.0109433648086
1953789.75832,-4317.891647263615,-3256.0109433648086
1953798.031328,-4317.891647263615,-3256.0109433648086
1953805.065737,-4317.891647263615,-3256.0109433648086
1953811.373743,-4317.891647263615,-3256.0109433648086
1953817.749088,-4317.891647263615,-3256.0109433648086
1953828.436139,-4317.891647263615,-3256.0109433648086
1953832.311484,-4317.891647263615,-3256.0109433648086
1953839.625438,-4317.891647263615,-3256.0109433648086
1953847.351118,-4317.891647263615,-3256.0109433648086
1953853.18805,-4317.891647263615,-3256.0109433648086
1953860.634714,-4317.891647263615,-3256.0109433648086
1953867.189336,-4317.891647263615,-3256.0109433648086
1953874.525272,-4317.891647263615,-3256.0109433648086
1953881.637235,-4317.891647263615,-3256.0109433648086
1953888.213385,-4317.891647263615,-3256.0109433648086
1953895.569975,-4317.891647263615,-3256.0109433648086
1953901.809132,-4317.891647263615,-3256.0109433648086
1953908.780942,-4317.891647263615,-3256.0109433648086
1953916.730527,-4317.891647263615,-3256.0109433648086
1953923.166438,-4317.891647263615,-3256.0109433648086
1953930.172162,-4317.891647263615,-3256.0109433648086
1953937.269318,-4317.891647263615,-3256.0109433648086
1953944.149257,-4317.891647263615,-3256.0109433648086
1953951.217099,-4317.891647263615,-3256.0109433648086
1953958.702764,-4317.891647263615,-3256.0109433648086
1953965.207905,-4317.891647263615,-3256.0109433648086
1953972.606847,-4317.891647263615,-3256.0109433648086
1953979.846523,-4317.891647263615,-3256.0109433648086
1953986.206417,-4317.891647263615,-3256.0109433648086
1953993.589391,-4317.891647263615,-3256.0109433648086
1954001.281309,-4317.891647263615,-3256.0109433648086
1954007.169892,-4317.891647263615,-3256.0109433648086
1954014.577592,-4317.891647263615,-3256.0109433648086
1954021.534235,-4317.891647263615,-3256.0109433648086
1954027.745105,-4317.891647263615,-3256.0109433648086
1954035.788085,-4317.891647263615,-3256.0109433648086
1954042.210975,-4317.891647263615,-3256.0109433648086
1954049.523823,-4317.891647263615,-3256.0109433648086
1954056.815816,-4317.891647263615,-3256.0109433648086
1954063.147431,-4317.891647263615,-3256.0109433648086
1954070.686451,-4317.891647263615,-3256.0109433648086
1954078.358835,-4317.891647263615,-3256.0109433648086
1954084.169312,-4317.891647263615,-3256.0109433648086
1954091.651904,-4317.891647263615,-3256.0109433648086
1954098.165165,-4318.788407070261,-3261.024324608023
1954105.428062,-4319.156843271264,-3261.2850018120307
1954112.540153,-4321.770654796817,-3262.9561288828895
1954119.239165,-4324.057739880561,-3264.4736425909705
1954126.57387,-4324.057739880561,-3264.4736425909705
1954133.916044,-4324.057739880561,-3264.4736425909705
1954140.26954,-4324.057739880561,-3264.4736425909705
1954147.000496,-4324.057739880561,-3264.4736425909705
1954153.767192,-4317.940308646525,-3264.5015722909156
1954161.18259,-4317.523211062602,-3264.4364029932794
1954168.564294,-4315.0484320620935,-3261.6527428610493
1954175.195937,-4314.825980018343,-3261.5549889141157
1954182.507952,-4320.234345362458,-3264.036077285289
1954189.722497,-4320.234345362458,-3264.036077285289
1954196.149239,-4320.234345362458,-3264.036077285289
1954203.647849,-4320.234345362458,-3264.036077285289
1954210.861309,-4320.234345362458,-3264.036077285289
1954217.188087,-4320.234345362458,-3264.036077285289
1954224.529141,-4320.234345362458,-3264.036077285289
1954232.153236,-4320.234345362458,-3264.036077285289
1954238.189699,-4320.234345362458,-3264.036077285289
1954245.260092,-4320.234345362458,-3264.036077285289
1954252.169357,-4320.234345362458,-3264.036077285289
1954259.467596,-4320.234345362458,-3264.036077285289
1954265.771283,-4323.181834953521,-3265.032236594775
1954272.761085,-4326.115421296746,-3265.9259870071496
1954281.637402,-4326.115421296746,-3265.9259870071496
1954287.207983,-4326.115421296746,-3265.9259870071496
1954294.23334,-4326.115421296746,-3265.9259870071496
1954301.576051,-4326.115421296746,-3265.9259870071496
1954309.269292,-4326.115421296746,-3265.9259870071496
1954315.213373,-4326.115421296746,-3265.9259870071496
1954322.235205,-4326.115421296746,-3265.9259870071496
1954329.493078,-4326.115421296746,-3265.9259870071496
1954337.080169,-4326.115421296746,-3265.9259870071496
1954343.181098,-4326.115421296746,-3265.9259870071496
1954350.191957,-4326.115421296746,-3265.9259870071496
1954357.727897,-4326.935713216936,-3269.3520302117768
1954364.246742,-4322.597898340984,-3269.3985797155906
1954371.23589,-4323.480754891786,-3270.017688065026
1954378.561401,-4323.793578077702,-3270.3435345647513
1954386.636097,-4323.793578077702,-3270.3435345647513
1954391.761312,-4323.793578077702,-3270.3435345647513
1954400.916254,-4325.962485515599,-3275.6501775415545
1954406.287748,-4326.212744070946,-3276.190151732001
1954413.757104,-4326.212744070946,-3276.190151732001
1954420.917181,-4322.01396172004,-3274.7703919990254
1954427.562427,-4322.01396172004,-3274.7703919990254
1954434.653215,-4322.01396172004,-3274.7703919990254
1954441.914952,-4322.01396172004,-3274.7703919990254
1954448.243408,-4322.01396172004,-3274.7703919990254
1954455.718745,-4322.01396172004,-3274.7703919990254
1954463.311905,-4322.01396172004,-3274.7703919990254
1954469.944161,-4322.01396172004,-3274.7703919990254
1954477.003131,-4322.01396172004,-3274.7703919990254
1954483.215077,-4327.74905350511,-3275.301056293399
1954490.687034,-4328.409458012279,-3275.4779443910234
1954497.750761,-4328.409458012279,-3275.4779443910234
1954504.223166,-4328.409458012279,-3275.4779443910234
1954511.220789,-4328.409458012279,-3275.4779443910234
1954517.75603,-4328.409458012279,-3275.4779443910234
1954525.228077,-4328.409458012279,-3275.4779443910234
1954532.245439,-4328.409458012279,-3275.4779443910234
1954539.254446,-4328.409458012279,-3275.4779443910234
1954546.190586,-4328.409458012279,-3275.4779443910234
1954553.673339,-4328.409458012279,-3275.4779443910234
1954560.231828,-4328.409458012279,-3275.4779443910234
1954567.658398,-4328.409458012279,-3275.4779443910234
1954573.731568,-4328.409458012279,-3275.4779443910234
1954580.755745,-4328.409458012279,-3275.4779443910234
1954588.815109,-4328.409458012279,-3275.4779443910234
1954595.211352,-4328.409458012279,-3275.4779443910234
1954602.212454,-4328.409458012279,-3275.4779443910234
1954610.041495,-4328.409458012279,-3275.4779443910234
1954617.205649,-4328.409458012279,-3275.4779443910234
1954623.209579,-4328.409458012279,-3275.4779443910234
1954630.721432,-4328.409458012279,-3275.4779443910234
1954636.881314,-4328.409458012279,-3275.4779443910234
1954645.512241,-4328.409458012279,-3275.4779443910234
1954651.524567,-4328.409458012279,-3275.4779443910234
1954658.145563,-4328.409458012279,-3275.4779443910234
1954664.754361,-4328.409458012279,-3275.4779443910234
1954673.602635,-4328.409458012279,-3275.4779443910234
1954679.791382,-4328.409458012279,-3275.4779443910234
1954686.693274,-4328.409458012279,-3275.4779443910234
1954693.283994,-4329.042056016041,-3269.7058064111266
1954700.229268,-4329.264508059575,-3269.784940564383
1954707.709589,-4334.068081901879,-3271.4421027689355
1954715.497974,-4333.9220977445075,-3270.7252404641695
1954721.520158,-4333.9220977445075,-3270.7252404641695
1954729.307209,-4329.848444672031,-3267.0012804557255
1954735.23467,-4329.848444672031,-3267.0012804557255
1954742.452452,-4329.848444672031,-3267.0012804557255
1954749.844231,-4329.848444672031,-3267.0012804557255
1954755.727251,-4329.848444672031,-3267.0012804557255
1954764.308922,-4329.848444672031,-3267.0012804557255
1954772.031212,-4329.848444672031,-3267.0012804557255
1954777.191515,-4329.848444672031,-3267.0012804557255
1954784.607167,-4329.848444672031,-3267.0012804557255
1954791.225511,-4329.848444672031,-3267.0012804557255
1954798.124569,-4329.848444672031,-3267.0012804557255
1954805.496077,-4329.848444672031,-3267.0012804557255
1954811.730998,-4329.848444672031,-3267.0012804557255
1954818.755545,-4329.848444672031,-3267.0012804557255
1954829.189788,-4329.848444672031,-3267.0012804557255
1954833.141563,-4329.848444672031,-3267.0012804557255
1954840.540205,-4329.848444672031,-3267.0012804557255
1954848.262512,-4329.848444672031,-3267.0012804557255
1954854.173854,-4329.848444672031,-3267.0012804557255
1954861.60955,-4329.848444672031,-3267.0012804557255
1954868.143017,-4323.397335373333,-3267.6855581164373
1954874.849562,-4323.397335373333,-3267.6855581164373
1954881.754455,-4318.002873285336,-3270.1294068673596
1954889.139796,-4318.002873285336,-3270.1294068673596
1954896.936034,-4318.002873285336,-3270.1294068673596
1954904.283791,-4318.864874956722,-3275.166062740003
1954911.095238,-4318.864874956722,-3275.166062740003
1954918.184827,-4318.864874956722,-3275.166062740003
1954925.624371,-4323.2861093514775,-3278.8481281554436
1954931.156292,-4323.668448808345,-3278.987776656046
1954938.724438,-4323.668448808345,-3278.987776656046
1954945.616433,-4330.710446351449,-3280.3935715363136
1954953.175891,-4330.710446351449,-3280.3935715363136
1954960.260211,-4330.738252854847,-3277.7030104703094
1954966.196286,-4331.621109405496,-3276.3716947886533
1954973.982163,-4329.083765775188,-3276.399624489512
1954981.062755,-4324.495692344077,-3275.333640941706
1954987.220562,-4324.495692344077,-3275.333640941706
1954994.927748,-4324.495692344077,-3275.333640941706
1955000.757905,-4324.495692344077,-3275.333640941706
1955007.745622,-4324.495692344077,-3275.333640941706
1955016.539981,-4324.495692344077,-3275.333640941706
1955022.245452,-4324.495692344077,-3275.333640941706
1955029.605315,-4324.495692344077,-3275.333640941706
1955036.697318,-4324.495692344077,-3275.333640941706
1955043.24387,-4324.495692344077,-3275.333640941706
1955050.185152,-4324.495692344077,-3275.333640941706
1955057.630406,-4324.495692344077,-3275.333640941706
1955064.161555,-4324.495692344077,-3275.333640941706
1955071.694907,-4324.495692344077,-3275.333640941706
1955078.213579,-4324.155062654768,-3272.3311982133014
1955085.200185,-4323.16793170587,-3269.9618286645623
1955092.413394,-4323.16793170587,-3269.9618286645623
1955099.230906,-4323.16793170587,-3269.9618286645623
1955106.69897,-4323.16793170587,-3269.9618286645623
1955114.59783,-4323.16793170587,-3269.9618286645623
1955119.759525,-4323.16793170587,-3269.9618286645623
1955129.039815,-4323.16793170587,-3269.9618286645623
1955134.238499,-4323.16793170587,-3269.9618286645623
1955141.203354,-4323.16793170587,-3269.9618286645623
1955148.664874,-4323.16793170587,-3269.9618286645623
1955156.263975,-4323.16793170587,-3269.9618286645623
1955162.472821,-4323.16793170587,-3269.9618286645623
1955169.579862,-4323.16793170587,-3269.9618286645623
1955176.164345,-4323.16793170587,-3269.9618286645623
1955183.654935,-4323.16793170587,-3269.9618286645623
1955190.407165,-4319.3375855556915,-3270.2131959687545
1955197.216326,-4319.3375855556915,-3270.2131959687545
1955205.745602,-4319.3375855556915,-3270.2131959687545
1955211.18956,-4319.3375855556915,-3270.2131959687545
1955218.237659,-4319.3375855556915,-3270.2131959687545
1955225.547443,-4319.3375855556915,-3270.2131959687545
1955233.312243,-4320.248248618358,-3271.367623564596
1955238.727153,-4320.248248618358,-3271.367623564596
1955245.757102,-4320.074457957688,-3274.3561014530314
1955252.756547,-4318.802310326163,-3277.9916173675706
1955261.156149,-4318.802310326163,-3277.9916173675706
1955267.593654,-4317.975066781931,-3276.539272979312
1955274.213258,-4317.432839920386,-3275.9806789843665
1955281.638538,-4317.432839920386,-3275.9806789843665
1955288.066838,-4317.432839920386,-3275.9806789843665
1955294.782082,-4317.432839920386,-3275.9806789843665
1955303.004253,-4317.432839920386,-3275.9806789843665
1955310.268782,-4315.799207719911,-3274.211798002935
1955316.576502,-4315.020625558686,-3274.17455840576
1955323.833777,-4315.020625558686,-3274.17455840576
1955330.263104,-4315.020625558686,-3274.17455840576
1955337.734065,-4315.020625558686,-3274.17455840576
1955344.137656,-4315.020625558686,-3274.17455840576
1955351.351888,-4315.020625558686,-3274.17455840576
1955371.267899,-4312.997702277426,-3272.638424906318
1955371.269312,-4312.997702277426,-3272.638424906318
1955384.196235,-4312.997702277426,-3272.638424906318
1955391.238676,-4312.997702277426,-3272.638424906318
1955397.822433,-4312.997702277426,-3272.638424906318
1955405.178717,-4312.997702277426,-3272.638424906318
1955412.650643,-4312.997702277426,-3272.638424906318
1955418.796463,-4312.997702277426,-3272.638424906318
1955426.11705,-4312.997702277426,-3272.638424906318
1955432.818718,-4312.997702277426,-3272.638424906318
1955440.016199,-4312.997702277426,-3272.638424906318
1955447.237279,-4312.997702277426,-3272.638424906318
1955453.821967,-4312.997702277426,-3272.638424906318
1955461.18179,-4312.997702277426,-3272.638424906318
1955468.344169,-4312.997702277426,-3272.638424906318
1955474.862914,-4312.997702277426,-3272.638424906318
1955482.184425,-4312.997702277426,-3272.638424906318
1955488.455078,-4312.997702277426,-3272.638424906318
1955495.444578,-4312.997702277426,-3272.638424906318
1955503.90701,-4312.997702277426,-3272.638424906318
1955509.90552,-4312.997702277426,-3272.638424906318
1955517.182235,-4312.997702277426,-3272.638424906318
1955523.848131,-4312.997702277426,-3272.638424906318
1955530.87061,-4312.997702277426,-3272.638424906318
1955538.396671,-4312.997702277426,-3272.638424906318
1955546.150637,-4312.997702277426,-3272.638424906318
1955552.163097,-4312.997702277426,-3272.638424906318
1955559.297645,-4312.997702277426,-3272.638424906318
1955566.801553,-4312.997702277426,-3272.638424906318
1955573.109075,-4312.997702277426,-3272.638424906318
1955580.203828,-4312.997702277426,-3272.638424906318
1955586.823737,-4312.997702277426,-3272.638424906318
1955594.140087,-4312.997702277426,-3272.638424906318
1955600.895251,-4312.997702277426,-3272.638424906318
1955607.48882,-4312.997702277426,-3272.638424906318
1955614.411624,-4312.997702277426,-3272.638424906318
1955621.437624,-4312.997702277426,-3272.638424906318
1955629.196065,-4312.997702277426,-3272.638424906318
1955638.298515,-4312.997702277426,-3272.638424906318
1955642.799978,-4312.997702277426,-3272.638424906318
1955652.03341,-4312.997702277426,-3272.638424906318
1955656.437466,-4312.997702277426,-3272.638424906318
1955663.439798,-4312.997702277426,-3272.638424906318
1955671.821114,-4312.997702277426,-3272.638424906318
1955679.356815,-4312.997702277426,-3272.638424906318
1955684.828067,-4312.997702277426,-3272.638424906318
1955692.177711,-4312.997702277426,-3272.638424906318
1955698.797167,-4312.997702277426,-3272.638424906318
1955705.791837,-4312.997702277426,-3272.638424906318
1955713.433455,-4312.997702277426,-3272.638424906318
1955720.815931,-4312.997702277426,-3272.638424906318
1955726.418044,-4312.997702277426,-3272.638424906318
1955733.434862,-4312.997702277426,-3272.638424906318
1955740.600506,-4312.997702277426,-3272.638424906318
1955749.975865,-4312.997702277426,-3272.638424906318
1955754.815029,-4312.997702277426,-3272.638424906318
1955761.794648,-4312.997702277426,-3272.638424906318
1955769.151792,-4312.997702277426,-3272.638424906318
1955775.794545,-4312.997702277426,-3272.638424906318
1955782.794562,-4312.997702277426,-3272.638424906318
1955790.114539,-4312.997702277426,-3272.638424906318
1955797.577215,-4312.997702277426,-3272.638424906318
1955803.805495,-4312.997702277426,-3272.638424906318
1955811.325484,-4312.997702277426,-3272.638424906318
1955817.820482,-4312.997702277426,-3272.638424906318
1955824.809492,-4312.997702277426,-3272.638424906318
1955832.224206,-4312.997702277426,-3272.638424906318
1955838.820595,-4312.997702277426,-3272.638424906318
1955846.34726,-4312.997702277426,-3272.638424906318
1955852.436215,-4312.997702277426,-3272.638424906318
1955859.435948,-4312.997702277426,-3272.638424906318
1955867.374454,-4312.997702277426,-3272.638424906318
1955874.678544,-4312.997702277426,-3272.638424906318
1955880.44564,-4312.997702277426,-3272.638424906318
1955889.17759,-4312.997702277426,-3272.638424906318
1955894.437573,-4312.997702277426,-3272.638424906318
1955901.423155,-4312.997702277426,-3272.638424906318
1955909.658567,-4312.997702277426,-3272.638424906318
1955915.409369,-4312.997702277426,-3272.638424906318
1955922.435577,-4312.997702277426,-3272.638424906318
1955931.438524,-4312.997702277426,-3272.638424906318
1955936.944418,-4312.997702277426,-3272.638424906318
1955944.480105,-4312.997702277426,-3272.638424906318
1955950.813056,-4312.997702277426,-3272.638424906318
1955957.942057,-4312.997702277426,-3272.638424906318
1955964.423061,-4312.997702277426,-3272.638424906318
1955971.438019,-4312.997702277426,-3272.638424906318
1955981.716673,-4312.997702277426,-3272.638424906318
1955985.825092,-4312.997702277426,-3272.638424906318
1955992.813246,-4312.997702277426,-3272.638424906318
1955999.795808,-4312.997702277426,-3272.638424906318
1956006.817197,-4312.997702277426,-3272.638424906318
1956013.791696,-4312.997702277426,-3272.638424906318
1956021.178574,-4312.997702277426,-3272.638424906318
1956028.745523,-4312.997702277426,-3272.638424906318
1956034.817792,-4312.997702277426,-3272.638424906318
1956042.217642,-4312.997702277426,-3272.638424906318
1956048.889718,-4312.997702277426,-3272.638424906318
1956056.233561,-4312.997702277426,-3272.638424906318
1956063.368531,-4312.997702277426,-3272.638424906318
1956070.113934,-4312.997702277426,-3272.638424906318
1956077.647341,-4312.997702277426,-3272.638424906318
1956084.094947,-4312.997702277426,-3272.638424906318
1956090.440491,-4312.997702277426,-3272.638424906318
1956097.436231,-4312.997702277426,-3272.638424906318
1956104.439848,-4312.997702277426,-3272.638424906318
1956111.436435,-4312.997702277426,-3272.638424906318
1956119.619876,-4312.997702277426,-3272.638424906318
1956125.838368,-4312.997702277426,-3272.638424906318
1956132.843865,-4307.422497895511,-3275.8410304842837
1956140.198962,-4307.422497895511,-3275.8410304842837
1956147.021552,-4307.422497895511,-3275.8410304842837
1956154.282867,-4307.422497895511,-3275.8410304842837
1956160.926081,-4307.422497895511,-3275.8410304842837
1956167.932016,-4307.422497895511,-3275.8410304842837
1956175.369409,-4307.422497895511,-3275.8410304842837
1956183.016388,-4307.422497895511,-3275.8410304842837
1956189.025493,-4307.422497895511,-3275.8410304842837
1956196.444279,-4307.422497895511,-3275.8410304842837
1956202.90423,-4307.422497895511,-3275.8410304842837
1956210.412236,-4307.422497895511,-3275.8410304842837
1956216.465921,-4307.422497895511,-3275.8410304842837
1956223.434527,-4307.422497895511,-3275.8410304842837
1956232.192038,-4307.422497895511,-3275.8410304842837
1956237.813194,-4307.422497895511,-3275.8410304842837
1956244.842478,-4307.422497895511,-3275.8410304842837
1956253.033526,-4307.422497895511,-3275.8410304842837
1956258.824995,-4307.422497895511,-3275.8410304842837
1956265.801133,-4307.422497895511,-3275.8410304842837
1956273.213181,-4307.422497895511,-3275.8410304842837
1956279.925651,-4307.422497895511,-3275.8410304842837
1956286.927197,-4307.422497895511,-3275.8410304842837
1956294.493239,-4307.422497895511,-3275.8410304842837
1956300.884137,-4307.422497895511,-3275.8410304842837
1956308.338934,-4307.422497895511,-3275.8410304842837
1956315.859752,-4307.422497895511,-3275.8410304842837
1956321.426153,-4307.422497895511,-3275.8410304842837
1956328.903806,-4307.422497895511,-3275.8410304842837
1956335.44081,-4307.422497895511,-3275.8410304842837
1956342.436212,-4307.422497895511,-3275.8410304842837
1956351.280158,-4307.422497895511,-3275.8410304842837
1956356.803697,-4307.422497895511,-3275.8410304842837
1956364.145235,-4307.422497895511,-3275.8410304842837
1956370.818769,-4307.422497895511,-3275.8410304842837
1956377.785268,-4307.422497895511,-3275.8410304842837
1956385.154299,-4307.422497895511,-3275.8410304842837
1956392.655015,-4307.422497895511,-3275.8410304842837
1956398.920076,-4307.422497895511,-3275.8410304842837
1956406.567111,-4307.422497895511,-3275.8410304842837
1956414.322967,-4307.422497895511,-3275.8410304842837
1956419.442736,-4307.422497895511,-3275.8410304842837
1956428.087902,-4307.422497895511,-3275.8410304842837
1956433.825246,-4307.422497895511,-3275.8410304842837
1956441.065113,-4307.422497895511,-3275.8410304842837
1956448.326689,-4307.422497895511,-3275.8410304842837
1956454.72363,-4307.422497895511,-3275.8410304842837
1956461.436547,-4307.422497895511,-3275.8410304842837
1956470.292941,-4307.422497895511,-3275.8410304842837
1956475.827983,-4307.422497895511,-3275.8410304842837
1956483.243752,-4307.422497895511,-3275.8410304842837
1956489.401984,-4307.422497895511,-3275.8410304842837
1956496.430013,-4307.422497895511,-3275.8410304842837
1956504.942511,-4307.422497895511,-3275.8410304842837
1956510.782848,-4307.422497895511,-3275.8410304842837
1956518.112083,-4307.422497895511,-3275.8410304842837
1956525.36487,-4307.422497895511,-3275.8410304842837
1956531.845128,-4307.422497895511,-3275.8410304842837
1956539.259943,-4307.422497895511,-3275.8410304842837
1956546.397315,-4307.422497895511,-3275.8410304842837
1956552.818598,-4307.422497895511,-3275.8410304842837
1956560.201004,-4307.422497895511,-3275.8410304842837
1956567.767642,-4307.422497895511,-3275.8410304842837
1956573.425198,-4307.422497895511,-3275.8410304842837
1956583.004116,-4307.422497895511,-3275.8410304842837
1956587.958585,-4307.422497895511,-3275.8410304842837
1956594.405559,-4307.422497895511,-3275.8410304842837
1956605.278675,-4307.422497895511,-3275.8410304842837
1956608.843778,-4307.422497895511,-3275.8410304842837
1956616.205139,-4307.422497895511,-3275.8410304842837
1956626.906676,-4307.422497895511,-3275.8410304842837
1956629.998962,-4307.422497895511,-3275.8410304842837
1956637.257394,-4307.422497895511,-3275.8410304842837
1956645.141999,-4307.422497895511,-3275.8410304842837
1956650.896237,-4303.689474518294,-3272.554635817029
1956658.28988,-4303.689474518294,-3272.554635817029
1956665.1359,-4303.689474518294,-3272.554635817029
1956671.929438,-4303.689474518294,-3272.554635817029
1956678.939036,-4303.689474518294,-3272.554635817029
1956685.908124,-4303.689474518294,-3272.554635817029
1956692.940333,-4303.689474518294,-3272.554635817029
1956699.498614,-4303.689474518294,-3272.554635817029
1956706.444386,-4303.689474518294,-3272.554635817029
1956714.824197,-4303.689474518294,-3272.554635817029
1956720.897503,-4303.689474518294,-3272.554635817029
1956728.065666,-4303.689474518294,-3272.554635817029
1956734.668422,-4303.689474518294,-3272.554635817029
1956741.408982,-4303.689474518294,-3272.554635817029
1956749.395604,-4303.689474518294,-3272.554635817029
1956758.328289,-4298.225496165438,-3273.0294407125975
1956762.862284,-4298.225496165438,-3273.0294407125975
1956770.148951,-4298.225496165438,-3273.0294407125975
1956776.402008,-4298.225496165438,-3273.0294407125975
1956783.452142,-4298.225496165438,-3273.0294407125975
1956791.624951,-4298.225496165438,-3273.0294407125975
1956799.922035,-4298.225496165438,-3273.0294407125975
1956804.826241,-4298.225496165438,-3273.0294407125975
1956812.285239,-4298.225496165438,-3273.0294407125975
1956818.464281,-4298.225496165438,-3273.0294407125975
1956825.406247,-4298.225496165438,-3273.0294407125975
1956834.388738,-4298.225496165438,-3273.0294407125975
1956839.879529,-4298.225496165438,-3273.0294407125975
1956847.476755,-4298.225496165438,-3273.0294407125975
1956854.92097,-4298.225496165438,-3273.0294407125975
1956860.901798,-4298.225496165438,-3273.0294407125975
1956868.299554,-4298.225496165438,-3273.0294407125975
1956874.901205,-4298.225496165438,-3273.0294407125975
1956881.87713,-4298.225496165438,-3273.0294407125975
1956889.250523,-4298.225496165438,-3273.0294407125975
1956895.872709,-4298.225496165438,-3273.0294407125975
1956903.551652,-4298.225496165438,-3273.0294407125975
1956910.922225,-4298.225496165438,-3273.0294407125975
1956916.493615,-4298.225496165438,-3273.0294407125975
1956924.962943,-4298.225496165438,-3273.0294407125975
1956930.899334,-4298.225496165438,-3273.0294407125975
1956937.470437,-4298.225496165438,-3273.0294407125975
1956974.581635,-4298.225496165438,-3273.0294407125975
1956974.582334,-4298.225496165438,-3273.0294407125975
1956981.435786,-4298.225496165438,-3273.0294407125975
1956981.436439,-4298.225496165438,-3273.0294407125975
1956985.014952,-4291.565838066189,-3269.5102985186622
1956994.652144,-4288.5488322022875,-3274.304897000468
1956999.030063,-4288.5488322022875,-3274.304897000468
1957007.911835,-4288.5488322022875,-3274.304897000468
1957013.408071,-4288.5488322022875,-3274.304897000468
1957020.537276,-4288.5488322022875,-3274.304897000468
1957027.728196,-4288.5488322022875,-3274.304897000468
1957034.441799,-4288.5488322022875,-3274.304897000468
1957041.059304,-4288.5488322022875,-3274.304897000468
1957048.087262,-4288.5488322022875,-3274.304897000468
1957055.017788,-4288.5488322022875,-3274.304897000468
1957065.140551,-4288.5488322022875,-3274.304897000468
1957069.012548,-4288.5488322022875,-3274.304897000468
1957075.989228,-4288.5488322022875,-3274.304897000468
1957084.905314,-4288.5488322022875,-3274.304897000468
1957090.385618,-4288.5488322022875,-3274.304897000468
1957097.435455,-4288.5488322022875,-3274.304897000468
1957104.942598,-4288.5488322022875,-3274.304897000468
1957111.38558,-4288.5488322022875,-3274.304897000468
1957118.291896,-4288.5488322022875,-3274.304897000468
1957125.096421,-4288.5488322022875,-3274.304897000468
1957132.366469,-4288.5488322022875,-3274.304897000468
1957139.017136,-4288.5488322022875,-3274.304897000468
1957147.468958,-4288.5488322022875,-3274.304897000468
1957153.583928,-4288.5488322022875,-3274.304897000468
1957161.134822,-4288.5488322022875,-3274.304897000468
1957168.218574,-4288.5488322022875,-3274.304897000468
1957178.717328,-4288.5488322022875,-3274.304897000468
1957181.020343,-4288.5488322022875,-3274.304897000468
1957188.017318,-4288.5488322022875,-3274.304897000468
1957191.93217,-4288.5488322022875,-3274.304897000468
1957195.004459,-4288.5488322022875,-3274.304897000468
1957202.018325,-4278.142247474915,-3275.1893374920255
1957209.023045,-4276.856196586493,-3275.9015448433433
1957216.152596,-4268.576809529487,-3322.572071384305
1957227.01019,-4245.775474898499,-3392.3404523799927
1957230.089171,-4217.07916105371,-3471.3442436638747
1957239.63955,-4206.853318587324,-3492.7989010439405
1957244.020925,-4195.904506979036,-3520.05362315862
1957251.030886,-4312.059232711358,-3532.6918073039124
1957259.005399,-4357.307368953258,-3523.4889748966107
1957265.618553,-4373.880046281617,-3517.3770279586183
1957272.510992,-4417.195630336842,-3512.978101903888
1957280.840834,-4462.666218518588,-3519.4670996890145
1957286.038691,-4479.322315326973,-3524.5549580172346
1957295.06353,-4503.145538923251,-3529.9360780469715
1957300.895807,-4529.380976857262,-3537.9984480902835
1957307.009325,-4524.73033881599,-3566.5053492273087
1957315.650795,-4517.667486414962,-3578.5942486223253
1957321.474756,-4514.789513098835,-3595.9944430385767
1957328.476268,-4513.267106926647,-3612.4543375841795
1957335.448612,-4555.602511520177,-3619.0178135058754
1957342.408514,-4606.599642524698,-3610.2153078281312
1957349.807635,-4607.399079552183,-3581.6059998075616
1957357.937719,-4613.4539461085715,-3560.840277694591
1957363.046933,-4622.796931939245,-3538.8270288382555
1957375.825641,-4642.789809335692,-3539.092360875265
1957375.842743,-4288.5488322022875,-3274.304897000468
1957410.720828,-4661.830313908232,-3541.4756942692547
1957410.721599,-4661.830313908232,-3541.4756942692547
1957416.878956,-4661.830313908232,-3541.4756942692547
1957423.856976,-4661.830313908232,-3541.4756942692547
1957430.888984,-4669.087811824951,-3530.2339947229448
1957437.881522,-4677.596602474124,-3526.4402120065783
1957442.437275,-4288.5488322022875,-3274.304897000468
1957444.897361,-4701.058341389022,-3527.1943136062623
1957451.854928,-4715.281368887834,-3518.9876400305975
1957463.103074,-4720.6966858072565,-3509.0213959019607
1958319.008288,-4903.9207008793455,-2176.9088045148305
1958319.00904,-4903.9207008793455,-2176.9088045148305
1958329.063912,-4897.1845749864915,-2185.278418951507
1958331.936282,-4897.1845749864915,-2185.278418951507
1958331.936916,-4897.1845749864915,-2185.278418951507
1958337.523028,-4897.1845749864915,-2185.278418951507
1958344.535355,-4897.1845749864915,-2185.278418951507
1958351.5343,-4897.1845749864915,-2185.278418951507
1958358.537452,-4897.1845749864915,-2185.278418951507
1958365.958641,-4897.1845749864915,-2185.278418951507
1958373.331095,-4869.0026819063605,-2156.454918705669
1958379.925054,-4872.506301571107,-2121.5101468772064
1958386.881824,-4885.936843613531,-1975.7587273484012
1958398.418536,-4863.768107296407,-1815.395353066276
1958404.232484,-4858.714274959758,-1750.295724990473
1958619.415488,-4177.169873767351,-1527.1135744111346
1958619.416104,-4177.169873767351,-1527.1135744111346
1958623.673546,-4177.169873767351,-1527.1135744111346
1958629.86794,-4177.169873767351,-1527.1135744111346
1958630.853283,-4177.169873767351,-1527.1135744111346
1958637.84444,-4177.169873767351,-1527.1135744111346
1958645.879388,-4177.169873767351,-1527.1135744111346
1958651.677403,-4177.169873767351,-1527.1135744111346
1958658.672219,-4177.169873767351,-1527.1135744111346
1958667.573025,-4177.169873767351,-1527.1135744111346
1958673.582704,-4177.169873767351,-1527.1135744111346
1958679.665981,-4177.169873767351,-1527.1135744111346
1958688.805368,-4177.169873767351,-1527.1135744111346
1958694.134286,-4177.169873767351,-1527.1135744111346
1958701.706161,-4177.169873767351,-1527.1135744111346
1958710.952144,-4177.169873767351,-1527.1135744111346
1958715.161603,-4177.169873767351,-1527.1135744111346
1958722.510009,-4171.865782805281,-1517.6779648103486
1958728.674922,-4169.9540855401565,-1515.4389276862235
1958735.645532,-4169.9540855401565,-1515.4389276862235
1958744.370612,-4169.9540855401565,-1515.4389276862235
1958750.128813,-4169.9540855401565,-1515.4389276862235
1958756.702345,-4169.9540855401565,-1515.4389276862235
1958763.743389,-4169.9540855401565,-1515.4389276862235
1958770.733209,-4169.9540855401565,-1515.4389276862235
1958781.014454,-4169.9540855401565,-1515.4389276862235
1958785.0608,-4168.000678515671,-1510.8444793413698
1958792.132542,-4168.014581763218,-1510.821204524292
1958799.609853,-4168.014581763218,-1510.821204524292
1958805.684386,-4164.6360913215,-1504.60217407923
1958812.704372,-4161.139423225288,-1503.4989478587124
1958823.092969,-4159.714339807992,-1503.2661997111109
1958827.138444,-4159.714339807992,-1503.2661997111109
1958834.059599,-4159.714339807992,-1503.2661997111109
1958841.471803,-4159.86032396575,-1502.0745292035406
1958848.0883,-4159.86032396575,-1502.0745292035406
1958855.864738,-4159.86032396575,-1502.0745292035406
1958862.077953,-4159.86032396575,-1502.0745292035406
1958869.064562,-4159.86032396575,-1502.0745292035406
1958876.543815,-4159.86032396575,-1502.0745292035406
1958882.780176,-4159.86032396575,-1502.0745292035406
1958889.96011,-4159.86032396575,-1502.0745292035406
1958897.954833,-4159.86032396575,-1502.0745292035406
1958904.356513,-4159.86032396575,-1502.0745292035406
1958911.090383,-4159.86032396575,-1502.0745292035406
1958918.085179,-4159.86032396575,-1502.0745292035406
1958931.877683,-4159.86032396575,-1502.0745292035406
1958932.698019,-4159.86032396575,-1502.0745292035406
1958939.99861,-4156.975399003764,-1489.7481871958826
1958946.080756,-4156.975399003764,-1489.7481871958826
1958953.636979,-4156.975399003764,-1489.7481871958826
1958960.136763,-4152.811374773489,-1491.1493310719989
1958969.869512,-4148.473559881708,-1490.418501875304
1958973.645224,-4148.515269641016,-1490.5162560962
1958980.688809,-4148.598689151525,-1485.6052700794485
1958991.883174,-4148.563931024245,-1485.6564746768026
1958994.642727,-4148.563931024245,-1485.6564746768026
1959001.663783,-4148.563931024245,-1485.6564746768026
1959008.663802,-4148.563931024245,-1485.6564746768026
1959017.050313,-4148.563931024245,-1485.6564746768026
1959023.259683,-4148.563931024245,-1485.6564746768026
1959031.695961,-4148.563931024245,-1485.6564746768026
1959037.341842,-4148.563931024245,-1485.6564746768026
1959044.233436,-4148.563931024245,-1485.6564746768026
1959051.776594,-4148.563931024245,-1485.6564746768026
1959058.051657,-4148.563931024245,-1485.6564746768026
1959065.118244,-4148.563931024245,-1485.6564746768026
1959072.053914,-4148.563931024245,-1485.6564746768026
1959079.02809,-4148.563931024245,-1485.6564746768026
1959086.328577,-4148.563931024245,-1485.6564746768026
1959095.835283,-4148.563931024245,-1485.6564746768026
1959100.055309,-4148.563931024245,-1485.6564746768026
1959107.495312,-4148.563931024245,-1485.6564746768026
1959115.015568,-4148.563931024245,-1485.6564746768026
1959120.63713,-4148.563931024245,-1485.6564746768026
1959129.569044,-4148.563931024245,-1485.6564746768026
1959134.64375,-4148.563931024245,-1485.6564746768026
1959144.476723,-4148.563931024245,-1485.6564746768026
1959148.643937,-4148.563931024245,-1485.6564746768026
1959160.678484,-4148.563931024245,-1485.6564746768026
1959164.443479,-4148.563931024245,-1485.6564746768026
1959170.143213,-4148.563931024245,-1485.6564746768026
1959177.192581,-4148.563931024245,-1485.6564746768026
1959184.618167,-4148.563931024245,-1485.6564746768026
1959191.598094,-4148.563931024245,-1485.6564746768026
1959197.672672,-4148.563931024245,-1485.6564746768026
1959204.674097,-4148.563931024245,-1485.6564746768026
1959211.676839,-4148.563931024245,-1485.6564746768026
1959221.060599,-4148.563931024245,-1485.6564746768026
1959226.227504,-4148.563931024245,-1485.6564746768026
1959233.195369,-4148.563931024245,-1485.6564746768026
1959240.411108,-4148.563931024245,-1485.6564746768026
1959246.673878,-4148.563931024245,-1485.6564746768026
1959253.67389,-4148.563931024245,-1485.6564746768026
1959262.90054,-4148.563931024245,-1485.6564746768026
1959268.048076,-4148.563931024245,-1485.6564746768026
1959275.059447,-4150.969193762173,-1485.0699493291036
1959283.029711,-4153.805457349686,-1483.78052455582
1959289.033071,-4153.805457349686,-1483.78052455582
1959296.059735,-4153.805457349686,-1483.78052455582
1959303.014485,-4153.805457349686,-1483.78052455582
1959316.877569,-4153.805457349686,-1483.78052455582
1959316.878221,-4153.805457349686,-1483.78052455582
1959326.423011,-4153.805457349686,-1483.78052455582
1959326.423643,-4153.805457349686,-1483.78052455582
1959334.101809,-4153.805457349686,-1483.78052455582
1959342.065109,-4153.805457349686,-1483.78052455582
1959348.04469,-4153.805457349686,-1483.78052455582
1959355.060684,-4153.805457349686,-1483.78052455582
1959363.681206,-4153.805457349686,-1483.78052455582
1959363.710666,-4153.805457349686,-1483.78052455582
1959368.665148,-4155.717154615445,-1482.118702728728
1959373.410762,-4159.853372341977,-1478.064229863041
1959375.632833,-4162.057037914603,-1477.5614938460487
1959383.270919,-4178.817409228522,-1488.97546333584
1959383.271593,-4178.817409228522,-1488.97546333584
1959388.035702,-4194.764440246051,-1502.9636271232885
1960410.291491,-3923.4563635148775,-1742.5824543478423
1960410.292244,-3923.4563635148775,-1742.5824543478423
1960416.931992,-3967.953724461844,-1698.0391291958263
1960416.933507,-3967.953724461844,-1698.0391291958263
1960429.777821,-4014.293266378184,-1620.8598626132032
1960429.803065,-4014.293266378184,-1620.8598626132032
1960446.565049,-4121.438684689848,-1493.3231988023172
1960446.565858,-4121.438684689848,-1493.3231988023172
1960494.195744,-4178.198714478556,-1490.9165829198146
1960494.196379,-4178.198714478556,-1490.9165829198146
1960500.869182,-4178.296037244958,-1490.8188286901002
1960500.869903,-4178.296037244958,-1490.8188286901002
1960507.776118,-4178.296037244958,-1490.8188286901002
1960507.779684,-4178.296037244958,-1490.8188286901002
1960510.594265,-4178.296037244958,-1490.8188286901002
1960513.49945,-4178.296037244958,-1490.8188286901002
1960520.519378,-4178.296037244958,-1490.8188286901002
1960530.01001,-4178.296037244958,-1490.8188286901002
1960535.055694,-4178.296037244958,-1490.8188286901002
1960541.931213,-4178.296037244958,-1490.8188286901002
1960550.605801,-4188.577492724366,-1501.2692206064844
1960555.438071,-4195.5916837840305,-1521.0155731557354
1960562.442197,-4196.078297640163,-1520.4895623573927
1960565.028041,-4196.078297640163,-1520.4895623573927
1960569.474057,-4196.078297640163,-1520.4895623573927
1960574.011037,-4196.078297640163,-1520.4895623573927
1960576.442057,-4196.078297640163,-1520.4895623573927
1960583.474599,-4196.078297640163,-1520.4895623573927
1960591.469455,-4196.078297640163,-1520.4895623573927
1960597.904407,-4196.078297640163,-1520.4895623573927
1960607.324936,-4196.078297640163,-1520.4895623573927
1960611.847885,-4196.078297640163,-1520.4895623573927
1960622.437947,-4196.078297640163,-1520.4895623573927
1960625.464681,-4196.078297640163,-1520.4895623573927
1960632.496568,-4196.078297640163,-1520.4895623573927
1960642.020779,-4196.078297640163,-1520.4895623573927
1960646.918005,-4192.866646229375,-1525.3260687052714
1960653.864538,-4188.11868537989,-1528.5891976024545
1960661.320921,-4188.125637011912,-1528.5891976024545
1960668.580945,-4188.125637011912,-1528.5891976024545
1960674.833731,-4188.125637011912,-1528.5891976024545
1960682.26593,-4188.125637011912,-1528.5891976024545
1960689.4351,-4188.125637011912,-1528.5891976024545
1960695.955703,-4188.125637011912,-1528.5891976024545
1960703.246146,-4188.125637011912,-1528.5891976024545
1960710.16749,-4188.125637011912,-1528.5891976024545
1960717.787561,-4188.125637011912,-1528.5891976024545
1960724.116818,-4188.125637011912,-1528.5891976024545
1960731.121872,-4188.125637011912,-1528.5891976024545
1960738.468539,-4188.125637011912,-1528.5891976024545
1960744.636948,-4188.125637011912,-1528.5891976024545
1960751.469387,-4188.125637011912,-1528.5891976024545
1960760.449885,-4188.125637011912,-1528.5891976024545
1960766.121925,-4188.125637011912,-1528.5891976024545
1960772.955451,-4188.125637011912,-1528.5891976024545
1960779.648946,-4188.125637011912,-1528.5891976024545
1960786.474746,-4188.125637011912,-1528.5891976024545
1960793.439614,-4188.125637011912,-1528.5891976024545
1960802.735518,-4188.125637011912,-1528.5891976024545
1960807.946011,-4188.125637011912,-1528.5891976024545
1960815.55668,-4188.125637011912,-1528.5891976024545
1960823.246138,-4188.125637011912,-1528.5891976024545
1960829.22209,-4188.125637011912,-1528.5891976024545
1960835.990249,-4188.125637011912,-1528.5891976024545
1960844.051815,-4188.1742983951,-1527.3230477338402
1960850.080684,-4180.506654448917,-1522.3189627476547
1960857.382183,-4180.506654448917,-1522.3189627476547
1960863.72058,-4180.506654448917,-1522.3189627476547
1960870.44063,-4180.506654448917,-1522.3189627476547
1960879.551306,-4180.506654448917,-1522.3189627476547
1960885.456052,-4180.506654448917,-1522.3189627476547
1960892.015862,-4180.506654448917,-1522.3189627476547
1960898.477455,-4180.506654448917,-1522.3189627476547
1960905.464977,-4180.506654448917,-1522.3189627476547
1960917.446214,-4180.506654448917,-1522.3189627476547
1960919.965966,-4180.506654448917,-1522.3189627476547
1960926.934015,-4180.506654448917,-1522.3189627476547
1960933.934141,-4180.506654448917,-1522.3189627476547
1960941.011201,-4180.506654448917,-1522.3189627476547
1960948.485841,-4180.506654448917,-1522.3189627476547
1960956.276947,-4180.506654448917,-1522.3189627476547
1960961.918356,-4180.506654448917,-1522.3189627476547
1960969.720569,-4180.506654448917,-1522.3189627476547
1960977.080755,-4180.506654448917,-1522.3189627476547
1960986.739047,-4180.506654448917,-1522.3189627476547
1960989.614172,-4180.506654448917,-1522.3189627476547
1960998.618868,-4180.506654448917,-1522.3189627476547
1961003.957241,-4180.506654448917,-1522.3189627476547
1961011.289959,-4180.506654448917,-1522.3189627476547
1961017.815348,-4180.506654448917,-1522.3189627476547
1961025.4101,-4180.506654448917,-1522.3189627476547
1961031.93824,-4180.506654448917,-1522.3189627476547
1961038.860762,-4180.506654448917,-1522.3189627476547
1961046.316609,-4180.506654448917,-1522.3189627476547
1961054.023697,-4180.506654448917,-1522.3189627476547
1961063.462092,-4180.506654448917,-1522.3189627476547
1961066.888058,-4180.506654448917,-1522.3189627476547
1961075.175569,-4180.506654448917,-1522.3189627476547
1961075.176176,-4180.506654448917,-1522.3189627476547
1961090.839324,-4180.506654448917,-1522.3189627476547
1961090.839879,-4180.506654448917,-1522.3189627476547
1961096.184506,-4180.506654448917,-1522.3189627476547
1961100.251763,-4178.37945676352,-1507.3951518292238
1961100.252352,-4178.37945676352,-1507.3951518292238
1961105.024277,-4178.803505972581,-1504.8907817822494
1961112.02487,-4178.803505972581,-1504.8907817822494
1961119.024342,-4178.803505972581,-1504.8907817822494
1961127.86734,-4178.803505972581,-1504.8907817822494
1961133.547515,-4178.803505972581,-1504.8907817822494
1961140.561638,-4178.803505972581,-1504.8907817822494
1961147.940952,-4178.803505972581,-1504.8907817822494
1961157.712903,-4178.803505972581,-1504.8907817822494
1961161.584545,-4178.803505972581,-1504.8907817822494
1961170.830716,-4178.803505972581,-1504.8907817822494
1961175.398124,-4178.803505972581,-1504.8907817822494
1961182.862161,-4178.803505972581,-1504.8907817822494
1961191.220781,-4179.51952349704,-1508.9918041110616
1961196.844886,-4179.985282465371,-1511.8313314644774
1961203.935216,-4179.985282465371,-1511.8313314644774
1961211.36092,-4179.985282465371,-1511.8313314644774
1961217.418027,-4179.985282465371,-1511.8313314644774
1961225.911026,-4179.985282465371,-1511.8313314644774
1961234.463188,-4179.985282465371,-1511.8313314644774
1961238.007207,-4179.985282465371,-1511.8313314644774
1961246.737888,-4179.985282465371,-1511.8313314644774
1961252.462189,-4179.985282465371,-1511.8313314644774
1961260.25475,-4179.985282465371,-1511.8313314644774
1961267.901763,-4179.985282465371,-1511.8313314644774
1961273.41801,-4179.985282465371,-1511.8313314644774
1961280.004136,-4179.985282465371,-1511.8313314644774
1961287.068693,-4179.985282465371,-1511.8313314644774
1961296.361629,-4179.985282465371,-1511.8313314644774
1961303.676418,-4179.985282465371,-1511.8313314644774
1961308.525818,-4179.985282465371,-1511.8313314644774
1961315.777926,-4175.4667252908985,-1513.1393760368048
1961322.475891,-4171.045490882419,-1509.4200606912968
1961329.486702,-4171.045490882419,-1509.4200606912968
1961338.86027,-4171.045490882419,-1509.4200606912968
1961343.425902,-4171.045490882419,-1509.4200606912968
1961350.799446,-4171.045490882419,-1509.4200606912968
1961357.036718,-4171.045490882419,-1509.4200606912968
1961367.05817,-4171.045490882419,-1509.4200606912968
1961374.027353,-4171.045490882419,-1509.4200606912968
1961378.444723,-4171.045490882419,-1509.4200606912968
1961385.481935,-4171.045490882419,-1509.4200606912968
1961394.590787,-4169.300632654713,-1510.8584442248318
1961401.221639,-4167.458451652271,-1509.6528088367888
1961406.506095,-4167.458451652271,-1509.6528088367888
1961413.544839,-4167.458451652271,-1509.6528088367888
1961420.100747,-4167.458451652271,-1509.6528088367888
1961427.120911,-4167.458451652271,-1509.6528088367888
1961434.100911,-4167.458451652271,-1509.6528088367888
1961443.843415,-4167.458451652271,-1509.6528088367888
1961448.468425,-4167.458451652271,-1509.6528088367888
1961455.443383,-4167.458451652271,-1509.6528088367888
1961462.496848,-4167.458451652271,-1509.6528088367888
1961472.757433,-4167.458451652271,-1509.6528088367888
1961476.062854,-4167.458451652271,-1509.6528088367888
1961483.058954,-4167.458451652271,-1509.6528088367888
1961491.219681,-4167.458451652271,-1509.6528088367888
1961497.746158,-4167.458451652271,-1509.6528088367888
1961505.368156,-4167.458451652271,-1509.6528088367888
1961511.517997,-4167.458451652271,-1509.6528088367888
1961518.446668,-4167.458451652271,-1509.6528088367888
1961525.439819,-4167.458451652271,-1509.6528088367888
1961532.800522,-4167.458451652271,-1509.6528088367888
1961540.326308,-4167.458451652271,-1509.6528088367888
1961546.398389,-4167.458451652271,-1509.6528088367888
1961553.802014,-4167.458451652271,-1509.6528088367888
1961560.43921,-4167.458451652271,-1509.6528088367888
1961568.003313,-4167.458451652271,-1509.6528088367888
1961580.332845,-4167.458451652271,-1509.6528088367888
1961581.943448,-4167.458451652271,-1509.6528088367888
1961588.516354,-4167.458451652271,-1509.6528088367888
1961595.056886,-4167.458451652271,-1509.6528088367888
1961602.033227,-4157.6983681439215,-1501.6183428296308
1961609.039209,-4157.6983681439215,-1501.6183428296308
1961616.015151,-4157.6983681439215,-1501.6183428296308
1961623.51314,-4157.6983681439215,-1501.6183428296308
1961630.033118,-4157.6983681439215,-1501.6183428296308
1961637.476116,-4150.7745482295595,-1497.177508161281
1961646.181097,-4150.7745482295595,-1497.177508161281
1961651.404762,-4150.7745482295595,-1497.177508161281
1961658.464594,-4150.7745482295595,-1497.177508161281
1961665.707276,-4150.7745482295595,-1497.177508161281
1961677.323028,-4150.7745482295595,-1497.177508161281
1961679.422338,-4151.344581596643,-1489.7621520798405
1961687.710376,-4153.1937142233255,-1488.132915019965
1961694.816466,-4153.1937142233255,-1488.132915019965
1961700.419895,-4153.1937142233255,-1488.132915019965
1961707.749488,-4153.1937142233255,-1488.132915019965
1961714.39937,-4153.1937142233255,-1488.132915019965
1961718.257083,-4155.202734263657,-1484.1994712301998
1961721.032298,-4157.747029535393,-1483.110209870695
1961728.033276,-4164.497058795927,-1481.0713360286531
1961735.000099,-4187.659878035407,-1498.7276108364285
1964139.709434,-4333.480757456206,-4198.885511058012
1964139.710001,-4333.480757456206,-4198.885511058012
1964146.84575,-4643.387649199738,-4177.229555894666
1964146.847258,-4643.387649199738,-4177.229555894666
1964160.704174,-4663.971414826795,-4135.861072955289
1964160.707966,-4663.971414826795,-4135.861072955289
1964167.754647,-4670.526798473943,-4091.969607688602
1964176.552626,-4685.90379595919,-3983.4861289832256
1964181.592345,-4696.929075343596,-3916.487505322119
1964190.760515,-4692.445276347225,-3889.0000529437234
1964194.957817,-4687.704267181761,-3879.3270761864287
1964202.409421,-4684.318825146375,-3866.311848336032
1964208.869796,-4694.071956910301,-3825.730031012475
1964215.95518,-4715.21880424943,-3739.1433758768803
1964223.392404,-4758.777694891824,-3740.7400225536558
1964229.885901,-4796.406848219269,-3736.168865020214
1964237.466,-4820.640217597392,-3687.115036011054
1964243.873815,-4817.783099180806,-3702.7091080813093
1964244.393293,-4823.33744861083,-3694.2789993172014
1964250.913874,-4814.919029131958,-3707.2942307022336
1964258.415225,-4815.030255152577,-3707.0009690544334
1964265.976748,-4815.030255152577,-3707.0009690544334
1964280.718981,-4815.030255152577,-3707.0009690544334
1964280.722559,-4815.030255152577,-3707.0009690544334
1964285.714842,-4815.030255152577,-3707.0009690544334
1964293.115316,-4815.030255152577,-3707.0009690544334
1964300.367388,-4815.030255152577,-3707.0009690544334
1964308.873317,-4815.030255152577,-3707.0009690544334
1964313.995237,-4815.030255152577,-3707.0009690544334
1964321.439762,-4815.030255152577,-3707.0009690544334
1964327.951462,-4815.030255152577,-3707.0009690544334
1964336.596444,-4815.030255152577,-3707.0009690544334
1964342.177521,-4815.030255152577,-3707.0009690544334
1964348.969999,-4815.030255152577,-3707.0009690544334
1964356.348384,-4815.030255152577,-3707.0009690544334
1964363.021983,-4815.030255152577,-3707.0009690544334
1964374.318305,-4815.030255152577,-3707.0009690544334
1964376.566137,-4815.030255152577,-3707.0009690544334
1964385.900197,-4815.030255152577,-3707.0009690544334
1964391.156264,-4815.030255152577,-3707.0009690544334
1964397.505726,-4815.030255152577,-3707.0009690544334
1964404.516528,-4815.030255152577,-3707.0009690544334
1964413.74729,-4815.030255152577,-3707.0009690544334
1964418.597317,-4801.203470387099,-3733.2362486626917
1964426.2179,-4793.021406200906,-3746.828692609625
1964433.805198,-4786.104537999086,-3745.3484196233867
1964443.772289,-4790.713466261901,-3751.018144454534
1964446.925816,-4790.713466261901,-3751.018144454534
1964453.922043,-4790.713466261901,-3751.018144454534
1964460.895678,-4790.713466261901,-3751.018144454534
1964468.258852,-4790.713466261901,-3751.018144454534
1964477.326684,-4790.713466261901,-3751.018144454534
1964481.492822,-4790.713466261901,-3751.018144454534
1964488.917879,-4790.713466261901,-3751.018144454534
1964496.73933,-4790.713466261901,-3751.018144454534
1964503.356685,-4790.713466261901,-3751.018144454534
1964515.477468,-4790.713466261901,-3751.018144454534
1964516.509778,-4790.713466261901,-3751.018144454534
1964523.459517,-4790.713466261901,-3751.018144454534
1964531.425116,-4790.713466261901,-3751.018144454534
1964537.872546,-4790.713466261901,-3751.018144454534
1964546.940349,-4790.713466261901,-3751.018144454534
1964552.024449,-4790.713466261901,-3751.018144454534
1964558.871676,-4790.713466261901,-3751.018144454534
1964566.152547,-4790.713466261901,-3751.018144454534
1964574.11126,-4790.713466261901,-3751.018144454534
1964579.882224,-4790.713466261901,-3751.018144454534
1964587.303175,-4790.713466261901,-3751.018144454534
1964593.851341,-4790.713466261901,-3751.018144454534
1964600.459194,-4790.713466261901,-3751.018144454534
1964609.43837,-4782.413224420893,-3750.319902481616
1964615.031588,-4776.3792127676925,-3747.135919083668
1964622.510595,-4776.3792127676925,-3747.135919083668
1964628.45119,-4776.3792127676925,-3747.135919083668
1964635.488945,-4776.3792127676925,-3747.135919083668
1964644.388789,-4776.3792127676925,-3747.135919083668
1964651.461151,-4776.3792127676925,-3747.135919083668
1964656.88181,-4776.3792127676925,-3747.135919083668
1964664.252633,-4776.3792127676925,-3747.135919083668
1964671.168572,-4776.3792127676925,-3747.135919083668
1964683.120198,-4776.3792127676925,-3747.135919083668
1964685.586675,-4776.3792127676925,-3747.135919083668
1964692.034319,-4776.3792127676925,-3747.135919083668
1964698.947366,-4776.3792127676925,-3747.135919083668
1964706.391224,-4776.3792127676925,-3747.135919083668
1964712.92179,-4776.3792127676925,-3747.135919083668
1964720.495872,-4776.3792127676925,-3747.135919083668
1964728.127293,-4776.3792127676925,-3747.135919083668
1964733.939237,-4776.3792127676925,-3747.135919083668
1964741.264492,-4776.3792127676925,-3747.135919083668
1964747.945137,-4776.3792127676925,-3747.135919083668
1964754.91971,-4776.3792127676925,-3747.135919083668
1964761.479199,-4776.3792127676925,-3747.135919083668
1964768.472868,-4776.3792127676925,-3747.135919083668
1964775.879283,-4776.3792127676925,-3747.135919083668
1964783.431331,-4776.3792127676925,-3747.135919083668
1964789.965851,-4776.3792127676925,-3747.135919083668
1964796.92647,-4776.3792127676925,-3747.135919083668
1964805.001836,-4776.3792127676925,-3747.135919083668
1964810.564238,-4776.3792127676925,-3747.135919083668
1964819.20151,-4776.3792127676925,-3747.135919083668
1964825.140442,-4776.3792127676925,-3747.135919083668
1964832.107099,-4776.3792127676925,-3747.135919083668
1964839.579331,-4776.3792127676925,-3747.135919083668
1964846.103104,-4776.3792127676925,-3747.135919083668
1964854.034548,-4776.3792127676925,-3747.135919083668
1964859.922115,-4776.3792127676925,-3747.135919083668
1964866.951026,-4776.3792127676925,-3747.135919083668
1964873.94059,-4776.3792127676925,-3747.135919083668
1964880.752372,-4776.3792127676925,-3747.135919083668
1964892.269697,-4776.3792127676925,-3747.135919083668
1964894.512196,-4776.3792127676925,-3747.135919083668
1964901.569661,-4776.3792127676925,-3747.135919083668
1964911.891022,-4768.593391268558,-3742.0946119962427
1964915.510294,-4768.593391268558,-3742.0946119962427
1964922.511155,-4768.593391268558,-3742.0946119962427
1964929.560744,-4768.593391268558,-3742.0946119962427
1964936.987825,-4768.593391268558,-3742.0946119962427
1964943.986355,-4768.593391268558,-3742.0946119962427
1964952.822352,-4768.593391268558,-3742.0946119962427
1964957.851501,-4768.593391268558,-3742.0946119962427
1964965.011259,-4768.593391268558,-3742.0946119962427
1964972.237825,-4760.307052678981,-3738.2682459305015
1964978.902224,-4760.307052678981,-3738.2682459305015
1964987.474001,-4760.307052678981,-3738.2682459305015
1964992.895427,-4758.485726580015,-3732.4449077387817
1964999.849898,-4758.485726580015,-3732.4449077387817
1965006.54954,-4756.650497225356,-3728.0366732833268
1965013.889113,-4758.812453018636,-3735.093572365502
1965020.942025,-4758.840259521766,-3736.2154144901237
1965027.895451,-4756.003995980302,-3730.91343030314
1965034.939212,-4755.948382965789,-3730.6527532902505
1965041.844494,-4755.948382965789,-3730.6527532902505
1965049.239418,-4755.948382965789,-3730.6527532902505
1965055.917221,-4755.948382965789,-3730.6527532902505
1965063.211834,-4755.948382965789,-3730.6527532902505
1965071.355827,-4752.3891502852075,-3725.830228570885
1965076.564367,-4746.661010186707,-3725.397318528838
1965084.128892,-4741.82962987763,-3729.456432014885
1965091.374223,-4734.516518975145,-3732.305259348607
1965098.518769,-4734.544325478291,-3732.2354351429144
1965105.715456,-4734.544325478291,-3732.2354351429144
1965113.103804,-4729.886735826918,-3734.0462093762217
1965119.072427,-4728.072361358593,-3733.743637850476
1965125.491462,-4728.072361358593,-3733.743637850476
1965135.343418,-4728.072361358593,-3733.743637850476
1965139.928318,-4728.072361358593,-3733.743637850476
1965147.344876,-4728.072361358593,-3733.743637850476
1965153.486986,-4728.072361358593,-3733.743637850476
1965160.977848,-4728.072361358593,-3733.743637850476
1965168.258161,-4728.072361358593,-3733.743637850476
1965174.957946,-4728.072361358593,-3733.743637850476
1965176.887266,-4728.072361358593,-3733.743637850476
1965181.926113,-4728.072361358593,-3733.743637850476
1965189.244471,-4728.072361358593,-3733.743637850476
1965195.948374,-4728.072361358593,-3733.743637850476
1965203.338135,-4728.072361358593,-3733.743637850476
1965210.047314,-4723.5677074861605,-3732.71954959628
1965217.846529,-4701.308599942274,-3743.4492014366238
1965223.565628,-4695.135555745105,-3781.5964871283422
1966814.955412,-2549.259101561866,-4377.288161624303
1966814.956966,-2549.259101561866,-4377.288161624303
1966824.281974,-2488.8770000469694,-4334.045268307174
1966824.283251,-2488.8770000469694,-4334.045268307174
1966840.473146,-2488.8770000469694,-4334.045268307174
1966840.482531,-2488.8770000469694,-4334.045268307174
1966850.229281,-2508.883781451793,-4335.683807954165
1966854.447959,-2553.3324820222797,-4239.875780490143
1966861.449025,-2570.8783875848644,-4197.781130485534
1966869.299281,-2582.1469743187017,-4165.918043444666
1966876.301408,-2575.1744928300027,-4135.45609285417
1966885.256787,-2578.101127636763,-4082.0313022108794
1966891.289374,-2582.9950727675537,-4049.1301568060285
1966898.43695,-2608.4310745232638,-4025.631997572436
1966904.933051,-2673.0672986898057,-3982.4899708000366
1966911.798053,-2727.5889061080734,-3952.1769696685774
1966918.356917,-2774.936434838375,-3953.71310151383
1966927.201212,-2844.070361258845,-3912.6332106351088
1966932.333122,-2893.009812402511,-3871.53935225896
1966940.581904,-2945.6266739635153,-3835.277325039892
1966946.328016,-3005.6122596544287,-3799.7926717712353
1966953.376945,-3033.689879360001,-3779.5017613030363
1966977.539772,-3052.952836572551,-3752.4984174290175
1966977.557573,-3072.090664499029,-3732.3564637534378
1968109.020869,-4818.706897292878,-3839.6587046235622
1968109.021512,-4818.706897292878,-3839.6587046235622
1968116.2307,-4791.0958057063435,-3752.9313274525657
1968116.231253,-4791.0958057063435,-3752.9313274525657
1968127.126117,-4791.0958057063435,-3752.9313274525657
1968127.157622,-4791.0958057063435,-3752.9313274525657
1968155.228027,-4791.0958057063435,-3752.9313274525657
1968155.22864,-4791.0958057063435,-3752.9313274525657
1968662.027417,-4704.661421262805,-3278.481649720961
1968662.028017,-4704.661421262805,-3278.481649720961
1968669.145493,-4704.661421262805,-3278.481649720961
1968669.14618,-4704.661421262805,-3278.481649720961
1968683.753491,-4778.63153969285,-3731.420819481538
1968683.762717,-4778.63153969285,-3731.420819481538
1968692.87348,-4778.63153969285,-3731.420819481538
1968694.771333,-4778.63153969285,-3731.420819481538
1968697.751411,-4778.63153969285,-3731.420819481538
1968704.715655,-4778.63153969285,-3731.420819481538
1968713.1119,-4778.63153969285,-3731.420819481538
1968719.311003,-4778.63153969285,-3731.420819481538
1968727.547654,-4778.63153969285,-3731.420819481538
1968733.306453,-4778.63153969285,-3731.420819481538
1968740.911172,-4778.63153969285,-3731.420819481538
1968748.235648,-4778.63153969285,-3731.420819481538
1968754.31708,-4778.63153969285,-3731.420819481538
1968761.996325,-4778.63153969285,-3731.420819481538
1968768.647007,-4778.63153969285,-3731.420819481538
1968775.709158,-4778.63153969285,-3731.420819481538
1968781.662186,-4778.63153969285,-3731.420819481538
1968787.442984,-4778.63153969285,-3731.420819481538
1968787.443619,-4778.63153969285,-3731.420819481538
1968791.107257,-4778.63153969285,-3731.420819481538
1968800.197189,-4778.63153969285,-3731.420819481538
1968805.855828,-4778.63153969285,-3731.420819481538
1968813.135934,-4778.63153969285,-3731.420819481538
1968821.008067,-4778.63153969285,-3731.420819481538
1968826.748017,-4778.63153969285,-3731.420819481538
1968835.439763,-4778.63153969285,-3731.420819481538
1968840.704075,-4778.63153969285,-3731.420819481538
1968848.982609,-4778.63153969285,-3731.420819481538
1968854.854342,-4778.63153969285,-3731.420819481538
1968861.724142,-4778.63153969285,-3731.420819481538
1968873.781423,-4778.63153969285,-3731.420819481538
1968875.977893,-4778.63153969285,-3731.420819481538
1968882.715707,-4778.63153969285,-3731.420819481538
1968889.673003,-4770.143603943197,-3731.979413075619
1968902.567673,-4770.143603943197,-3731.979413075619
1968903.757332,-4770.143603943197,-3731.979413075619
1968911.066262,-4770.143603943197,-3731.979413075619
1968917.769394,-4770.143603943197,-3731.979413075619
1968925.703316,-4769.893345398599,-3731.9561383519294
1968931.596109,-4759.757874198987,-3733.12918489773
1968938.740685,-4759.757874198987,-3733.12918489773
1968946.360196,-4759.757874198987,-3733.12918489773
1968952.564198,-4759.757874198987,-3733.12918489773
1968959.565106,-4759.757874198987,-3733.12918489773
1968967.089412,-4759.757874198987,-3733.12918489773
1968974.929125,-4759.757874198987,-3733.12918489773
1968980.671179,-4759.757874198987,-3733.12918489773
1968988.001506,-4759.757874198987,-3733.12918489773
1968994.529187,-4759.757874198987,-3733.12918489773
1969002.210706,-4759.757874198987,-3733.12918489773
1969012.5033,-4759.757874198987,-3733.12918489773
1969015.138716,-4759.757874198987,-3733.12918489773
1969023.985792,-4759.757874198987,-3733.12918489773
1969029.582369,-4759.757874198987,-3733.12918489773
1969036.108482,-4759.757874198987,-3733.12918489773
1969045.605807,-4759.757874198987,-3733.12918489773
1969050.604099,-4759.757874198987,-3733.12918489773
1969057.628573,-4755.00296178521,-3735.5451021797103
1969064.803823,-4739.667674091884,-3734.7165216884837
1969071.601256,-4734.627744995975,-3737.556039098
1969078.653204,-4734.627744995975,-3737.556039098
1969086.192607,-4734.627744995975,-3737.556039098
1969092.785964,-4733.063629064417,-3742.913882589036
1969100.318435,-4733.063629064417,-3742.913882589036
1969106.622286,-4733.063629064417,-3742.913882589036
1969113.754979,-4733.063629064417,-3742.913882589036
1969121.41598,-4733.063629064417,-3742.913882589036
1969130.529672,-4733.063629064417,-3742.913882589036
1969134.638415,-4733.063629064417,-3742.913882589036
1969142.280169,-4733.063629064417,-3742.913882589036
1969151.844462,-4733.063629064417,-3742.913882589036
1969155.173539,-4733.063629064417,-3742.913882589036
1969164.864069,-4733.063629064417,-3742.913882589036
1969169.622381,-4733.063629064417,-3742.913882589036
1969177.045443,-4733.063629064417,-3742.913882589036
1969185.067077,-4733.063629064417,-3742.913882589036
1969190.624332,-4733.063629064417,-3742.913882589036
1969199.235779,-4733.063629064417,-3742.913882589036
1969205.074491,-4733.063629064417,-3742.913882589036
1969211.158301,-4733.063629064417,-3742.913882589036
1969213.563119,-4733.063629064417,-3742.913882589036
1969218.151837,-4733.063629064417,-3742.913882589036
1969227.496289,-4733.063629064417,-3742.913882589036
1969232.702956,-4721.739429761939,-3739.967301428516
1969239.51883,-4696.727478181216,-3754.081099225393
1969246.861253,-4683.067532404647,-3789.756607856173
1969903.622756,-4181.127080034341,-666.7204187816898
1969903.623558,-4181.127080034341,-666.7204187816898
1969915.872478,-4079.360489876114,-1053.9829828607317
1969915.873131,-4079.360489876114,-1053.9829828607317
1970115.117967,-4158.977467411769,-1481.0015115866508
1970115.11863,-4158.977467411769,-1481.0015115866508
1970125.890457,-4158.977467411769,-1481.0015115866508
1970132.357724,-4158.977467411769,-1481.0015115866508
1970139.366625,-4158.977467411769,-1481.0015115866508
1970148.181895,-4158.977467411769,-1481.0015115866508
1970153.921631,-4158.977467411769,-1481.0015115866508
1970160.824257,-4158.977467411769,-1481.0015115866508
1970168.487018,-4158.977467411769,-1481.0015115866508
1970168.497518,-4158.977467411769,-1481.0015115866508
1970174.827416,-4158.977467411769,-1481.0015115866508
1970182.432053,-4158.977467411769,-1481.0015115866508
1970188.83372,-4158.977467411769,-1481.0015115866508
1970196.6533,-4158.977467411769,-1481.0015115866508
1970204.052183,-4158.977467411769,-1481.0015115866508
1970210.011835,-4158.977467411769,-1481.0015115866508
1970216.808525,-4158.977467411769,-1481.0015115866508
1970223.835035,-4158.977467411769,-1481.0015115866508
1970232.002662,-4158.977467411769,-1481.0015115866508
1970237.839714,-4158.977467411769,-1481.0015115866508
1970244.358331,-4158.977467411769,-1481.0015115866508
1970251.332815,-4158.977467411769,-1481.0015115866508
1970258.33525,-4158.977467411769,-1481.0015115866508
1970268.515414,-4158.977467411769,-1481.0015115866508
1970272.827566,-4158.977467411769,-1481.0015115866508
1970286.11803,-4158.977467411769,-1481.0015115866508
1970288.48185,-4158.977467411769,-1481.0015115866508
1970293.788311,-4158.977467411769,-1481.0015115866508
1970301.195786,-4164.907204749017,-1487.956026424527
1970308.833499,-4170.3711831255205,-1493.1183804292084
1970314.830433,-4170.3711831255205,-1493.1090704955116
1970322.25133,-4170.3711831255205,-1493.1090704955116
1970328.828288,-4170.3711831255205,-1493.1090704955116
1970336.336435,-4170.3711831255205,-1493.1090704955116
1970343.648393,-4170.3711831255205,-1493.1090704955116
1970349.828192,-4170.3711831255205,-1493.1090704955116
1970357.205644,-4170.3711831255205,-1493.1090704955116
1970363.326272,-4178.30298887698,-1500.3289180904292
1970370.333085,-4183.141320861653,-1504.1925373398376
1970377.34906,-4183.141320861653,-1504.1925373398376
1970385.643319,-4183.141320861653,-1504.1925373398376
1970391.985429,-4183.141320861653,-1504.1925373398376
1970398.831249,-4183.141320861653,-1504.1925373398376
1970405.848527,-4183.141320861653,-1504.1925373398376
1970413.56013,-4183.141320861653,-1504.1925373398376
1970420.093649,-4183.141320861653,-1504.1925373398376
1970426.821839,-4183.141320861653,-1504.1925373398376
1970434.179927,-4183.141320861653,-1504.1925373398376
1970440.833736,-4183.141320861653,-1504.1925373398376
1970450.406823,-4183.141320861653,-1504.1925373398376
1970454.804524,-4183.141320861653,-1504.1925373398376
1970462.76816,-4183.141320861653,-1504.1925373398376
1970469.177687,-4183.141320861653,-1504.1925373398376
1970478.607655,-4183.141320861653,-1504.1925373398376
1970482.783581,-4187.2080223230905,-1505.244558964533
1970489.332273,-4191.935128284707,-1507.1391288656505
1970497.995525,-4199.832175905382,-1514.7965428104737
1970503.804537,-4200.228418610785,-1515.4622025014828
1970511.279267,-4200.228418610785,-1515.4622025014828
1970518.617595,-4200.228418610785,-1515.4622025014828
1970524.917663,-4200.228418610785,-1515.4622025014828
1970533.103696,-4200.228418610785,-1515.4622025014828
1970538.759287,-4200.228418610785,-1515.4622025014828
1970545.799239,-4200.228418610785,-1515.4622025014828
1970553.180181,-4200.228418610785,-1515.4622025014828
1970559.791527,-4200.228418610785,-1515.4622025014828
1970567.095433,-4200.228418610785,-1515.4622025014828
1970574.197722,-4200.228418610785,-1515.4622025014828
1970583.608862,-4200.228418610785,-1515.4622025014828
1970587.776823,-4200.228418610785,-1515.4622025014828
1970595.468495,-4200.228418610785,-1515.4622025014828
1970601.733774,-4200.228418610785,-1515.4622025014828
1970608.638391,-4200.228418610785,-1515.4622025014828
1970617.945689,-4200.228418610785,-1515.4622025014828
1970622.757944,-4200.228418610785,-1515.4622025014828
1970629.71538,-4200.228418610785,-1515.4622025014828
1970636.73255,-4200.228418610785,-1515.4622025014828
1970643.995856,-4200.228418610785,-1515.4622025014828
1970653.028137,-4200.228418610785,-1515.4622025014828
1970657.751149,-4200.228418610785,-1515.4622025014828
1970665.084214,-4200.228418610785,-1515.4622025014828
1970672.436964,-4200.228418610785,-1515.4622025014828
1970679.169829,-4200.228418610785,-1515.4622025014828
1970686.120681,-4200.228418610785,-1515.4622025014828
1970692.727739,-4200.228418610785,-1515.4622025014828
1970699.802043,-4200.228418610785,-1515.4622025014828
1970707.88236,-4200.228418610785,-1515.4622025014828
1970713.775209,-4200.228418610785,-1515.4622025014828
1970720.952229,-4200.228418610785,-1515.4622025014828
1970727.838062,-4200.228418610785,-1515.4622025014828
1970734.346702,-4200.228418610785,-1515.4622025014828
1970741.376793,-4200.228418610785,-1515.4622025014828
1970749.439443,-4200.228418610785,-1515.4622025014828
1970755.756541,-4200.228418610785,-1515.4622025014828
1970764.293777,-4200.228418610785,-1515.4622025014828
1970769.752338,-4200.228418610785,-1515.4622025014828
1970777.266786,-4200.228418610785,-1515.4622025014828
1970784.381985,-4200.228418610785,-1515.4622025014828
1970790.767185,-4200.228418610785,-1515.4622025014828
1970798.112632,-4200.228418610785,-1515.4622025014828
1970805.139913,-4200.228418610785,-1515.4622025014828
1970811.737029,-4200.228418610785,-1515.4622025014828
1970818.870064,-4200.228418610785,-1515.4622025014828
1970830.350018,-4200.228418610785,-1515.4622025014828
1970832.760241,-4200.228418610785,-1515.4622025014828
1970840.179503,-4200.228418610785,-1515.4622025014828
1970847.838304,-4200.228418610785,-1515.4622025014828
1970853.35623,-4200.228418610785,-1515.4622025014828
1970863.005655,-4200.228418610785,-1515.4622025014828
1970868.429685,-4200.228418610785,-1515.4622025014828
1970875.456055,-4200.228418610785,-1515.4622025014828
1970882.645189,-4200.228418610785,-1515.4622025014828
1970888.784196,-4200.228418610785,-1515.4622025014828
1970896.228224,-4200.228418610785,-1515.4622025014828
1970903.703203,-4200.228418610785,-1515.4622025014828
1970909.800492,-4200.228418610785,-1515.4622025014828
1970917.132803,-4200.228418610785,-1515.4622025014828
1970924.785201,-4200.228418610785,-1515.4622025014828
1970930.776602,-4200.228418610785,-1515.4622025014828
1970938.76074,-4200.228418610785,-1515.4622025014828
1970944.779752,-4200.228418610785,-1515.4622025014828
1970952.179907,-4200.228418610785,-1515.4622025014828
1970959.2185,-4200.228418610785,-1515.4622025014828
1970965.784698,-4200.228418610785,-1515.4622025014828
1970973.489631,-4200.228418610785,-1515.4622025014828
1970979.858882,-4200.228418610785,-1515.4622025014828
1970986.41865,-4200.228418610785,-1515.4622025014828
1970995.29919,-4200.228418610785,-1515.4622025014828
1971000.797747,-4200.228418610785,-1515.4622025014828
1971007.81392,-4200.228418610785,-1515.4622025014828
1971015.26579,-4200.228418610785,-1515.4622025014828
1971021.804518,-4200.228418610785,-1515.4622025014828
1971030.49419,-4200.228418610785,-1515.4622025014828
1971036.114936,-4200.228418610785,-1515.4622025014828
1971045.087783,-4200.228418610785,-1515.4622025014828
1971049.799077,-4200.228418610785,-1515.4622025014828
1971057.215183,-4200.228418610785,-1515.4622025014828
1971063.804646,-4200.228418610785,-1515.4622025014828
1971071.404763,-4200.228418610785,-1515.4622025014828
1971081.141071,-4200.228418610785,-1515.4622025014828
1971084.777878,-4200.228418610785,-1515.4622025014828
1971092.310734,-4200.228418610785,-1515.4622025014828
1971098.43009,-4200.228418610785,-1515.4622025014828
1971105.389459,-4200.228418610785,-1515.4622025014828
1971114.276769,-4200.228418610785,-1515.4622025014828
1971119.812683,-4200.228418610785,-1515.4622025014828
1971127.354539,-4200.228418610785,-1515.4622025014828
1971134.370441,-4200.228418610785,-1515.4622025014828
1971140.819195,-4200.228418610785,-1515.4622025014828
1971148.220744,-4200.228418610785,-1515.4622025014828
1971155.758502,-4200.228418610785,-1515.4622025014828
1971162.345841,-4200.228418610785,-1515.4622025014828
1971169.695069,-4200.228418610785,-1515.4622025014828
1971176.367369,-4200.228418610785,-1515.4622025014828
1971182.770374,-4200.228418610785,-1515.4622025014828
1971190.114518,-4200.228418610785,-1515.4622025014828
1971196.775511,-4200.228418610785,-1515.4622025014828
1971204.203939,-4200.228418610785,-1515.4622025014828
1971211.476373,-4200.228418610785,-1515.4622025014828
1971217.363895,-4200.228418610785,-1515.4622025014828
1971224.35841,-4200.228418610785,-1515.4622025014828
1971232.321138,-4200.228418610785,-1515.4622025014828
1971238.356765,-4200.228418610785,-1515.4622025014828
1971247.396615,-4200.228418610785,-1515.4622025014828
1971252.728705,-4200.228418610785,-1515.4622025014828
1971260.053056,-4200.228418610785,-1515.4622025014828
1971267.734737,-4200.228418610785,-1515.4622025014828
1971273.750097,-4200.228418610785,-1515.4622025014828
1971281.692132,-4200.228418610785,-1515.4622025014828
1971292.68886,-4200.228418610785,-1515.4622025014828
1971295.052254,-4200.228418610785,-1515.4622025014828
1971301.332541,-4200.228418610785,-1515.4622025014828
1971308.333436,-4200.228418610785,-1515.4622025014828
1971315.357401,-4200.228418610785,-1515.4622025014828
1971325.551869,-4200.228418610785,-1515.4622025014828
1971329.357765,-4200.228418610785,-1515.4622025014828
1971336.336471,-4200.228418610785,-1515.4622025014828
1971345.928406,-4200.228418610785,-1515.4622025014828
1971350.737147,-4200.228418610785,-1515.4622025014828
1971358.208429,-4200.228418610785,-1515.4622025014828
1971365.409893,-4200.228418610785,-1515.4622025014828
1971373.707104,-4196.342459443736,-1521.7370923952446
1971378.784694,-4195.605587039969,-1522.8496285059502
1971386.7417,-4195.605587039969,-1522.8496285059502
1971392.792744,-4195.605587039969,-1522.8496285059502
1971399.780722,-4195.605587039969,-1522.8496285059502
1971406.736128,-4195.605587039969,-1522.8496285059502
1971414.052684,-4195.605587039969,-1522.8496285059502
1971421.376058,-4195.605587039969,-1522.8496285059502
1971427.333882,-4195.605587039969,-1522.8496285059502
1971435.536294,-4195.605587039969,-1522.8496285059502
1971442.738086,-4195.605587039969,-1522.8496285059502
1971448.804721,-4195.605587039969,-1522.8496285059502
1971456.118977,-4195.605587039969,-1522.8496285059502
1971462.366476,-4190.614319266712,-1526.5037742852433
1971469.356592,-4187.805862193082,-1527.0670247787593
1971478.016729,-4187.805862193082,-1527.0670247787593
1971484.487661,-4187.805862193082,-1527.0670247787593
1971490.900564,-4187.805862193082,-1527.0670247787593
1971497.860045,-4187.805862193082,-1527.0670247787593
1971504.8181,-4187.805862193082,-1527.0670247787593
1971515.994618,-4187.805862193082,-1527.0670247787593
1971518.809764,-4187.805862193082,-1527.0670247787593
1971525.836277,-4177.07950262487,-1523.9063050595903
1971533.219422,-4177.28109978955,-1524.1204333448072
1971539.84893,-4177.28109978955,-1524.1204333448072
1971546.808782,-4177.28109978955,-1524.1204333448072
1971558.942631,-4177.28109978955,-1524.1204333448072
1971561.343905,-4177.28109978955,-1524.1204333448072
1971567.809147,-4177.28109978955,-1524.1204333448072
1971575.238092,-4177.28109978955,-1524.1204333448072
1971581.367444,-4177.28109978955,-1524.1204333448072
1971594.398598,-4177.28109978955,-1524.1204333448072
1971595.586739,-4177.28109978955,-1524.1204333448072
1971602.371885,-4177.28109978955,-1524.1204333448072
1971611.004461,-4177.28109978955,-1524.1204333448072
1971616.800876,-4177.28109978955,-1524.1204333448072
1971623.830821,-4177.28109978955,-1524.1204333448072
1971631.364433,-4177.28109978955,-1524.1204333448072
1971637.794054,-4177.28109978955,-1524.1204333448072
1971645.221918,-4177.28109978955,-1524.1204333448072
1971651.81747,-4177.28109978955,-1524.1204333448072
1971658.823588,-4177.28109978955,-1524.1204333448072
1971666.927795,-4177.28109978955,-1524.1204333448072
1971674.204756,-4177.28109978955,-1524.1204333448072
1971679.353447,-4177.28109978955,-1524.1204333448072
1971689.110106,-4177.28109978955,-1524.1204333448072
1971695.624276,-4177.28109978955,-1524.1204333448072
1971700.335763,-4177.28109978955,-1524.1204333448072
1971709.588806,-4177.28109978955,-1524.1204333448072
1971715.041888,-4177.28109978955,-1524.1204333448072
1971721.934059,-4177.28109978955,-1524.1204333448072
1971730.319299,-4175.160853727929,-1522.0257000905528
1971735.780193,-4172.818155621802,-1519.6842537951247
1971742.35824,-4172.818155621802,-1519.6842537951247
1971750.374051,-4172.818155621802,-1519.6842537951247
1971756.775518,-4172.818155621802,-1519.6842537951247
1971765.705196,-4172.818155621802,-1519.6842537951247
1971770.781055,-4172.818155621802,-1519.6842537951247
1971777.886176,-4172.818155621802,-1519.6842537951247
1971795.494713,-4172.818155621802,-1519.6842537951247
1971795.495362,-4172.818155621802,-1519.6842537951247
1971800.120152,-4172.818155621802,-1519.6842537951247
1971805.687389,-4172.818155621802,-1519.6842537951247
1971812.687394,-4172.818155621802,-1519.6842537951247
1971823.767803,-4172.818155621802,-1519.6842537951247
1971826.68669,-4167.298564238739,-1515.2061795424493
1971833.687417,-4164.295461622794,-1512.925247747263
1971842.553561,-4164.295461622794,-1512.925247747263
1971848.130307,-4164.295461622794,-1512.925247747263
1971855.460876,-4164.295461622794,-1512.925247747263
1971862.456776,-4164.295461622794,-1512.925247747263
1971869.04341,-4164.295461622794,-1512.925247747263
1971876.085038,-4164.295461622794,-1512.925247747263
1971883.49031,-4164.295461622794,-1512.925247747263
1971890.149923,-4162.376812733601,-1511.2494611023797
1971898.376241,-4153.728989454712,-1503.83876015808
1971905.596592,-4153.728989454712,-1503.83876015808
1971911.068124,-4153.728989454712,-1503.83876015808
1971918.544705,-4153.728989454712,-1503.83876015808
1971925.275439,-4153.728989454712,-1503.83876015808
1971932.441852,-4146.130861774295,-1495.855498672596
1971938.762321,-4148.612592407327,-1490.6884897288044
1971945.716551,-4148.612592407327,-1490.6884897288044
1971954.269968,-4148.612592407327,-1490.6884897288044
1971960.168534,-4148.612592407327,-1490.6884897288044
1971967.27675,-4148.612592407327,-1490.6884897288044
1971974.409907,-4148.612592407327,-1490.6884897288044
1971981.835544,-4148.612592407327,-1490.6884897288044
1971988.171834,-4148.612592407327,-1490.6884897288044
1971995.718116,-4148.612592407327,-1490.6884897288044
1972002.259537,-4148.612592407327,-1490.6884897288044
1972009.150376,-4148.612592407327,-1490.6884897288044
1972016.778212,-4148.612592407327,-1490.6884897288044
1972022.660798,-4148.612592407327,-1490.6884897288044
1972031.469113,-4152.1509702556405,-1486.8667650712594
1972037.373968,-4152.053647489334,-1487.062273511975
1972044.555422,-4152.053647489334,-1487.062273511975
1972051.070258,-4152.053647489334,-1487.062273511975
1972058.071858,-4152.053647489334,-1487.062273511975
1972064.734037,-4152.053647489334,-1487.062273511975
1972071.687762,-4152.053647489334,-1487.062273511975
1972081.121061,-4152.053647489334,-1487.062273511975
1972086.084998,-4152.053647489334,-1487.062273511975
1972093.098374,-4152.053647489334,-1487.062273511975
1972100.437448,-4152.053647489334,-1487.062273511975
1972107.559417,-4152.053647489334,-1487.062273511975
1972114.087746,-4152.053647489334,-1487.062273511975
1972121.055618,-4152.053647489334,-1487.062273511975
1972128.44064,-4152.053647489334,-1487.062273511975
1972136.952667,-4152.053647489334,-1487.062273511975
1972142.072766,-4152.053647489334,-1487.062273511975
1972149.451359,-4152.053647489334,-1487.062273511975
1972156.079072,-4152.053647489334,-1487.062273511975
1972163.045881,-4152.053647489334,-1487.062273511975
1972170.396314,-4152.053647489334,-1487.062273511975
1972177.087675,-4152.053647489334,-1487.062273511975
1972184.492846,-4152.053647489334,-1487.062273511975
1972191.774244,-4152.053647489334,-1487.062273511975
1972197.696735,-4152.053647489334,-1487.062273511975
1972206.132863,-4152.053647489334,-1487.062273511975
1972213.258183,-4152.053647489334,-1487.062273511975
1972219.176989,-4152.053647489334,-1487.062273511975
1972226.487685,-4152.053647489334,-1487.062273511975
1972233.063468,-4152.053647489334,-1487.062273511975
1972240.512756,-4152.053647489334,-1487.062273511975
1972247.60956,-4152.053647489334,-1487.062273511975
1972253.742685,-4152.053647489334,-1487.062273511975
1972254.131535,-4152.053647489334,-1487.062273511975
1972261.09813,-4154.632700896762,-1483.1241747532856
1972268.447302,-4162.9607493565,-1477.812861847846
1972275.154096,-4170.392038005238,-1482.7843624547268
2033940.83213,-4159.283338974987,-1512.7437041878652
2033940.83271,-4159.283338974987,-1512.7437041878652
2033947.30876,-4159.283338974987,-1512.7437041878652
2033947.309378,-4159.283338974987,-1512.7437041878652
2033960.108681,-4159.283338974987,-1512.7437041878652
2033960.117642,-4159.283338974987,-1512.7437041878652
2033967.126517,-4159.283338974987,-1512.7437041878652
2033974.245651,-4159.283338974987,-1512.7437041878652
2033981.115798,-4159.283338974987,-1512.7437041878652
2033988.206508,-4159.283338974987,-1512.7437041878652
2033995.270311,-4159.283338974987,-1512.7437041878652
2034003.232526,-4159.283338974987,-1512.7437041878652
2034009.759198,-4159.283338974987,-1512.7437041878652
2034016.177025,-4159.283338974987,-1512.7437041878652
2034023.176779,-4159.283338974987,-1512.7437041878652
2034030.214917,-4159.283338974987,-1512.7437041878652
2034037.206317,-4159.283338974987,-1512.7437041878652
2034045.439113,-4159.283338974987,-1512.7437041878652
2034051.599054,-4159.283338974987,-1512.7437041878652
2034059.084082,-4159.283338974987,-1512.7437041878652
2034066.619025,-4159.283338974987,-1512.7437041878652
2034072.580417,-4159.283338974987,-1512.7437041878652
2034080.013614,-4159.283338974987,-1512.7437041878652
2034086.626171,-4159.283338974987,-1512.7437041878652
2034093.649005,-4159.283338974987,-1512.7437041878652
2034100.192859,-4159.283338974987,-1512.7437041878652
2034107.177056,-4159.283338974987,-1512.7437041878652
2034114.197229,-4159.283338974987,-1512.7437041878652
2034121.199215,-4159.283338974987,-1512.7437041878652
2034128.195534,-4159.283338974987,-1512.7437041878652
2034135.196982,-4159.283338974987,-1512.7437041878652
2034145.357662,-4159.283338974987,-1512.7437041878652
2034149.596938,-4159.283338974987,-1512.7437041878652
2034156.657632,-4159.283338974987,-1512.7437041878652
2034163.613713,-4159.283338974987,-1512.7437041878652
2034164.657574,-4159.283338974987,-1512.7437041878652
2034170.709573,-4159.283338974987,-1512.7437041878652
2034177.692206,-4159.283338974987,-1512.7437041878652
2034184.663066,-4159.283338974987,-1512.7437041878652
2034192.019093,-4159.283338974987,-1512.7437041878652
2034198.601865,-4159.283338974987,-1512.7437041878652
2034205.62332,-4159.283338974987,-1512.7437041878652
2034212.616843,-4159.283338974987,-1512.7437041878652
2034220.573807,-4159.283338974987,-1512.7437041878652
2034226.595323,-4159.283338974987,-1512.7437041878652
2034233.957967,-4159.283338974987,-1512.7437041878652
2034240.615089,-4159.283338974987,-1512.7437041878652
2034247.89407,-4159.283338974987,-1512.7437041878652
2034254.673635,-4159.283338974987,-1512.7437041878652
2034261.65511,-4159.283338974987,-1512.7437041878652
2034269.939285,-4159.283338974987,-1512.7437041878652
2034275.579468,-4159.283338974987,-1512.7437041878652
2034282.19805,-4159.283338974987,-1512.7437041878652
2034291.25626,-4159.283338974987,-1512.7437041878652
2034296.59675,-4159.283338974987,-1512.7437041878652
2034303.621683,-4159.283338974987,-1512.7437041878652
2034311.037469,-4159.283338974987,-1512.7437041878652
2034317.595067,-4159.283338974987,-1512.7437041878652
2034324.915944,-4159.283338974987,-1512.7437041878652
2034332.037094,-4159.283338974987,-1512.7437041878652
2034338.596987,-4159.283338974987,-1512.7437041878652
2034345.933662,-4159.283338974987,-1512.7437041878652
2034353.137659,-4159.283338974987,-1512.7437041878652
2034359.59283,-4159.283338974987,-1512.7437041878652
2034367.059531,-4159.283338974987,-1512.7437041878652
2034374.572401,-4159.283338974987,-1512.7437041878652
2034380.623561,-4159.283338974987,-1512.7437041878652
2034388.008918,-4159.283338974987,-1512.7437041878652
2034394.620723,-4159.283338974987,-1512.7437041878652
2034401.89782,-4159.283338974987,-1512.7437041878652
2034408.99927,-4159.283338974987,-1512.7437041878652
2034415.597693,-4159.283338974987,-1512.7437041878652
2034423.072343,-4159.283338974987,-1512.7437041878652
2034430.27914,-4159.283338974987,-1512.7437041878652
2034436.617946,-4159.283338974987,-1512.7437041878652
2034444.02039,-4159.283338974987,-1512.7437041878652
2034451.576054,-4159.283338974987,-1512.7437041878652
2034457.576694,-4159.283338974987,-1512.7437041878652
2034464.98515,-4159.283338974987,-1512.7437041878652
2034471.596361,-4159.283338974987,-1512.7437041878652
2034478.953606,-4159.283338974987,-1512.7437041878652
2034486.098192,-4159.283338974987,-1512.7437041878652
2034492.57224,-4159.283338974987,-1512.7437041878652
2034499.99773,-4159.283338974987,-1512.7437041878652
2034506.199465,-4159.283338974987,-1512.7437041878652
2034513.25536,-4159.283338974987,-1512.7437041878652
2034521.795156,-4159.283338974987,-1512.7437041878652
2034527.63963,-4159.283338974987,-1512.7437041878652
2034534.598649,-4159.283338974987,-1512.7437041878652
2034541.955397,-4159.283338974987,-1512.7437041878652
2034548.61784,-4159.283338974987,-1512.7437041878652
2034555.892486,-4159.283338974987,-1512.7437041878652
2034563.035219,-4159.283338974987,-1512.7437041878652
2034569.620264,-4159.283338974987,-1512.7437041878652
2034576.992716,-4159.283338974987,-1512.7437041878652
2034584.235135,-4159.283338974987,-1512.7437041878652
2034590.623852,-4159.283338974987,-1512.7437041878652
2034598.133715,-4159.283338974987,-1512.7437041878652
2034605.617707,-4159.283338974987,-1512.7437041878652
2034611.611342,-4159.283338974987,-1512.7437041878652
2034619.055248,-4159.283338974987,-1512.7437041878652
2034625.579555,-4159.283338974987,-1512.7437041878652
2034632.875592,-4159.283338974987,-1512.7437041878652
2034639.988561,-4159.283338974987,-1512.7437041878652
2034646.596802,-4159.283338974987,-1512.7437041878652
2034653.941136,-4159.283338974987,-1512.7437041878652
2034661.137755,-4159.283338974987,-1512.7437041878652
2034667.599206,-4159.283338974987,-1512.7437041878652
2034675.084547,-4159.283338974987,-1512.7437041878652
2034682.5126,-4159.283338974987,-1512.7437041878652
2034688.601458,-4159.283338974987,-1512.7437041878652
2034696.017839,-4159.283338974987,-1512.7437041878652
2034702.616425,-4159.283338974987,-1512.7437041878652
2034709.873712,-4159.283338974987,-1512.7437041878652
2034716.973619,-4159.283338974987,-1512.7437041878652
2034723.619393,-4159.283338974987,-1512.7437041878652
2034731.019182,-4159.283338974987,-1512.7437041878652
2034738.25558,-4159.283338974987,-1512.7437041878652
2034744.570301,-4159.283338974987,-1512.7437041878652
2034751.967136,-4159.283338974987,-1512.7437041878652
2034759.488555,-4159.283338974987,-1512.7437041878652
2034765.595126,-4159.283338974987,-1512.7437041878652
2034772.636812,-4159.283338974987,-1512.7437041878652
2034779.716621,-4159.283338974987,-1512.7437041878652
2034787.058984,-4159.283338974987,-1512.7437041878652
2034794.059653,-4159.283338974987,-1512.7437041878652
2034800.57829,-4159.283338974987,-1512.7437041878652
2034808.019904,-4159.283338974987,-1512.7437041878652
2034815.261869,-4159.283338974987,-1512.7437041878652
2034821.573897,-4159.283338974987,-1512.7437041878652
2034828.972474,-4159.283338974987,-1512.7437041878652
2034836.564559,-4159.283338974987,-1512.7437041878652
2034842.572748,-4159.283338974987,-1512.7437041878652
2034849.887766,-4159.283338974987,-1512.7437041878652
2034856.575321,-4159.283338974987,-1512.7437041878652
2034863.809677,-4159.283338974987,-1512.7437041878652
2034871.007309,-4159.283338974987,-1512.7437041878652
2034877.606889,-4159.283338974987,-1512.7437041878652
2034884.929952,-4159.283338974987,-1512.7437041878652
2034892.092365,-4159.283338974987,-1512.7437041878652
2034898.555074,-4159.283338974987,-1512.7437041878652
2034905.897213,-4159.283338974987,-1512.7437041878652
2034913.43569,-4159.283338974987,-1512.7437041878652
2034919.572817,-4159.283338974987,-1512.7437041878652
2034927.031168,-4159.283338974987,-1512.7437041878652
2034933.591209,-4159.283338974987,-1512.7437041878652
2034940.852545,-4159.283338974987,-1512.7437041878652
2034947.96726,-4159.283338974987,-1512.7437041878652
2034954.587508,-4159.283338974987,-1512.7437041878652
2034961.911829,-4159.283338974987,-1512.7437041878652
2034969.08705,-4159.283338974987,-1512.7437041878652
2034975.589751,-4159.283338974987,-1512.7437041878652
2034983.012646,-4159.283338974987,-1512.7437041878652
2034990.628377,-4159.283338974987,-1512.7437041878652
2034996.588371,-4159.283338974987,-1512.7437041878652
2035003.9717,-4159.283338974987,-1512.7437041878652
2035010.588371,-4159.283338974987,-1512.7437041878652
2035017.833854,-4159.283338974987,-1512.7437041878652
2035024.969342,-4159.283338974987,-1512.7437041878652
2035031.614438,-4159.283338974987,-1512.7437041878652
2035039.153706,-4159.283338974987,-1512.7437041878652
2035046.329147,-4159.283338974987,-1512.7437041878652
2035052.652221,-4159.283338974987,-1512.7437041878652
2035059.975516,-4159.283338974987,-1512.7437041878652
2035067.552746,-4159.283338974987,-1512.7437041878652
2035073.567694,-4159.283338974987,-1512.7437041878652
2035080.948766,-4159.283338974987,-1512.7437041878652
2035087.577133,-4159.283338974987,-1512.7437041878652
2035094.819179,-4159.283338974987,-1512.7437041878652
2035101.968744,-4159.283338974987,-1512.7437041878652
2035108.576369,-4159.283338974987,-1512.7437041878652
2035115.973789,-4159.283338974987,-1512.7437041878652
2035123.111604,-4159.283338974987,-1512.7437041878652
2035129.57527,-4159.283338974987,-1512.7437041878652
2035136.95376,-4159.283338974987,-1512.7437041878652
2035144.514302,-4159.283338974987,-1512.7437041878652
2035150.589958,-4159.283338974987,-1512.7437041878652
2035157.900556,-4159.283338974987,-1512.7437041878652
2035164.577036,-4159.283338974987,-1512.7437041878652
2035171.832451,-4159.283338974987,-1512.7437041878652
2035179.052598,-4159.283338974987,-1512.7437041878652
2035185.571208,-4159.283338974987,-1512.7437041878652
2035192.935273,-4159.283338974987,-1512.7437041878652
2035200.095109,-4159.283338974987,-1512.7437041878652
2035206.573798,-4159.283338974987,-1512.7437041878652
2035213.890194,-4159.283338974987,-1512.7437041878652
2035221.477797,-4159.283338974987,-1512.7437041878652
2035227.571279,-4159.283338974987,-1512.7437041878652
2035235.028382,-4159.283338974987,-1512.7437041878652
2035241.595192,-4159.283338974987,-1512.7437041878652
2035248.833713,-4159.283338974987,-1512.7437041878652
2035255.968657,-4159.283338974987,-1512.7437041878652
2035262.575316,-4159.283338974987,-1512.7437041878652
2035269.913891,-4159.283338974987,-1512.7437041878652
2035276.676486,-4159.283338974987,-1512.7437041878652
2035283.574625,-4159.283338974987,-1512.7437041878652
2035291.091843,-4159.283338974987,-1512.7437041878652
2035298.514815,-4159.283338974987,-1512.7437041878652
2035304.573442,-4159.283338974987,-1512.7437041878652
2035311.992988,-4159.283338974987,-1512.7437041878652
2035318.566198,-4159.283338974987,-1512.7437041878652
2035325.791218,-4159.283338974987,-1512.7437041878652
2035332.932422,-4159.283338974987,-1512.7437041878652
2035339.572323,-4159.283338974987,-1512.7437041878652
2035347.017818,-4159.283338974987,-1512.7437041878652
2035354.196492,-4159.283338974987,-1512.7437041878652
2035360.610218,-4159.283338974987,-1512.7437041878652
2035367.969225,-4159.283338974987,-1512.7437041878652
2035375.509896,-4159.283338974987,-1512.7437041878652
2035381.600487,-4159.283338974987,-1512.7437041878652
2035389.083609,-4159.227725959741,-1510.1741646827613
2035395.649097,-4152.4290353154,-1504.788372592034
2035402.975526,-4152.4290353154,-1504.788372592034
2035410.184538,-4144.66406859725,-1501.1109518713733
2035416.197895,-4143.16251728448,-1494.9338160037692
2035425.271113,-4143.176420540285,-1494.9896755610198
2035430.616916,-4143.176420540285,-1494.9896755610198
2035437.600515,-4143.176420540285,-1494.9896755610198
2035444.187941,-4143.176420540285,-1494.9896755610198
2035453.431879,-4143.176420540285,-1494.9896755610198
2035458.579418,-4143.176420540285,-1494.9896755610198
2035465.953048,-4143.176420540285,-1494.9896755610198
2035472.589932,-4143.176420540285,-1494.9896755610198
2035479.935185,-4143.176420540285,-1494.9896755610198
2035486.597712,-4143.176420540285,-1494.9896755610198
2035493.563285,-4143.176420540285,-1494.9896755610198
2035500.951423,-4143.176420540285,-1494.9896755610198
2035508.107719,-4143.176420540285,-1494.9896755610198
2035514.56882,-4143.176420540285,-1494.9896755610198
2035521.913711,-4143.176420540285,-1494.9896755610198
2035529.473651,-4143.176420540285,-1494.9896755610198
2035535.203109,-4143.176420540285,-1494.9896755610198
2035544.299207,-4143.176420540285,-1494.9896755610198
2035549.636145,-4143.176420540285,-1494.9896755610198
2035556.935468,-4143.176420540285,-1494.9896755610198
2035563.987555,-4143.176420540285,-1494.9896755610198
2035570.577975,-4143.176420540285,-1494.9896755610198
2035577.92973,-4143.176420540285,-1494.9896755610198
2035585.133772,-4143.176420540285,-1494.9896755610198
2035591.571795,-4143.176420540285,-1494.9896755610198
2035599.056083,-4143.176420540285,-1494.9896755610198
2035606.473726,-4143.176420540285,-1494.9896755610198
2035612.569626,-4143.176420540285,-1494.9896755610198
2035619.992921,-4143.176420540285,-1494.9896755610198
2035626.588431,-4143.176420540285,-1494.9896755610198
2035633.891769,-4143.176420540285,-1494.9896755610198
2035640.935307,-4143.176420540285,-1494.9896755610198
2035647.587486,-4143.176420540285,-1494.9896755610198
2035654.288388,-4143.176420540285,-1494.9896755610198
2035663.380397,-4143.176420540285,-1494.9896755610198
2035668.58851,-4143.176420540285,-1494.9896755610198
2035675.973724,-4143.176420540285,-1494.9896755610198
2035682.572565,-4143.176420540285,-1494.9896755610198
2035689.57777,-4143.176420540285,-1494.9896755610198
2035697.074116,-4143.176420540285,-1494.9896755610198
2035703.572873,-4143.176420540285,-1494.9896755610198
2035710.85515,-4143.176420540285,-1494.9896755610198
2035717.908485,-4143.176420540285,-1494.9896755610198
2035724.5952,-4143.176420540285,-1494.9896755610198
2035731.992579,-4143.176420540285,-1494.9896755610198
2035739.195069,-4143.176420540285,-1494.9896755610198
2035745.638333,-4143.176420540285,-1494.9896755610198
2035752.999214,-4143.176420540285,-1494.9896755610198
2035760.617775,-4143.176420540285,-1494.9896755610198
2035766.58052,-4143.176420540285,-1494.9896755610198
2035773.915435,-4143.176420540285,-1494.9896755610198
2035780.177097,-4143.176420540285,-1494.9896755610198
2035789.072637,-4143.176420540285,-1494.9896755610198
2035794.635184,-4143.176420540285,-1494.9896755610198
2035801.587398,-4143.176420540285,-1494.9896755610198
2035808.932464,-4142.14062820456,-1490.1531689822596
2035816.132308,-4142.641145308783,-1490.041449866079
2035822.579294,-4142.641145308783,-1490.041449866079
2035829.957775,-4142.641145308783,-1490.041449866079
2035837.656814,-4140.7503029139925,-1484.7022072420318
2035843.693861,-4142.404790008426,-1489.2407962272673
2035850.579459,-4142.404790008426,-1489.2407962272673
2035857.55381,-4146.527104480137,-1503.6758364506884
2035864.873774,-4145.5747316548495,-1498.6484764617103
2035873.052625,-4145.5747316548495,-1498.6484764617103
2035878.597944,-4145.5747316548495,-1498.6484764617103
2035885.217021,-4145.5747316548495,-1498.6484764617103
2035893.763351,-4145.5747316548495,-1498.6484764617103
2035899.197081,-4145.5747316548495,-1498.6484764617103
2035906.187641,-4145.5747316548495,-1498.6484764617103
2035915.515726,-4145.5747316548495,-1498.6484764617103
2035920.59363,-4145.5747316548495,-1498.6484764617103
2035928.013872,-4145.5747316548495,-1498.6484764617103
2035934.548846,-4145.5747316548495,-1498.6484764617103
2035941.800436,-4145.5747316548495,-1498.6484764617103
2035948.955667,-4145.5747316548495,-1498.6484764617103
2035955.600311,-4145.5747316548495,-1498.6484764617103
2035963.059078,-4145.5747316548495,-1498.6484764617103
2035970.227199,-4145.5747316548495,-1498.6484764617103
2035976.55263,-4145.5747316548495,-1498.6484764617103
2035983.972508,-4145.5747316548495,-1498.6484764617103
2035991.627334,-4145.5747316548495,-1498.6484764617103
2035997.57794,-4145.5747316548495,-1498.6484764617103
2036004.9553,-4145.5747316548495,-1498.6484764617103
2036011.572639,-4145.5747316548495,-1498.6484764617103
2036018.79779,-4145.5747316548495,-1498.6484764617103
2036028.19923,-4145.5747316548495,-1498.6484764617103
2036032.587115,-4145.5747316548495,-1498.6484764617103
2036039.993766,-4145.5747316548495,-1498.6484764617103
2036047.61371,-4145.5747316548495,-1498.6484764617103
2036053.577882,-4145.5747316548495,-1498.6484764617103
2036061.775475,-4145.5747316548495,-1498.6484764617103
2036069.057798,-4145.5747316548495,-1498.6484764617103
2036074.617863,-4145.5747316548495,-1498.6484764617103
2036081.661786,-4148.807237948349,-1492.8437376045833
2036088.554482,-4148.807237948349,-1492.8344276818416
2036095.567135,-4148.807237948349,-1492.8344276818416
2036102.546203,-4148.807237948349,-1492.8344276818416
2036109.606001,-4152.3595190524475,-1487.9793012422185
2036117.723464,-4152.901745916017,-1487.6767286362372
2036123.629121,-4152.901745916017,-1487.6767286362372
2036130.649769,-4152.901745916017,-1487.6767286362372
2036138.031189,-4152.901745916017,-1487.6767286362372
2036145.72838,-4152.901745916017,-1487.6767286362372
2036151.688495,-4152.901745916017,-1487.6767286362372
2036159.148648,-4152.901745916017,-1487.6767286362372
2036165.647163,-4152.901745916017,-1487.6767286362372
2036173.095048,-4152.901745916017,-1487.6767286362372
2036180.273932,-4152.901745916017,-1487.6767286362372
2036186.676289,-4152.901745916017,-1487.6767286362372
2036194.027101,-4152.901745916017,-1487.6767286362372
2036201.413737,-4152.901745916017,-1487.6767286362372
2036207.651085,-4152.901745916017,-1487.6767286362372
2036215.129984,-4152.901745916017,-1487.6767286362372
2036222.751149,-4152.901745916017,-1487.6767286362372
2036228.62607,-4152.901745916017,-1487.6767286362372
2036236.082002,-4152.901745916017,-1487.6767286362372
2036242.648568,-4152.901745916017,-1487.6767286362372
2036250.095202,-4152.901745916017,-1487.6767286362372
2036257.333622,-4152.901745916017,-1487.6767286362372
2036263.644523,-4152.901745916017,-1487.6767286362372
2036270.984323,-4152.901745916017,-1487.6767286362372
2036278.347224,-4152.901745916017,-1487.6767286362372
2036284.624631,-4152.901745916017,-1487.6767286362372
2036292.144421,-4152.901745916017,-1487.6767286362372
2036299.677795,-4152.901745916017,-1487.6767286362372
2036305.628347,-4152.901745916017,-1487.6767286362372
2036313.119662,-4152.901745916017,-1487.6767286362372
2036319.623655,-4152.901745916017,-1487.6767286362372
2036327.143215,-4152.901745916017,-1487.6767286362372
2036333.639447,-4152.901745916017,-1487.6767286362372
2036340.626138,-4152.901745916017,-1487.6767286362372
2036348.113948,-4152.901745916017,-1487.6767286362372
2036355.509784,-4152.901745916017,-1487.6767286362372
2036361.629081,-4152.901745916017,-1487.6767286362372
2036369.550488,-4152.901745916017,-1487.6767286362372
2036375.67241,-4152.901745916017,-1487.6767286362372
2036382.623293,-4152.901745916017,-1487.6767286362372
2036390.416486,-4152.901745916017,-1487.6767286362372
2036396.627399,-4152.901745916017,-1487.6767286362372
2036404.063162,-4152.901745916017,-1487.6767286362372
2036410.669768,-4152.901745916017,-1487.6767286362372
2036417.625294,-4152.901745916017,-1487.6767286362372
2036425.051544,-4152.901745916017,-1487.6767286362372
2036432.340448,-4152.901745916017,-1487.6767286362372
2036438.625735,-4152.901745916017,-1487.6767286362372
2036446.004531,-4152.901745916017,-1487.6767286362372
2036454.517916,-4152.901745916017,-1487.6767286362372
2036459.648599,-4152.901745916017,-1487.6767286362372
2036466.964983,-4152.901745916017,-1487.6767286362372
2036473.641752,-4152.901745916017,-1487.6767286362372
2036481.129707,-4152.901745916017,-1487.6767286362372
2036488.304574,-4152.901745916017,-1487.6767286362372
2036494.649776,-4152.901745916017,-1487.6767286362372
2036502.004498,-4152.901745916017,-1487.6767286362372
2036509.387286,-4152.901745916017,-1487.6767286362372
2036515.896449,-4152.901745916017,-1487.6767286362372
2036523.817774,-4152.901745916017,-1487.6767286362372
2036529.619215,-4152.901745916017,-1487.6767286362372
2036536.608718,-4152.901745916017,-1487.6767286362372
2036543.96317,-4157.246512431326,-1483.9713780356144
2036550.644549,-4157.23260917538,-1483.9946528537046
2036557.868845,-4157.23260917538,-1483.9946528537046
2036565.253738,-4157.23260917538,-1483.9946528537046
2036571.551827,-4157.23260917538,-1483.9946528537046
2036578.853773,-4157.23260917538,-1483.9946528537046
2036585.548471,-4157.23260917538,-1483.9946528537046
2036592.555147,-4157.23260917538,-1483.9946528537046
2036599.947139,-4157.23260917538,-1483.9946528537046
2036607.452257,-4157.23260917538,-1483.9946528537046
2036613.555198,-4157.23260917538,-1483.9946528537046
2036620.933874,-4157.23260917538,-1483.9946528537046
2036627.548888,-4157.23260917538,-1483.9946528537046
2036634.772365,-4157.23260917538,-1483.9946528537046
2036641.993118,-4157.23260917538,-1483.9946528537046
2036648.547514,-4157.23260917538,-1483.9946528537046
2036655.94471,-4157.23260917538,-1483.9946528537046
2036663.048642,-4157.23260917538,-1483.9946528537046
2036669.52596,-4157.23260917538,-1483.9946528537046
2036676.541728,-4157.23260917538,-1483.9946528537046
2036684.36576,-4157.23260917538,-1483.9946528537046
2036690.541734,-4157.23260917538,-1483.9946528537046
2036697.970035,-4157.23260917538,-1483.9946528537046
2036704.521992,-4157.23260917538,-1483.9946528537046
2036711.743083,-4157.23260917538,-1483.9946528537046
2036719.005814,-4157.23260917538,-1483.9946528537046
2036725.527142,-4157.23260917538,-1483.9946528537046
2036732.943478,-4157.23260917538,-1483.9946528537046
2036740.043124,-4157.23260917538,-1483.9946528537046
2036746.581761,-4157.23260917538,-1483.9946528537046
2036754.907361,-4157.23260917538,-1483.9946528537046
2036760.523275,-4157.23260917538,-1483.9946528537046
2036767.544602,-4157.23260917538,-1483.9946528537046
2036774.847142,-4157.23260917538,-1483.9946528537046
2036781.524412,-4157.23260917538,-1483.9946528537046
2036788.74618,-4157.23260917538,-1483.9946528537046
2036795.969432,-4157.23260917538,-1483.9946528537046
2036802.546067,-4157.23260917538,-1483.9946528537046
2036809.864665,-4157.23260917538,-1483.9946528537046
2036817.08984,-4157.23260917538,-1483.9946528537046
2036823.525767,-4157.23260917538,-1483.9946528537046
2036830.85,-4157.23260917538,-1483.9946528537046
2036838.502845,-4157.23260917538,-1483.9946528537046
2036844.16781,-4157.23260917538,-1483.9946528537046
2036851.170614,-4157.23260917538,-1483.9946528537046
2036858.17771,-4157.23260917538,-1483.9946528537046
2036866.873725,-4157.23260917538,-1483.9946528537046
2036872.547629,-4157.23260917538,-1483.9946528537046
2036879.547367,-4157.23260917538,-1483.9946528537046
2036886.855173,-4157.23260917538,-1483.9946528537046
2036893.991156,-4157.23260917538,-1483.9946528537046
2036900.55166,-4157.23260917538,-1483.9946528537046
2036907.974172,-4157.23260917538,-1483.9946528537046
2036915.527156,-4157.23260917538,-1483.9946528537046
2036921.546103,-4157.23260917538,-1483.9946528537046
2036928.948347,-4157.23260917538,-1483.9946528537046
2036935.547616,-4157.23260917538,-1483.9946528537046
2036942.769471,-4157.23260917538,-1483.9946528537046
2036949.912461,-4157.23260917538,-1483.9946528537046
2036956.55013,-4157.23260917538,-1483.9946528537046
2036963.985789,-4157.23260917538,-1483.9946528537046
2036970.572545,-4157.23260917538,-1483.9946528537046
2036977.550891,-4157.23260917538,-1483.9946528537046
2036984.969921,-4157.23260917538,-1483.9946528537046
2036992.629535,-4157.23260917538,-1483.9946528537046
2036996.333278,-4157.23260917538,-1483.9946528537046
2036998.143614,-4157.23260917538,-1483.9946528537046
2037005.166633,-4166.735482504009,-1483.2265839477632
2037012.166419,-4196.015733001193,-1503.368608901049
2037020.479156,-4232.073819234972,-1570.916772517446
2037028.831857,-4232.073819234972,-1570.916772517446
2038001.751639,-4171.997863707207,-1474.3356043897334
2038001.752328,-4171.997863707207,-1474.3356043897334
2038015.045452,-4171.997863707207,-1474.3356043897334
2038015.046021,-4171.997863707207,-1474.3356043897334
2038018.810093,-4171.997863707207,-1474.3356043897334
2038018.818965,-4171.997863707207,-1474.3356043897334
2038025.824899,-4171.997863707207,-1474.3356043897334
2038032.778865,-4171.997863707207,-1474.3356043897334
2038048.813532,-4155.418234676125,-1492.331691676953
2038048.81418,-4155.418234676125,-1492.331691676953
2038059.646697,-4163.509927843722,-1487.2531270024206
2038066.645979,-4164.789027103017,-1484.348430047722
2038071.112694,-4165.0392856509625,-1484.115681892646
2038073.623465,-4165.0392856509625,-1484.115681892646
2038082.731484,-4165.0392856509625,-1484.115681892646
2038088.140532,-4165.0392856509625,-1484.115681892646
2038095.109524,-4165.0392856509625,-1484.115681892646
2038102.271003,-4165.0392856509625,-1484.115681892646
2038109.152159,-4165.0392856509625,-1484.115681892646
2038116.568231,-4165.0392856509625,-1484.115681892646
2038123.752208,-4165.0392856509625,-1484.115681892646
2038130.129529,-4165.0392856509625,-1484.115681892646
2038137.133152,-4165.0392856509625,-1484.115681892646
2038144.596281,-4165.0392856509625,-1484.115681892646
2038151.131148,-4165.0392856509625,-1484.115681892646
2038158.656924,-4165.0392856509625,-1484.115681892646
2038165.173789,-4165.0392856509625,-1484.115681892646
2038172.108122,-4165.0392856509625,-1484.115681892646
2038178.657141,-4165.0392856509625,-1484.115681892646
2038185.647269,-4165.0392856509625,-1484.115681892646
2038194.532287,-4165.0392856509625,-1484.115681892646
2038200.237503,-4165.0392856509625,-1484.115681892646
2038207.129605,-4165.0392856509625,-1484.115681892646
2038214.832272,-4165.0392856509625,-1484.115681892646
2038222.068246,-4165.0392856509625,-1484.115681892646
2038228.136435,-4165.0392856509625,-1484.115681892646
2038235.629584,-4165.0392856509625,-1484.115681892646
2038242.914405,-4165.0392856509625,-1484.115681892646
2038249.141545,-4165.0392856509625,-1484.115681892646
2038256.925164,-4165.0392856509625,-1484.115681892646
2038264.405185,-4165.0392856509625,-1484.115681892646
2038270.138932,-4165.0392856509625,-1484.115681892646
2038279.405039,-4165.0392856509625,-1484.115681892646
2038284.134909,-4165.0392856509625,-1484.115681892646
2038291.613441,-4165.0392856509625,-1484.115681892646
2038297.658716,-4165.0392856509625,-1484.115681892646
2038304.640795,-4165.0392856509625,-1484.115681892646
2038314.964437,-4165.0392856509625,-1484.115681892646
2038319.099109,-4165.0392856509625,-1484.115681892646
2038326.149905,-4165.0392856509625,-1484.115681892646
2038333.527013,-4165.0392856509625,-1484.115681892646
2038340.105634,-4165.0392856509625,-1484.115681892646
2038347.566922,-4166.1654491371,-1484.7859965785015
2038353.620331,-4166.1654491371,-1484.7859965785015
2038360.646122,-4166.1654491371,-1484.7859965785015
2038369.529669,-4166.1654491371,-1484.7859965785015
2038375.115924,-4166.1654491371,-1484.7859965785015
2038382.09958,-4166.1654491371,-1484.7859965785015
2038389.476184,-4166.1654491371,-1484.7859965785015
2038397.184417,-4166.1654491371,-1484.7859965785015
2038403.101945,-4166.1654491371,-1484.7859965785015
2038410.476593,-4166.1654491371,-1484.7859965785015
2038417.103272,-4166.1654491371,-1484.7859965785015
2038423.618841,-4166.1654491371,-1484.7859965785015
2038432.109902,-4166.1654491371,-1484.7859965785015
2038438.103485,-4166.1654491371,-1484.7859965785015
2038445.100303,-4166.1654491371,-1484.7859965785015
2038455.328464,-4166.1654491371,-1484.7859965785015
2038458.649232,-4166.1654491371,-1484.7859965785015
2038466.660272,-4166.1654491371,-1484.7859965785015
2038474.116346,-4166.1654491371,-1484.7859965785015
2038480.102143,-4166.1654491371,-1484.7859965785015
2038487.39768,-4166.1654491371,-1484.7859965785015
2038494.103198,-4166.1654491371,-1484.7859965785015
2038501.501521,-4166.1654491371,-1484.7859965785015
2038508.713743,-4166.1654491371,-1484.7859965785015
2038515.08043,-4166.1654491371,-1484.7859965785015
2038522.600318,-4166.1654491371,-1484.7859965785015
2038530.105863,-4166.1654491371,-1484.7859965785015
2038536.102936,-4166.1654491371,-1484.7859965785015
2038542.648066,-4166.1654491371,-1484.7859965785015
2038552.363394,-4166.1654491371,-1484.7859965785015
2038557.09766,-4166.1654491371,-1484.7859965785015
2038564.544269,-4166.1654491371,-1484.7859965785015
2038571.061841,-4166.1654491371,-1484.7859965785015
2038578.524223,-4166.1654491371,-1484.7859965785015
2038585.053195,-4166.1654491371,-1484.7859965785015
2038592.103217,-4166.1654491371,-1484.7859965785015
2038599.444497,-4166.1654491371,-1484.7859965785015
2038606.738,-4166.1654491371,-1484.7859965785015
2038613.220627,-4166.1654491371,-1484.7859965785015
2038620.746162,-4166.1654491371,-1484.7859965785015
2038628.07774,-4166.1654491371,-1484.7859965785015
2038634.26029,-4166.1654491371,-1484.7859965785015
2038641.497633,-4166.1654491371,-1484.7859965785015
2038648.09017,-4166.1654491371,-1484.7859965785015
2038655.130039,-4166.1654491371,-1484.7859965785015
2038661.722003,-4166.1654491371,-1484.7859965785015
2038668.684002,-4166.1654491371,-1484.7859965785015
2038675.656614,-4168.174469168647,-1483.636220698767
2038684.235176,-4172.825107253825,-1484.3949796835407
2038690.043483,-4172.825107253825,-1484.3949796835407
2038697.177613,-4172.825107253825,-1484.3949796835407
2038705.239124,-4172.825107253825,-1484.3949796835407
2038711.058973,-4172.825107253825,-1484.3949796835407
2038718.484551,-4172.825107253825,-1484.3949796835407
2038725.179077,-4172.825107253825,-1484.3949796835407
2038732.752138,-4172.825107253825,-1484.3949796835407
2038739.080109,-4172.825107253825,-1484.3949796835407
2038746.184441,-4172.825107253825,-1484.3949796835407
2038753.439199,-4172.825107253825,-1484.3949796835407
2038760.657399,-4172.825107253825,-1484.3949796835407
2038767.157581,-4172.825107253825,-1484.3949796835407
2038774.577884,-4172.825107253825,-1484.3949796835407
2038782.111531,-4172.825107253825,-1484.3949796835407
2038787.647804,-4172.825107253825,-1484.3949796835407
2038795.613957,-4172.825107253825,-1484.3949796835407
2038802.097676,-4172.825107253825,-1484.3949796835407
2038809.452239,-4172.825107253825,-1484.3949796835407
2038816.494135,-4172.825107253825,-1484.3949796835407
2038823.056283,-4172.825107253825,-1484.3949796835407
2038830.465617,-4172.825107253825,-1484.3949796835407
2038837.785606,-4172.825107253825,-1484.3949796835407
2038844.110993,-4172.825107253825,-1484.3949796835407
2038851.130953,-4172.825107253825,-1484.3949796835407
2038859.138883,-4172.825107253825,-1484.3949796835407
2038865.097808,-4172.825107253825,-1484.3949796835407
2038872.097666,-4172.825107253825,-1484.3949796835407
2038879.056555,-4172.825107253825,-1484.3949796835407
2038886.541522,-4190.085995659503,-1495.6786100792403
2038893.571839,-4191.170449385642,-1496.269790378729
2038900.115178,-4191.170449385642,-1496.269790378729
2038906.647794,-4191.170449385642,-1496.269790378729
2038916.997375,-4191.170449385642,-1496.269790378729
2038921.64773,-4191.170449385642,-1496.269790378729
2038927.636105,-4191.170449385642,-1496.269790378729
2038937.822724,-4191.170449385642,-1496.269790378729
2038941.755719,-4191.170449385642,-1496.269790378729
2038950.461829,-4191.170449385642,-1496.269790378729
2038956.064108,-4191.170449385642,-1496.269790378729
2038962.634168,-4191.170449385642,-1496.269790378729
2038969.718749,-4191.170449385642,-1496.269790378729
2038977.100219,-4191.170449385642,-1496.269790378729
2038984.59635,-4191.170449385642,-1496.269790378729
2038991.815194,-4191.170449385642,-1496.269790378729
2038998.091145,-4191.170449385642,-1496.269790378729
2039005.538928,-4191.170449385642,-1496.269790378729
2039013.223053,-4191.170449385642,-1496.269790378729
2039019.124186,-4191.170449385642,-1496.269790378729
2039027.610901,-4191.170449385642,-1496.269790378729
2039032.725213,-4191.170449385642,-1496.269790378729
2039041.632401,-4191.170449385642,-1496.269790378729
2039047.096257,-4191.170449385642,-1496.269790378729
2039054.080125,-4191.170449385642,-1496.269790378729
2039061.797794,-4191.170449385642,-1496.269790378729
2039068.88161,-4191.170449385642,-1496.269790378729
2039075.037776,-4191.170449385642,-1496.269790378729
2039082.514984,-4191.170449385642,-1496.269790378729
2039089.148328,-4191.170449385642,-1496.269790378729
2039095.629135,-4191.170449385642,-1496.269790378729
2039105.620673,-4191.170449385642,-1496.269790378729
2039110.095325,-4191.170449385642,-1496.269790378729
2039117.496261,-4191.170449385642,-1496.269790378729
2039124.081914,-4191.170449385642,-1496.269790378729
2039131.077623,-4191.170449385642,-1496.269790378729
2039138.637538,-4191.170449385642,-1496.269790378729
2039146.17943,-4191.170449385642,-1496.269790378729
2039151.634994,-4191.170449385642,-1496.269790378729
2039160.4963,-4191.170449385642,-1496.269790378729
2039166.083319,-4191.170449385642,-1496.269790378729
2039173.108479,-4191.170449385642,-1496.269790378729
2039180.060193,-4191.170449385642,-1496.269790378729
2039187.060263,-4191.170449385642,-1496.269790378729
2039194.214024,-4191.170449385642,-1496.269790378729
2039201.522367,-4191.170449385642,-1496.269790378729
2039208.165867,-4191.170449385642,-1496.269790378729
2039215.41357,-4191.170449385642,-1496.269790378729
2039222.658604,-4191.170449385642,-1496.269790378729
2039229.24168,-4191.170449385642,-1496.269790378729
2039236.765798,-4191.170449385642,-1496.269790378729
2039243.193957,-4191.170449385642,-1496.269790378729
2039250.107197,-4191.170449385642,-1496.269790378729
2039256.676239,-4191.170449385642,-1496.269790378729
2039263.764821,-4191.170449385642,-1496.269790378729
2039271.279501,-4191.170449385642,-1496.269790378729
2039279.438914,-4191.170449385642,-1496.269790378729
2039285.379159,-4191.170449385642,-1496.269790378729
2039292.568802,-4191.170449385642,-1496.269790378729
2039298.614877,-4191.170449385642,-1496.269790378729
2039306.857084,-4191.170449385642,-1496.269790378729
2039315.423389,-4191.170449385642,-1496.269790378729
2039316.345257,-4191.170449385642,-1496.269790378729
2039319.65337,-4191.170449385642,-1496.269790378729
2039322.234842,-4191.170449385642,-1496.269790378729
2039326.675524,-4191.170449385642,-1496.269790378729
2039329.087275,-4191.170449385642,-1496.269790378729
2039333.611426,-4191.170449385642,-1496.269790378729
2039340.958464,-4191.170449385642,-1496.269790378729
2039344.15024,-4191.170449385642,-1496.269790378729
2039347.769403,-4191.170449385642,-1496.269790378729
2039354.652012,-4191.170449385642,-1496.269790378729
2039361.687853,-4191.170449385642,-1496.269790378729
2039370.337667,-4191.170449385642,-1496.269790378729
2039375.644074,-4191.170449385642,-1496.269790378729
2039382.659439,-4191.170449385642,-1496.269790378729
2039391.641059,-4191.170449385642,-1496.269790378729
2039396.616387,-4191.170449385642,-1496.269790378729
2039403.636671,-4191.170449385642,-1496.269790378729
2039410.609075,-4191.170449385642,-1496.269790378729
2039414.14887,-4191.170449385642,-1496.269790378729
2039417.612305,-4191.170449385642,-1496.269790378729
2039420.743844,-4191.170449385642,-1496.269790378729
2039420.74454,-4191.170449385642,-1496.269790378729
2039423.846479,-4191.170449385642,-1496.269790378729
2039430.923477,-4191.170449385642,-1496.269790378729
2039435.912105,-4191.170449385642,-1496.269790378729
2039437.816576,-4191.170449385642,-1496.269790378729
2039446.516038,-4191.170449385642,-1496.269790378729
2039451.846358,-4191.170449385642,-1496.269790378729
2039459.311502,-4191.170449385642,-1496.269790378729
2039466.84539,-4191.170449385642,-1496.269790378729
2039473.423126,-4191.170449385642,-1496.269790378729
2039481.36239,-4191.170449385642,-1496.269790378729
2039487.229922,-4191.170449385642,-1496.269790378729
2039494.219447,-4191.170449385642,-1496.269790378729
2039501.987187,-4191.170449385642,-1496.269790378729
2039509.028456,-4191.170449385642,-1496.269790378729
2039514.84674,-4191.170449385642,-1496.269790378729
2039523.864086,-4191.170449385642,-1496.269790378729
2039529.207456,-4191.170449385642,-1496.269790378729
2039536.233605,-4191.170449385642,-1496.269790378729
2039543.648206,-4191.170449385642,-1496.269790378729
2039550.244589,-4191.170449385642,-1496.269790378729
2039557.545005,-4191.170449385642,-1496.269790378729
2039564.627204,-4191.170449385642,-1496.269790378729
2039572.421774,-4191.170449385642,-1496.269790378729
2039579.806822,-4191.170449385642,-1496.269790378729
2039585.284236,-4191.170449385642,-1496.269790378729
2039592.316338,-4191.170449385642,-1496.269790378729
2039599.681544,-4191.170449385642,-1496.269790378729
2039607.3567,-4191.170449385642,-1496.269790378729
2039613.235026,-4191.170449385642,-1496.269790378729
2039620.681543,-4191.170449385642,-1496.269790378729
2039627.233403,-4191.170449385642,-1496.269790378729
2039634.561592,-4191.170449385642,-1496.269790378729
2039642.867251,-4191.170449385642,-1496.269790378729
2039648.256659,-4191.170449385642,-1496.269790378729
2039655.714998,-4191.170449385642,-1496.269790378729
2039662.951339,-4191.170449385642,-1496.269790378729
2039669.239748,-4191.170449385642,-1496.269790378729
2039676.247458,-4191.170449385642,-1496.269790378729
2039684.137945,-4191.170449385642,-1496.269790378729
2039690.279961,-4191.170449385642,-1496.269790378729
2039698.431831,-4191.170449385642,-1496.269790378729
2039704.240374,-4191.170449385642,-1496.269790378729
2039711.620801,-4191.170449385642,-1496.269790378729
2039718.68434,-4191.170449385642,-1496.269790378729
2039725.2564,-4191.170449385642,-1496.269790378729
2039732.719127,-4191.170449385642,-1496.269790378729
2039739.972648,-4191.170449385642,-1496.269790378729
2039746.275428,-4191.170449385642,-1496.269790378729
2039753.793823,-4191.170449385642,-1496.269790378729
2039759.821462,-4191.170449385642,-1496.269790378729
2039766.996833,-4191.170449385642,-1496.269790378729
2039776.034075,-4191.170449385642,-1496.269790378729
2039781.273868,-4191.170449385642,-1496.269790378729
2039788.568504,-4191.170449385642,-1496.269790378729
2039795.772551,-4191.170449385642,-1496.269790378729
2039802.641082,-4191.170449385642,-1496.269790378729
2039809.781851,-4191.170449385642,-1496.269790378729
2039816.921775,-4191.170449385642,-1496.269790378729
2039823.240445,-4191.170449385642,-1496.269790378729
2039830.805988,-4191.170449385642,-1496.269790378729
2039836.826842,-4191.170449385642,-1496.269790378729
2039843.872281,-4191.170449385642,-1496.269790378729
2039853.282896,-4191.170449385642,-1496.269790378729
2039858.200661,-4191.170449385642,-1496.269790378729
2039866.160825,-4191.170449385642,-1496.269790378729
2039873.332155,-4191.170449385642,-1496.269790378729
2039878.869883,-4191.170449385642,-1496.269790378729
2039888.621755,-4191.170449385642,-1496.269790378729
2039893.220346,-4191.170449385642,-1496.269790378729
2039900.231762,-4191.170449385642,-1496.269790378729
2039907.211826,-4191.170449385642,-1496.269790378729
2039915.089926,-4191.170449385642,-1496.269790378729
2039921.21365,-4191.170449385642,-1496.269790378729
2039929.213553,-4191.170449385642,-1496.269790378729
2039935.231711,-4191.170449385642,-1496.269790378729
2039942.472322,-4191.170449385642,-1496.269790378729
2039949.569664,-4191.170449385642,-1496.269790378729
2039956.219587,-4191.170449385642,-1496.269790378729
2039963.652823,-4191.170449385642,-1496.269790378729
2039970.784356,-4191.170449385642,-1496.269790378729
2039977.293938,-4191.170449385642,-1496.269790378729
2039984.615168,-4191.170449385642,-1496.269790378729
2039992.176449,-4191.170449385642,-1496.269790378729
2039998.234135,-4191.170449385642,-1496.269790378729
2040004.84169,-4191.170449385642,-1496.269790378729
2040011.850439,-4191.170449385642,-1496.269790378729
2040020.645534,-4191.170449385642,-1496.269790378729
2040025.836001,-4191.170449385642,-1496.269790378729
2040032.836503,-4191.170449385642,-1496.269790378729
2040042.373877,-4191.170449385642,-1496.269790378729
2040047.329784,-4191.170449385642,-1496.269790378729
2040054.32877,-4191.170449385642,-1496.269790378729
2040061.868513,-4191.170449385642,-1496.269790378729
2040069.337671,-4191.170449385642,-1496.269790378729
2040075.309005,-4191.170449385642,-1496.269790378729
2040082.259374,-4191.170449385642,-1496.269790378729
2040089.382468,-4191.170449385642,-1496.269790378729
2040096.883161,-4191.170449385642,-1496.269790378729
2040104.012075,-4191.170449385642,-1496.269790378729
2040110.25374,-4191.170449385642,-1496.269790378729
2040116.84504,-4191.170449385642,-1496.269790378729
2040123.848149,-4191.170449385642,-1496.269790378729
2040130.935397,-4191.170449385642,-1496.269790378729
2040139.624593,-4191.170449385642,-1496.269790378729
2040145.254333,-4191.170449385642,-1496.269790378729
2040152.220152,-4191.170449385642,-1496.269790378729
2040159.664284,-4191.170449385642,-1496.269790378729
2040165.812438,-4191.170449385642,-1496.269790378729
2040174.497724,-4191.170449385642,-1496.269790378729
2040180.283231,-4191.170449385642,-1496.269790378729
2040187.344491,-4191.170449385642,-1496.269790378729
2040195.033809,-4191.170449385642,-1496.269790378729
2040201.824954,-4191.170449385642,-1496.269790378729
2040208.292669,-4191.170449385642,-1496.269790378729
2040215.742108,-4191.170449385642,-1496.269790378729
2040223.317662,-4191.170449385642,-1496.269790378729
2040229.311145,-4191.170449385642,-1496.269790378729
2040236.280046,-4191.170449385642,-1496.269790378729
2040242.804695,-4191.170449385642,-1496.269790378729
2040251.339094,-4191.170449385642,-1496.269790378729
2040261.149749,-4191.170449385642,-1496.269790378729
2040264.430933,-4191.170449385642,-1496.269790378729
2040271.93259,-4191.170449385642,-1496.269790378729
2040279.111608,-4191.170449385642,-1496.269790378729
2040285.32021,-4191.170449385642,-1496.269790378729
2040292.696403,-4191.170449385642,-1496.269790378729
2040300.25395,-4201.180791426746,-1509.6202240977357
2040306.228677,-4200.450870654924,-1514.317081640374
2040313.543759,-4197.169702981685,-1519.5632247632311
2040320.232635,-4190.523948124254,-1524.0552638678669
2040327.516351,-4190.523948124254,-1524.0552638678669
2040334.795145,-4190.523948124254,-1524.0552638678669
2040341.216506,-4181.890028106178,-1524.1669829779566
2040348.895023,-4181.890028106178,-1524.1669829779566
2040356.008504,-4181.890028106178,-1524.1669829779566
2040362.242423,-4181.890028106178,-1524.1669829779566
2040371.253717,-4181.890028106178,-1524.1669829779566
2040376.403148,-4181.890028106178,-1524.1669829779566
2040383.212838,-4181.890028106178,-1524.1669829779566
2040390.641671,-4181.890028106178,-1524.1669829779566
2040397.243672,-4181.890028106178,-1524.1669829779566
2040404.572545,-4181.890028106178,-1524.1669829779566
2040411.255988,-4181.890028106178,-1524.1669829779566
2040418.236555,-4181.890028106178,-1524.1669829779566
2040425.637281,-4181.890028106178,-1524.1669829779566
2040432.251508,-4181.890028106178,-1524.1669829779566
2040439.257688,-4181.890028106178,-1524.1669829779566
2040446.373932,-4181.890028106178,-1524.1669829779566
2040454.137735,-4181.890028106178,-1524.1669829779566
2040460.419094,-4181.890028106178,-1524.1669829779566
2040467.700396,-4181.890028106178,-1524.1669829779566
2040474.295365,-4181.890028106178,-1524.1669829779566
2040481.721912,-4181.890028106178,-1524.1669829779566
2040487.83791,-4181.890028106178,-1524.1669829779566
2040494.837932,-4181.890028106178,-1524.1669829779566
2040503.101985,-4181.890028106178,-1524.1669829779566
2040510.69909,-4181.890028106178,-1524.1669829779566
2040516.216827,-4181.890028106178,-1524.1669829779566
2040523.692413,-4181.890028106178,-1524.1669829779566
2040531.260532,-4181.890028106178,-1524.1669829779566
2040537.219228,-4181.890028106178,-1524.1669829779566
2040544.657775,-4181.890028106178,-1524.1669829779566
2040551.25374,-4181.890028106178,-1524.1669829779566
2040558.597754,-4181.890028106178,-1524.1669829779566
2040565.632361,-4181.890028106178,-1524.1669829779566
2040572.216392,-4181.890028106178,-1524.1669829779566
2040580.002545,-4181.890028106178,-1524.1669829779566
2040587.015123,-4181.890028106178,-1524.1669829779566
2040593.318051,-4181.890028106178,-1524.1669829779566
2040600.693763,-4181.890028106178,-1524.1669829779566
2040606.850119,-4181.890028106178,-1524.1669829779566
2040613.871068,-4181.890028106178,-1524.1669829779566
2040622.080427,-4181.890028106178,-1524.1669829779566
2040628.315318,-4181.890028106178,-1524.1669829779566
2040635.690958,-4181.890028106178,-1524.1669829779566
2040642.801589,-4181.890028106178,-1524.1669829779566
2040649.398942,-4181.890028106178,-1524.1669829779566
2040656.892564,-4181.890028106178,-1524.1669829779566
2040664.048335,-4181.890028106178,-1524.1669829779566
2040670.239516,-4181.890028106178,-1524.1669829779566
2040677.642309,-4181.890028106178,-1524.1669829779566
2040683.822687,-4181.890028106178,-1524.1669829779566
2040690.966565,-4181.890028106178,-1524.1669829779566
2040698.937928,-4181.890028106178,-1524.1669829779566
2040705.235496,-4181.890028106178,-1524.1669829779566
2040712.575185,-4181.890028106178,-1524.1669829779566
2040719.657475,-4181.890028106178,-1524.1669829779566
2040725.811792,-4181.890028106178,-1524.1669829779566
2040732.887863,-4181.890028106178,-1524.1669829779566
2040741.160568,-4181.890028106178,-1524.1669829779566
2040747.404381,-4181.890028106178,-1524.1669829779566
2040754.543917,-4181.890028106178,-1524.1669829779566
2040762.155111,-4181.890028106178,-1524.1669829779566
2040768.232585,-4181.890028106178,-1524.1669829779566
2040775.693655,-4181.890028106178,-1524.1669829779566
2040782.228555,-4181.890028106178,-1524.1669829779566
2040789.571816,-4181.890028106178,-1524.1669829779566
2040796.691709,-4181.890028106178,-1524.1669829779566
2040803.236798,-4181.890028106178,-1524.1669829779566
2040811.112441,-4181.890028106178,-1524.1669829779566
2040817.212469,-4181.890028106178,-1524.1669829779566
2040824.256424,-4181.890028106178,-1524.1669829779566
2040831.212635,-4181.890028106178,-1524.1669829779566
2040839.252295,-4181.890028106178,-1524.1669829779566
2040845.220589,-4181.890028106178,-1524.1669829779566
2040851.835735,-4181.890028106178,-1524.1669829779566
2040858.847372,-4181.890028106178,-1524.1669829779566
2040868.323648,-4181.890028106178,-1524.1669829779566
2040873.268202,-4181.890028106178,-1524.1669829779566
2040880.207241,-4181.890028106178,-1524.1669829779566
2040886.812891,-4181.890028106178,-1524.1669829779566
2040893.840686,-4181.890028106178,-1524.1669829779566
2040900.827054,-4181.890028106178,-1524.1669829779566
2040908.794113,-4181.890028106178,-1524.1669829779566
2040916.160566,-4181.890028106178,-1524.1669829779566
2040922.227496,-4181.890028106178,-1524.1669829779566
2040929.759584,-4181.890028106178,-1524.1669829779566
2040936.259378,-4181.890028106178,-1524.1669829779566
2040943.380428,-4181.890028106178,-1524.1669829779566
2040950.594784,-4181.890028106178,-1524.1669829779566
2040958.561919,-4181.890028106178,-1524.1669829779566
2040967.317545,-4181.890028106178,-1524.1669829779566
2040970.827986,-4181.890028106178,-1524.1669829779566
2040977.842384,-4181.890028106178,-1524.1669829779566
2040986.915192,-4181.890028106178,-1524.1669829779566
2040992.233994,-4181.890028106178,-1524.1669829779566
2040999.228468,-4181.890028106178,-1524.1669829779566
2041006.779206,-4181.890028106178,-1524.1669829779566
2041013.239111,-4181.890028106178,-1524.1669829779566
2041020.597683,-4181.890028106178,-1524.1669829779566
2041027.713486,-4181.890028106178,-1524.1669829779566
2041034.439373,-4181.890028106178,-1524.1669829779566
2041041.598103,-4181.890028106178,-1524.1669829779566
2041048.814809,-4181.890028106178,-1524.1669829779566
2041055.247317,-4181.890028106178,-1524.1669829779566
2041062.572607,-4181.890028106178,-1524.1669829779566
2041070.200747,-4181.890028106178,-1524.1669829779566
2041076.459203,-4181.890028106178,-1524.1669829779566
2041083.757423,-4181.890028106178,-1524.1669829779566
2041089.796037,-4181.890028106178,-1524.1669829779566
2041098.577016,-4181.890028106178,-1524.1669829779566
2041103.96541,-4181.890028106178,-1524.1669829779566
2041110.837196,-4181.890028106178,-1524.1669829779566
2041117.826682,-4181.890028106178,-1524.1669829779566
2041125.315598,-4181.890028106178,-1524.1669829779566
2041132.277787,-4176.2175009426655,-1517.6733098481493
2041139.721646,-4168.43863097237,-1513.6514219472278
2041146.209724,-4167.430645148927,-1513.274369952877
2041153.191031,-4167.430645148927,-1513.274369952877
2041162.642672,-4167.430645148927,-1513.274369952877
2041167.188376,-4167.430645148927,-1513.274369952877
2041173.801905,-4167.430645148927,-1513.274369952877
2041182.833837,-4167.430645148927,-1513.274369952877
2041188.193792,-4167.430645148927,-1513.274369952877
2041197.270709,-4161.577375690301,-1512.9717973697107
2041202.24054,-4161.278455759268,-1512.7437041878652
2041209.676469,-4161.278455759268,-1512.7437041878652
2041215.827649,-4161.278455759268,-1512.7437041878652
2041222.847677,-4161.278455759268,-1512.7437041878652
2041229.826076,-4161.278455759268,-1512.7437041878652
2041237.845719,-4161.278455759268,-1512.7437041878652
2041244.264487,-4161.278455759268,-1512.7437041878652
2041251.745425,-4161.278455759268,-1512.7437041878652
2041259.203232,-4161.278455759268,-1512.7437041878652
2041265.283488,-4161.278455759268,-1512.7437041878652
2041272.716338,-4161.278455759268,-1512.7437041878652
2041279.986056,-4161.278455759268,-1512.7437041878652
2041286.283598,-4161.278455759268,-1512.7437041878652
2041293.658184,-4161.278455759268,-1512.7437041878652
2041301.401739,-4161.278455759268,-1512.7437041878652
2041307.291053,-4157.260415687127,-1509.7226332767552
2041314.644442,-4157.260415687127,-1509.7226332767552
2041321.287727,-4157.260415687127,-1509.7226332767552
2041328.909592,-4157.260415687127,-1509.7226332767552
2041335.286861,-4157.260415687127,-1509.7226332767552
2041341.835634,-4157.260415687127,-1509.7226332767552
2041350.531202,-4157.260415687127,-1509.7226332767552
2041356.279124,-4157.260415687127,-1509.7226332767552
2041363.422745,-4157.260415687127,-1509.7226332767552
2041370.266372,-4157.260415687127,-1509.7226332767552
2041377.279211,-4157.260415687127,-1509.7226332767552
2041384.279555,-4157.260415687127,-1509.7226332767552
2041391.581869,-4157.392496589092,-1490.413846914456
2041397.803001,-4154.514523242487,-1496.0510071223503
2041404.79988,-4154.514523242487,-1496.0510071223503
2041411.837021,-4154.514523242487,-1496.0510071223503
2041418.840084,-4154.514523242487,-1496.0510071223503
2041427.325549,-4154.514523242487,-1496.0510071223503
2041433.260683,-4154.514523242487,-1496.0510071223503
2041440.283075,-4154.514523242487,-1496.0510071223503
2041447.761805,-4154.514523242487,-1496.0510071223503
2041453.850683,-4154.514523242487,-1496.0510071223503
2041461.611456,-4154.514523242487,-1496.0510071223503
2041470.879863,-4154.514523242487,-1496.0510071223503
2041475.260874,-4154.514523242487,-1496.0510071223503
2041482.826083,-4154.514523242487,-1496.0510071223503
2041489.257863,-4154.514523242487,-1496.0510071223503
2041496.234223,-4154.514523242487,-1496.0510071223503
2041503.718198,-4154.514523242487,-1496.0510071223503
2041510.96566,-4154.514523242487,-1496.0510071223503
2041517.216518,-4154.514523242487,-1496.0510071223503
2041524.252685,-4154.41720047604,-1493.230099544161
2041532.223502,-4151.476662498479,-1487.7931027134014
2041538.260502,-4151.476662498479,-1487.7931027134014
2041545.703484,-4151.476662498479,-1487.7931027134014
2041552.274467,-4151.476662498479,-1487.7931027134014
2041559.2855,-4151.476662498479,-1487.7931027134014
2041566.285396,-4151.476662498479,-1487.7931027134014
2041573.289705,-4151.455807618752,-1488.3563532518215
2041579.842738,-4147.653267958304,-1485.7449189744448
2041589.477503,-4147.166654110084,-1484.4042896063215
2041593.79977,-4147.166654110084,-1484.4042896063215
2041600.836542,-4147.166654110084,-1484.4042896063215
2041607.794618,-4146.867734170565,-1483.9155184787705
2041614.827531,-4141.090932612713,-1482.0721530939188
2041621.855578,-4141.042271229624,-1482.9612510516706
2041628.826602,-4141.042271229624,-1482.9612510516706
2041635.800608,-4141.042271229624,-1482.9612510516706
2041637.122548,-4141.042271229624,-1482.9612510516706
2041642.836425,-4145.456554008802,-1480.4755007557826
2041649.826583,-4150.392208771453,-1479.297795088252
2041659.000151,-4162.272538335292,-1478.9952224901788
2041663.804777,-4178.706183206329,-1497.8059281593498
2041670.84202,-4194.270874766136,-1508.6007872210675
2041679.43795,-4218.650228618646,-1490.3766072008214
2041686.980429,-4244.739682564978,-1445.3538031493267
2041692.252833,-4290.745546153633,-1361.583076930851
2041698.856727,-4321.110250289557,-1308.6188945922752
2041705.897985,-4334.478227861908,-1284.5666932535062
2043894.299366,-5348.261700576379,-3160.207408089548
2043896.333742,-5348.261700576379,-3160.207408089548
2043897.078225,-5296.805763165386,-3176.1692341965545
2043897.07878,-5296.805763165386,-3176.1692341965545
2043903.874187,-5246.886135085644,-3182.541861654496
2043910.752904,-5233.754513096333,-3182.7746091871422
2043917.803269,-5206.955993886005,-3183.1795898950477
2043924.81412,-5191.377399436318,-3184.352637455424
2043931.802692,-5144.989197373138,-3190.245804923534
2043938.812975,-5106.414623185973,-3178.7992813340993
2043946.886455,-5078.218826995751,-3166.4124574876705
2043953.436134,-5074.603981328963,-3161.6225131288898
2043960.177267,-5074.603981328963,-3161.6225131288898
2043967.705167,-5074.603981328963,-3161.6225131288898
2043974.15212,-5074.603981328963,-3161.6225131288898
2043981.724589,-5067.214402592113,-3157.260824227469
2043987.779318,-5023.80149643808,-3140.3307678485357
2043994.776411,-4963.704687112145,-3129.4893869976613
2044003.247666,-4944.295746472135,-3171.64927706517
2044009.217335,-4925.05364486563,-3210.899820321176
2044016.693519,-4888.133557526856,-3278.1917802183934
2044023.253513,-4874.459708564828,-3304.3153587432403
2044030.283437,-4860.215826240218,-3329.647594758203
2044037.352923,-4860.215826240218,-3329.647594758203
2044046.668837,-4860.215826240218,-3329.647594758203
2044051.290318,-4860.215826240218,-3329.647594758203
2044058.297954,-4860.215826240218,-3329.647594758203
2044065.313782,-4860.215826240218,-3329.647594758203
2044072.933407,-4860.215826240218,-3329.647594758203
2044079.200176,-4854.529395915333,-3331.94713984579
2044087.099659,-4849.843999773984,-3356.5206180216373
2044092.861219,-4850.53221078465,-3378.631627122221
2044101.729794,-4903.983265517465,-3421.4618133042404
2044106.748409,-4903.983265517465,-3421.4618133042404
2044115.890111,-4903.983265517465,-3421.4618133042404
2044121.14297,-4905.547381442653,-3422.094886358409
2044128.119732,-4920.715830048993,-3435.4871741589373
2044135.86865,-4921.188540633216,-3436.492643094223
2044144.856106,-4894.668086259897,-3507.894898429348
2044149.332431,-4874.417998806048,-3561.231293322632
2044155.774235,-4862.975621889134,-3602.641708189406
2044161.43047,-4842.523937258297,-3652.70101232046
2044162.791053,-4842.523937258297,-3652.70101232046
2044169.746864,-4828.711055757769,-3676.29693922429
2044177.98471,-4824.991935671831,-3693.133882380638
2044184.428168,-4821.022557041562,-3702.085345207745
2044191.234897,-4821.4813643795715,-3701.875872601704
2044200.288753,-4821.4813643795715,-3701.875872601704
2044205.230685,-4821.4813643795715,-3701.875872601704
2044213.991784,-4821.4813643795715,-3701.875872601704
2044218.745929,-4821.4813643795715,-3701.875872601704
2044225.776714,-4821.4813643795715,-3701.875872601704
2044234.884588,-4821.4813643795715,-3701.875872601704
2044240.29214,-4821.4813643795715,-3701.875872601704
2044246.787613,-4821.4813643795715,-3701.875872601704
2044253.761508,-4821.4813643795715,-3701.875872601704
2044260.799089,-4821.4813643795715,-3701.875872601704
2044268.191175,-4821.4813643795715,-3701.875872601704
2044274.761022,-4821.4813643795715,-3701.875872601704
2044281.84255,-4821.4813643795715,-3701.875872601704
2044289.201399,-4821.4813643795715,-3701.875872601704
2044296.609416,-4821.4813643795715,-3701.875872601704
2044303.232838,-4821.4813643795715,-3701.875872601704
2044314.691446,-4821.4813643795715,-3701.875872601704
2044317.235086,-4821.4813643795715,-3701.875872601704
2044324.221434,-4821.4813643795715,-3701.875872601704
2044331.205595,-4821.4813643795715,-3701.875872601704
2044338.23326,-4821.4813643795715,-3701.875872601704
2044345.877323,-4821.4813643795715,-3701.875872601704
2044351.851209,-4821.4813643795715,-3701.875872601704
2044359.205203,-4821.4813643795715,-3701.875872601704
2044366.222897,-4821.4813643795715,-3701.875872601704
2044372.852009,-4821.4813643795715,-3701.875872601704
2044380.630109,-4821.4813643795715,-3701.875872601704
2044387.643963,-4821.4813643795715,-3701.875872601704
2044395.175311,-4821.4813643795715,-3701.875872601704
2044400.794492,-4821.4813643795715,-3701.875872601704
2044409.521592,-4821.4813643795715,-3701.875872601704
2044415.201798,-4821.4813643795715,-3701.875872601704
2044424.333447,-4821.4813643795715,-3701.875872601704
2044429.193283,-4821.4813643795715,-3701.875872601704
2044436.233705,-4821.4813643795715,-3701.875872601704
2044443.164464,-4821.4813643795715,-3701.875872601704
2044451.469826,-4821.4813643795715,-3701.875872601704
2044457.305209,-4821.4813643795715,-3701.875872601704
2044464.556239,-4821.4813643795715,-3701.875872601704
2044470.777185,-4821.4813643795715,-3701.875872601704
2044478.94128,-4821.4813643795715,-3701.875872601704
2044485.921243,-4821.4813643795715,-3701.875872601704
2044492.249192,-4821.4813643795715,-3701.875872601704
2044499.161149,-4821.4813643795715,-3701.875872601704
2044506.205196,-4821.4813643795715,-3701.875872601704
2044513.210633,-4821.4813643795715,-3701.875872601704
2044519.737705,-4821.4813643795715,-3701.875872601704
2044526.776664,-4821.4813643795715,-3701.875872601704
2044533.776899,-4821.4813643795715,-3701.875872601704
2044540.800869,-4821.4813643795715,-3701.875872601704
2044550.521298,-4821.4813643795715,-3701.875872601704
2044554.779299,-4821.4813643795715,-3701.875872601704
2044562.289309,-4821.4813643795715,-3701.875872601704
2044569.164047,-4821.4813643795715,-3701.875872601704
2044576.890707,-4821.4813643795715,-3701.875872601704
2044582.776323,-4812.910009121012,-3714.4628487265604
2044589.814147,-4802.433908246081,-3736.2154144901237
2044597.738567,-4800.132919931416,-3744.0589994355537
2044604.188307,-4798.895530448688,-3746.642494752737
2044611.440135,-4798.895530448688,-3746.642494752737
2044618.480517,-4798.895530448688,-3746.642494752737
2044625.314892,-4798.895530448688,-3746.642494752737
2044632.153212,-4798.895530448688,-3746.642494752737
2044638.737028,-4798.895530448688,-3746.642494752737
2044645.776602,-4798.895530448688,-3746.642494752737
2044654.609282,-4798.895530448688,-3746.642494752737
2044660.20686,-4798.895530448688,-3746.642494752737
2044667.190483,-4798.895530448688,-3746.642494752737
2044674.822054,-4798.895530448688,-3746.642494752737
2044681.429069,-4798.895530448688,-3746.642494752737
2044688.169558,-4798.895530448688,-3746.642494752737
2044695.585659,-4798.895530448688,-3746.642494752737
2044703.213314,-4798.895530448688,-3746.642494752737
2044709.289709,-4798.895530448688,-3746.642494752737
2044715.77632,-4798.895530448688,-3746.642494752737
2044722.785177,-4798.895530448688,-3746.642494752737
2044731.068304,-4798.895530448688,-3746.642494752737
2044738.132502,-4798.895530448688,-3746.642494752737
2044744.232235,-4798.895530448688,-3746.642494752737
2044751.223886,-4798.895530448688,-3746.642494752737
2044758.169794,-4798.895530448688,-3746.642494752737
2044764.852391,-4798.895530448688,-3746.642494752737
2044771.772283,-4798.895530448688,-3746.642494752737
2044781.540377,-4798.895530448688,-3746.642494752737
2044786.134896,-4798.895530448688,-3746.642494752737
2044793.477158,-4798.895530448688,-3746.642494752737
2044800.257399,-4798.895530448688,-3746.642494752737
2044808.167516,-4798.895530448688,-3746.642494752737
2044815.354992,-4798.895530448688,-3746.642494752737
2044821.27781,-4798.895530448688,-3746.642494752737
2044828.713035,-4798.895530448688,-3746.642494752737
2044834.749117,-4798.895530448688,-3746.642494752737
2044841.78167,-4798.895530448688,-3746.642494752737
2044849.234442,-4798.895530448688,-3746.642494752737
2044857.20121,-4798.895530448688,-3746.642494752737
2044863.233232,-4798.895530448688,-3746.642494752737
2044870.7411,-4798.895530448688,-3746.642494752737
2044876.748709,-4798.895530448688,-3746.642494752737
2044883.754817,-4798.895530448688,-3746.642494752737
2044892.338366,-4781.231447944025,-3752.81495379064
2044898.259514,-4781.231447944025,-3752.81495379064
2044906.926111,-4781.231447944025,-3752.81495379064
2044913.703883,-4777.894667306853,-3752.745129596876
2044919.143456,-4777.894667306853,-3752.745129596876
2044926.315836,-4777.894667306853,-3752.745129596876
2044933.360847,-4777.894667306853,-3752.745129596876
2044940.357289,-4777.894667306853,-3752.745129596876
2044947.601088,-4777.894667306853,-3752.745129596876
2044956.513144,-4773.980901678239,-3754.82123572061
2044960.800437,-4773.980901678239,-3754.82123572061
2044968.318843,-4773.980901678239,-3754.82123572061
2044975.263941,-4773.980901678239,-3754.82123572061
2044982.718495,-4773.980901678239,-3754.82123572061
2044989.186066,-4773.980901678239,-3754.82123572061
2044996.282592,-4773.980901678239,-3754.82123572061
2045002.735618,-4773.980901678239,-3754.82123572061
2045009.808693,-4773.980901678239,-3754.82123572061
2045016.924686,-4773.980901678239,-3754.82123572061
2045025.333145,-4773.980901678239,-3754.82123572061
2045031.203945,-4773.980901678239,-3754.82123572061
2045038.573262,-4773.980901678239,-3754.82123572061
2045045.972239,-4773.980901678239,-3754.82123572061
2045052.231998,-4773.980901678239,-3754.82123572061
2045059.229091,-4773.980901678239,-3754.82123572061
2045066.735977,-4773.980901678239,-3754.82123572061
2045073.214064,-4773.4247715747415,-3746.7262837917665
2045081.668817,-4773.4247715747415,-3746.7262837917665
2045089.225165,-4773.4247715747415,-3746.7262837917665
2045094.139952,-4773.4247715747415,-3746.7262837917665
2045101.204167,-4773.4247715747415,-3746.7262837917665
2045108.167003,-4773.4247715747415,-3746.7262837917665
2045115.506484,-4773.4247715747415,-3746.7262837917665
2045122.651396,-4773.4247715747415,-3746.7262837917665
2045128.765926,-4773.4247715747415,-3746.7262837917665
2045139.213454,-4773.4247715747415,-3746.7262837917665
2045143.190731,-4773.4247715747415,-3746.7262837917665
2045152.478815,-4773.4247715747415,-3746.7262837917665
2045157.182737,-4773.4247715747415,-3746.7262837917665
2045165.052027,-4773.4247715747415,-3746.7262837917665
2045171.189656,-4773.4247715747415,-3746.7262837917665
2045178.634546,-4773.4247715747415,-3746.7262837917665
2045185.629196,-4773.4247715747415,-3746.7262837917665
2045192.273599,-4773.4247715747415,-3746.7262837917665
2045198.801437,-4773.4247715747415,-3746.7262837917665
2045205.7761,-4773.4247715747415,-3746.7262837917665
2045213.182862,-4773.4247715747415,-3746.7262837917665
2045220.633132,-4773.4247715747415,-3746.7262837917665
2045227.236011,-4773.4247715747415,-3746.7262837917665
2045234.765879,-4773.4247715747415,-3746.7262837917665
2045242.229296,-4773.4247715747415,-3746.7262837917665
2045247.766898,-4773.4247715747415,-3746.7262837917665
2045255.223825,-4773.4247715747415,-3746.7262837917665
2045262.456138,-4773.4247715747415,-3746.7262837917665
2045269.833692,-4773.4247715747415,-3746.7262837917665
2045276.211985,-4773.4247715747415,-3746.7262837917665
2045283.205026,-4773.4247715747415,-3746.7262837917665
2045290.653234,-4773.4247715747415,-3746.7262837917665
2045297.84947,-4773.4247715747415,-3746.7262837917665
2045304.341449,-4773.4247715747415,-3746.7262837917665
2045311.689455,-4773.4247715747415,-3746.7262837917665
2045319.400257,-4759.994229496131,-3736.140935339113
2045324.775734,-4758.193758276601,-3735.2006361286067
2045335.415144,-4758.193758276601,-3735.2006361286067
2045339.405693,-4758.193758276601,-3735.2006361286067
2045346.374827,-4754.1270568666405,-3735.856983605283
2045353.582631,-4738.826527299679,-3737.4769050146747
2045360.261265,-4738.861285434906,-3737.495524793228
2045367.176989,-4738.861285434906,-3737.495524793228
2045373.793926,-4738.861285434906,-3737.495524793228
2045382.613239,-4738.861285434906,-3737.495524793228
2045387.844018,-4738.861285434906,-3737.495524793228
2045395.184088,-4738.861285434906,-3737.495524793228
2045402.158429,-4738.861285434906,-3737.495524793228
2045409.501393,-4738.861285434906,-3737.495524793228
2045418.323638,-4738.861285434906,-3737.495524793228
2045423.350389,-4738.861285434906,-3737.495524793228
2045430.73051,-4738.861285434906,-3737.495524793228
2045437.227961,-4738.861285434906,-3737.495524793228
2045443.858483,-4738.861285434906,-3737.495524793228
2045451.431931,-4738.861285434906,-3737.495524793228
2045458.157971,-4738.861285434906,-3737.495524793228
2045466.334295,-4738.861285434906,-3737.495524793228
2045472.637554,-4738.861285434906,-3737.495524793228
2045479.279406,-4738.861285434906,-3737.495524793228
2045485.800836,-4738.861285434906,-3737.495524793228
2045492.809259,-4738.861285434906,-3737.495524793228
2045500.346746,-4738.861285434906,-3737.495524793228
2045507.5831,-4738.861285434906,-3737.495524793228
2045514.260192,-4738.861285434906,-3737.495524793228
2045521.569229,-4738.861285434906,-3737.495524793228
2045528.873237,-4738.861285434906,-3737.495524793228
2045535.230579,-4738.861285434906,-3737.495524793228
2045542.736024,-4738.861285434906,-3737.495524793228
2045550.297331,-4738.861285434906,-3737.495524793228
2045556.254648,-4738.861285434906,-3737.495524793228
2045564.13304,-4738.861285434906,-3737.495524793228
2045569.745083,-4738.861285434906,-3737.495524793228
2045576.744857,-4738.861285434906,-3737.495524793228
2045584.673302,-4738.861285434906,-3737.495524793228
2045591.122386,-4739.63291595666,-3734.460499622523
2045598.616225,-4741.245693270572,-3729.111965961109
2045606.309173,-4742.691631549082,-3722.92088690283
2045611.76979,-4742.837615696718,-3721.6361216143873
2045619.140843,-4742.837615696718,-3721.6361216143873
2045626.136972,-4742.837615696718,-3721.6361216143873
2045633.149207,-4742.837615696718,-3721.6361216143873
2045640.53624,-4742.837615696718,-3721.6361216143873
2045647.233159,-4742.837615696718,-3721.6361216143873
2045654.257465,-4742.837615696718,-3721.6361216143873
2045661.6134,-4742.837615696718,-3721.6361216143873
2045668.254915,-4742.837615696718,-3721.6361216143873
2045675.997802,-4742.837615696718,-3721.6361216143873
2045682.185423,-4742.837615696718,-3721.6361216143873
2045684.488729,-4742.837615696718,-3721.6361216143873
2045688.750181,-4742.837615696718,-3721.6361216143873
2045696.215958,-4741.502903439026,-3720.286187073125
2045702.742634,-4736.462974343334,-3727.9063347813176
2045709.781205,-4702.052423961536,-3746.1909649452887
2045717.734629,-4694.635038646925,-3785.595085943792
2045727.124426,-4693.800843485923,-3799.7181926279213
2047225.214831,-3947.1753129881213,-3233.8533804903363
2047225.215607,-3947.1753129881213,-3233.8533804903363
2047231.776121,-3947.5367975597214,-3229.0774014979875
2047231.776715,-3947.5367975597214,-3229.0774014979875
2047245.171899,-3952.389032831239,-3249.6662463454927
2047245.177387,-3952.389032831239,-3249.6662463454927
2047253.97545,-3952.750517402801,-3255.9783587144543
2047254.735089,-3952.750517402801,-3255.9783587144543
2047259.156313,-3952.750517402801,-3255.9783587144543
2047266.201524,-3952.750517402801,-3255.9783587144543
2047275.60185,-3952.750517402801,-3255.9783587144543
2047279.976448,-3952.750517402801,-3255.9783587144543
2047287.420637,-3952.750517402801,-3255.9783587144543
2047294.015254,-3952.750517402801,-3255.9783587144543
2047300.953963,-3952.750517402801,-3255.9783587144543
2047308.00051,-3952.750517402801,-3255.9783587144543
2047314.980493,-3952.750517402801,-3255.9783587144543
2047322.025212,-3952.750517402801,-3255.9783587144543
2047329.413704,-3952.750517402801,-3255.9783587144543
2047336.019324,-3952.750517402801,-3255.9783587144543
2047343.567015,-3952.750517402801,-3255.9783587144543
2047351.003354,-3952.750517402801,-3255.9783587144543
2047356.621715,-3952.750517402801,-3255.9783587144543
2047365.41737,-3952.750517402801,-3255.9783587144543
2047371.035726,-3952.750517402801,-3255.9783587144543
2047378.473161,-3952.750517402801,-3255.9783587144543
2047385.063502,-3952.750517402801,-3255.9783587144543
2047392.04788,-3952.750517402801,-3255.9783587144543
2047399.062255,-3952.750517402801,-3255.9783587144543
2047406.511591,-3952.750517402801,-3255.9783587144543
2047412.992506,-3952.750517402801,-3255.9783587144543
2047420.422306,-3952.750517402801,-3255.9783587144543
2047427.383255,-3952.750517402801,-3255.9783587144543
2047434.025875,-3952.750517402801,-3255.9783587144543
2047441.383459,-3952.750517402801,-3255.9783587144543
2047448.1034,-3952.750517402801,-3255.9783587144543
2047455.144558,-3952.750517402801,-3255.9783587144543
2047464.120921,-3952.750517402801,-3255.9783587144543
2047469.39568,-3952.750517402801,-3255.9783587144543
2047476.7742,-3952.750517402801,-3255.9783587144543
2047482.596959,-3952.750517402801,-3255.9783587144543
2047489.597946,-3952.750517402801,-3255.9783587144543
2047498.29278,-3952.750517402801,-3255.9783587144543
2047506.20681,-3952.750517402801,-3255.9783587144543
2047511.70486,-3952.750517402801,-3255.9783587144543
2047517.995113,-3952.750517402801,-3255.9783587144543
2047525.002125,-3952.368177951432,-3257.449322943675
2047531.999265,-3952.361226319228,-3257.435358088533
2047539.373977,-3952.361226319228,-3257.435358088533
2047546.081848,-3952.361226319228,-3257.435358088533
2047553.347269,-3952.361226319228,-3257.435358088533
2047560.632091,-3952.361226319228,-3257.435358088533
2047566.996596,-3952.361226319228,-3257.435358088533
2047573.599375,-3952.361226319228,-3257.435358088533
2047580.597839,-3952.361226319228,-3257.435358088533
2047587.669207,-3952.361226319228,-3257.435358088533
2047595.718852,-3952.361226319228,-3257.435358088533
2047601.568331,-3952.361226319228,-3257.435358088533
2047610.704034,-3952.361226319228,-3257.435358088533
2047616.12885,-3952.361226319228,-3257.435358088533
2047623.064814,-3952.361226319228,-3257.435358088533
2047630.54466,-3952.361226319228,-3257.435358088533
2047637.051768,-3952.361226319228,-3257.435358088533
2047644.055878,-3952.361226319228,-3257.435358088533
2047651.080823,-3952.361226319228,-3257.435358088533
2047658.813025,-3951.1794498211816,-3254.0791390673758
2047665.338063,-3950.491238805299,-3253.2645227928288
2047672.921811,-3950.491238805299,-3253.2645227928288
2047679.044504,-3950.491238805299,-3253.2645227928288
2047686.156417,-3950.491238805299,-3253.2645227928288
2047693.647542,-3950.491238805299,-3253.2645227928288
2047700.122133,-3950.491238805299,-3253.2645227928288
2047706.594628,-3950.491238805299,-3253.2645227928288
2047714.801948,-3950.491238805299,-3253.2645227928288
2047721.005979,-3950.491238805299,-3253.2645227928288
2047727.599697,-3950.491238805299,-3253.2645227928288
2047737.7601,-3950.491238805299,-3253.2645227928288
2047742.05685,-3950.491238805299,-3253.2645227928288
2047749.429026,-3950.491238805299,-3253.2645227928288
2047756.17419,-3950.491238805299,-3253.2645227928288
2047763.047893,-3950.491238805299,-3253.2645227928288
2047770.070088,-3950.491238805299,-3253.2645227928288
2047777.050476,-3950.491238805299,-3253.2645227928288
2047784.550324,-3950.491238805299,-3253.2645227928288
2047791.660188,-3950.491238805299,-3253.2645227928288
2047798.14323,-3950.491238805299,-3253.2645227928288
2047805.527376,-3950.491238805299,-3253.2645227928288
2047818.493947,-3950.491238805299,-3253.2645227928288
2047819.598954,-3950.491238805299,-3253.2645227928288
2047826.1433,-3950.491238805299,-3253.2645227928288
2047833.1609,-3950.491238805299,-3253.2645227928288
2047840.831247,-3950.491238805299,-3253.2645227928288
2047846.608983,-3950.491238805299,-3253.2645227928288
2047853.601104,-3950.491238805299,-3253.2645227928288
2047860.713251,-3950.491238805299,-3253.2645227928288
2047869.59201,-3950.491238805299,-3253.2645227928288
2047875.06698,-3950.491238805299,-3253.2645227928288
2047882.53837,-3950.491238805299,-3253.2645227928288
2047890.091662,-3950.491238805299,-3253.2645227928288
2047896.134154,-3950.491238805299,-3253.2645227928288
2047903.740632,-3950.491238805299,-3253.2645227928288
2047910.283247,-3950.491238805299,-3253.2645227928288
2047918.061647,-3950.491238805299,-3253.2645227928288
2047925.257978,-3950.491238805299,-3253.2645227928288
2047931.094396,-3950.491238805299,-3253.2645227928288
2047938.582912,-3949.073107005787,-3254.7680716893883
2047946.204179,-3949.073107005787,-3254.7680716893883
2047952.396519,-3949.073107005787,-3254.7680716893883
2047959.103353,-3944.144403855456,-3251.402542747374
2047965.597587,-3944.144403855456,-3251.402542747374
2047972.780413,-3944.144403855456,-3251.402542747374
2047980.997362,-3944.144403855456,-3251.402542747374
2047987.073232,-3944.144403855456,-3251.402542747374
2047995.085737,-3944.144403855456,-3251.402542747374
2048001.07209,-3944.144403855456,-3251.402542747374
2048008.36527,-3944.144403855456,-3251.402542747374
2048015.17816,-3944.144403855456,-3251.402542747374
2048023.086226,-3944.144403855456,-3251.402542747374
2048029.110246,-3944.144403855456,-3251.402542747374
2048040.737694,-3944.144403855456,-3251.402542747374
2048044.447443,-3943.65083837305,-3251.9145872566087
2048050.104969,-3943.65083837305,-3251.9145872566087
2048057.450229,-3943.65083837305,-3251.9145872566087
2048064.192634,-3943.65083837305,-3251.9145872566087
2048072.421582,-3943.65083837305,-3251.9145872566087
2048078.082486,-3943.65083837305,-3251.9145872566087
2048085.178834,-3943.65083837305,-3251.9145872566087
2048091.597285,-3943.65083837305,-3251.9145872566087
2048099.986451,-3943.65083837305,-3251.9145872566087
2048106.095172,-3943.65083837305,-3251.9145872566087
2048113.590191,-3943.65083837305,-3251.9145872566087
2048121.192643,-3943.65083837305,-3251.9145872566087
2048127.09028,-3943.65083837305,-3251.9145872566087
2048134.60981,-3943.65083837305,-3251.9145872566087
2048141.243415,-3943.65083837305,-3251.9145872566087
2048148.829833,-3943.65083837305,-3251.9145872566087
2048156.160794,-3943.65083837305,-3251.9145872566087
2048162.168295,-3943.65083837305,-3251.9145872566087
2048170.135308,-3943.65083837305,-3251.9145872566087
2048177.790315,-3943.65083837305,-3251.9145872566087
2048183.088425,-3943.65083837305,-3251.9145872566087
2048190.696499,-3943.65083837305,-3251.9145872566087
2048197.21645,-3941.6418183240644,-3252.868852038109
2048204.160789,-3940.1263637575903,-3253.9813851187014
2048210.593459,-3940.1263637575903,-3253.9813851187014
2048217.599481,-3940.1263637575903,-3253.9813851187014
2048224.571265,-3940.1263637575903,-3253.9813851187014
2048233.174359,-3940.1263637575903,-3253.9813851187014
2048239.073758,-3940.1263637575903,-3253.9813851187014
2048246.069001,-3943.4422895752227,-3258.682884716666
2048253.604986,-3943.4422895752227,-3258.682884716666
2048260.300299,-3943.4422895752227,-3258.682884716666
2048267.70941,-3943.4422895752227,-3258.682884716666
2048276.626826,-3943.4422895752227,-3258.682884716666
2048281.401991,-3943.4422895752227,-3258.682884716666
2048288.248572,-3943.4422895752227,-3258.682884716666
2048295.076398,-3943.4422895752227,-3258.682884716666
2048302.838018,-3943.4422895752227,-3258.682884716666
2048310.084264,-3943.4422895752227,-3258.682884716666
2048316.092451,-3943.4422895752227,-3258.682884716666
2048323.517892,-3943.4422895752227,-3258.682884716666
2048331.175054,-3943.4422895752227,-3258.682884716666
2048336.598126,-3943.4422895752227,-3258.682884716666
2048345.923989,-3943.4422895752227,-3258.682884716666
2048351.366391,-3943.4422895752227,-3258.682884716666
2048358.023543,-3943.4422895752227,-3258.682884716666
2048365.484272,-3943.4422895752227,-3258.682884716666
2048372.0848,-3943.4422895752227,-3258.682884716666
2048379.017897,-3943.4422895752227,-3258.682884716666
2048386.504256,-3943.4422895752227,-3258.682884716666
2048393.11981,-3943.4422895752227,-3258.682884716666
2048400.490761,-3943.4422895752227,-3258.682884716666
2048409.387065,-3943.4422895752227,-3258.682884716666
2048414.094993,-3943.4422895752227,-3258.682884716666
2048421.432276,-3943.4422895752227,-3258.682884716666
2048428.095956,-3943.4422895752227,-3258.682884716666
2048435.421695,-3943.4422895752227,-3258.682884716666
2048442.668442,-3943.4422895752227,-3258.682884716666
2048449.517967,-3943.4422895752227,-3258.682884716666
2048455.597572,-3943.4422895752227,-3258.682884716666
2048464.804888,-3943.4422895752227,-3258.682884716666
2048470.033197,-3943.4422895752227,-3258.682884716666
2048477.400992,-3943.4422895752227,-3258.682884716666
2048484.754309,-3943.4422895752227,-3258.682884716666
2048491.062565,-3943.4422895752227,-3258.682884716666
2048498.458391,-3943.4422895752227,-3258.682884716666
2048504.691629,-3943.4422895752227,-3258.682884716666
2048511.679991,-3943.4422895752227,-3258.682884716666
2048519.940932,-3943.4422895752227,-3258.682884716666
2048526.044503,-3943.4422895752227,-3258.682884716666
2048533.789915,-3943.4422895752227,-3258.682884716666
2048540.976973,-3943.4422895752227,-3258.682884716666
2048547.042314,-3943.4422895752227,-3258.682884716666
2048555.235237,-3943.4422895752227,-3258.682884716666
2048561.109796,-3943.4422895752227,-3258.682884716666
2048568.269721,-3943.4422895752227,-3258.682884716666
2048574.576493,-3943.4422895752227,-3258.682884716666
2048583.847453,-3943.4422895752227,-3258.682884716666
2048589.049161,-3943.4422895752227,-3258.682884716666
2048596.424432,-3943.4422895752227,-3258.682884716666
2048603.12297,-3943.4422895752227,-3258.682884716666
2048611.07661,-3943.4422895752227,-3258.682884716666
2048616.599168,-3943.4422895752227,-3258.682884716666
2048624.41529,-3943.4422895752227,-3258.682884716666
2048631.869952,-3943.4422895752227,-3258.682884716666
2048638.309958,-3943.4422895752227,-3258.682884716666
2048645.944658,-3943.4422895752227,-3258.682884716666
2048649.608909,-3941.6557215800713,-3260.3353919907527
2048651.582443,-3936.1083236678064,-3271.395553265163
2048661.54823,-3929.2192618502004,-3290.5832568346823
2048665.79002,-3915.343815437057,-3329.0703810192576
2048963.639073,-3209.331217643665,-3040.944241021149
2048963.640442,-3209.331217643665,-3040.944241021149
2048971.776475,-3231.4497516028055,-2922.451096371714
2048971.777087,-3231.4497516028055,-2922.451096371714
2048977.405802,-3238.7072497140357,-2926.4450456416926
2048977.428708,-3238.7072497140357,-2926.4450456416926
2048984.490435,-3238.7072497140357,-2926.4403906907023
2049005.246423,-3248.835769586594,-2919.318313297547
2049005.247092,-3248.835769586594,-2919.318313297547
2049012.146095,-3251.797162501198,-2912.1729610705015
2049019.747638,-3251.797162501198,-2912.1729610705015
2049020.99847,-3251.797162501198,-2912.1729610705015
2049025.565251,-3251.797162501198,-2912.1729610705015
2049032.600607,-3251.797162501198,-2912.1729610705015
2049040.064041,-3251.797162501198,-2912.1729610705015
2049047.060098,-3251.797162501198,-2912.1729610705015
2049054.810011,-3251.797162501198,-2912.1729610705015
2049061.604982,-3251.797162501198,-2912.1729610705015
2049068.127656,-3251.797162501198,-2912.1729610705015
2049075.410926,-3251.797162501198,-2912.1729610705015
2049082.115122,-3251.797162501198,-2912.1729610705015
2049089.444976,-3251.797162501198,-2912.1729610705015
2049096.689558,-3251.797162501198,-2912.1729610705015
2049103.093283,-3251.797162501198,-2912.1729610705015
2049111.046908,-3251.797162501198,-2912.1729610705015
2049118.258295,-3251.797162501198,-2912.1729610705015
2049124.121388,-3251.797162501198,-2912.1729610705015
2049130.762295,-3251.797162501198,-2912.1729610705015
2049137.598537,-3251.797162501198,-2912.1729610705015
2049146.421802,-3251.797162501198,-2912.1729610705015
2049152.079967,-3251.797162501198,-2912.1729610705015
2049159.104113,-3251.797162501198,-2912.1729610705015
2049166.509614,-3251.797162501198,-2912.1729610705015
2049175.149114,-3249.5517871232787,-2914.9193831039725
2049180.109132,-3255.0922334793663,-2921.9530164483094
2049186.588133,-3255.0922334793663,-2921.9530164483094
2049197.115573,-3255.0922334793663,-2921.9530164483094
2049201.211775,-3255.0922334793663,-2921.9530164483094
2049208.490392,-3255.0922334793663,-2921.9530164483094
2049215.061262,-3255.0922334793663,-2921.9530164483094
2049222.973231,-3255.0922334793663,-2921.9530164483094
2049231.463002,-3255.0922334793663,-2921.9530164483094
2049236.065595,-3255.0922334793663,-2921.9530164483094
2049243.510559,-3255.0922334793663,-2921.9530164483094
2049250.965115,-3255.0922334793663,-2921.9530164483094
2049256.58913,-3255.0922334793663,-2921.9530164483094
2049264.968815,-3255.0922334793663,-2921.9530164483094
2049271.057421,-3255.0922334793663,-2921.9530164483094
2049278.087066,-3264.317041901008,-2926.2635024950946
2049284.941977,-3286.49273055647,-2935.834084798491
2049291.599225,-3302.5509878611833,-2942.3556731420654
2049301.110624,-3303.065408229308,-2942.5418712340606
2049306.294656,-3303.065408229308,-2942.5418712340606
2049313.016185,-3303.065408229308,-2942.5418712340606
2049320.576051,-3303.065408229308,-2942.5418712340606
2049327.956995,-3303.065408229308,-2942.5418712340606
2049334.032956,-3303.065408229308,-2942.5418712340606
2049341.140128,-3303.065408229308,-2942.5418712340606
2049348.08628,-3303.065408229308,-2942.5418712340606
2049355.083031,-3303.065408229308,-2942.5418712340606
2049364.775216,-3303.065408229308,-2942.5418712340606
2049369.317266,-3307.1738195085777,-2944.4457467643774
2049375.579637,-3309.919711988049,-2944.9158969543887
2049382.66513,-3309.919711988049,-2944.9158969543887
2049389.670742,-3309.919711988049,-2944.9158969543887
2049397.932694,-3309.919711988049,-2944.9158969543887
2049403.984888,-3309.919711988049,-2944.9158969543887
2049410.948354,-3309.919711988049,-2944.9158969543887
2049418.385414,-3309.919711988049,-2944.9158969543887
2049426.030497,-3309.919711988049,-2944.9158969543887
2049432.008537,-3309.919711988049,-2944.9158969543887
2049439.437081,-3320.2845871530035,-2949.389306170858
2049446.01461,-3320.7712010088026,-2949.7477375107196
2049453.628848,-3320.7712010088026,-2949.7477375107196
2049462.010935,-3320.7712010088026,-2949.7477375107196
2049467.042561,-3320.7712010088026,-2949.7477375107196
2049474.417372,-3320.7712010088026,-2949.7477375107196
2049481.673113,-3320.7712010088026,-2949.7477375107196
2049489.796968,-3320.7712010088026,-2949.7477375107196
2049494.582757,-3320.7712010088026,-2949.7477375107196
2049501.589662,-3320.7712010088026,-2949.7477375107196
2049508.589955,-3320.7712010088026,-2949.7477375107196
2049517.032533,-3320.7712010088026,-2949.7477375107196
2049523.780252,-3320.7712010088026,-2949.7477375107196
2049530.046615,-3320.7712010088026,-2949.7477375107196
2049537.493282,-3320.7712010088026,-2949.7477375107196
2049544.302935,-3320.7712010088026,-2949.7477375107196
2049551.368827,-3320.7712010088026,-2949.7477375107196
2049557.958501,-3320.7712010088026,-2949.7477375107196
2049571.671267,-3320.7712010088026,-2949.7477375107196
2049572.410209,-3320.7712010088026,-2949.7477375107196
2049579.367743,-3320.7712010088026,-2949.7477375107196
2049585.96877,-3320.7712010088026,-2949.7477375107196
2049593.433493,-3320.7712010088026,-2949.7477375107196
2049599.982544,-3320.7712010088026,-2949.7477375107196
2049607.125322,-3320.7712010088026,-2949.7477375107196
2049620.114484,-3320.7712010088026,-2949.7477375107196
2049620.592083,-3327.4656173658836,-2951.851775960133
2049629.632304,-3327.4656173658836,-2951.851775960133
2049635.034864,-3327.4656173658836,-2951.851775960133
2049642.119362,-3327.4656173658836,-2951.851775960133
2049650.050911,-3327.4656173658836,-2951.851775960133
2049657.378726,-3327.4656173658836,-2951.851775960133
2049663.064162,-3327.4656173658836,-2951.851775960133
2049669.600028,-3327.4656173658836,-2951.851775960133
2049676.599908,-3327.4656173658836,-2951.851775960133
2049683.567695,-3327.4656173658836,-2951.851775960133
2049693.724338,-3332.8461762987913,-2952.894485286814
2049698.29105,-3332.8461762987913,-2952.894485286814
2049706.685714,-3332.8461762987913,-2952.894485286814
2049711.589542,-3332.8461762987913,-2952.894485286814
2049718.593141,-3339.2347210868215,-2953.839440605246
2049726.909497,-3339.179108070733,-2953.778926226154
2049733.147364,-3339.179108070733,-2953.778926226154
2049739.583174,-3339.179108070733,-2953.778926226154
2049748.760305,-3339.179108070733,-2953.778926226154
2049754.222562,-3339.179108070733,-2953.778926226154
2049762.391767,-3339.179108070733,-2953.778926226154
2049768.303329,-3339.179108070733,-2953.778926226154
2049776.19661,-3339.179108070733,-2953.778926226154
2049783.913105,-3339.179108070733,-2953.778926226154
2049789.117297,-3339.179108070733,-2953.778926226154
2049795.211121,-3339.179108070733,-2953.778926226154
2049796.292059,-3339.179108070733,-2953.778926226154
2049804.469866,-3339.179108070733,-2953.778926226154
2049811.872163,-3339.179108070733,-2953.778926226154
2049816.950661,-3339.179108070733,-2953.778926226154
2051471.24594,-4064.593518389229,-1434.6265622873834
2051471.246604,-4064.593518389229,-1434.6265622873834
2051478.549433,-4168.070194778598,-1481.9697439106912
2051478.550851,-4168.070194778598,-1481.9697439106912
2051482.686765,-4168.070194778598,-1481.9697439106912
2051482.693043,-4168.070194778598,-1481.9697439106912
2051489.684291,-4168.070194778598,-1481.9697439106912
2051502.581463,-4168.070194778598,-1481.9697439106912
2051512.967025,-4169.231116391933,-1485.4470013286402
2051512.97739,-4169.231116391933,-1485.4470013286402
2051520.228115,-4177.976262434315,-1487.8256874527997
2051527.207593,-4177.976262434315,-1487.8256874527997
2051540.13773,-4177.976262434315,-1487.8256874527997
2051543.269557,-4177.976262434315,-1487.8256874527997
2051548.699977,-4177.976262434315,-1487.8256874527997
2051551.982269,-4177.976262434315,-1487.8256874527997
2051555.681198,-4177.976262434315,-1487.8256874527997
2051565.482262,-4177.976262434315,-1487.8256874527997
2051569.720124,-4177.976262434315,-1487.8256874527997
2051577.614931,-4177.976262434315,-1487.8256874527997
2051584.848169,-4177.976262434315,-1487.8256874527997
2051590.669268,-4177.976262434315,-1487.8256874527997
2051598.522536,-4177.976262434315,-1487.8256874527997
2051605.722042,-4177.976262434315,-1487.8256874527997
2051611.69876,-4177.976262434315,-1487.8256874527997
2051619.38147,-4177.976262434315,-1487.8256874527997
2051628.794577,-4177.976262434315,-1487.8256874527997
2051632.670667,-4177.976262434315,-1487.8256874527997
2051641.499748,-4177.976262434315,-1487.8256874527997
2051646.224087,-4177.976262434315,-1487.8256874527997
2051654.853216,-4177.976262434315,-1487.8256874527997
2051660.650652,-4177.976262434315,-1487.8256874527997
2051669.781419,-4187.402667863808,-1498.5227924642115
2051674.833449,-4187.089844668748,-1498.0898809049684
2051681.67213,-4187.089844668748,-1498.0898809049684
2051688.714632,-4187.089844668748,-1498.0898809049684
2051696.049585,-4187.089844668748,-1498.0898809049684
2051703.425967,-4187.089844668748,-1498.0898809049684
2051712.239414,-4187.089844668748,-1498.0898809049684
2051716.69933,-4187.089844668748,-1498.0898809049684
2051725.640392,-4187.089844668748,-1498.0898809049684
2051730.663835,-4187.089844668748,-1498.0898809049684
2051738.996003,-4187.089844668748,-1498.0898809049684
2051744.69587,-4187.089844668748,-1498.0898809049684
2051752.076098,-4187.089844668748,-1498.0898809049684
2051759.727463,-4187.089844668748,-1498.0898809049684
2051765.22158,-4187.089844668748,-1498.0898809049684
2051773.361251,-4187.089844668748,-1498.0898809049684
2051782.646869,-4187.089844668748,-1498.0898809049684
2051786.229913,-4187.089844668748,-1498.0898809049684
2051794.366891,-4192.01854780339,-1499.8308370527993
2051800.676115,-4192.01854780339,-1499.8354920245786
2051808.153162,-4192.01854780339,-1499.8354920245786
2051815.291591,-4191.6014502183625,-1505.114219995671
2051821.677697,-4191.6014502183625,-1505.114219995671
2051829.709604,-4191.6014502183625,-1505.114219995671
2051837.352786,-4188.883364287251,-1509.261791957876
2051843.968026,-4188.883364287251,-1509.261791957876
2051849.669465,-4188.883364287251,-1509.261791957876
2051856.212889,-4188.883364287251,-1509.261791957876
2051863.200286,-4188.883364287251,-1509.261791957876
2051870.236395,-4188.883364287251,-1509.261791957876
2051877.516021,-4188.883364287251,-1509.261791957876
2051884.226972,-4188.883364287251,-1509.261791957876
2051892.754622,-4188.883364287251,-1509.261791957876
2051898.67371,-4188.883364287251,-1509.261791957876
2051906.169123,-4188.883364287251,-1509.261791957876
2051914.844566,-4188.883364287251,-1509.261791957876
2051919.673631,-4188.883364287251,-1509.261791957876
2051927.077849,-4188.883364287251,-1509.261791957876
2051934.675804,-4200.93053287899,-1507.3718770124597
2051940.591909,-4201.215549562237,-1515.173594802778
2051947.953221,-4201.215549562237,-1515.1782497646293
2051954.576521,-4201.215549562237,-1515.1782497646293
2051961.233584,-4201.215549562237,-1515.1782497646293
2051969.255871,-4201.215549562237,-1515.1782497646293
2051975.573225,-4201.215549562237,-1515.1782497646293
2051982.966507,-4201.215549562237,-1515.1782497646293
2051991.002545,-4201.215549562237,-1515.1782497646293
2051996.592103,-4201.215549562237,-1515.1782497646293
2052005.477698,-4201.215549562237,-1515.1782497646293
2052010.538473,-4201.215549562237,-1515.1782497646293
2052017.222884,-4201.215549562237,-1515.1782497646293
2052026.103426,-4201.215549562237,-1515.1782497646293
2052031.621522,-4201.215549562237,-1515.1782497646293
2052039.025509,-4201.215549562237,-1515.1782497646293
2052045.646944,-4201.215549562237,-1515.1782497646293
2052052.739916,-4201.215549562237,-1515.1782497646293
2052061.814241,-4201.215549562237,-1515.1782497646293
2052066.848027,-4195.7515711976175,-1518.9022200371608
2052073.645605,-4189.390833014912,-1526.7085926486593
2052080.964227,-4188.549686220887,-1527.1647790028587
2052088.711939,-4188.549686220887,-1527.1647790028587
2052094.770908,-4188.549686220887,-1527.1647790028587
2052101.725403,-4188.549686220887,-1527.1647790028587
2052108.665415,-4188.549686220887,-1527.1647790028587
2052116.121087,-4188.549686220887,-1527.1647790028587
2052123.883611,-4188.549686220887,-1527.1647790028587
2052129.222514,-4188.549686220887,-1527.1647790028587
2052138.318487,-4188.549686220887,-1527.1647790028587
2052145.673187,-4188.549686220887,-1527.1647790028587
2052150.617569,-4188.549686220887,-1527.1647790028587
2052158.06256,-4188.549686220887,-1527.1647790028587
2052165.70425,-4188.549686220887,-1527.1647790028587
2052171.615926,-4188.549686220887,-1527.1647790028587
2052181.571427,-4188.549686220887,-1527.1647790028587
2052185.645809,-4188.549686220887,-1527.1647790028587
2052192.615861,-4188.549686220887,-1527.1647790028587
2052200.07242,-4179.922717826233,-1528.8498755173982
2052206.702137,-4178.9355868743405,-1528.1097364415841
2052214.223874,-4178.9355868743405,-1528.1097364415841
2052220.623004,-4178.9355868743405,-1528.1097364415841
2052227.743464,-4178.9355868743405,-1528.1097364415841
2052235.135399,-4173.56197964969,-1519.8332126040623
2052241.219052,-4170.677054688519,-1517.09609446369
2052250.262379,-4170.677054688519,-1517.09609446369
2052255.226117,-4170.677054688519,-1517.09609446369
2052262.222637,-4165.532851131177,-1514.386906078416
2052271.819605,-4162.8425717020955,-1512.552850714634
2052276.717507,-4162.8425717020955,-1512.552850714634
2052283.720754,-4157.9833848274275,-1509.3502362520271
2052291.508701,-4157.9833848274275,-1509.3502362520271
2052298.761075,-4157.9833848274275,-1509.3502362520271
2052304.573414,-4157.9833848274275,-1509.3502362520271
2052312.018945,-4157.9833848274275,-1509.3502362520271
2052319.693283,-4157.9833848274275,-1509.3502362520271
2052326.032304,-4157.9833848274275,-1509.3502362520271
2052333.177529,-4154.438055355766,-1506.4315745030897
2052339.790854,-4148.890657467107,-1505.1514597076243
2052346.717206,-4148.8976090908845,-1501.4321443154797
2052354.274498,-4148.8976090908845,-1501.4321443154797
2052361.683952,-4148.8976090908845,-1501.4321443154797
2052367.226351,-4148.8976090908845,-1501.4321443154797
2052374.222172,-4148.8976090908845,-1501.4321443154797
2052381.223366,-4148.8976090908845,-1501.4321443154797
2052389.537833,-4148.8976090908845,-1501.4321443154797
2052395.669217,-4148.8976090908845,-1501.4321443154797
2052402.69217,-4146.832976043283,-1496.7259767555947
2052409.708494,-4146.839927667061,-1496.730631718548
2052416.700153,-4146.839927667061,-1496.730631718548
2052426.033201,-4146.839927667061,-1496.730631718548
2052431.491867,-4146.839927667061,-1496.730631718548
2052437.713235,-4146.839927667061,-1496.730631718548
2052445.032136,-4146.839927667061,-1496.730631718548
2052451.715945,-4146.839927667061,-1496.730631718548
2052458.976406,-4145.560828407146,-1493.8724844294907
2052467.318584,-4144.3234388984065,-1490.511601134294
2052473.005578,-4144.3234388984065,-1490.511601134294
2052479.676485,-4148.278914340684,-1491.1912257348013
2052487.37701,-4148.278914340684,-1491.1912257348013
2052494.443735,-4148.278914340684,-1491.1912257348013
2052500.203616,-4148.278914340684,-1491.1912257348013
2052508.253212,-4148.278914340684,-1491.1912257348013
2052514.652622,-4148.278914340684,-1491.1912257348013
2052522.143865,-4148.278914340684,-1491.1912257348013
2052528.647917,-4148.278914340684,-1491.1912257348013
2052535.635956,-4148.278914340684,-1491.1912257348013
2052544.261397,-4148.278914340684,-1491.1912257348013
2052549.238294,-4148.278914340684,-1491.1912257348013
2052556.239859,-4148.278914340684,-1491.1912257348013
2052563.238752,-4148.278914340684,-1491.1912257348013
2052570.240048,-4148.278914340684,-1491.1912257348013
2052577.194233,-4148.278914340684,-1491.1912257348013
2052586.700758,-4148.278914340684,-1491.1912257348013
2052591.229131,-4148.278914340684,-1491.1912257348013
2052600.490772,-4148.278914340684,-1491.1912257348013
2052605.688188,-4148.278914340684,-1491.1912257348013
2052613.778544,-4148.278914340684,-1491.1912257348013
2052619.232518,-4148.278914340684,-1491.1912257348013
2052626.62111,-4148.278914340684,-1491.1912257348013
2052633.737296,-4148.278914340684,-1491.1912257348013
2052640.941235,-4148.278914340684,-1491.1912257348013
2052647.597553,-4148.278914340684,-1491.1912257348013
2052654.651935,-4148.278914340684,-1491.1912257348013
2052661.639886,-4148.278914340684,-1491.1912257348013
2052668.614727,-4148.278914340684,-1491.1912257348013
2052675.583833,-4148.278914340684,-1491.1912257348013
2052682.639924,-4148.278914340684,-1491.1912257348013
2052689.580054,-4148.278914340684,-1491.1912257348013
2052696.973081,-4148.278914340684,-1491.1912257348013
2052704.925147,-4148.278914340684,-1491.1912257348013
2052711.723978,-4148.278914340684,-1491.1912257348013
2052719.181686,-4148.278914340684,-1491.1912257348013
2052724.285526,-4148.278914340684,-1491.1912257348013
2052731.213145,-4148.278914340684,-1491.1912257348013
2052741.263068,-4148.278914340684,-1491.1912257348013
2052745.589229,-4148.278914340684,-1491.1912257348013
2052752.693463,-4148.278914340684,-1491.1912257348013
2052762.434065,-4148.278914340684,-1491.1912257348013
2052766.691052,-4148.278914340684,-1491.1912257348013
2052773.683728,-4148.278914340684,-1491.1912257348013
2052780.569196,-4148.278914340684,-1491.1912257348013
2052787.570584,-4148.278914340684,-1491.1912257348013
2052794.809939,-4148.278914340684,-1491.1912257348013
2052801.713586,-4148.278914340684,-1491.1912257348013
2052809.949915,-4148.278914340684,-1491.1912257348013
2052815.579907,-4148.278914340684,-1491.1912257348013
2052822.610653,-4148.278914340684,-1491.1912257348013
2052830.016208,-4148.278914340684,-1491.1912257348013
2052836.616258,-4148.278914340684,-1491.1912257348013
2052843.570437,-4148.278914340684,-1491.1912257348013
2052850.873767,-4148.278914340684,-1491.1912257348013
2052857.224657,-4148.278914340684,-1491.1912257348013
2052864.223184,-4148.278914340684,-1491.1912257348013
2052872.965248,-4148.278914340684,-1491.1912257348013
2052878.196222,-4148.278914340684,-1491.1912257348013
2052885.202538,-4148.278914340684,-1491.1912257348013
2052893.485094,-4148.278914340684,-1491.1912257348013
2052899.665004,-4148.278914340684,-1491.1912257348013
2052907.042639,-4148.278914340684,-1491.1912257348013
2052914.559449,-4154.055715897685,-1491.1772608515585
2052920.824237,-4154.055715897685,-1491.1772608515585
2052928.00671,-4154.055715897685,-1491.1772608515585
2052938.273141,-4154.055715897685,-1491.1772608515585
2052941.698737,-4154.055715897685,-1491.1772608515585
2052949.003451,-4154.055715897685,-1491.1772608515585
2052955.664124,-4154.055715897685,-1491.1772608515585
2052963.170368,-4154.055715897685,-1491.1772608515585
2052971.750114,-4154.055715897685,-1491.1772608515585
2052976.224071,-4154.055715897685,-1491.1772608515585
2052984.391946,-4154.055715897685,-1491.1772608515585
2052991.60697,-4154.055715897685,-1491.1772608515585
2052997.668018,-4154.055715897685,-1491.1772608515585
2053005.014834,-4154.055715897685,-1491.1772608515585
2053011.669191,-4154.055715897685,-1491.1772608515585
2053021.131745,-4154.055715897685,-1491.1772608515585
2053025.593907,-4154.055715897685,-1491.1772608515585
2053032.765035,-4154.055715897685,-1491.1772608515585
2053039.629247,-4154.055715897685,-1491.1772608515585
2053046.666574,-4154.055715897685,-1491.1772608515585
2053053.658858,-4154.055715897685,-1491.1772608515585
2053062.089243,-4154.055715897685,-1491.1772608515585
2053067.662969,-4154.055715897685,-1491.1772608515585
2053074.642874,-4154.055715897685,-1491.1772608515585
2053081.202471,-4154.055715897685,-1491.1772608515585
2053090.611755,-4154.055715897685,-1491.1772608515585
2053095.238432,-4154.055715897685,-1491.1772608515585
2053102.232864,-4154.055715897685,-1491.1772608515585
2053109.742407,-4154.055715897685,-1491.1772608515585
2053116.196553,-4154.055715897685,-1491.1772608515585
2053125.165709,-4154.055715897685,-1491.1772608515585
2053130.642674,-4154.055715897685,-1491.1772608515585
2053138.223436,-4154.055715897685,-1491.1772608515585
2053144.753149,-4156.98235062754,-1490.1112743095416
2053151.618953,-4157.260415687127,-1490.1345491272073
2053158.980204,-4157.260415687127,-1490.1345491272073
2053166.962636,-4157.260415687127,-1490.1345491272073
2053172.57193,-4157.260415687127,-1490.1345491272073
2053179.646626,-4157.260415687127,-1490.1345491272073
2053186.227235,-4157.260415687127,-1490.1345491272073
2053193.195953,-4157.260415687127,-1490.1345491272073
2053201.892006,-4157.260415687127,-1490.1345491272073
2053207.669146,-4157.260415687127,-1490.1345491272073
2053215.252283,-4157.260415687127,-1490.1345491272073
2053221.225454,-4157.5037226113345,-1486.7503909936893
2053228.232615,-4157.5037226113345,-1486.7503909936893
2053236.644346,-4157.5037226113345,-1486.7503909936893
2053242.26681,-4157.5037226113345,-1486.7503909936893
2053242.816195,-4157.5037226113345,-1486.7503909936893
2053249.233161,-4157.441157972314,-1483.5663962448366
2053258.371024,-4166.144594257382,-1481.490282715603
2053263.614598,-4195.070311808897,-1507.790823680961
2053270.611197,-4195.9253618587445,-1524.0552638678669
2053277.192376,-4230.55836467739,-1575.7672433622201
2053286.54849,-4256.974545051089,-1653.7797535843831
2055548.712048,-4860.042265737824,-3446.7104182470553
2055548.717837,-4860.042265737824,-3446.7104182470553
2055556.787584,-4827.946376861169,-3678.8338853426776
2055556.78817,-4827.946376861169,-3678.8338853426776
2055579.504877,-4805.805447016339,-3708.425382765965
2055579.694548,-4805.805447016339,-3708.425382765965
2055850.919561,-4782.684337844854,-3766.216544522255
2055850.920166,-4782.684337844854,-3766.216544522255
2055857.689817,-4786.702377869534,-3767.3337316479037
2055857.690411,-4786.702377869534,-3767.3337316479037
2055863.538168,-4786.472974196214,-3767.5106196092
2055863.556992,-4786.472974196214,-3767.5106196092
2055873.726196,-4788.551510470394,-3784.361525194521
2055874.679402,-4789.024221056116,-3783.6493184238984
2055877.564058,-4788.34296167637,-3778.0354532274473
2055886.075443,-4787.759025070098,-3776.6296594596306
2055891.903791,-4787.759025070098,-3776.6296594596306
2055899.125041,-4787.759025070098,-3776.6296594596306
2055908.718997,-4787.759025070098,-3776.6296594596306
2055912.914391,-4787.759025070098,-3776.6296594596306
2055919.985825,-4787.759025070098,-3776.6296594596306
2055928.622996,-4787.759025070098,-3776.6296594596306
2055934.483391,-4787.759025070098,-3776.6296594596306
2055941.688268,-4787.759025070098,-3776.6296594596306
2055949.32426,-4787.759025070098,-3776.6296594596306
2055954.941515,-4787.759025070098,-3776.6296594596306
2055962.421405,-4783.351693977183,-3765.2529706232276
2055969.517602,-4780.939479640764,-3762.58568634313
2055975.953375,-4774.265918357863,-3754.681587323657
2055982.456351,-4772.229091841861,-3749.7519990135133
2055989.458619,-4773.7097882543685,-3746.84731240047
2055999.206454,-4778.527265304214,-3749.151510911498
2056004.165509,-4778.527265304214,-3749.151510911498
2056010.868422,-4778.527265304214,-3749.151510911498
2056018.552161,-4778.527265304214,-3749.151510911498
2056025.78513,-4784.248453774586,-3755.0213984087923
2056031.57317,-4784.992277792403,-3753.601639743808
2056038.50578,-4784.992277792403,-3753.601639743808
2056047.302767,-4784.992277792403,-3753.601639743808
2056052.97086,-4787.585234411255,-3751.688456749511
2056059.924137,-4787.585234411255,-3751.688456749511
2056067.024124,-4787.585234411255,-3751.688456749511
2056074.645446,-4787.585234411255,-3751.688456749511
2056081.860075,-4787.585234411255,-3751.688456749511
2056087.959928,-4787.585234411255,-3751.688456749511
2056096.586959,-4787.585234411255,-3751.688456749511
2056101.517939,-4787.585234411255,-3751.688456749511
2056110.555867,-4786.313086793122,-3750.152324415831
2056116.003315,-4781.655497147277,-3745.362384456813
2056124.02166,-4781.655497147277,-3745.362384456813
2056130.014433,-4781.655497147277,-3745.362384456813
2056137.977297,-4781.655497147277,-3745.362384456813
2056144.098805,-4781.655497147277,-3745.362384456813
2056150.977716,-4780.751785726141,-3742.9418122679317
2056158.449122,-4779.736848284274,-3742.6625154708186
2056164.842966,-4779.736848284274,-3742.6625154708186
2056172.23204,-4779.736848284274,-3742.6625154708186
2056178.946838,-4779.736848284274,-3742.6625154708186
2056189.473597,-4779.736848284274,-3742.6625154708186
2056192.852607,-4779.736848284274,-3742.6625154708186
2056201.445786,-4779.736848284274,-3742.6625154708186
2056206.866869,-4779.736848284274,-3742.6625154708186
2056214.31202,-4779.736848284274,-3742.6625154708186
2056224.035152,-4779.736848284274,-3742.6625154708186
2056227.457756,-4779.736848284274,-3742.6625154708186
2056235.636747,-4779.736848284274,-3742.6625154708186
2056242.012936,-4779.736848284274,-3742.6625154708186
2056249.280549,-4779.736848284274,-3742.6625154708186
2056256.821249,-4779.736848284274,-3742.6625154708186
2056264.258851,-4779.736848284274,-3742.6625154708186
2056269.848101,-4779.736848284274,-3742.6625154708186
2056276.863884,-4779.736848284274,-3742.6625154708186
2056283.909354,-4779.736848284274,-3742.6625154708186
2056291.285413,-4779.736848284274,-3742.6625154708186
2056298.321425,-4779.736848284274,-3742.6625154708186
2056304.823937,-4779.736848284274,-3742.6625154708186
2056312.327162,-4779.736848284274,-3742.6625154708186
2056318.831223,-4779.729896652344,-3742.397183518778
2056327.02087,-4775.211339537866,-3740.176774021564
2056334.862832,-4775.211339537866,-3740.176774021564
2056341.739262,-4775.211339537866,-3740.176774021564
2056346.546618,-4775.211339537866,-3740.176774021564
2056353.566456,-4773.396965071622,-3739.2690594416613
2056363.054179,-4770.122749063758,-3738.3380701261167
2056367.546654,-4770.122749063758,-3738.3380701261167
2056375.702602,-4770.122749063758,-3738.3380701261167
2056381.848353,-4770.122749063758,-3738.3380701261167
2056388.462301,-4770.122749063758,-3738.3380701261167
2056395.461245,-4770.122749063758,-3738.3380701261167
2056406.139935,-4770.122749063758,-3738.3380701261167
2056410.472169,-4770.122749063758,-3738.3380701261167
2056417.047256,-4765.4790626718905,-3738.0448084914437
2056424.538997,-4765.4790626718905,-3738.0448084914437
2056432.133598,-4765.4790626718905,-3738.0448084914437
2056437.981873,-4765.4790626718905,-3738.0448084914437
2056444.9271,-4765.4790626718905,-3738.0448084914437
2056452.229535,-4765.4790626718905,-3738.0448084914437
2056458.972214,-4765.4790626718905,-3738.0448084914437
2056465.824943,-4765.4790626718905,-3738.0448084914437
2056472.505939,-4765.4790626718905,-3738.0448084914437
2056480.027041,-4765.4790626718905,-3738.0448084914437
2056487.368193,-4765.4790626718905,-3738.0448084914437
2056493.897664,-4765.4790626718905,-3738.0448084914437
2056501.347983,-4765.4790626718905,-3738.0448084914437
2056507.934655,-4765.4790626718905,-3738.0448084914437
2056514.989374,-4765.4790626718905,-3738.0448084914437
2056521.456312,-4760.83537627952,-3735.8523286492446
2056535.758562,-4761.036973449849,-3736.1828298657088
2056536.804974,-4761.036973449849,-3736.1828298657088
2056542.845622,-4761.036973449849,-3736.1828298657088
2056549.822958,-4761.036973449849,-3736.1828298657088
2056556.845239,-4761.036973449849,-3736.1828298657088
2056564.465865,-4761.036973449849,-3736.1828298657088
2056571.161473,-4761.036973449849,-3736.1828298657088
2056577.945457,-4761.036973449849,-3736.1828298657088
2056585.029498,-4761.036973449849,-3736.1828298657088
2056591.708746,-4761.036973449849,-3736.1828298657088
2056601.802756,-4761.036973449849,-3736.1828298657088
2056605.994901,-4761.036973449849,-3736.1828298657088
2056613.259271,-4761.036973449849,-3736.1828298657088
2056620.305497,-4761.036973449849,-3736.1828298657088
2056626.87235,-4761.036973449849,-3736.1828298657088
2056634.041673,-4761.036973449849,-3736.1828298657088
2056641.713988,-4761.036973449849,-3736.1828298657088
2056647.856478,-4761.036973449849,-3736.1828298657088
2056654.956235,-4761.036973449849,-3736.1828298657088
2056663.009798,-4761.036973449849,-3736.1828298657088
2056670.680776,-4761.036973449849,-3736.1828298657088
2056676.036344,-4761.036973449849,-3736.1828298657088
2056682.876072,-4761.036973449849,-3736.1828298657088
2056690.672325,-4761.036973449849,-3736.1828298657088
2056697.976204,-4761.036973449849,-3736.1828298657088
2056704.984874,-4761.036973449849,-3736.1828298657088
2056710.492748,-4761.036973449849,-3736.1828298657088
2056717.476491,-4761.036973449849,-3736.1828298657088
2056724.454005,-4761.036973449849,-3736.1828298657088
2056731.487424,-4761.036973449849,-3736.1828298657088
2056738.456081,-4761.036973449849,-3736.1828298657088
2056745.500024,-4761.036973449849,-3736.1828298657088
2056753.912984,-4761.036973449849,-3736.1828298657088
2056759.483021,-4761.036973449849,-3736.1828298657088
2056766.512255,-4761.036973449849,-3736.1828298657088
2056775.823845,-4761.036973449849,-3736.1828298657088
2056780.486209,-4761.036973449849,-3736.1828298657088
2056788.759097,-4761.036973449849,-3736.1828298657088
2056796.015093,-4761.036973449849,-3736.1828298657088
2056801.925757,-4761.036973449849,-3736.1828298657088
2056809.001823,-4761.036973449849,-3736.1828298657088
2056815.871233,-4740.793837555375,-3736.3178233095077
2056822.974354,-4738.763962661457,-3738.5708174545975
2056829.465196,-4738.763962661457,-3738.5708174545975
2056836.489439,-4738.763962661457,-3738.5708174545975
2056845.295244,-4738.763962661457,-3738.5708174545975
2056850.906713,-4738.763962661457,-3738.5708174545975
2056857.524361,-4738.763962661457,-3738.5708174545975
2056865.865762,-4738.763962661457,-3738.5708174545975
2056874.481662,-4738.763962661457,-3738.5708174545975
2056881.334412,-4738.763962661457,-3738.5708174545975
2056885.827371,-4738.763962661457,-3738.5708174545975
2056894.274953,-4738.763962661457,-3738.5708174545975
2056899.837703,-4738.763962661457,-3738.5708174545975
2056907.309597,-4738.763962661457,-3738.5708174545975
2056913.93485,-4738.763962661457,-3738.5708174545975
2056921.328857,-4738.763962661457,-3738.5708174545975
2056927.966826,-4736.873120299659,-3742.6857902057086
2056934.880287,-4734.551277101977,-3745.5206526466
2056951.707158,-4734.516518975145,-3745.0877426167185
2056951.707835,-4734.516518975145,-3745.0877426167185
2056954.237733,-4734.516518975145,-3745.0877426167185
2056962.50021,-4734.516518975145,-3745.0877426167185
2056968.646342,-4734.516518975145,-3745.0877426167185
2056976.241867,-4734.516518975145,-3745.0877426167185
2056982.684467,-4734.516518975145,-3745.0877426167185
2056989.686501,-4734.516518975145,-3745.0877426167185
2056997.317532,-4734.516518975145,-3745.0877426167185
2057004.574178,-4734.516518975145,-3745.0877426167185
2057010.776519,-4734.516518975145,-3745.0877426167185
2057018.104404,-4734.516518975145,-3745.0877426167185
2057024.910033,-4734.516518975145,-3745.0877426167185
2057030.693654,-4734.516518975145,-3745.0877426167185
2057031.669783,-4734.516518975145,-3745.0877426167185
2057038.695745,-4734.516518975145,-3745.0877426167185
2057045.684211,-4734.516518975145,-3745.0877426167185
2057053.27366,-4734.516518975145,-3745.0877426167185
2057059.696268,-4734.516518975145,-3745.0877426167185
2058182.212542,-6002.076045108227,-5257.3337646361315
2058182.214017,-6002.076045108227,-5257.3337646361315
2058189.404354,-5948.910008612684,-5206.73461433245
2058189.405002,-5948.910008612684,-5206.73461433245
2058202.979988,-5898.983429810632,-5158.286040524627
2058202.989467,-5898.983429810632,-5158.286040524627
2058210.001625,-5842.299870333159,-5131.403783570941
2058217.868403,-5815.438786931695,-5122.0101219134785
2058224.049569,-5795.828249574645,-5160.8136708599295
2058231.372039,-5764.5389802702475,-5209.015532882424
2058238.517372,-5745.269072570183,-5200.166499859952
2058245.448364,-5738.185365517211,-5183.79509022568
2058252.552245,-5724.1708871828305,-5114.4132656022975
2058259.034042,-5705.436254671997,-5078.505084494504
2058268.209325,-5715.092063408883,-5057.976813069141
2058273.381563,-5739.415803346153,-5071.466820080987
2058280.858976,-5746.381332757456,-5079.417452096954
2058287.961623,-5764.9699810945285,-5091.799583727994
2058294.343001,-5808.445451031766,-5112.053212800905
2058302.020243,-5851.371742442204,-5130.319183396059
2058312.271882,-5902.39667824053,-5149.162365563706
2058314.97805,-5953.414662331168,-5167.10714450096
2058321.991044,-5974.408573193314,-5169.942000587369
2058328.985125,-5988.728922983574,-5124.263111146926
2058335.978297,-5996.264485676803,-4995.381873431295
2058342.985087,-5987.581904670191,-4893.727343162979
2058350.364928,-5977.495095187751,-4793.720644988273
2058362.171699,-5970.765921112635,-4711.370116636764
2058364.205835,-5978.871517159265,-4557.110059708875
2058372.010994,-5998.926958479758,-4461.022769130021
2058380.319623,-6047.0947757260965,-4382.931469478672
2058384.985891,-6080.379161458996,-4283.250536912501
2058391.977258,-6087.372497303001,-4225.645619894952
2058401.060335,-6093.142346952803,-4176.531314400702
2058406.052769,-6106.996937738526,-4110.510249292976
2058413.018119,-6109.575991018045,-4077.646344902392
2058423.715018,-6108.873876783997,-4075.183879475138
2058426.95263,-6108.873876783997,-4075.183879475138
2058433.953747,-6107.101212131836,-4058.8776100809946
2058442.055912,-6111.487688188917,-4048.0734844500585
2058448.103649,-6123.430581796892,-4011.946460698974
2058458.716077,-6135.046748974188,-3996.84582034277
2058462.108624,-6141.50480960234,-3990.3288977621455
2058469.039184,-6142.304246597072,-3989.039478083379
2058476.072035,-6145.849575897518,-3977.9234699595263
2058483.08064,-6149.033420637604,-3963.9353606311656
2058490.000497,-6150.395939346795,-3952.6983235104112
2058500.141085,-6154.705947515296,-3909.249065390546
2058504.005214,-6156.610693060133,-3886.9192923159317
2058512.447751,-6152.710830832573,-3853.0080135715566
2058518.132735,-6148.873533240401,-3835.919707569852
2058526.854283,-6144.952816133257,-3823.439797611899
2058532.434383,-6118.599201674741,-3776.16416482832
2058541.718928,-6087.358594047735,-3770.6015039795657
2058547.095132,-6087.358594047735,-3770.6015039795657
2058553.946586,-5749.836290960177,-3839.704178539187
2058560.007336,-5676.524441441977,-3829.9799966345536
2058567.004509,-5667.063278220067,-3830.1382647910027
2058576.403553,-5619.820026726578,-3822.5041534742877
2058581.449981,-5557.874085773602,-3817.6071503100175
2058588.971427,-5512.500821583093,-3815.7591367610553
2058595.473589,-5505.583953508124,-3815.247092694358
2058602.573637,-5505.583953508124,-3815.247092694358
2058610.047352,-5505.583953508124,-3815.247092694358
2058621.919392,-5505.583953508124,-3815.247092694358
2058623.708157,-5505.583953508124,-3815.247092694358
2058630.070537,-5462.483871026637,-3812.947549367091
2058638.828285,-5362.498631093325,-3800.4722939024377
2058644.035395,-5325.717576693869,-3815.7917213811697
2058651.114914,-5298.710508756343,-3842.627484515469
2058658.053381,-5236.757615637629,-3910.2266039143083
2058665.052102,-5207.0324617707165,-3936.182578432599
2058673.312971,-5124.822529561744,-4014.776666984569
2058679.144307,-5065.636383425897,-4054.204046055615
2058685.94977,-4998.838206421066,-4072.6981393158317
2058694.874748,-4905.3110261461825,-4099.007882949894
2058700.435467,-4864.03226909603,-4107.540395105847
2058707.954338,-4788.558462094072,-4128.7017695667355
2058714.42991,-4722.1773822215555,-4157.483285884207
2058721.889967,-4663.769817664262,-4174.050229578699
2058728.574013,-4663.783720919908,-4174.068849357318
2058735.327406,-4655.698979472669,-4178.165199510361
2058743.008706,-4652.904425675142,-4177.825388652662
2058749.775429,-4643.498875220805,-4164.786892194367
2058757.726477,-4655.587753451634,-4135.344374214918
2058762.977214,-4665.292223831104,-4057.6300850228345
2058772.447346,-4672.695705895114,-4023.4767582860363
2058777.521832,-4675.615388959891,-3989.0022385168627
2058786.611073,-4686.439071184345,-3936.871510305965
2058792.585067,-4687.530476522513,-3918.7544636596144
2058798.392526,-4687.91281596788,-3894.8466644208647
2058805.055281,-4687.662557422947,-3884.8524965118017
2058812.00539,-4687.662557422947,-3884.8524965118017
2058821.708093,-4687.41925050156,-3870.3709609120174
2058826.418353,-4687.968428982481,-3844.778069472048
2058833.635985,-4691.743162086608,-3792.112010624153
2058840.394363,-4691.916952745843,-3786.2979828242073
2058852.949796,-4691.910001122146,-3785.823178311586
2058854.524894,-4699.473370585016,-3751.2415818902214
2058861.887854,-4726.709842589038,-3738.6732262745836
2058868.642158,-4762.795734910519,-3739.8462728088484
2058875.012623,-4798.81211093113,-3724.764245788503
2058883.888033,-4815.224900690576,-3685.1366835598433
2058889.441847,-4817.352098345848,-3680.272263966198
2058896.699311,-4817.352098345848,-3680.272263966198
2058896.944992,-4813.7442042795265,-3687.277959157787
2058902.995742,-4805.256268536935,-3712.0515863093674
2058910.034318,-4803.803378636881,-3719.2341691150564
2058918.307656,-4803.803378636881,-3719.2341691150564
2058923.988647,-4803.803378636881,-3719.2341691150564
2058930.978552,-4803.803378636881,-3719.2341691150564
2058937.996492,-4803.803378636881,-3719.2341691150564
2058944.984368,-4803.803378636881,-3719.2341691150564
2058954.443387,-4803.803378636881,-3719.2341691150564
2058959.531311,-4803.803378636881,-3719.2341691150564
2058967.365439,-4803.803378636881,-3719.2341691150564
2058974.447025,-4803.803378636881,-3719.2341691150564
2058981.889871,-4803.803378636881,-3719.2341691150564
2058987.406919,-4803.803378636881,-3719.2341691150564
2058993.981248,-4803.803378636881,-3719.2341691150564
2059005.148201,-4803.803378636881,-3719.2341691150564
2059008.399743,-4792.145501283121,-3746.1537253649976
2059015.35906,-4791.756210206613,-3746.9823058521292
2059022.563211,-4791.756210206613,-3746.9823058521292
2059029.895793,-4783.796598059848,-3748.54636787275
2059036.375812,-4789.684625564666,-3748.993242733974
2059043.080358,-4789.837561344069,-3749.1608208104462
2059049.981581,-4789.837561344069,-3749.1608208104462
2059057.520506,-4789.837561344069,-3749.1608208104462
2059064.337767,-4789.837561344069,-3749.1608208104462
2059071.502397,-4789.837561344069,-3749.1608208104462
2059079.231426,-4789.837561344069,-3749.1608208104462
2059096.192261,-4789.837561344069,-3749.1608208104462
2059096.195897,-4789.837561344069,-3749.1608208104462
2059098.924065,-4789.837561344069,-3749.1608208104462
2059098.92463,-4789.837561344069,-3749.1608208104462
2059106.607645,-4789.837561344069,-3749.1608208104462
2059113.636441,-4789.837561344069,-3749.1608208104462
2059120.605966,-4789.837561344069,-3749.1608208104462
2059132.457999,-4789.837561344069,-3749.1608208104462
2059135.143742,-4789.837561344069,-3749.1608208104462
2059142.454553,-4789.837561344069,-3749.1608208104462
2059149.668445,-4789.837561344069,-3749.1608208104462
2059155.991486,-4789.837561344069,-3749.1608208104462
2059163.331655,-4789.837561344069,-3749.1608208104462
2059175.29987,-4789.837561344069,-3749.1608208104462
2059176.664726,-4789.837561344069,-3749.1608208104462
2059184.820522,-4789.837561344069,-3749.1608208104462
2059190.636477,-4789.837561344069,-3749.1608208104462
2059197.636576,-4789.837561344069,-3749.1608208104462
2059210.851496,-4775.357323693642,-3737.807406217832
2059213.518982,-4775.357323693642,-3737.807406217832
2059219.138965,-4775.357323693642,-3737.807406217832
2059227.262034,-4775.357323693642,-3737.807406217832
2059232.664838,-4775.357323693642,-3737.807406217832
2059239.608249,-4775.357323693642,-3737.807406217832
2059249.799754,-4775.357323693642,-3737.807406217832
2059254.013845,-4774.870709852157,-3737.514144583091
2059261.316504,-4770.233975084495,-3734.8235854533723
2059268.86331,-4770.233975084495,-3734.8235854533723
2059276.752446,-4770.233975084495,-3734.8235854533723
2059281.708945,-4770.233975084495,-3734.8235854533723
2059288.657424,-4770.233975084495,-3734.8235854533723
2059296.267796,-4770.233975084495,-3734.8235854533723
2059303.015415,-4770.233975084495,-3734.8235854533723
2059309.749425,-4770.233975084495,-3734.8235854533723
2059318.188352,-4770.233975084495,-3734.8235854533723
2059324.13462,-4764.304237826483,-3731.5418481030592
2059331.127811,-4764.304237826483,-3731.5418481030592
2059339.350229,-4764.304237826483,-3731.5418481030592
2059345.711647,-4764.304237826483,-3731.5418481030592
2059352.177154,-4764.304237826483,-3731.5418481030592
2059358.711758,-4764.304237826483,-3731.5418481030592
2059365.663326,-4764.304237826483,-3731.5418481030592
2059373.64892,-4764.304237826483,-3731.5418481030592
2059379.712576,-4764.304237826483,-3731.5418481030592
2059386.715948,-4764.304237826483,-3731.5418481030592
2059393.69283,-4757.73495093805,-3729.274889088268
2059402.530662,-4746.4594130245605,-3732.3611186981752
2059406.065141,-4746.48026789576,-3732.435597848955
2059407.656989,-4746.48026789576,-3732.435597848955
2059417.212933,-4746.48026789576,-3732.435597848955
2059421.639051,-4746.48026789576,-3732.435597848955
2059429.377946,-4746.48026789576,-3732.435597848955
2059441.183423,-4746.48026789576,-3732.435597848955
2059442.612689,-4730.561043583767,-3729.3121286691867
2059449.636072,-4714.634867642152,-3730.852915997488
2059457.273039,-4700.724663326267,-3744.3801907455177
2059464.037973,-4695.649976090814,-3761.780380622076
2059471.239072,-4695.038232979955,-3762.7625743062013
2059477.833946,-4695.038232979955,-3762.7625743062013
2059484.717166,-4690.276368927046,-3783.998439391934
2059491.728498,-4684.464809302461,-3805.062070749936
2059498.757699,-4680.120042837345,-3835.6450657676874
2059507.663151,-4678.076264693164,-3841.9432074859983
2059512.648703,-4678.076264693164,-3841.9432074859983
2059520.570552,-4679.181573278936,-3860.3442080000996
2059527.399405,-4679.181573278936,-3860.3442080000996
2059533.707273,-4679.181573278936,-3860.3442080000996
2059540.707159,-4682.427982782182,-3916.7947317051958
2059547.657098,-4675.316469032214,-3989.8540934030652
2059557.631578,-4668.024212989504,-4060.325297727722
2059562.060966,-4656.428900237069,-4111.785703899791
2059569.674083,-4654.635380636898,-4119.424466684424
2059575.875903,-4654.635380636898,-4119.424466684424
2059582.64207,-4654.635380636898,-4119.424466684424
2059591.177266,-4655.1150428561905,-4130.135492230684
2059596.606484,-4658.764646694759,-4160.755711150275
2059610.030482,-4658.500484893861,-4164.991709706594
2059612.724549,-4658.500484893861,-4164.991709706594
2059617.992655,-4658.500484893861,-4164.991709706594
2059625.312814,-4658.500484893861,-4164.991709706594
2059632.070539,-4658.500484893861,-4164.991709706594
2059639.591628,-4658.500484893861,-4164.991709706594
2059645.629556,-4658.500484893861,-4164.991709706594
2059652.635022,-4658.500484893861,-4164.991709706594
2059659.693571,-4658.500484893861,-4164.991709706594
2059666.608878,-4655.69202784072,-4178.039516042983
2120360.838366,-4141.925127783782,-1497.9874717250136
2120360.838985,-4141.925127783782,-1497.9874717250136
2120367.783317,-4141.925127783782,-1497.9874717250136
2120367.783899,-4141.925127783782,-1497.9874717250136
2120379.438148,-4141.925127783782,-1497.9874717250136
2120379.452186,-4141.925127783782,-1497.9874717250136
2120386.399315,-4141.925127783782,-1497.9874717250136
2120394.098589,-4141.925127783782,-1497.9874717250136
2120403.450745,-4141.925127783782,-1497.9874717250136
2120408.098187,-4141.925127783782,-1497.9874717250136
2120415.098334,-4141.925127783782,-1497.9874717250136
2120423.803055,-4141.925127783782,-1497.9874717250136
2120429.564682,-4141.925127783782,-1497.9874717250136
2120436.56885,-4141.925127783782,-1497.9874717250136
2120443.925955,-4141.925127783782,-1497.9874717250136
2120450.545856,-4141.925127783782,-1497.9874717250136
2120458.00895,-4141.925127783782,-1497.9874717250136
2120464.548821,-4141.925127783782,-1497.9874717250136
2120471.539378,-4141.925127783782,-1497.9874717250136
2120478.971329,-4141.925127783782,-1497.9874717250136
2120486.807894,-4141.925127783782,-1497.9874717250136
2120492.120319,-4141.925127783782,-1497.9874717250136
2120499.097295,-4141.925127783782,-1497.9874717250136
2120506.117219,-4141.925127783782,-1497.9874717250136
2120511.079386,-4141.925127783782,-1497.9874717250136
2120513.062069,-4141.925127783782,-1497.9874717250136
2120522.345854,-4141.925127783782,-1497.9874717250136
2120527.568606,-4141.925127783782,-1497.9874717250136
2120536.09714,-4141.925127783782,-1497.9874717250136
2120541.568547,-4141.925127783782,-1497.9874717250136
2120548.539311,-4141.925127783782,-1497.9874717250136
2120555.968112,-4141.925127783782,-1497.9874717250136
2120564.203888,-4141.925127783782,-1497.9874717250136
2120569.556961,-4141.925127783782,-1497.9874717250136
2120576.986033,-4141.925127783782,-1497.9874717250136
2120583.558271,-4141.925127783782,-1497.9874717250136
2120590.565879,-4141.925127783782,-1497.9874717250136
2120597.545213,-4141.925127783782,-1497.9874717250136
2120604.57225,-4141.925127783782,-1497.9874717250136
2120611.100202,-4141.925127783782,-1497.9874717250136
2120619.645513,-4141.925127783782,-1497.9874717250136
2120625.563403,-4141.925127783782,-1497.9874717250136
2120633.181888,-4141.925127783782,-1497.9874717250136
2120639.565877,-4141.925127783782,-1497.9874717250136
2120646.544947,-4141.925127783782,-1497.9874717250136
2120654.031412,-4141.925127783782,-1497.9874717250136
2120660.573954,-4141.925127783782,-1497.9874717250136
2120668.021884,-4141.925127783782,-1497.9874717250136
2120675.123273,-4141.925127783782,-1497.9874717250136
2120681.565799,-4141.925127783782,-1497.9874717250136
2120688.88896,-4141.925127783782,-1497.9874717250136
2120695.101062,-4141.925127783782,-1497.9874717250136
2120702.097132,-4141.925127783782,-1497.9874717250136
2120709.097411,-4141.925127783782,-1497.9874717250136
2120718.228505,-4141.925127783782,-1497.9874717250136
2120723.572551,-4141.925127783782,-1497.9874717250136
2120731.023532,-4141.925127783782,-1497.9874717250136
2120737.209817,-4141.925127783782,-1497.9874717250136
2120746.68896,-4141.925127783782,-1497.9874717250136
2120751.569892,-4141.925127783782,-1497.9874717250136
2120758.671406,-4141.925127783782,-1497.9874717250136
2120765.571404,-4141.925127783782,-1497.9874717250136
2120772.884496,-4141.925127783782,-1497.9874717250136
2120779.570641,-4141.925127783782,-1497.9874717250136
2120786.963469,-4141.925127783782,-1497.9874717250136
2120794.617833,-4141.925127783782,-1497.9874717250136
2120800.543892,-4141.925127783782,-1497.9874717250136
2120807.926109,-4141.925127783782,-1497.9874717250136
2120814.564523,-4141.925127783782,-1497.9874717250136
2120821.991347,-4141.925127783782,-1497.9874717250136
2120829.2047,-4141.925127783782,-1497.9874717250136
2120835.106726,-4141.925127783782,-1497.9874717250136
2120843.623738,-4141.925127783782,-1497.9874717250136
2120851.126462,-4141.925127783782,-1497.9874717250136
2120856.096683,-4141.925127783782,-1497.9874717250136
2120864.150505,-4141.925127783782,-1497.9874717250136
2120871.711465,-4141.925127783782,-1497.9874717250136
2120877.561819,-4141.925127783782,-1497.9874717250136
2120885.070329,-4141.925127783782,-1497.9874717250136
2120891.563867,-4141.925127783782,-1497.9874717250136
2120898.734108,-4141.925127783782,-1497.9874717250136
2120905.984642,-4141.925127783782,-1497.9874717250136
2120912.568469,-4141.925127783782,-1497.9874717250136
2120919.929769,-4141.925127783782,-1497.9874717250136
2120927.205983,-4141.925127783782,-1497.9874717250136
2120933.570337,-4141.925127783782,-1497.9874717250136
2120941.889801,-4141.925127783782,-1497.9874717250136
2120947.551196,-4141.925127783782,-1497.9874717250136
2120954.551225,-4141.925127783782,-1497.9874717250136
2120961.564206,-4141.925127783782,-1497.9874717250136
2120968.546384,-4141.925127783782,-1497.9874717250136
2120975.100255,-4141.925127783782,-1497.9874717250136
2120983.16602,-4141.925127783782,-1497.9874717250136
2120989.563632,-4141.925127783782,-1497.9874717250136
2120996.575763,-4141.925127783782,-1497.9874717250136
2121004.31126,-4141.925127783782,-1497.9874717250136
2121010.648666,-4141.925127783782,-1497.9874717250136
2121018.00621,-4141.925127783782,-1497.9874717250136
2121025.6474,-4141.925127783782,-1497.9874717250136
2121031.598276,-4141.925127783782,-1497.9874717250136
2121038.966674,-4141.925127783782,-1497.9874717250136
2121045.568919,-4141.925127783782,-1497.9874717250136
2121052.588101,-4141.925127783782,-1497.9874717250136
2121059.56724,-4141.925127783782,-1497.9874717250136
2121066.57031,-4141.925127783782,-1497.9874717250136
2121074.229849,-4141.925127783782,-1497.9874717250136
2121080.575104,-4141.925127783782,-1497.9874717250136
2121087.547383,-4141.925127783782,-1497.9874717250136
2121094.770607,-4141.925127783782,-1497.9874717250136
2121103.490969,-4141.925127783782,-1497.9874717250136
2121108.570405,-4141.925127783782,-1497.9874717250136
2121115.945974,-4141.925127783782,-1497.9874717250136
2121122.549925,-4141.925127783782,-1497.9874717250136
2121129.989953,-4141.925127783782,-1497.9874717250136
2121137.151548,-4141.925127783782,-1497.9874717250136
2121143.570015,-4141.925127783782,-1497.9874717250136
2121150.965816,-4141.925127783782,-1497.9874717250136
2121158.328759,-4141.925127783782,-1497.9874717250136
2121164.564782,-4141.925127783782,-1497.9874717250136
2121171.930473,-4141.925127783782,-1497.9874717250136
2121179.86321,-4141.925127783782,-1497.9874717250136
2121185.571751,-4141.925127783782,-1497.9874717250136
2121193.070221,-4141.925127783782,-1497.9874717250136
2121199.57259,-4141.925127783782,-1497.9874717250136
2121207.031636,-4141.925127783782,-1497.9874717250136
2121214.173109,-4141.925127783782,-1497.9874717250136
2121220.086005,-4141.925127783782,-1497.9874717250136
2121228.911202,-4141.925127783782,-1497.9874717250136
2121234.548614,-4141.925127783782,-1497.9874717250136
2121241.564627,-4141.925127783782,-1497.9874717250136
2121249.583132,-4141.925127783782,-1497.9874717250136
2121255.544748,-4141.925127783782,-1497.9874717250136
2121262.564858,-4141.925127783782,-1497.9874717250136
2121269.979512,-4141.925127783782,-1497.9874717250136
2121276.519837,-4141.925127783782,-1497.9874717250136
2121283.948694,-4141.925127783782,-1497.9874717250136
2121291.064098,-4141.925127783782,-1497.9874717250136
2121297.623476,-4141.925127783782,-1497.9874717250136
2121304.84042,-4141.925127783782,-1497.9874717250136
2121312.240544,-4141.925127783782,-1497.9874717250136
2121318.54199,-4141.925127783782,-1497.9874717250136
2121325.982464,-4141.925127783782,-1497.9874717250136
2121333.5913,-4141.925127783782,-1497.9874717250136
2121339.089742,-4141.925127783782,-1497.9874717250136
2121347.931274,-4141.925127783782,-1497.9874717250136
2121353.563565,-4141.925127783782,-1497.9874717250136
2121361.046082,-4141.925127783782,-1497.9874717250136
2121368.184912,-4141.925127783782,-1497.9874717250136
2121374.548536,-4141.925127783782,-1497.9874717250136
2121382.003528,-4141.925127783782,-1497.9874717250136
2121389.371227,-4141.925127783782,-1497.9874717250136
2121395.588666,-4141.925127783782,-1497.9874717250136
2121402.989951,-4141.925127783782,-1497.9874717250136
2121410.140752,-4141.925127783782,-1497.9874717250136
2121416.566443,-4141.925127783782,-1497.9874717250136
2121423.90791,-4141.925127783782,-1497.9874717250136
2121430.565854,-4141.925127783782,-1497.9874717250136
2121437.970307,-4141.925127783782,-1497.9874717250136
2121445.067806,-4141.925127783782,-1497.9874717250136
2121451.545982,-4141.925127783782,-1497.9874717250136
2121458.767161,-4141.925127783782,-1497.9874717250136
2121468.268996,-4141.925127783782,-1497.9874717250136
2121472.545844,-4141.925127783782,-1497.9874717250136
2121479.94861,-4141.925127783782,-1497.9874717250136
2121487.762711,-4141.925127783782,-1497.9874717250136
2121493.544529,-4141.925127783782,-1497.9874717250136
2121500.88464,-4141.925127783782,-1497.9874717250136
2121507.524574,-4141.925127783782,-1497.9874717250136
2121514.950008,-4141.925127783782,-1497.9874717250136
2121522.068688,-4141.925127783782,-1497.9874717250136
2121528.54042,-4141.925127783782,-1497.9874717250136
2121535.92443,-4141.925127783782,-1497.9874717250136
2121543.265037,-4141.925127783782,-1497.9874717250136
2121549.564782,-4141.925127783782,-1497.9874717250136
2121556.944576,-4141.925127783782,-1497.9874717250136
2121564.581993,-4141.925127783782,-1497.9874717250136
2121570.573294,-4141.925127783782,-1497.9874717250136
2121578.011361,-4141.925127783782,-1497.9874717250136
2121584.077729,-4141.925127783782,-1497.9874717250136
2121591.059803,-4141.925127783782,-1497.9874717250136
2121600.1052,-4141.925127783782,-1497.9874717250136
2121605.546392,-4141.925127783782,-1497.9874717250136
2121612.880641,-4141.925127783782,-1497.9874717250136
2121620.184482,-4141.925127783782,-1497.9874717250136
2121626.881688,-4141.925127783782,-1497.9874717250136
2121634.005482,-4141.925127783782,-1497.9874717250136
2121641.542051,-4141.925127783782,-1497.9874717250136
2121647.563903,-4141.925127783782,-1497.9874717250136
2121654.510238,-4141.925127783782,-1497.9874717250136
2121661.530563,-4141.925127783782,-1497.9874717250136
2121668.965817,-4141.925127783782,-1497.9874717250136
2121676.078022,-4141.925127783782,-1497.9874717250136
2121682.561876,-4141.925127783782,-1497.9874717250136
2121689.980779,-4141.925127783782,-1497.9874717250136
2121697.34357,-4141.925127783782,-1497.9874717250136
2121703.076673,-4141.925127783782,-1497.9874717250136
2121711.421973,-4141.925127783782,-1497.9874717250136
2121719.103136,-4141.925127783782,-1497.9874717250136
2121724.523959,-4141.925127783782,-1497.9874717250136
2121731.561876,-4141.925127783782,-1497.9874717250136
2121738.487271,-4141.925127783782,-1497.9874717250136
2121745.923777,-4141.925127783782,-1497.9874717250136
2121753.059404,-4141.925127783782,-1497.9874717250136
2121759.562021,-4141.925127783782,-1497.9874717250136
2121766.96448,-4141.925127783782,-1497.9874717250136
2121774.339242,-4141.925127783782,-1497.9874717250136
2121780.54194,-4141.925127783782,-1497.9874717250136
2121787.946003,-4141.925127783782,-1497.9874717250136
2121795.629807,-4141.925127783782,-1497.9874717250136
2121801.563826,-4141.925127783782,-1497.9874717250136
2121808.865868,-4141.925127783782,-1497.9874717250136
2121815.524531,-4141.925127783782,-1497.9874717250136
2121822.824815,-4141.925127783782,-1497.9874717250136
2121831.760444,-4141.925127783782,-1497.9874717250136
2121836.54722,-4141.925127783782,-1497.9874717250136
2121843.912723,-4141.925127783782,-1497.9874717250136
2121851.24216,-4141.925127783782,-1497.9874717250136
2121857.567633,-4141.925127783782,-1497.9874717250136
2121864.900839,-4141.925127783782,-1497.9874717250136
2121872.65813,-4141.925127783782,-1497.9874717250136
2121878.549126,-4141.925127783782,-1497.9874717250136
2121886.030015,-4141.925127783782,-1497.9874717250136
2121892.519867,-4141.925127783782,-1497.9874717250136
2121900.248859,-4141.925127783782,-1497.9874717250136
2121907.407549,-4141.925127783782,-1497.9874717250136
2121913.529852,-4141.925127783782,-1497.9874717250136
2121920.882136,-4141.925127783782,-1497.9874717250136
2121928.20469,-4141.925127783782,-1497.9874717250136
2121934.544702,-4141.925127783782,-1497.9874717250136
2121942.017945,-4141.925127783782,-1497.9874717250136
2121948.087549,-4141.925127783782,-1497.9874717250136
2121955.077261,-4141.925127783782,-1497.9874717250136
2121963.629941,-4141.925127783782,-1497.9874717250136
2121969.524684,-4141.925127783782,-1497.9874717250136
2121976.615826,-4141.925127783782,-1497.9874717250136
2121985.409964,-4141.925127783782,-1497.9874717250136
2121990.862493,-4141.925127783782,-1497.9874717250136
2121998.052037,-4141.925127783782,-1497.9874717250136
2122005.436261,-4141.925127783782,-1497.9874717250136
2122011.743171,-4141.925127783782,-1497.9874717250136
2122018.985934,-4141.925127783782,-1497.9874717250136
2122026.584623,-4141.925127783782,-1497.9874717250136
2122032.623936,-4141.925127783782,-1497.9874717250136
2122039.950879,-4141.925127783782,-1497.9874717250136
2122046.545849,-4141.925127783782,-1497.9874717250136
2122053.554123,-4141.925127783782,-1497.9874717250136
2122060.904079,-4141.925127783782,-1497.9874717250136
2122067.092146,-4141.925127783782,-1497.9874717250136
2122076.327613,-4141.925127783782,-1497.9874717250136
2122081.572092,-4141.925127783782,-1497.9874717250136
2122088.549825,-4141.925127783782,-1497.9874717250136
2122095.532852,-4141.925127783782,-1497.9874717250136
2122103.532727,-4141.925127783782,-1497.9874717250136
2122109.545762,-4141.925127783782,-1497.9874717250136
2122116.917147,-4141.925127783782,-1497.9874717250136
2122123.65757,-4141.925127783782,-1497.9874717250136
2122131.13699,-4141.925127783782,-1497.9874717250136
2122138.313331,-4141.925127783782,-1497.9874717250136
2122144.568727,-4141.925127783782,-1497.9874717250136
2122151.944856,-4141.925127783782,-1497.9874717250136
2122158.547286,-4141.925127783782,-1497.9874717250136
2122165.547263,-4141.925127783782,-1497.9874717250136
2122172.576168,-4141.925127783782,-1497.9874717250136
2122179.052841,-4141.925127783782,-1497.9874717250136
2122186.071851,-4141.925127783782,-1497.9874717250136
2122193.077921,-4141.925127783782,-1497.9874717250136
2122200.076496,-4141.925127783782,-1497.9874717250136
2122208.387922,-4141.925127783782,-1497.9874717250136
2122214.076972,-4141.925127783782,-1497.9874717250136
2122221.088191,-4141.925127783782,-1497.9874717250136
2122229.911598,-4141.925127783782,-1497.9874717250136
2122235.549988,-4141.925127783782,-1497.9874717250136
2122242.552119,-4141.925127783782,-1497.9874717250136
2122250.031677,-4141.925127783782,-1497.9874717250136
2122257.674093,-4141.925127783782,-1497.9874717250136
2122263.551353,-4141.925127783782,-1497.9874717250136
2122270.992635,-4141.925127783782,-1497.9874717250136
2122277.577012,-4141.925127783782,-1497.9874717250136
2122284.050433,-4141.925127783782,-1497.9874717250136
2122292.613975,-4141.925127783782,-1497.9874717250136
2122298.5698,-4141.925127783782,-1497.9874717250136
2122305.988583,-4141.925127783782,-1497.9874717250136
2122314.51266,-4141.925127783782,-1497.9874717250136
2122319.078383,-4141.925127783782,-1497.9874717250136
2122327.16455,-4141.925127783782,-1497.9874717250136
2122334.760443,-4141.925127783782,-1497.9874717250136
2122340.553043,-4141.925127783782,-1497.9874717250136
2122347.553393,-4141.925127783782,-1497.9874717250136
2122354.530144,-4141.925127783782,-1497.9874717250136
2122361.549811,-4141.925127783782,-1497.9874717250136
2122368.065261,-4141.925127783782,-1497.9874717250136
2122375.04854,-4141.925127783782,-1497.9874717250136
2122382.076642,-4141.925127783782,-1497.9874717250136
2122391.267426,-4141.925127783782,-1497.9874717250136
2122396.565846,-4141.925127783782,-1497.9874717250136
2122403.928539,-4141.925127783782,-1497.9874717250136
2122411.648518,-4141.925127783782,-1497.9874717250136
2122417.555188,-4141.925127783782,-1497.9874717250136
2122424.507148,-4141.925127783782,-1497.9874717250136
2122431.07748,-4141.925127783782,-1497.9874717250136
2122439.845784,-4141.925127783782,-1497.9874717250136
2122445.0772,-4141.925127783782,-1497.9874717250136
2122452.551729,-4141.925127783782,-1497.9874717250136
2122459.943233,-4141.925127783782,-1497.9874717250136
2122467.261981,-4141.925127783782,-1497.9874717250136
2122473.549809,-4141.925127783782,-1497.9874717250136
2122481.018078,-4141.925127783782,-1497.9874717250136
2122488.708547,-4141.925127783782,-1497.9874717250136
2122494.552588,-4141.925127783782,-1497.9874717250136
2122502.016466,-4141.925127783782,-1497.9874717250136
2122508.534405,-4141.925127783782,-1497.9874717250136
2122518.661493,-4141.925127783782,-1497.9874717250136
2122522.919015,-4141.925127783782,-1497.9874717250136
2122529.547205,-4141.925127783782,-1497.9874717250136
2122536.719171,-4141.925127783782,-1497.9874717250136
2122543.096087,-4141.925127783782,-1497.9874717250136
2122550.871883,-4141.925127783782,-1497.9874717250136
2122560.130181,-4141.925127783782,-1497.9874717250136
2122564.546007,-4141.925127783782,-1497.9874717250136
2122571.523095,-4141.925127783782,-1497.9874717250136
2122578.96855,-4141.925127783782,-1497.9874717250136
2122585.647453,-4141.925127783782,-1497.9874717250136
2122592.550168,-4141.925127783782,-1497.9874717250136
2122600.228575,-4141.925127783782,-1497.9874717250136
2122606.497638,-4141.925127783782,-1497.9874717250136
2122613.078171,-4141.925127783782,-1497.9874717250136
2122620.528637,-4141.925127783782,-1497.9874717250136
2122627.520153,-4141.925127783782,-1497.9874717250136
2122635.043205,-4141.925127783782,-1497.9874717250136
2122642.664511,-4141.925127783782,-1497.9874717250136
2122648.531362,-4141.925127783782,-1497.9874717250136
2122655.956966,-4141.925127783782,-1497.9874717250136
2122662.074367,-4141.925127783782,-1497.9874717250136
2122670.815645,-4141.925127783782,-1497.9874717250136
2122676.076864,-4141.925127783782,-1497.9874717250136
2122683.080509,-4141.925127783782,-1497.9874717250136
2122691.987751,-4141.925127783782,-1497.9874717250136
2122697.548678,-4141.925127783782,-1497.9874717250136
2122704.572401,-4141.925127783782,-1497.9874717250136
2122711.952821,-4141.925127783782,-1497.9874717250136
2122719.655058,-4141.925127783782,-1497.9874717250136
2122725.546767,-4141.925127783782,-1497.9874717250136
2122732.917942,-4141.925127783782,-1497.9874717250136
2122739.572636,-4141.925127783782,-1497.9874717250136
2122747.029943,-4141.925127783782,-1497.9874717250136
2122754.191177,-4141.925127783782,-1497.9874717250136
2122760.551457,-4141.925127783782,-1497.9874717250136
2122767.955154,-4141.925127783782,-1497.9874717250136
2122775.631509,-4141.925127783782,-1497.9874717250136
2122781.543845,-4141.925127783782,-1497.9874717250136
2122789.520203,-4141.925127783782,-1497.9874717250136
2122795.066572,-4141.925127783782,-1497.9874717250136
2122802.11709,-4141.925127783782,-1497.9874717250136
2122811.10856,-4141.925127783782,-1497.9874717250136
2122816.525934,-4141.925127783782,-1497.9874717250136
2122824.007542,-4141.925127783782,-1497.9874717250136
2122831.148718,-4141.925127783782,-1497.9874717250136
2122837.564654,-4141.925127783782,-1497.9874717250136
2122846.469992,-4144.886520641648,-1497.2194028356237
2122851.077699,-4147.027621584314,-1496.0184223830834
2122858.087707,-4147.027621584314,-1496.0184223830834
2122867.325877,-4147.027621584314,-1496.0184223830834
2122874.244734,-4147.027621584314,-1496.0184223830834
2122879.54848,-4147.027621584314,-1496.0184223830834
2122886.984174,-4147.027621584314,-1496.0184223830834
2122893.568819,-4147.027621584314,-1496.0184223830834
2122900.526665,-4147.027621584314,-1496.0184223830834
2122907.92715,-4147.027621584314,-1496.0184223830834
2122914.04361,-4147.027621584314,-1496.0184223830834
2122922.3458,-4147.027621584314,-1496.0184223830834
2122928.077246,-4144.45551980026,-1491.456558626649
2122935.07754,-4144.45551980026,-1491.456558626649
2122944.0807,-4144.45551980026,-1491.456558626649
2122949.066937,-4144.45551980026,-1491.456558626649
2122956.085336,-4144.45551980026,-1491.456558626649
2122964.591202,-4144.45551980026,-1491.456558626649
2122970.548541,-4144.45551980026,-1491.456558626649
2122977.944667,-4141.410707423597,-1495.7111948185131
2122985.05128,-4141.410707423597,-1495.7111948185131
2122991.525824,-4141.410707423597,-1495.7111948185131
2122999.123202,-4141.410707423597,-1495.7111948185131
2123006.461861,-4141.410707423597,-1495.7111948185131
2123012.496446,-4141.410707423597,-1495.7111948185131
2123019.940575,-4141.410707423597,-1495.7111948185131
2123026.499301,-4145.331424730581,-1501.3064603188607
2123033.520175,-4145.970974360545,-1501.5671382450441
2123044.407754,-4146.262942676291,-1500.2404737944755
2123047.082389,-4146.255991044119,-1500.2358188322378
2123055.790036,-4146.255991044119,-1500.2358188322378
2123063.080618,-4146.255991044119,-1500.2358188322378
2123068.494053,-4146.255991044119,-1500.2358188322378
2123075.921893,-4146.255991044119,-1500.2358188322378
2123083.165887,-4146.255991044119,-1500.2358188322378
2123089.55031,-4146.255991044119,-1500.2358188322378
2123097.326998,-4146.255991044119,-1500.2358188322378
2123104.562265,-4146.255991044119,-1500.2358188322378
2123110.519279,-4146.255991044119,-1500.2358188322378
2123117.96872,-4146.255991044119,-1500.2358188322378
2123124.549925,-4146.255991044119,-1500.2358188322378
2123131.981776,-4146.255991044119,-1500.2358188322378
2123139.163748,-4146.255991044119,-1500.2358188322378
2123145.496448,-4146.255991044119,-1500.2358188322378
2123153.027231,-4146.255991044119,-1500.2358188322378
2123159.214382,-4146.255991044119,-1500.2358188322378
2123166.347665,-4146.255991044119,-1500.2358188322378
2123174.508706,-4146.255991044119,-1500.2358188322378
2123181.844124,-4146.255991044119,-1500.2358188322378
2123187.703794,-4146.255991044119,-1500.2358188322378
2123195.175389,-4146.255991044119,-1500.2358188322378
2123201.548779,-4146.255991044119,-1500.2358188322378
2123209.023114,-4146.255991044119,-1500.2358188322378
2123216.20716,-4146.255991044119,-1500.2358188322378
2123222.49782,-4146.255991044119,-1500.2358188322378
2123230.096683,-4146.255991044119,-1500.2358188322378
2123237.190961,-4146.255991044119,-1500.2358188322378
2123243.489915,-4146.255991044119,-1500.2358188322378
2123250.899202,-4146.255991044119,-1500.2358188322378
2123258.554081,-4146.255991044119,-1500.2358188322378
2123264.508619,-4146.255991044119,-1500.2358188322378
2123271.906529,-4146.255991044119,-1500.2358188322378
2123278.084038,-4146.255991044119,-1500.2358188322378
2123285.039858,-4146.255991044119,-1500.2358188322378
2123292.087304,-4146.255991044119,-1500.2358188322378
2123299.518242,-4146.255991044119,-1500.2358188322378
2123306.943173,-4146.255991044119,-1500.2358188322378
2123314.263213,-4146.255991044119,-1500.2358188322378
2123320.525843,-4146.255991044119,-1500.2358188322378
2123327.528539,-4146.255991044119,-1500.2358188322378
2123335.451778,-4146.255991044119,-1500.2358188322378
2123341.474043,-4146.255991044119,-1500.2358188322378
2123348.884003,-4146.255991044119,-1500.2358188322378
2123355.520516,-4146.255991044119,-1500.2358188322378
2123363.075572,-4146.255991044119,-1500.2358188322378
2123370.164469,-4146.255991044119,-1500.2358188322378
2123376.544732,-4146.255991044119,-1500.2358188322378
2123383.943161,-4146.255991044119,-1500.2358188322378
2123390.525818,-4146.255991044119,-1500.2358188322378
2123397.884833,-4146.255991044119,-1500.2358188322378
2123406.197723,-4146.255991044119,-1500.2358188322378
2123411.066893,-4146.255991044119,-1500.2358188322378
2123418.086854,-4146.255991044119,-1500.2358188322378
2123426.659187,-4146.255991044119,-1500.2358188322378
2123432.683233,-4146.255991044119,-1500.2358188322378
2123439.518492,-4146.255991044119,-1500.2358188322378
2123446.531271,-4146.255991044119,-1500.2358188322378
2123453.610413,-4146.255991044119,-1500.2358188322378
2123460.52192,-4146.255991044119,-1500.2358188322378
2123467.943221,-4146.255991044119,-1500.2358188322378
2123474.54393,-4146.255991044119,-1500.2358188322378
2123482.030186,-4146.255991044119,-1500.2358188322378
2123488.528932,-4146.255991044119,-1500.2358188322378
2123495.50193,-4146.255991044119,-1500.2358188322378
2123502.520528,-4146.255991044119,-1500.2358188322378
2123509.52616,-4146.255991044119,-1500.2358188322378
2123516.903543,-4146.255991044119,-1500.2358188322378
2123523.066305,-4146.255991044119,-1500.2358188322378
2123530.0563,-4146.255991044119,-1500.2358188322378
2123539.294185,-4146.255991044119,-1500.2358188322378
2123544.07797,-4146.255991044119,-1500.2358188322378
2123551.067877,-4146.255991044119,-1500.2358188322378
2123559.780489,-4146.255991044119,-1500.2358188322378
2123565.455182,-4146.255991044119,-1500.2358188322378
2123572.474048,-4146.255991044119,-1500.2358188322378
2123579.832578,-4146.255991044119,-1500.2358188322378
2123586.474001,-4146.255991044119,-1500.2358188322378
2123593.856901,-4146.255991044119,-1500.2358188322378
2123603.256663,-4146.255991044119,-1500.2358188322378
2123607.502329,-4146.255991044119,-1500.2358188322378
2123614.939754,-4146.255991044119,-1500.2358188322378
2123622.198979,-4146.255991044119,-1500.2358188322378
2123628.515695,-4146.255991044119,-1500.2358188322378
2123635.899443,-4146.255991044119,-1500.2358188322378
2123642.073588,-4146.255991044119,-1500.2358188322378
2123649.07006,-4146.255991044119,-1500.2358188322378
2123657.017735,-4146.255991044119,-1500.2358188322378
2123663.535572,-4146.255991044119,-1500.2358188322378
2123671.027234,-4147.069331343622,-1492.811152863497
2123678.227463,-4147.069331343622,-1492.811152863497
2123684.524499,-4147.069331343622,-1492.811152863497
2123691.578493,-4147.069331343622,-1492.811152863497
2123698.943532,-4147.069331343622,-1492.811152863497
2123705.527952,-4147.069331343622,-1492.811152863497
2123712.882003,-4147.069331343622,-1492.811152863497
2123720.744524,-4147.069331343622,-1492.811152863497
2123726.544826,-4147.069331343622,-1492.811152863497
2123733.503587,-4147.069331343622,-1492.811152863497
2123740.523648,-4147.069331343622,-1492.811152863497
2123747.968385,-4147.069331343622,-1492.811152863497
2123755.038036,-4147.069331343622,-1492.811152863497
2123761.749235,-4147.069331343622,-1492.811152863497
2123771.004265,-4147.069331343622,-1492.811152863497
2123775.058421,-4147.069331343622,-1492.811152863497
2123782.067301,-4147.069331343622,-1492.811152863497
2123790.282086,-4147.069331343622,-1492.811152863497
2123796.682081,-4147.069331343622,-1492.811152863497
2123803.501817,-4147.069331343622,-1492.811152863497
2123810.96995,-4147.069331343622,-1492.811152863497
2123817.549859,-4147.069331343622,-1492.811152863497
2123824.045259,-4147.069331343622,-1492.811152863497
2123832.424676,-4147.069331343622,-1492.811152863497
2123838.483276,-4147.069331343622,-1492.811152863497
2123846.104824,-4147.069331343622,-1492.811152863497
2123853.404736,-4147.069331343622,-1492.811152863497
2123859.535963,-4147.069331343622,-1492.811152863497
2123866.036266,-4139.061057692068,-1487.4207056758567
2123875.873095,-4148.424898490229,-1480.6803191315694
2123880.058845,-4151.713017790543,-1483.7758695946043
2123887.058314,-4151.713017790543,-1483.7758695946043
2123894.059995,-4151.713017790543,-1483.7758695946043
2123903.056525,-4151.713017790543,-1483.7758695946043
2123908.500652,-4151.713017790543,-1483.7758695946043
2123915.437746,-4151.713017790543,-1483.7758695946043
2123922.887519,-4151.713017790543,-1483.7758695946043
2123930.151729,-4151.713017790543,-1483.7758695946043
2123936.50465,-4151.713017790543,-1483.7758695946043
2123943.058046,-4151.713017790543,-1483.7758695946043
2123952.719184,-4151.713017790543,-1483.7758695946043
2123957.456522,-4151.713017790543,-1483.7758695946043
2123964.8234,-4151.713017790543,-1483.7758695946043
2123971.450111,-4151.713017790543,-1483.7758695946043
2123979.294222,-4151.713017790543,-1483.7758695946043
2123986.57813,-4151.713017790543,-1483.7758695946043
2123992.500704,-4151.713017790543,-1483.7758695946043
2123999.900735,-4151.713017790543,-1483.7758695946043
2124006.057805,-4151.713017790543,-1483.7758695946043
2124013.067955,-4151.713017790543,-1483.7758695946043
2124021.863321,-4151.713017790543,-1483.7758695946043
2124027.50455,-4151.713017790543,-1483.7758695946043
2124034.500797,-4151.713017790543,-1483.7758695946043
2124041.061478,-4151.713017790543,-1483.7758695946043
2124048.087605,-4151.713017790543,-1483.7758695946043
2124055.034847,-4151.713017790543,-1483.7758695946043
2124063.995663,-4151.713017790543,-1483.7758695946043
2124069.43651,-4151.713017790543,-1483.7758695946043
2124076.46048,-4151.713017790543,-1483.7758695946043
2124083.807279,-4151.713017790543,-1483.7758695946043
2124090.611493,-4151.713017790543,-1483.7758695946043
2124097.434063,-4151.713017790543,-1483.7758695946043
2124105.324081,-4151.713017790543,-1483.7758695946043
2124111.433811,-4151.713017790543,-1483.7758695946043
2124119.706297,-4151.713017790543,-1483.7758695946043
2124125.035322,-4151.713017790543,-1483.7758695946043
2124133.247943,-4151.713017790543,-1483.7758695946043
2124142.198238,-4151.713017790543,-1483.7758695946043
2124146.485854,-4151.713017790543,-1483.7758695946043
2124153.484598,-4151.713017790543,-1483.7758695946043
2124160.057177,-4151.713017790543,-1483.7758695946043
2124167.056873,-4151.713017790543,-1483.7758695946043
2124175.346664,-4151.713017790543,-1483.7758695946043
2124181.433843,-4151.713017790543,-1483.7758695946043
2124188.404452,-4151.713017790543,-1483.7758695946043
2124195.804119,-4151.713017790543,-1483.7758695946043
2124202.449779,-4151.713017790543,-1483.7758695946043
2124209.44174,-4151.713017790543,-1483.7758695946043
2124216.764607,-4151.713017790543,-1483.7758695946043
2124225.793489,-4151.713017790543,-1483.7758695946043
2124230.032752,-4151.713017790543,-1483.7758695946043
2124237.088942,-4151.713017790543,-1483.7758695946043
2124244.070812,-4151.713017790543,-1483.7758695946043
2124251.056283,-4151.713017790543,-1483.7758695946043
2124261.340221,-4151.713017790543,-1483.7758695946043
2124265.525979,-4151.713017790543,-1483.7758695946043
2124272.891318,-4151.713017790543,-1483.7758695946043
2124279.603544,-4151.713017790543,-1483.7758695946043
2124287.040484,-4151.713017790543,-1483.7758695946043
2124293.517982,-4151.713017790543,-1483.7758695946043
2124300.522153,-4151.713017790543,-1483.7758695946043
2124307.928421,-4151.713017790543,-1483.7758695946043
2124315.327238,-4151.713017790543,-1483.7758695946043
2124321.523209,-4151.713017790543,-1483.7758695946043
2124328.4993,-4151.713017790543,-1483.7758695946043
2124336.443057,-4151.713017790543,-1483.7758695946043
2124342.509797,-4151.713017790543,-1483.7758695946043
2124349.849877,-4151.713017790543,-1483.7758695946043
2124356.545821,-4151.713017790543,-1483.7758695946043
2124363.880585,-4151.713017790543,-1483.7758695946043
2124370.057057,-4151.713017790543,-1483.7758695946043
2124377.029733,-4151.713017790543,-1483.7758695946043
2124385.380457,-4151.713017790543,-1483.7758695946043
2124392.819259,-4151.713017790543,-1483.7758695946043
2124401.428531,-4151.713017790543,-1483.7758695946043
2124405.524681,-4151.713017790543,-1483.7758695946043
2124413.199239,-4151.713017790543,-1483.7758695946043
2124419.511179,-4151.713017790543,-1483.7758695946043
2124426.968596,-4151.713017790543,-1483.7758695946043
2124433.499415,-4151.713017790543,-1483.7758695946043
2124440.917786,-4151.713017790543,-1483.7758695946043
2124448.017927,-4151.713017790543,-1483.7758695946043
2124454.922097,-4151.713017790543,-1483.7758695946043
2124462.120144,-4151.713017790543,-1483.7758695946043
2124469.463137,-4151.713017790543,-1483.7758695946043
2124469.820114,-4151.713017790543,-1483.7758695946043
2124475.064914,-4151.713017790543,-1483.7758695946043
2124483.978979,-4159.610065417779,-1478.264393278548
2124489.070056,-4189.509010669102,-1500.8642388396179
2124496.066639,-4201.973276837373,-1527.607000464774
2124504.392231,-4232.970579043393,-1573.0021956881938
2124510.02861,-4254.944670135329,-1601.0995482857782
2126130.478643,-2551.8798834588806,-4362.371293929948
2126130.4793,-2551.8798834588806,-4362.371293929948
2126136.769972,-2462.252270094811,-4346.366900201779
2126136.770647,-2462.252270094811,-4346.366900201779
2126151.936415,-2487.9037723156425,-4347.81458720585
2126151.939968,-2487.9037723156425,-4347.81458720585
2126157.476423,-2533.005925800919,-4345.798997266482
2126164.615094,-2588.924810260702,-4346.236561826952
2126171.012253,-2636.2792907102694,-4345.156615252316
2126181.016706,-2673.672090207501,-4341.446626372941
2126185.775177,-2692.0174328060743,-4341.265083629939
2126194.719919,-2802.1033915499597,-4341.8888458752635
2126199.033216,-2882.5406627688603,-4337.6854331028735
2126206.041642,-2939.245080768772,-4335.376581773907
2126215.107891,-2991.1320215070127,-4340.483053343872
2126222.622107,-3058.792202882539,-4370.9217193971845
2126226.983887,-3069.219642728781,-4373.360908965275
2126236.919971,-3109.6016414130186,-4381.111387212322
2126241.405202,-3142.948594007458,-4395.560326585916
2126248.814739,-3169.7818724995495,-4406.420305609696
2126256.446894,-3181.4119437140466,-4415.795358085382
2126262.010953,-3181.4119437140466,-4415.809322903884
2126271.576551,-3182.447736076189,-4416.963748419009
2126276.398642,-3230.678121057973,-4433.907735623565
2126283.051328,-3253.660198414508,-4443.0314208400805
2126290.653757,-3280.9453325793074,-4458.3927273106
2126297.106062,-3321.4872185445047,-4472.8137352791055
2126304.313625,-3334.681405705867,-4479.042046558462
2126313.696183,-3371.5180746958376,-4486.485297410418
2126318.420461,-3395.5637508534073,-4489.846164863416
2126328.664104,-3456.2653536430394,-4500.682867569636
2126332.509696,-3522.757661260233,-4523.035893798247
2126339.518761,-3619.9135932871973,-4518.720763641549
2126347.305875,-3687.8796455261445,-4463.927452480517
2126365.381918,-3915.5801707302326,-4281.342010452695
2126365.382677,-3915.5801707302326,-4281.342010452695
2126373.492395,-3980.2789581598063,-4200.760294125251
2126373.493035,-3980.2789581598063,-4200.760294125251
2126378.289575,-3997.108845798055,-4183.434595364601
2126385.315378,-4058.839288628704,-4175.227930250782
2126392.313416,-4116.016416075598,-4190.989568307411
2126399.31343,-4209.161258556165,-4214.026882056695
2126406.592738,-4276.070662800717,-4232.87474633057
2126413.31747,-4354.019249667159,-4236.445087565806
2126420.315175,-4464.223382827634,-4225.538556201938
2126427.313797,-4510.868795822852,-4209.879327757684
2126436.706832,-4566.481806780968,-4191.343343993996
2126441.729252,-4629.213283060027,-4181.200222572216
2126448.37536,-4658.841114580494,-4160.18780805025
2126459.686913,-4680.432866020776,-4075.2676684712865
2126463.475648,-4692.45917960301,-3995.896211631741
2126469.377915,-4697.165430641092,-3940.8002839727446
2126476.783742,-4697.6868026104685,-3892.0723169364
2126484.614496,-4699.111886010976,-3840.867914998696
2126490.374546,-4709.316873486934,-3798.7546187785024
2126498.693843,-4716.685597408289,-3747.4152158696406
2126504.289127,-4789.19801171495,-3738.9385582390655
2126513.435445,-4819.180376065801,-3703.15598298532
2126518.350673,-4831.4708514087715,-3685.9326794882604
2126520.870628,-4826.514341841313,-3696.508718875003
2126525.351535,-4824.637402730783,-3698.677924117443
2126534.425055,-4824.637402730783,-3698.677924117443
2126539.759653,-4824.637402730783,-3698.677924117443
2126546.784956,-4824.637402730783,-3698.677924117443
2126554.241453,-4824.637402730783,-3698.677924117443
2126561.826314,-4824.637402730783,-3698.677924117443
2126567.766364,-4824.637402730783,-3698.677924117443
2126575.193009,-4824.637402730783,-3698.677924117443
2126581.786363,-4824.637402730783,-3698.677924117443
2126589.229401,-4824.637402730783,-3698.677924117443
2126596.3507,-4824.637402730783,-3698.677924117443
2126602.788567,-4824.637402730783,-3698.677924117443
2126609.318266,-4824.637402730783,-3698.677924117443
2126617.660748,-4824.637402730783,-3698.677924117443
2126623.307151,-4824.637402730783,-3698.677924117443
2126631.667717,-4824.637402730783,-3698.677924117443
2126637.943725,-4824.637402730783,-3698.677924117443
2126644.289653,-4824.637402730783,-3698.677924117443
2126653.460847,-4824.637402730783,-3698.677924117443
2126658.76639,-4824.637402730783,-3698.677924117443
2126666.158532,-4824.637402730783,-3698.677924117443
2126673.223978,-4824.637402730783,-3698.677924117443
2126679.779691,-4824.637402730783,-3698.677924117443
2126687.185011,-4824.637402730783,-3698.677924117443
2126694.433207,-4824.637402730783,-3698.677924117443
2126700.762871,-4824.637402730783,-3698.677924117443
2126708.13317,-4824.637402730783,-3698.677924117443
2126715.790513,-4824.637402730783,-3698.677924117443
2126721.821376,-4824.637402730783,-3698.677924117443
2126729.408017,-4824.637402730783,-3698.677924117443
2126738.05815,-4824.637402730783,-3698.677924117443
2126742.641651,-4824.637402730783,-3698.677924117443
2126750.719838,-4824.637402730783,-3698.677924117443
2126756.753959,-4824.637402730783,-3698.677924117443
2126763.477135,-4824.637402730783,-3698.677924117443
2126772.502842,-4824.637402730783,-3698.677924117443
2126777.787653,-4824.637402730783,-3698.677924117443
2126785.119783,-4824.637402730783,-3698.677924117443
2126792.865106,-4824.637402730783,-3698.677924117443
2126798.910693,-4824.637402730783,-3698.677924117443
2126808.211574,-4824.637402730783,-3698.677924117443
2126812.767745,-4824.637402730783,-3698.677924117443
2126820.251822,-4815.690659652326,-3699.68339263649
2126827.386555,-4815.690659652326,-3699.68339263649
2126833.766394,-4815.690659652326,-3699.68339263649
2126841.122445,-4815.690659652326,-3699.68339263649
2126848.453632,-4815.690659652326,-3699.68339263649
2126854.308359,-4815.690659652326,-3699.68339263649
2126861.308418,-4815.690659652326,-3699.68339263649
2126871.040221,-4815.690659652326,-3699.68339263649
2126875.763812,-4815.690659652326,-3699.68339263649
2126882.311328,-4815.690659652326,-3699.68339263649
2126892.845033,-4819.180376065801,-3702.9884048963268
2126897.206173,-4819.180376065801,-3702.9884048963268
2126903.764993,-4819.180376065801,-3702.9884048963268
2126910.767583,-4819.180376065801,-3702.9884048963268
2126918.501251,-4819.180376065801,-3702.9884048963268
2126925.580942,-4819.180376065801,-3702.9884048963268
2126931.773207,-4819.180376065801,-3702.9884048963268
2126939.192541,-4819.180376065801,-3702.9884048963268
2126946.65652,-4814.21691487336,-3703.128053304176
2126952.746288,-4805.1937038988135,-3716.2503482743246
2126959.915756,-4801.703987484173,-3717.7259663842487
2126967.239897,-4801.703987484173,-3717.7259663842487
2126973.287582,-4801.703987484173,-3717.7259663842487
2126982.925575,-4801.703987484173,-3717.7259663842487
2126987.313089,-4801.703987484173,-3717.7259663842487
2126996.500682,-4801.703987484173,-3717.7259663842487
2127002.145833,-4801.703987484173,-3717.7259663842487
2127008.309695,-4801.703987484173,-3717.7259663842487
2127015.673745,-4801.703987484173,-3717.7259663842487
2127023.884963,-4801.703987484173,-3717.7259663842487
2127030.054336,-4801.703987484173,-3717.7259663842487
2127036.935007,-4801.703987484173,-3717.7259663842487
2127043.801225,-4801.703987484173,-3717.7259663842487
2127050.290022,-4801.703987484173,-3717.7259663842487
2127060.295429,-4801.703987484173,-3717.7259663842487
2127064.291716,-4801.703987484173,-3717.7259663842487
2127072.177048,-4801.703987484173,-3717.7259663842487
2127078.724516,-4801.703987484173,-3717.7259663842487
2127085.682286,-4801.703987484173,-3717.7259663842487
2127094.194533,-4801.703987484173,-3717.7259663842487
2127099.33551,-4801.703987484173,-3717.7259663842487
2127106.29408,-4801.703987484173,-3717.7259663842487
2127114.136975,-4801.703987484173,-3717.7259663842487
2127120.717069,-4801.703987484173,-3717.7259663842487
2127127.344314,-4801.703987484173,-3717.7259663842487
2127134.867666,-4801.703987484173,-3717.7259663842487
2127141.704168,-4801.703987484173,-3717.7259663842487
2127149.062327,-4801.703987484173,-3717.7259663842487
2127159.104095,-4801.703987484173,-3717.7259663842487
2127162.716742,-4801.703987484173,-3717.7259663842487
2127170.142993,-4801.703987484173,-3717.7259663842487
2127176.741324,-4801.703987484173,-3717.7259663842487
2127183.783032,-4801.703987484173,-3717.7259663842487
2127190.912906,-4801.703987484173,-3717.7259663842487
2127198.960563,-4801.703987484173,-3717.7259663842487
2127204.764768,-4801.703987484173,-3717.7259663842487
2127211.719823,-4801.703987484173,-3717.7259663842487
2127218.308155,-4801.703987484173,-3717.7259663842487
2127225.895871,-4801.703987484173,-3717.7259663842487
2127234.286254,-4801.703987484173,-3717.7259663842487
2127239.384784,-4801.703987484173,-3717.7259663842487
2127248.399085,-4801.703987484173,-3717.7259663842487
2127256.283631,-4801.703987484173,-3717.7259663842487
2127260.764955,-4801.703987484173,-3717.7259663842487
2127267.751716,-4801.703987484173,-3717.7259663842487
2127274.75985,-4801.703987484173,-3717.7259663842487
2127282.139317,-4801.703987484173,-3717.7259663842487
2127288.843518,-4801.703987484173,-3717.7259663842487
2127295.744617,-4801.703987484173,-3717.7259663842487
2127303.134662,-4801.703987484173,-3717.7259663842487
2127310.399686,-4801.703987484173,-3717.7259663842487
2127316.850704,-4801.703987484173,-3717.7259663842487
2127324.540839,-4801.703987484173,-3717.7259663842487
2127331.781286,-4801.703987484173,-3717.7259663842487
2127337.282485,-4801.703987484173,-3717.7259663842487
2127345.943652,-4801.703987484173,-3717.7259663842487
2127351.325162,-4801.703987484173,-3717.7259663842487
2127358.289771,-4801.703987484173,-3717.7259663842487
2127365.757037,-4801.703987484173,-3717.7259663842487
2127372.383223,-4801.703987484173,-3717.7259663842487
2127381.9519,-4801.703987484173,-3717.7259663842487
2127386.762848,-4801.703987484173,-3717.7259663842487
2127393.795399,-4801.703987484173,-3717.7259663842487
2127401.08232,-4801.703987484173,-3717.7259663842487
2127408.782344,-4801.703987484173,-3717.7259663842487
2127414.747824,-4801.703987484173,-3717.7259663842487
2127421.741031,-4801.703987484173,-3717.7259663842487
2127428.727667,-4801.703987484173,-3717.7259663842487
2127436.179633,-4801.703987484173,-3717.7259663842487
2127443.782422,-4801.703987484173,-3717.7259663842487
2127449.78767,-4801.703987484173,-3717.7259663842487
2127457.940991,-4801.703987484173,-3717.7259663842487
2127463.32501,-4801.703987484173,-3717.7259663842487
2127470.296994,-4801.703987484173,-3717.7259663842487
2127479.036896,-4801.703987484173,-3717.7259663842487
2127484.725228,-4801.703987484173,-3717.7259663842487
2127491.313052,-4801.703987484173,-3717.7259663842487
2127498.75822,-4801.703987484173,-3717.7259663842487
2127505.76973,-4801.703987484173,-3717.7259663842487
2127513.323928,-4801.703987484173,-3717.7259663842487
2127520.400606,-4801.703987484173,-3717.7259663842487
2127526.895967,-4801.703987484173,-3717.7259663842487
2127533.309711,-4801.703987484173,-3717.7259663842487
2127541.761148,-4801.703987484173,-3717.7259663842487
2127547.781124,-4801.703987484173,-3717.7259663842487
2127555.612859,-4801.703987484173,-3717.7259663842487
2127562.785397,-4801.703987484173,-3717.7259663842487
2127568.739698,-4801.703987484173,-3717.7259663842487
2127577.15559,-4801.703987484173,-3717.7259663842487
2127582.33624,-4801.703987484173,-3717.7259663842487
2127590.702025,-4801.703987484173,-3717.7259663842487
2127598.066434,-4801.703987484173,-3717.7259663842487
2127603.742319,-4801.703987484173,-3717.7259663842487
2127611.339631,-4801.703987484173,-3717.7259663842487
2127617.387159,-4801.703987484173,-3717.7259663842487
2127625.640521,-4801.703987484173,-3717.7259663842487
2127631.338576,-4801.703987484173,-3717.7259663842487
2127640.402009,-4801.703987484173,-3717.7259663842487
2127645.768848,-4801.703987484173,-3717.7259663842487
2127653.127939,-4801.703987484173,-3717.7259663842487
2127659.767429,-4801.703987484173,-3717.7259663842487
2127667.188819,-4801.703987484173,-3717.7259663842487
2127673.319756,-4801.703987484173,-3717.7259663842487
2127680.319977,-4801.703987484173,-3717.7259663842487
2127687.896885,-4801.703987484173,-3717.7259663842487
2127694.74037,-4801.703987484173,-3717.7259663842487
2127701.313498,-4801.703987484173,-3717.7259663842487
2127708.322542,-4801.703987484173,-3717.7259663842487
2127716.447082,-4801.703987484173,-3717.7259663842487
2127716.447665,-4801.703987484173,-3717.7259663842487
2127719.249185,-4801.703987484173,-3717.7259663842487
2127726.839693,-4801.703987484173,-3717.7259663842487
2127733.458192,-4801.703987484173,-3717.7259663842487
2127740.259819,-4801.703987484173,-3717.7259663842487
2127749.253579,-4801.703987484173,-3717.7259663842487
2127754.217535,-4801.703987484173,-3717.7259663842487
2127761.221536,-4801.703987484173,-3717.7259663842487
2127768.221872,-4801.703987484173,-3717.7259663842487
2127776.59573,-4801.703987484173,-3717.7259663842487
2127783.062319,-4801.703987484173,-3717.7259663842487
2127789.687083,-4801.703987484173,-3717.7259663842487
2127796.662763,-4801.703987484173,-3717.7259663842487
2127804.075862,-4801.703987484173,-3717.7259663842487
2127810.691324,-4797.943157637139,-3722.0411019797557
2127817.222089,-4795.9202343778825,-3729.91727172392
2127824.248286,-4795.9202343778825,-3729.91727172392
2127832.07568,-4795.9202343778825,-3729.91727172392
2127842.214253,-4795.9202343778825,-3729.91727172392
2127846.306135,-4795.9202343778825,-3729.91727172392
2127852.724777,-4795.9202343778825,-3729.91727172392
2127861.714838,-4795.9202343778825,-3729.91727172392
2127866.730378,-4795.9202343778825,-3729.91727172392
2127874.20658,-4795.9202343778825,-3729.91727172392
2127880.725454,-4795.9202343778825,-3729.91727172392
2127887.796905,-4795.9202343778825,-3729.91727172392
2127895.048063,-4795.9202343778825,-3729.91727172392
2127903.21032,-4795.9202343778825,-3729.91727172392
2127908.729137,-4795.9202343778825,-3729.91727172392
2127915.727374,-4795.9202343778825,-3729.91727172392
2127922.828954,-4795.9202343778825,-3729.91727172392
2127930.290509,-4795.9202343778825,-3729.91727172392
2127937.41289,-4795.9202343778825,-3729.91727172392
2127943.288884,-4795.9202343778825,-3729.91727172392
2127950.236474,-4795.9202343778825,-3729.91727172392
2127957.24308,-4795.9202343778825,-3729.91727172392
2127964.248614,-4795.9202343778825,-3729.91727172392
2127973.16345,-4795.9202343778825,-3729.91727172392
2127978.249177,-4795.9202343778825,-3729.91727172392
2127986.190911,-4795.9202343778825,-3729.91727172392
2127993.865137,-4795.9202343778825,-3729.91727172392
2127999.891185,-4795.9202343778825,-3729.91727172392
2128008.016029,-4795.9202343778825,-3729.91727172392
2128016.046574,-4795.9202343778825,-3729.91727172392
2128020.634306,-4797.025542968997,-3731.2858260367475
2128028.142663,-4797.025542968997,-3731.2858260367475
2128035.419919,-4798.7912560517,-3732.8359232620423
2128041.725285,-4798.7912560517,-3732.8359232620423
2128049.110264,-4798.7912560517,-3732.8359232620423
2128056.751798,-4798.7912560517,-3732.8359232620423
2128063.262804,-4798.7912560517,-3732.8359232620423
2128069.224991,-4798.7912560517,-3732.8359232620423
2128076.253044,-4798.7912560517,-3732.8359232620423
2128084.894008,-4798.7912560517,-3732.8359232620423
2128091.25795,-4798.7912560517,-3732.8359232620423
2128097.350966,-4798.7912560517,-3732.8359232620423
2128104.981302,-4798.7912560517,-3732.8359232620423
2128112.262323,-4798.7912560517,-3732.8359232620423
2128118.734399,-4798.7912560517,-3732.8359232620423
2128126.111745,-4798.7912560517,-3732.8359232620423
2128133.7044,-4798.7912560517,-3732.8359232620423
2128139.73193,-4798.7912560517,-3732.8359232620423
2128146.248563,-4798.7912560517,-3732.8359232620423
2128153.258559,-4800.765517928292,-3732.333189029045
2128161.908097,-4801.412019181059,-3732.2307801978236
2128167.838457,-4798.742594669319,-3731.1461776348415
2128174.702439,-4798.061335289731,-3731.090318274641
2128182.106224,-4793.841698104209,-3730.932050093409
2128188.248663,-4788.8712852767085,-3730.880845677944
2128195.219826,-4792.270630559407,-3730.5643093051917
2128203.597007,-4792.534792359479,-3730.7365423312717
2128210.950504,-4792.534792359479,-3730.7365423312717
2128216.753832,-4788.238687287752,-3731.9142438259632
2128223.248612,-4790.386739823672,-3734.1439632513197
2128230.24842,-4791.074950827062,-3737.6444830831447
2128238.37269,-4791.074950827062,-3737.6444830831447
2128244.670195,-4791.074950827062,-3737.6444830831447
2128251.675688,-4791.074950827062,-3737.6444830831447
2128259.739813,-4791.074950827062,-3737.6444830831447
2128267.196598,-4791.074950827062,-3737.6444830831447
2128272.707703,-4791.074950827062,-3737.6444830831447
2128279.653006,-4791.074950827062,-3737.6444830831447
2128286.669181,-4791.074950827062,-3737.6444830831447
2128293.645949,-4791.074950827062,-3737.6444830831447
2128301.132167,-4791.074950827062,-3737.6444830831447
2128307.216706,-4791.074950827062,-3737.6444830831447
2128315.401089,-4795.8298632366395,-3745.478758120172
2128321.247139,-4796.580638878077,-3746.27475397338
2128328.630379,-4796.580638878077,-3746.27475397338
2128336.063677,-4796.580638878077,-3746.27475397338
2128342.23099,-4796.580638878077,-3746.27475397338
2128349.744976,-4796.580638878077,-3746.27475397338
2128357.182335,-4796.580638878077,-3746.27475397338
2128364.572167,-4798.401964975401,-3748.4811986249747
2128372.944219,-4780.869963370531,-3744.8968898146263
2128377.583746,-4780.904721505577,-3744.91550959418
2128384.635728,-4780.904721505577,-3744.91550959418
2128391.866211,-4780.904721505577,-3744.91550959418
2128398.947708,-4780.904721505577,-3744.91550959418
2128406.942574,-4780.904721505577,-3744.91550959418
2128414.421184,-4780.904721505577,-3744.91550959418
2128419.249021,-4780.904721505577,-3744.91550959418
2128426.8561,-4780.904721505577,-3744.91550959418
2128435.094515,-4780.904721505577,-3744.91550959418
2128440.248099,-4780.904721505577,-3744.91550959418
2128448.210519,-4780.904721505577,-3744.91550959418
2128454.684309,-4780.904721505577,-3744.91550959418
2128461.640059,-4780.904721505577,-3744.91550959418
2128468.266245,-4780.904721505577,-3744.91550959418
2128476.108606,-4780.904721505577,-3744.91550959418
2128482.614275,-4780.904721505577,-3744.91550959418
2128490.785291,-4780.904721505577,-3744.91550959418
2128496.674405,-4780.904721505577,-3744.91550959418
2128503.666765,-4780.904721505577,-3744.91550959418
2128510.937023,-4780.904721505577,-3744.91550959418
2128518.636836,-4780.904721505577,-3744.91550959418
2128524.662831,-4780.904721505577,-3744.91550959418
2128532.05814,-4780.904721505577,-3744.91550959418
2128538.634268,-4780.904721505577,-3744.91550959418
2128545.632811,-4780.904721505577,-3744.91550959418
2128552.237938,-4780.904721505577,-3744.91550959418
2128559.241518,-4780.904721505577,-3744.91550959418
2128568.813903,-4780.904721505577,-3744.91550959418
2128575.869019,-4780.904721505577,-3744.91550959418
2128580.249866,-4780.904721505577,-3744.91550959418
2128587.248186,-4780.904721505577,-3744.91550959418
2128595.096528,-4780.904721505577,-3744.91550959418
2128601.584793,-4780.904721505577,-3744.91550959418
2128609.054319,-4780.904721505577,-3744.91550959418
2128615.616066,-4780.904721505577,-3744.91550959418
2128623.002949,-4780.904721505577,-3744.91550959418
2128630.055732,-4780.904721505577,-3744.91550959418
2128636.681007,-4780.904721505577,-3744.91550959418
2128644.078764,-4780.904721505577,-3744.91550959418
2128651.22158,-4780.904721505577,-3744.91550959418
2128657.75457,-4780.904721505577,-3744.91550959418
2128665.247333,-4780.904721505577,-3744.91550959418
2128671.238832,-4780.904721505577,-3744.91550959418
2128679.281043,-4780.904721505577,-3744.91550959418
2128687.253298,-4780.904721505577,-3744.91550959418
2128692.607135,-4780.904721505577,-3744.91550959418
2128699.812,-4775.586727358768,-3744.8549952896014
2128706.21622,-4773.862724033829,-3745.404278982182
2128713.249199,-4773.862724033829,-3745.404278982182
2128720.610792,-4773.862724033829,-3745.404278982182
2128728.066397,-4773.862724033829,-3745.404278982182
2128734.222998,-4773.862724033829,-3745.404278982182
2128743.05302,-4773.862724033829,-3745.404278982182
2128748.770327,-4773.862724033829,-3745.404278982182
2128755.23767,-4765.513820807096,-3747.578139000459
2128762.248562,-4763.991414635415,-3747.9365698792435
2128771.897193,-4763.956656508607,-3747.93191493595
2128776.768579,-4763.956656508607,-3747.93191493595
2128784.279766,-4763.956656508607,-3747.93191493595
2128790.208044,-4763.956656508607,-3747.93191493595
2128797.249025,-4763.956656508607,-3747.93191493595
2128804.239588,-4763.956656508607,-3747.93191493595
2128811.260431,-4763.956656508607,-3747.93191493595
2128820.600992,-4763.956656508607,-3747.93191493595
2128826.067362,-4763.956656508607,-3747.93191493595
2128833.570329,-4763.956656508607,-3747.93191493595
2128840.869169,-4763.956656508607,-3747.93191493595
2128846.722762,-4763.956656508607,-3747.93191493595
2128854.36766,-4763.956656508607,-3747.93191493595
2128868.974352,-4763.956656508607,-3747.93191493595
2128868.977998,-4763.956656508607,-3747.93191493595
2128874.736935,-4763.956656508607,-3747.93191493595
2128882.058445,-4765.180142744845,-3746.1537253649976
2128888.737072,-4768.308374589041,-3743.7098784441832
2128895.727793,-4768.308374589041,-3743.7098784441832
2128904.757778,-4768.308374589041,-3743.7098784441832
2128909.788471,-4768.308374589041,-3743.7098784441832
2128916.249248,-4768.308374589041,-3743.7098784441832
2128923.247926,-4769.128666501075,-3743.4259267028006
2128930.998361,-4769.128666501075,-3743.4259267028006
2128938.163158,-4765.750176104213,-3742.262190075687
2130124.968093,-5468.221214145391,-1256.956159494206
2130124.968708,-5468.221214145391,-1256.956159494206
2130132.11908,-5493.7939954648955,-1089.160561686395
2130132.119664,-5493.7939954648955,-1089.160561686395
2130135.016268,-5493.7939954648955,-1089.160561686395
2130135.021544,-5493.7939954648955,-1089.160561686395
2130144.127511,-5474.120893303129,-1104.023867869733
2130149.03223,-5416.380685959873,-1130.408213841704
2130158.155473,-5351.299561234827,-1154.772303695082
2130163.400605,-5245.905955790293,-1180.1465200831685
2130170.444831,-5181.061186061033,-1197.5840198800543
2130177.383443,-5121.5135554555245,-1229.1353730784583
2130184.032181,-5031.1632686798475,-1308.5909648056224
2130192.365989,-4990.405883722503,-1369.3382468673421
2130198.4953,-4955.0916221245,-1434.8056560727612
2130205.418298,-4916.433628237802,-1492.732018500565
2130212.137175,-4911.511876815568,-1489.8040467543346
2130219.483339,-4911.511876815568,-1489.8040467543346
2130226.026287,-4911.511876815568,-1489.8040467543346
2130233.2642,-4897.372268900446,-1480.8991024033705
2130241.182323,-4897.302752630404,-1480.0379342212564
2130247.107554,-4878.992168924177,-1475.7274383645192
2130253.673222,-4857.900934681393,-1467.5393581454505
2130260.678235,-4857.900934681393,-1467.5300482233
2130270.146601,-4857.900934681393,-1467.5300482233
2130275.13471,-4857.900934681393,-1467.5300482233
2130282.182548,-4857.900934681393,-1467.5300482233
2130289.601287,-4857.900934681393,-1467.5300482233
2130297.110691,-4857.900934681393,-1467.5300482233
2130303.234127,-4857.900934681393,-1467.5300482233
2130309.666626,-4846.854800459458,-1464.2808838961173
2130320.121611,-4837.00434595757,-1473.6513248086146
2130324.015762,-4825.8261308302535,-1511.5659985805664
2130331.513512,-4815.356981590615,-1553.7678906435779
2130339.420401,-4802.767586307892,-1590.1278022396964
2130344.689949,-4791.631080930328,-1624.811925409898
2130353.728995,-4791.916097609834,-1631.4080066036795
2130359.030343,-4791.916097609834,-1631.4080066036795
2130366.04333,-4791.916097609834,-1631.4080066036795
2130373.140504,-4791.916097609834,-1631.4080066036795
2130379.668889,-4791.916097609834,-1631.4080066036795
2130388.812534,-4791.916097609834,-1631.4080066036795
2130394.429217,-4791.916097609834,-1631.4080066036795
2130401.201431,-4787.404492128588,-1648.0448405805646
2130408.519973,-4778.965217763248,-1676.8218142632434
2130415.121954,-4728.53116869761,-1692.974531043757
2130422.705676,-4669.720409815667,-1681.849172841119
2130428.765739,-4632.383224681225,-1675.1646479004344
2130435.695822,-4598.348062030975,-1662.3821230014444
2130444.288298,-4550.103775062224,-1642.2354481270443
2130450.067605,-4480.44152717357,-1661.264932174877
2130457.067807,-4373.080609250134,-1683.562198715022
2130464.192232,-4306.92198080126,-1653.1746085416223
2130470.820269,-4246.275992001793,-1597.2731693312287
2130477.745366,-4185.6230515011885,-1532.424886903766
2130486.962247,-4156.460978643742,-1513.5303929139177
2130491.703902,-4144.580649078485,-1498.5088275700653
2130500.473721,-4146.506249600408,-1491.4239738869535
2130502.960533,-4146.506249600408,-1491.4239738869535
2130505.699013,-4153.047730065547,-1483.2312389086271
2130512.696668,-4169.105987113772,-1484.7487568771337
2130521.710425,-4173.263059718732,-1488.0258508670001
2130526.6744,-4173.263059718732,-1488.0258508670001
2130533.67433,-4173.263059718732,-1488.0258508670001
2130542.227144,-4173.263059718732,-1488.0258508670001
2130547.678472,-4173.263059718732,-1488.0258508670001
2130554.672938,-4173.263059718732,-1488.0258508670001
2130563.811223,-4173.263059718732,-1488.0258508670001
2130569.049863,-4173.263059718732,-1488.0258508670001
2130576.275024,-4173.263059718732,-1488.0258508670001
2130583.455305,-4173.263059718732,-1488.0258508670001
2130590.346377,-4173.263059718732,-1488.0258508670001
2130596.672892,-4173.263059718732,-1488.0258508670001
2130604.852255,-4173.263059718732,-1488.0258508670001
2130610.676169,-4173.263059718732,-1488.0258508670001
2130617.668062,-4173.263059718732,-1488.0258508670001
2130627.847682,-4173.263059718732,-1488.0258508670001
2130631.664499,-4173.263059718732,-1488.0258508670001
2130640.614893,-4173.263059718732,-1488.0258508670001
2130645.679854,-4173.263059718732,-1488.0258508670001
2130655.016534,-4173.263059718732,-1488.0258508670001
2130660.739787,-4173.263059718732,-1488.0258508670001
2130667.668615,-4173.263059718732,-1488.0258508670001
2130673.664639,-4173.263059718732,-1488.0258508670001
2130681.537719,-4173.263059718732,-1488.0258508670001
2130688.011179,-4173.263059718732,-1488.0258508670001
2130695.515039,-4173.263059718732,-1488.0258508670001
2130701.678458,-4173.263059718732,-1488.0258508670001
2130708.679828,-4173.263059718732,-1488.0258508670001
2130717.831759,-4173.263059718732,-1488.0258508670001
2130722.680009,-4173.263059718732,-1488.0258508670001
2130731.836357,-4173.263059718732,-1488.0258508670001
2130736.674266,-4173.263059718732,-1488.0258508670001
2130743.64024,-4173.263059718732,-1488.0258508670001
2130750.674213,-4184.323097354335,-1496.9540699332128
2130759.764727,-4184.323097354335,-1496.9540699332128
2130765.113875,-4184.323097354335,-1496.9540699332128
2130772.683608,-4184.323097354335,-1496.9540699332128
2130780.267129,-4184.323097354335,-1496.9540699332128
2130786.450911,-4184.323097354335,-1496.9540699332128
2130792.664898,-4184.323097354335,-1496.9540699332128
2130799.665452,-4186.644940580193,-1494.9338160037692
2130808.477605,-4189.2657037450535,-1492.8390826426821
2130813.663596,-4189.2657037450535,-1492.8390826426821
2130820.665582,-4189.2657037450535,-1492.8390826426821
2130828.895173,-4189.2657037450535,-1492.8390826426821
2130835.979837,-4189.2657037450535,-1492.8390826426821
2130841.672971,-4189.2657037450535,-1492.8390826426821
2130851.576473,-4189.2657037450535,-1492.8390826426821
2130856.14654,-4189.2657037450535,-1492.8390826426821
2130862.663405,-4189.2657037450535,-1492.8390826426821
2130869.637172,-4189.2657037450535,-1492.8390826426821
2130876.673111,-4189.2657037450535,-1492.8390826426821
2130883.649185,-4189.2657037450535,-1492.8390826426821
2130891.186023,-4189.2657037450535,-1492.8390826426821
2130897.673322,-4189.2657037450535,-1492.8390826426821
2130905.675613,-4189.2657037450535,-1492.8390826426821
2130911.66168,-4189.2657037450535,-1492.8390826426821
2130918.66198,-4189.2657037450535,-1492.8390826426821
2130925.998104,-4189.2657037450535,-1492.8390826426821
2130935.197749,-4189.2657037450535,-1492.8390826426821
2130940.994406,-4189.529865548662,-1499.7982523135893
2130947.064035,-4191.399853053741,-1502.4283063877247
2130953.672641,-4198.9632225998175,-1519.7214934937383
2130963.490051,-4182.578239127109,-1529.46898556199
2130968.124565,-4182.578239127109,-1529.46898556199
2130975.126958,-4176.4399529953125,-1524.073883712717
2130981.675222,-4175.1399988482135,-1522.300342892187
2130988.673419,-4175.1399988482135,-1522.300342892187
2130995.684797,-4175.1399988482135,-1522.300342892187
2131004.272385,-4175.1399988482135,-1522.300342892187
2131011.600406,-4175.1399988482135,-1522.300342892187
2131017.059184,-4175.1399988482135,-1522.300342892187
2131024.491329,-4175.1399988482135,-1522.300342892187
2131030.975224,-4175.1399988482135,-1522.300342892187
2131037.644173,-4175.1399988482135,-1522.300342892187
2131046.73525,-4175.1399988482135,-1522.300342892187
2131051.681954,-4175.1399988482135,-1522.300342892187
2131061.434871,-4175.1399988482135,-1522.300342892187
2131066.255399,-4175.1399988482135,-1522.300342892187
2131073.239472,-4175.1399988482135,-1522.300342892187
2131079.663878,-4175.1399988482135,-1522.300342892187
2131090.030611,-4175.1399988482135,-1522.300342892187
2131094.140715,-4175.1399988482135,-1522.300342892187
2131100.668932,-4175.1399988482135,-1522.300342892187
2131110.699861,-4175.1399988482135,-1522.300342892187
2131114.636686,-4175.1399988482135,-1522.300342892187
2131123.310062,-4175.1399988482135,-1522.300342892187
2131129.11796,-4175.1399988482135,-1522.300342892187
2131136.685704,-4175.1399988482135,-1522.300342892187
2131144.016236,-4175.1399988482135,-1522.300342892187
2131150.715037,-4175.1399988482135,-1522.300342892187
2131156.67326,-4175.1399988482135,-1522.300342892187
2131163.983357,-4175.1399988482135,-1522.300342892187
2131170.662872,-4161.056003714801,-1507.0460296095348
2131177.664263,-4156.516591658989,-1504.0482334888154
2131184.664319,-4156.516591658989,-1504.0482334888154
2131193.948247,-4156.516591658989,-1504.0482334888154
2131198.664046,-4156.516591658989,-1504.0482334888154
2131205.794447,-4156.516591658989,-1504.0482334888154
2131214.121918,-4156.516591658989,-1504.0482334888154
2131219.637067,-4156.516591658989,-1504.0482334888154
2131226.664594,-4156.516591658989,-1504.0482334888154
2131234.066124,-4156.516591658989,-1504.0482334888154
2131240.661885,-4156.516591658989,-1504.0482334888154
2131247.66312,-4156.516591658989,-1504.0482334888154
2131256.412328,-4156.516591658989,-1504.0482334888154
2131262.124602,-4156.516591658989,-1504.0482334888154
2131269.606944,-4156.516591658989,-1504.0482334888154
2131275.664238,-4156.516591658989,-1504.0482334888154
2131282.663977,-4156.516591658989,-1504.0482334888154
2131290.950462,-4156.516591658989,-1504.0482334888154
2131298.308298,-4156.516591658989,-1504.0482334888154
2131304.111172,-4156.516591658989,-1504.0482334888154
2131312.029655,-4156.516591658989,-1504.0482334888154
2131317.664234,-4156.516591658989,-1504.0482334888154
2131324.673562,-4156.516591658989,-1504.0482334888154
2131331.673556,-4156.516591658989,-1504.0482334888154
2131338.6736,-4156.516591658989,-1504.0482334888154
2131345.639585,-4156.516591658989,-1504.0482334888154
2131353.893527,-4156.516591658989,-1504.0482334888154
2131359.662091,-4148.7933346925465,-1496.7632164578063
2131366.662071,-4146.485394720679,-1488.0817104230264
2131375.626116,-4146.485394720679,-1488.0817104230264
2131380.664078,-4146.485394720679,-1488.0817104230264
2131389.528729,-4146.485394720679,-1488.0817104230264
2131394.658534,-4146.485394720679,-1488.0817104230264
2131401.664145,-4152.47769669848,-1478.2318085379356
2131409.874926,-4153.548247169658,-1477.910616081715
2131416.01631,-4153.548247169658,-1477.910616081715
2131423.333723,-4153.548247169658,-1477.910616081715
2131430.008254,-4153.548247169658,-1477.910616081715
2131437.035132,-4153.548247169658,-1477.910616081715
2131446.063193,-4153.548247169658,-1477.910616081715
2131451.020697,-4153.548247169658,-1477.910616081715
2131458.039307,-4153.548247169658,-1477.910616081715
2131464.669294,-4153.548247169658,-1477.910616081715
2131475.255123,-4153.548247169658,-1477.910616081715
2131478.668991,-4153.548247169658,-1477.910616081715
2131485.689218,-4153.548247169658,-1477.910616081715
2131492.664784,-4153.548247169658,-1477.910616081715
2131499.63716,-4153.548247169658,-1477.910616081715
2131508.515751,-4153.548247169658,-1477.910616081715
2131514.603566,-4153.548247169658,-1477.910616081715
2131520.662466,-4153.548247169658,-1477.910616081715
2131529.059084,-4153.548247169658,-1477.910616081715
2131535.010895,-4153.548247169658,-1477.910616081715
2131542.315275,-4153.548247169658,-1477.910616081715
2131549.809607,-4153.548247169658,-1477.910616081715
2131556.029626,-4153.548247169658,-1477.910616081715
2131562.66384,-4153.548247169658,-1477.910616081715
2131569.637714,-4153.548247169658,-1477.910616081715
2131576.637755,-4153.548247169658,-1477.910616081715
2131583.641752,-4153.548247169658,-1477.910616081715
2131590.665629,-4153.548247169658,-1477.910616081715
2131599.593708,-4153.548247169658,-1477.910616081715
2131602.023624,-4153.548247169658,-1477.910616081715
2131604.679918,-4153.548247169658,-1477.910616081715
2131611.679816,-4186.617134076714,-1492.9228719788198
2131621.966428,-4201.639598770952,-1519.851832459552
2132060.95048,-3277.8032908307173,-1447.4775641149638
2132060.951711,-3277.8032908307173,-1447.4775641149638
2132067.418472,-3219.6597929812187,-1493.3930232435478
2132067.419215,-3219.6597929812187,-1493.3930232435478
2132080.958001,-3304.872831124949,-1637.1661945714561
2132081.088377,-3304.872831124949,-1637.1661945714561
2132088.106902,-3356.495609760331,-1668.3823686960247
2132099.101081,-3469.654186317911,-1628.4521057223656
2132103.083223,-3542.2430703667205,-1601.4812551878756
2132123.946183,-3622.6386308718734,-1632.4227883123485
2132123.947742,-3622.6386308718734,-1632.4227883123485
2132132.855319,-3622.6386308718734,-1632.4227883123485
2132154.169022,-3649.972426265191,-1650.7121337216176
2132154.17623,-3695.3317891233814,-1684.8423131639727
2132154.17986,-3749.554475714938,-1714.6713064571356
2132158.562888,-3789.317779178594,-1736.2284323011284
2132158.564247,-3789.317779178594,-1736.2284323011284
2132166.154655,-3799.2516534119063,-1744.8820051664052
2132169.353761,-3818.73706242061,-1773.9056874011114
2132176.362618,-3847.9338936004356,-1795.8491729809746
2132183.503133,-3883.088268646569,-1773.2772676771722
2132193.318121,-3960.3903548805256,-1703.476124217828
2132197.285292,-4009.427127865135,-1644.2138069363045
2132206.208582,-4025.262932906661,-1577.0380481061795
2132211.730377,-4077.504405622724,-1510.281228821847
2132219.041905,-4123.412946595935,-1497.9641969074382
2132226.144837,-4125.192562960832,-1499.1186277219433
2132232.726356,-4134.862275333122,-1493.0578659114199
2132238.176936,-4134.862275333122,-1493.0578659114199
2132239.691288,-4151.045661657151,-1483.7525947761583
2132246.714177,-4157.378593333144,-1480.210167858273
2132253.283834,-4184.823614458124,-1494.9058862256725
2132262.523136,-4194.687972351141,-1524.6976487340062
2132267.941296,-4183.016191591926,-1531.6335432393948
2132274.66571,-4173.610641032896,-1521.2343564151067
2132281.680382,-4173.165736944218,-1520.64317612705
2132288.684934,-4173.165736944218,-1520.64317612705
2132295.936597,-4173.165736944218,-1520.64317612705
2132304.63726,-4173.165736944218,-1520.64317612705
2132309.733684,-4173.165736944218,-1520.64317612705
2132317.055219,-4173.165736944218,-1520.64317612705
2132324.369724,-4173.165736944218,-1520.64317612705
2132330.652414,-4173.165736944218,-1520.64317612705
2132338.0478,-4173.165736944218,-1520.64317612705
2132345.696246,-4173.165736944218,-1520.64317612705
2132351.72975,-4173.165736944218,-1520.64317612705
2132358.685725,-4173.165736944218,-1520.64317612705
2132365.660454,-4173.165736944218,-1520.64317612705
2132372.281663,-4173.165736944218,-1520.64317612705
2132379.301798,-4173.165736944218,-1520.64317612705
2132386.292464,-4173.165736944218,-1520.64317612705
2132393.28166,-4173.165736944218,-1520.64317612705
2132400.28378,-4171.184523416372,-1518.5856825629335
2132407.29662,-4166.957934548302,-1514.1076083135158
2132417.450947,-4166.957934548302,-1514.1076083135158
2132422.027196,-4166.957934548302,-1514.1076083135158
2132428.751034,-4166.957934548302,-1514.1076083135158
2132436.087798,-4166.957934548302,-1514.1076083135158
2132442.73113,-4166.957934548302,-1514.1076083135158
2132450.131543,-4166.957934548302,-1514.1076083135158
2132457.212699,-4166.957934548302,-1514.1076083135158
2132463.713784,-4166.957934548302,-1514.1076083135158
2132471.109643,-4166.957934548302,-1514.1076083135158
2132479.222672,-4166.957934548302,-1514.1076083135158
2132484.75022,-4166.957934548302,-1514.1076083135158
2132491.820144,-4166.957934548302,-1514.1076083135158
2132498.284429,-4166.957934548302,-1514.1076083135158
2132505.256743,-4166.957934548302,-1514.1076083135158
2132513.696423,-4166.957934548302,-1514.1076083135158
2132519.756407,-4166.957934548302,-1514.1076083135158
2132527.195056,-4166.957934548302,-1514.1076083135158
2132534.308683,-4166.957934548302,-1514.1076083135158
2132540.898073,-4166.957934548302,-1514.1076083135158
2132547.284451,-4166.957934548302,-1514.1076083135158
2132555.609742,-4166.957934548302,-1514.1076083135158
2132561.733319,-4166.957934548302,-1514.1076083135158
2132569.100692,-4153.659473191909,-1508.6752666317702
2132576.905877,-4153.659473191909,-1508.6752666317702
2132583.010447,-4153.659473191909,-1508.6752666317702
2132590.151253,-4153.659473191909,-1508.6752666317702
2132596.740369,-4153.659473191909,-1508.6752666317702
2132603.767188,-4153.659473191909,-1508.6752666317702
2132611.089818,-4153.659473191909,-1508.6752666317702
2132617.286525,-4153.659473191909,-1508.6752666317702
2132626.075935,-4153.659473191909,-1508.6752666317702
2132631.292209,-4153.659473191909,-1508.6752666317702
2132638.293769,-4153.659473191909,-1508.6752666317702
2132645.292322,-4153.659473191909,-1508.6752666317702
2132652.326586,-4153.659473191909,-1508.6752666317702
2132659.293713,-4153.659473191909,-1508.6752666317702
2132666.291952,-4153.659473191909,-1508.6752666317702
2132673.342282,-4153.659473191909,-1508.6752666317702
2132682.670374,-4153.659473191909,-1508.6752666317702
2132687.747211,-4153.659473191909,-1508.6752666317702
2132694.735222,-4153.659473191909,-1508.6752666317702
2132702.125892,-4153.659473191909,-1508.6752666317702
2132708.943332,-4153.659473191909,-1508.6752666317702
2132715.909759,-4153.659473191909,-1508.6752666317702
2132722.707096,-4153.659473191909,-1508.6752666317702
2132730.784708,-4153.659473191909,-1508.6752666317702
2132736.287317,-4153.659473191909,-1508.6752666317702
2132743.33218,-4153.659473191909,-1508.6752666317702
2132754.922482,-4142.29356398615,-1502.7308789749181
2132758.286244,-4141.521933445877,-1502.4283063877247
2132765.797423,-4143.1347107809725,-1495.1712191159788
2132771.285445,-4145.512167024061,-1493.7561103653961
2132779.729472,-4152.373422308398,-1490.3021277993494
2132785.959406,-4152.373422308398,-1490.3021277993494
2132792.68038,-4152.373422308398,-1490.3021277993494
2132799.644302,-4152.373422308398,-1490.3021277993494
2132807.628177,-4152.373422308398,-1490.3021277993494
2132813.717849,-4152.373422308398,-1490.3021277993494
2132821.172396,-4152.373422308398,-1490.3021277993494
2132828.188204,-4152.373422308398,-1490.3021277993494
2132834.786983,-4152.373422308398,-1490.3021277993494
2132842.140594,-4152.373422308398,-1490.3021277993494
2132848.741899,-4152.373422308398,-1490.3021277993494
2132857.132631,-4152.373422308398,-1490.3021277993494
2132862.337589,-4152.373422308398,-1490.3021277993494
2132869.28464,-4152.373422308398,-1490.3021277993494
2132878.129193,-4152.373422308398,-1490.3021277993494
2132883.729837,-4152.373422308398,-1490.3021277993494
2132890.738028,-4152.373422308398,-1490.3021277993494
2132897.706069,-4152.373422308398,-1490.3021277993494
2132904.72969,-4152.373422308398,-1490.3021277993494
2132912.119295,-4154.410248844013,-1485.5447555603769
2132921.638032,-4154.271216318264,-1485.3771768874938
2132925.679236,-4154.271216318264,-1485.3771768874938
2132933.143579,-4154.271216318264,-1485.3771768874938
2132940.409668,-4157.302125438322,-1480.2846472724812
2132946.71636,-4158.28230476673,-1480.0844838564658
2132954.203249,-4158.28230476673,-1480.0844838564658
2132961.58041,-4158.28230476673,-1480.0844838564658
2132967.727329,-4158.28230476673,-1480.0844838564658
2132974.67266,-4158.28230476673,-1480.0844838564658
2132981.284241,-4158.28230476673,-1480.0844838564658
2132988.295194,-4158.28230476673,-1480.0844838564658
2132997.287344,-4158.28230476673,-1480.0844838564658
2133003.043658,-4158.28230476673,-1480.0844838564658
2133010.382422,-4158.28230476673,-1480.0844838564658
2133016.660547,-4158.28230476673,-1480.0844838564658
2133023.726835,-4158.28230476673,-1480.0844838564658
2133031.087536,-4158.28230476673,-1480.0844838564658
2133038.9075,-4158.28230476673,-1480.0844838564658
2133044.705157,-4158.28230476673,-1480.0844838564658
2133052.254067,-4158.28230476673,-1480.0844838564658
2133058.685115,-4158.28230476673,-1480.0844838564658
2133066.206254,-4158.28230476673,-1480.0844838564658
2133073.257787,-4158.28230476673,-1480.0844838564658
2133079.725665,-4158.28230476673,-1480.0844838564658
2133086.283679,-4158.28230476673,-1480.0844838564658
2133095.679452,-4158.28230476673,-1480.0844838564658
2133100.260134,-4158.28230476673,-1480.0844838564658
2133107.283683,-4158.28230476673,-1480.0844838564658
2133114.283546,-4158.28230476673,-1480.0844838564658
2133122.291183,-4158.28230476673,-1480.0844838564658
2133131.597944,-4158.28230476673,-1480.0844838564658
2133135.655028,-4158.28230476673,-1480.0844838564658
2133143.504936,-4158.28230476673,-1480.0844838564658
2133150.577906,-4158.28230476673,-1480.0844838564658
2133156.688883,-4158.28230476673,-1480.0844838564658
2133163.660442,-4158.28230476673,-1480.0844838564658
2133171.055823,-4158.28230476673,-1480.0844838564658
2133177.693302,-4158.28230476673,-1480.0844838564658
2133185.5191,-4158.28230476673,-1480.0844838564658
2133192.753989,-4158.28230476673,-1480.0844838564658
2133198.570153,-4158.28230476673,-1480.0844838564658
2133205.283861,-4158.28230476673,-1480.0844838564658
2133212.262062,-4158.28230476673,-1480.0844838564658
2133221.877214,-4158.28230476673,-1480.0844838564658
2133226.401741,-4158.28230476673,-1480.0844838564658
2133233.283674,-4158.28230476673,-1480.0844838564658
2133241.828522,-4158.28230476673,-1480.0844838564658
2133247.656971,-4158.28230476673,-1480.0844838564658
2133256.867121,-4158.28230476673,-1480.0844838564658
2133261.671561,-4158.28230476673,-1480.0844838564658
2133268.893708,-4158.28230476673,-1480.0844838564658
2133275.791418,-4158.28230476673,-1480.0844838564658
2133284.221923,-4158.28230476673,-1480.0844838564658
2133295.520275,-4158.28230476673,-1480.0844838564658
2133295.524651,-4158.28230476673,-1480.0844838564658
2133296.314006,-4161.730311471828,-1478.9021232296052
2133303.306532,-4162.279489959066,-1478.42731698195
2133310.251244,-4176.071516793204,-1488.9335686620364
2133318.550379,-4202.195728889905,-1521.0202281172208
2133324.819595,-4235.9458751433485,-1580.6921935750383
2135804.16223,-5565.8453340335955,-3218.1809664698367
2135804.162901,-5565.8453340335955,-3218.1809664698367
2135804.562114,-5435.845239370062,-3163.140027089902
2135804.562704,-5435.845239370062,-3163.140027089902
2135810.829108,-5377.826966924173,-3164.6947806488797
2135817.729544,-5316.5831398158425,-3176.5416302562667
2135824.097883,-5240.2334287672265,-3181.6388012274765
2135834.420588,-5197.41836265978,-3184.613314690941
2135838.476175,-5174.978513084819,-3182.8258136474446
2135845.830553,-5175.24962650616,-3182.7094398804206
2135864.754831,-5153.0461322133415,-3180.7916002186757
2135864.767063,-5120.310924109205,-3181.932063118625
2135867.826168,-5063.32844350237,-3159.58829963281
2135867.826701,-5063.32844350237,-3159.58829963281
2135871.345255,-5063.32844350237,-3159.58829963281
2135884.530894,-4990.544916245475,-3128.5490868899287
2135885.838231,-4967.270871406698,-3125.7514613044978
2135892.400445,-4949.912660531342,-3153.4949690020053
2135902.324204,-4931.240592276333,-3188.9656935071366
2135906.865219,-4912.818782556568,-3212.417334164389
2135914.149655,-4851.067486007724,-3216.839537053799
2135922.581898,-4810.678537068706,-3219.027363725849
2135927.767188,-4667.447228005289,-3240.6123682355083
2135935.200454,-4630.450672555898,-3244.783203612969
2135941.488013,-4603.471410660678,-3247.767026677892
2135950.710285,-4535.150826743283,-3251.4304724474837
2135955.780216,-4490.041723202141,-3248.5676781034745
2135966.881246,-4449.527644658682,-3251.6213253972123
2135969.33023,-4383.85563015684,-3258.440827316025
2135972.211413,-4367.046597540917,-3258.6177154178017
2135976.321913,-4361.276747625314,-3258.859772819837
2135983.334982,-4361.415780158707,-3258.4128976138813
2135993.081727,-4361.415780158707,-3258.4128976138813
2135997.399815,-4361.415780158707,-3258.4128976138813
2136004.39065,-4361.415780158707,-3258.4128976138813
2136013.398516,-4361.415780158707,-3258.4128976138813
2136018.77305,-4361.415780158707,-3258.4128976138813
2136025.7141,-4361.415780158707,-3258.4128976138813
2136032.841264,-4361.415780158707,-3258.4128976138813
2136039.680524,-4356.827706730783,-3258.445482264202
2136049.011871,-4352.031084522971,-3258.27324910953
2136053.701404,-4352.031084522971,-3258.27324910953
2136062.904886,-4352.031084522971,-3258.27324910953
2136067.34184,-4352.031084522971,-3258.27324910953
2136074.323335,-4352.031084522971,-3258.27324910953
2136084.076708,-4352.031084522971,-3258.27324910953
2136088.321265,-4352.031084522971,-3258.27324910953
2136095.332879,-4352.031084522971,-3258.27324910953
2136104.216819,-4352.031084522971,-3258.27324910953
2136109.781984,-4352.031084522971,-3258.27324910953
2136116.322362,-4352.031084522971,-3258.27324910953
2136123.801747,-4352.031084522971,-3258.27324910953
2136132.530414,-4352.031084522971,-3258.27324910953
2136137.734401,-4352.031084522971,-3258.27324910953
2136145.121058,-4352.031084522971,-3258.27324910953
2136152.574347,-4349.535450644654,-3258.7759837166063
2136158.749427,-4330.717397975199,-3256.57419232455
2136165.711704,-4325.441113533648,-3256.7231507274896
2136172.699003,-4325.441113533648,-3256.7231507274896
2136180.055708,-4325.441113533648,-3256.7231507274896
2136186.321543,-4325.441113533648,-3256.7231507274896
2136193.321312,-4325.441113533648,-3256.7231507274896
2136201.519511,-4325.441113533648,-3256.7231507274896
2136208.735821,-4325.441113533648,-3256.7231507274896
2136215.194315,-4325.441113533648,-3256.7231507274896
2136221.678837,-4325.441113533648,-3256.7231507274896
2136228.68628,-4325.441113533648,-3256.7231507274896
2136237.356965,-4325.441113533648,-3256.7231507274896
2136242.32096,-4325.441113533648,-3256.7231507274896
2136249.320439,-4325.441113533648,-3256.7231507274896
2136257.846421,-4325.441113533648,-3256.7231507274896
2136265.373303,-4325.441113533648,-3256.7231507274896
2136270.693621,-4325.441113533648,-3256.7231507274896
2136278.330296,-4325.441113533648,-3256.7231507274896
2136284.29678,-4325.441113533648,-3256.7231507274896
2136291.392799,-4325.441113533648,-3256.7231507274896
2136298.323039,-4325.441113533648,-3256.7231507274896
2136305.29545,-4325.441113533648,-3256.7231507274896
2136314.837566,-4325.441113533648,-3256.7231507274896
2136319.333929,-4325.441113533648,-3256.7231507274896
2136326.320222,-4325.441113533648,-3256.7231507274896
2136334.872385,-4314.4923019528605,-3255.159087495236
2136342.703586,-4314.673044237306,-3255.419764703103
2136347.694902,-4314.673044237306,-3255.419764703103
2136354.85842,-4314.673044237306,-3255.419764703103
2136361.323166,-4314.673044237306,-3255.419764703103
2136368.579463,-4314.673044237306,-3255.419764703103
2136379.03767,-4314.673044237306,-3255.419764703103
2136382.721652,-4314.673044237306,-3255.419764703103
2136390.024686,-4314.673044237306,-3255.419764703103
2136398.181583,-4314.673044237306,-3255.419764703103
2136403.68031,-4314.673044237306,-3255.419764703103
2136411.177696,-4314.673044237306,-3255.419764703103
2136418.308855,-4314.673044237306,-3255.419764703103
2136424.576576,-4314.673044237306,-3255.419764703103
2136431.322859,-4314.673044237306,-3255.419764703103
2136439.247985,-4314.673044237306,-3255.419764703103
2136449.886318,-4314.673044237306,-3255.419764703103
2136452.69006,-4314.673044237306,-3255.419764703103
2136459.695046,-4314.673044237306,-3255.419764703103
2136467.058597,-4314.673044237306,-3255.419764703103
2136474.221609,-4314.673044237306,-3255.419764703103
2136480.345709,-4314.673044237306,-3255.419764703103
2136489.691997,-4314.673044237306,-3255.419764703103
2136494.72693,-4314.673044237306,-3255.419764703103
2136501.728094,-4314.673044237306,-3255.419764703103
2136509.241147,-4314.673044237306,-3255.419764703103
2136517.269636,-4314.673044237306,-3255.419764703103
2136522.762949,-4314.673044237306,-3255.419764703103
2136530.127202,-4314.673044237306,-3255.419764703103
2136536.724306,-4314.673044237306,-3255.419764703103
2136546.448301,-4314.673044237306,-3255.419764703103
2136550.49636,-4314.673044237306,-3255.419764703103
2136557.348188,-4314.673044237306,-3255.419764703103
2136566.352724,-4314.673044237306,-3255.419764703103
2136571.72191,-4314.673044237306,-3255.419764703103
2136585.796944,-4314.673044237306,-3255.419764703103
2136586.213544,-4314.673044237306,-3255.419764703103
2136593.633895,-4314.673044237306,-3255.419764703103
2136600.272376,-4309.507985824083,-3257.686725398009
2136606.387152,-4297.252268463654,-3258.687539664489
2136614.039221,-4297.245316839899,-3258.687539664489
2136620.302724,-4297.245316839899,-3258.687539664489
2136630.423294,-4297.245316839899,-3258.687539664489
2136634.295736,-4297.245316839899,-3258.687539664489
2136649.900326,-4297.245316839899,-3258.687539664489
2136649.923688,-4297.245316839899,-3258.687539664489
2136655.318566,-4297.245316839899,-3258.687539664489
2136663.815051,-4297.245316839899,-3258.687539664489
2136669.298854,-4297.245316839899,-3258.687539664489
2136676.30225,-4297.245316839899,-3258.687539664489
2136690.607162,-4297.245316839899,-3258.687539664489
2136691.849173,-4297.245316839899,-3258.687539664489
2136697.348911,-4297.245316839899,-3258.687539664489
2136706.021833,-4297.245316839899,-3258.687539664489
2136711.945612,-4297.245316839899,-3258.687539664489
2136720.352678,-4297.245316839899,-3258.687539664489
2136725.395376,-4297.245316839899,-3258.687539664489
2136732.345094,-4297.245316839899,-3258.687539664489
2136742.746718,-4285.434503572158,-3263.2447357777987
2136747.082395,-4280.199928884858,-3284.7831892916543
2136747.850297,-4280.199928884858,-3284.7831892916543
2136754.805766,-4300.540387753746,-3296.1133372270697
2136760.395688,-4339.566818385942,-3315.8735988542276
2136767.782959,-4375.652711013553,-3334.26995966231
2136775.080062,-4414.957206632405,-3353.1318148787213
2140362.433478,-4412.30168535304,-2572.729070388643
2140362.434196,-4412.30168535304,-2572.729070388643
2140370.858379,-4444.494667153305,-2542.1599794726017
2140370.858947,-4444.494667153305,-2542.1599794726017
2140382.069909,-4485.8776990015,-2550.3201161150796
2140382.073497,-4485.8776990015,-2550.3201161150796
2140388.268862,-4501.0461477558765,-2556.3250083793564
2140400.108693,-4567.719196278458,-2624.669057340463
2140400.109398,-4567.719196278458,-2624.669057340463
2140402.798714,-4554.7405098534155,-2644.78777135517
2140414.165514,-4512.801347953401,-2660.786850041429
2140416.844481,-4496.937736571243,-2685.4953478463767
2140426.175799,-4499.878274527074,-2721.0871272732106
2140430.80728,-4501.0113896206085,-2763.3401435031774
2140437.900433,-4509.6383579556095,-2797.0699372050267
2140448.097145,-4512.669267052591,-2815.3220094633834
2140452.244102,-4511.876781647118,-2833.136515607625
2140460.257874,-4514.2125281124645,-2843.3262080775976
2140466.402845,-4514.309850878013,-2855.908546254598
2140473.137881,-4514.852077737379,-2875.9341538821964
2140481.567497,-4518.279229536542,-2912.8805138665507
2140487.194762,-4521.059880086909,-2955.408159539486
2140493.794815,-4530.277736659908,-3001.4223613896615
2140502.72733,-4534.928374700602,-3056.3507922213535
2140508.169286,-4498.925901708983,-3067.0804554907404
2140518.35454,-4444.522473656635,-3066.2099795602808
2140522.151549,-4419.656506076168,-3115.4779842505936
2140529.176906,-4423.89004654529,-3162.446439429559
2140540.797564,-4429.840638728638,-3209.1216292605536
2140543.15141,-4431.828803877721,-3226.0004793522
2140588.858982,-4433.691839749257,-3240.0258445070167
2140588.860373,-4433.691839749257,-3240.0258445070167
2140592.737575,-4353.477022814136,-3276.8371897747684
2140595.385557,-4353.477022814136,-3276.8371897747684
2140599.67895,-4353.477022814136,-3276.8371897747684
2140606.728897,-4353.477022814136,-3276.8371897747684
2140613.829476,-4353.477022814136,-3276.8371897747684
2140623.937533,-4353.477022814136,-3276.8371897747684
2140627.69734,-4354.262556590215,-3274.761082101324
2140636.655049,-4356.424512402948,-3269.417199520579
2140642.120219,-4356.424512402948,-3269.417199520579
2140651.225277,-4351.655696690228,-3266.2751082592304
2140656.106343,-4342.326614067553,-3262.560458122806
2140663.208324,-4342.326614067553,-3262.560458122806
2140670.607997,-4342.326614067553,-3262.560458122806
2140677.458852,-4342.326614067553,-3262.560458122806
2140684.442563,-4342.326614067553,-3262.560458122806
2140690.630636,-4342.326614067553,-3262.560458122806
2140700.710293,-4342.326614067553,-3262.560458122806
2140705.12008,-4342.326614067553,-3262.560458122806
2140712.460485,-4342.326614067553,-3262.560458122806
2140719.017889,-4342.326614067553,-3262.560458122806
2140725.632403,-4342.326614067553,-3262.560458122806
2140732.711934,-4342.326614067553,-3262.560458122806
2140739.741126,-4338.663106955798,-3240.421515282725
2140748.091035,-4338.663106955798,-3240.421515282725
2140754.128768,-4338.663106955798,-3240.421515282725
2140762.50963,-4338.663106955798,-3240.421515282725
2140768.142764,-4338.663106955798,-3240.421515282725
2140776.24794,-4338.663106955798,-3240.421515282725
2140782.187423,-4338.663106955798,-3240.421515282725
2140789.691183,-4338.663106955798,-3240.421515282725
2140796.108108,-4338.663106955798,-3240.421515282725
2140803.682913,-4338.663106955798,-3240.421515282725
2140813.661673,-4338.663106955798,-3240.421515282725
2140817.103031,-4338.663106955798,-3240.421515282725
2140824.508126,-4338.663106955798,-3240.421515282725
2140831.136057,-4338.663106955798,-3240.421515282725
2140837.711941,-4338.663106955798,-3240.421515282725
2140844.626426,-4338.663106955798,-3240.421515282725
2140851.624274,-4338.663106955798,-3240.421515282725
2140858.661929,-4338.663106955798,-3240.421515282725
2140868.5089,-4338.663106955798,-3240.421515282725
2140875.281264,-4339.733657414543,-3243.2191403522747
2140882.651803,-4340.3106424113685,-3244.983366473456
2140886.733332,-4340.3106424113685,-3244.983366473456
2140893.755241,-4340.3106424113685,-3244.983366473456
2140903.037668,-4340.3106424113685,-3244.983366473456
2140907.726873,-4340.248077772439,-3244.820443223354
2140914.787404,-4341.054466436634,-3244.4294273998075
2140923.45341,-4341.054466436634,-3244.4294273998075
2140929.035988,-4338.544929301981,-3246.7941420943544
2140936.133511,-4329.125475534483,-3248.9167993653155
2140943.573499,-4329.125475534483,-3248.9167993653155
2140950.178739,-4325.350742391447,-3252.794372831035
2140957.790828,-4325.336839143945,-3252.822302532185
2140963.629838,-4325.336839143945,-3252.822302532185
2140970.627139,-4325.336839143945,-3252.822302532185
2140977.651416,-4325.336839143945,-3252.822302532185
2140987.605752,-4325.336839143945,-3252.822302532185
2140992.16798,-4325.336839143945,-3252.822302532185
2140999.775443,-4325.336839143945,-3252.822302532185
2141006.286574,-4325.336839143945,-3252.822302532185
2141013.129493,-4325.336839143945,-3252.822302532185
2141020.547614,-4325.336839143945,-3252.822302532185
2141030.024314,-4325.336839143945,-3252.822302532185
2141034.123623,-4325.336839143945,-3252.822302532185
2141041.177448,-4325.336839143945,-3252.822302532185
2141047.710416,-4325.336839143945,-3252.822302532185
2141054.660815,-4325.336839143945,-3252.822302532185
2141064.203163,-4321.402218595836,-3258.30583375773
2141069.617401,-4320.227393738705,-3257.6308659954743
2141076.238714,-4320.880846613832,-3258.7992584698604
2141082.62413,-4320.880846613832,-3258.7992584698604
2141090.931743,-4320.880846613832,-3258.7992584698604
2141096.879131,-4320.880846613832,-3258.7992584698604
2141104.095223,-4320.880846613832,-3258.7992584698604
2141110.633531,-4320.880846613832,-3258.7992584698604
2141119.193254,-4320.880846613832,-3258.7992584698604
2141125.584633,-4320.880846613832,-3258.7992584698604
2141132.961455,-4320.880846613832,-3258.7992584698604
2141140.322916,-4320.880846613832,-3258.7992584698604
2141146.126094,-4320.880846613832,-3258.7992584698604
2141153.120911,-4320.880846613832,-3258.7992584698604
2141167.874338,-4320.880846613832,-3258.7992584698604
2141167.878189,-4321.124153537206,-3259.502155932127
2141179.425167,-4311.885442050655,-3258.6735748206647
2141181.140558,-4311.885442050655,-3258.6735748206647
2141188.644628,-4311.885442050655,-3258.6735748206647
2141197.496498,-4311.885442050655,-3258.6735748206647
2141201.640285,-4311.885442050655,-3258.6735748206647
2141210.40068,-4311.885442050655,-3258.6735748206647
2141215.689402,-4311.885442050655,-3258.6735748206647
2141222.744847,-4311.885442050655,-3258.6735748206647
2141230.977383,-4311.885442050655,-3258.6735748206647
2141238.33941,-4311.885442050655,-3258.6735748206647
2141244.07139,-4311.885442050655,-3258.6735748206647
2141251.773581,-4311.885442050655,-3258.6735748206647
2141259.946121,-4311.885442050655,-3258.6735748206647
2141267.942984,-4311.885442050655,-3258.6735748206647
2141272.095173,-4304.648798964333,-3258.0311917074305
2141280.107076,-4304.63489570843,-3258.0311917074305
2141285.721771,-4304.63489570843,-3258.0311917074305
2141294.792709,-4304.63489570843,-3258.0311917074305
2141301.006754,-4304.63489570843,-3258.0311917074305
2141307.142091,-4304.63489570843,-3258.0311917074305
2141315.157825,-4304.63489570843,-3258.0311917074305
2141321.138019,-4304.63489570843,-3258.0311917074305
2141327.655558,-4304.63489570843,-3258.0311917074305
2141336.158246,-4304.63489570843,-3258.0311917074305
2141341.626612,-4304.63489570843,-3258.0311917074305
2141349.780469,-4304.63489570843,-3258.0311917074305
2141356.337951,-4304.63489570843,-3258.0311917074305
2141359.938322,-4304.63489570843,-3258.0311917074305
2141363.454154,-4304.63489570843,-3258.0311917074305
2141383.373542,-4298.378431946675,-3258.128945654515
2141383.37497,-4298.378431946675,-3258.128945654515
2142254.411599,-3527.897205744156,-1734.1092624733512
2142254.412332,-3527.897205744156,-1734.1092624733512
2142260.815385,-3527.897205744156,-1734.1092624733512
2142260.816003,-3527.897205744156,-1734.1092624733512
2142276.762517,-3159.5768847179543,-1571.9967238058748
2142277.432054,-3159.5768847179543,-1571.9967238058748
2142281.978692,-3198.047186046665,-1525.6751909147845
2142288.94397,-3262.426199484062,-1584.960794062617
2142296.012781,-3303.96216805325,-1639.0095595060232
2142313.06562,-3362.2237500265715,-1671.6175670987955
2142313.160878,-3479.6297703682667,-1626.2968583063382
2142318.140314,-3557.8842300035935,-1597.217309782057
2142324.463106,-3615.1934388970903,-1619.0677022112327
2142341.232568,-3718.737915509185,-1698.1927429218688
2142341.497553,-3789.4359568254667,-1732.006382447625
2142345.528919,-3828.942050086132,-1781.3070752791418
2142353.68846,-3834.3434638511208,-1793.0561964982223
2142403.104003,-3937.290100166351,-1718.0833931565905
2142403.104729,-3937.290100166351,-1718.0833931565905
2142406.891531,-3961.9822773334186,-1694.4036042411644
2142416.774243,-4011.158082850743,-1606.9880754751146
2142420.964833,-4030.2055393133446,-1547.1485338294178
2142430.513698,-4101.327629421922,-1500.2777135051035
2142436.107782,-4129.85710429767,-1499.1372475769133
2142436.98691,-4144.087083606309,-1491.959294632458
2142442.361053,-4167.256854487697,-1479.1767660490275
2142451.460712,-4177.00303472993,-1486.6153970606772
2142456.356764,-4177.00303472993,-1486.6153970606772
2142463.293811,-4177.00303472993,-1486.6153970606772
2142470.80805,-4177.00303472993,-1486.6153970606772
2142477.326975,-4177.00303472993,-1486.6153970606772
2142484.683576,-4177.00303472993,-1486.6153970606772
2142491.641188,-4177.00303472993,-1486.6153970606772
2142498.361278,-4177.00303472993,-1486.6153970606772
2142506.451818,-4177.00303472993,-1486.6153970606772
2142512.304657,-4177.00303472993,-1486.6153970606772
2142519.330095,-4177.00303472993,-1486.6153970606772
2142525.908068,-4177.00303472993,-1486.6153970606772
2142532.918147,-4177.00303472993,-1486.6153970606772
2142539.928664,-4177.00303472993,-1486.6153970606772
2142550.687408,-4177.00303472993,-1486.6153970606772
2142554.414231,-4177.00303472993,-1486.6153970606772
2142561.166096,-4177.00303472993,-1486.6153970606772
2142570.379909,-4177.00303472993,-1486.6153970606772
2142576.179324,-4177.00303472993,-1486.6153970606772
2142584.452224,-4177.00303472993,-1486.6153970606772
2142589.636947,-4177.00303472993,-1486.6153970606772
2142596.372899,-4177.00303472993,-1486.6153970606772
2142602.977654,-4177.00303472993,-1486.6153970606772
2142617.437618,-4177.00303472993,-1486.6153970606772
2142619.01192,-4177.00303472993,-1486.6153970606772
2142623.905778,-4177.00303472993,-1486.6153970606772
2142630.928452,-4177.00303472993,-1486.6153970606772
2142637.917274,-4177.00303472993,-1486.6153970606772
2142646.149052,-4177.00303472993,-1486.6153970606772
2142651.918943,-4177.00303472993,-1486.6153970606772
2142660.925665,-4177.00303472993,-1486.6153970606772
2142665.985455,-4177.00303472993,-1486.6153970606772
2142675.667538,-4187.173264187441,-1495.3900023710376
2142679.885203,-4189.828785479669,-1497.5824899437189
2142686.986567,-4189.828785479669,-1497.5824899437189
2142696.147896,-4189.828785479669,-1497.5824899437189
2142701.359529,-4189.828785479669,-1497.5824899437189
2142708.452807,-4189.828785479669,-1497.5824899437189
2142715.375392,-4189.828785479669,-1497.5824899437189
2142722.789958,-4189.828785479669,-1497.5824899437189
2142729.328659,-4189.828785479669,-1497.5824899437189
2142736.69642,-4189.828785479669,-1497.5824899437189
2142745.868784,-4189.828785479669,-1497.5824899437189
2142749.941065,-4189.828785479669,-1497.5824899437189
2142758.449759,-4189.828785479669,-1497.5824899437189
2142764.30892,-4189.828785479669,-1497.5824899437189
2142770.919542,-4189.828785479669,-1497.5824899437189
2142779.060581,-4189.828785479669,-1497.5824899437189
2142789.482208,-4189.828785479669,-1497.5824899437189
2142791.911668,-4189.828785479669,-1497.5824899437189
2142801.042161,-4189.828785479669,-1497.5824899437189
2142805.899707,-4189.828785479669,-1497.5824899437189
2142814.773201,-4189.828785479669,-1497.5824899437189
2142820.958216,-4189.828785479669,-1497.5824899437189
2142827.377829,-4189.828785479669,-1497.5824899437189
2142833.87614,-4189.828785479669,-1497.5824899437189
2142840.921253,-4189.828785479669,-1497.5824899437189
2142847.912382,-4189.828785479669,-1497.5824899437189
2142857.298033,-4189.828785479669,-1497.5824899437189
2142862.349988,-4189.828785479669,-1497.5824899437189
2142869.836148,-4189.828785479669,-1497.5824899437189
2142877.187579,-4189.828785479669,-1497.5824899437189
2142883.350081,-4189.828785479669,-1497.5824899437189
2142890.115569,-4189.828785479669,-1497.5824899437189
2142899.279493,-4189.828785479669,-1497.5824899437189
2142903.868148,-4189.828785479669,-1497.5824899437189
2142910.907297,-4189.828785479669,-1497.5824899437189
2142921.190867,-4191.205207512891,-1498.3505588333278
2142925.423394,-4202.668439481783,-1510.3231234945083
2142933.864647,-4202.404277678249,-1511.5473787366634
2142939.307152,-4202.404277678249,-1511.5473787366634
2142946.851401,-4202.404277678249,-1511.5473787366634
2142953.324654,-4202.404277678249,-1511.5473787366634
2142963.522613,-4202.404277678249,-1511.5473787366634
2142967.305793,-4202.404277678249,-1511.5473787366634
2142977.053994,-4202.404277678249,-1511.5473787366634
2142981.535517,-4202.404277678249,-1511.5473787366634
2142992.044644,-4202.404277678249,-1511.5473787366634
2142995.529791,-4202.404277678249,-1511.5473787366634
2143002.859733,-4202.404277678249,-1511.5473787366634
2143008.872997,-4202.404277678249,-1511.5473787366634
2143015.915727,-4202.404277678249,-1511.5473787366634
2143024.852943,-4202.404277678249,-1511.5473787366634
2143034.197456,-4202.404277678249,-1511.5473787366634
2143036.880754,-4202.404277678249,-1511.5473787366634
2143043.910859,-4202.404277678249,-1511.5473787366634
2143050.909335,-4202.404277678249,-1511.5473787366634
2143057.908666,-4202.404277678249,-1511.5473787366634
2143074.266659,-4202.404277678249,-1511.5473787366634
2143074.270344,-4202.404277678249,-1511.5473787366634
2143079.293153,-4202.404277678249,-1511.5473787366634
2143086.404498,-4202.404277678249,-1511.5473787366634
2143093.427097,-4202.404277678249,-1511.5473787366634
2143103.407475,-4202.404277678249,-1511.5473787366634
2143110.215209,-4202.404277678249,-1511.5473787366634
2143114.296773,-4202.404277678249,-1511.5473787366634
2143121.284555,-4202.404277678249,-1511.5473787366634
2143129.287782,-4202.404277678249,-1511.5473787366634
2143134.924323,-4202.404277678249,-1511.5473787366634
2143143.669825,-4202.404277678249,-1511.5473787366634
2143148.923755,-4202.404277678249,-1511.5473787366634
2143158.086281,-4202.404277678249,-1511.5473787366634
2143163.358983,-4202.404277678249,-1511.5473787366634
2143170.00953,-4202.404277678249,-1511.5473787366634
2143178.213698,-4202.404277678249,-1511.5473787366634
2143185.568403,-4202.404277678249,-1511.5473787366634
2143191.398425,-4198.483560375879,-1516.5607737293378
2143198.894356,-4194.639310967959,-1521.1412571483206
2143204.916754,-4194.639310967959,-1521.1412571483206
2143212.388963,-4194.639310967959,-1521.1412571483206
2143219.806106,-4194.639310967959,-1521.1412571483206
2143226.413003,-4194.639310967959,-1521.1412571483206
2143233.917937,-4194.639310967959,-1521.1412571483206
2143241.031321,-4194.639310967959,-1521.1412571483206
2143247.350541,-4194.639310967959,-1521.1412571483206
2143253.917052,-4194.639310967959,-1521.1412571483206
2143264.324258,-4194.639310967959,-1521.1412571483206
2143267.921924,-4194.639310967959,-1521.1412571483206
2143277.139747,-4194.639310967959,-1521.1412571483206
2143284.299992,-4194.639310967959,-1521.1412571483206
2143288.990892,-4194.639310967959,-1521.1412571483206
2143297.272726,-4194.639310967959,-1521.1412571483206
2143303.338076,-4194.639310967959,-1521.1412571483206
2143310.819399,-4194.639310967959,-1521.1412571483206
2143317.864453,-4194.639310967959,-1521.1412571483206
2143324.275015,-4187.020328405993,-1526.8761713103925
2143331.804176,-4187.034231661932,-1526.8622064160838
2143339.656107,-4187.034231661932,-1526.8622064160838
2143345.346424,-4187.034231661932,-1526.8622064160838
2143351.916746,-4187.034231661932,-1526.8622064160838
2143359.333843,-4187.034231661932,-1526.8622064160838
2143366.38482,-4187.034231661932,-1526.8622064160838
2143373.016611,-4187.034231661932,-1526.8622064160838
2143379.98547,-4187.034231661932,-1526.8622064160838
2143388.405985,-4187.034231661932,-1526.8622064160838
2143394.319125,-4187.034231661932,-1526.8622064160838
2143405.817874,-4187.034231661932,-1526.8622064160838
2143407.917835,-4187.034231661932,-1526.8622064160838
2143414.917862,-4187.034231661932,-1526.8622064160838
2143421.878704,-4178.796554348809,-1526.336195622419
2143430.503425,-4178.796554348809,-1526.336195622419
2143437.23124,-4178.796554348809,-1526.336195622419
2143443.408581,-4178.796554348809,-1526.336195622419
2143450.380752,-4178.796554348809,-1526.336195622419
2143457.35404,-4178.796554348809,-1526.336195622419
2143464.737732,-4178.796554348809,-1526.336195622419
2143472.328624,-4178.796554348809,-1526.336195622419
2143478.33931,-4178.796554348809,-1526.336195622419
2143485.356421,-4178.796554348809,-1526.336195622419
2143492.799039,-4178.796554348809,-1526.336195622419
2143498.908856,-4178.796554348809,-1526.336195622419
2143507.439558,-4178.796554348809,-1526.336195622419
2143512.907474,-4178.796554348809,-1526.336195622419
2143519.916563,-4178.796554348809,-1526.336195622419
2143529.083483,-4178.796554348809,-1526.336195622419
2143533.908011,-4174.3127553014865,-1522.435336818258
2143543.185995,-4174.3127553014865,-1522.435336818258
2143547.908493,-4174.3127553014865,-1522.435336818258
2143554.918581,-4174.3127553014865,-1522.435336818258
2143572.500014,-4174.3127553014865,-1522.435336818258
2143572.503674,-4174.3127553014865,-1522.435336818258
2143576.536912,-4174.3127553014865,-1522.435336818258
2143584.14424,-4174.3127553014865,-1522.435336818258
2143590.353748,-4174.3127553014865,-1522.435336818258
2143597.377769,-4174.3127553014865,-1522.435336818258
2143604.690883,-4174.3127553014865,-1522.435336818258
2143611.30433,-4167.667000440765,-1518.0177771017131
2143617.880169,-4167.667000440765,-1518.0177771017131
2143626.272098,-4167.667000440765,-1518.0177771017131
2143631.902411,-4167.667000440765,-1518.0177771017131
2143640.296276,-4167.667000440765,-1518.0177771017131
2143645.917871,-4167.667000440765,-1518.0177771017131
2143652.918504,-4167.667000440765,-1518.0177771017131
2143660.799159,-4167.667000440765,-1518.0177771017131
2143666.907986,-4167.667000440765,-1518.0177771017131
2143673.950092,-4167.667000440765,-1518.0177771017131
2143682.559011,-4167.667000440765,-1518.0177771017131
2143688.354611,-4167.667000440765,-1518.0177771017131
2143695.273704,-4167.667000440765,-1518.0177771017131
2143703.446457,-4167.667000440765,-1518.0177771017131
2143709.256692,-4167.667000440765,-1518.0177771017131
2143716.631172,-4167.667000440765,-1518.0177771017131
2143723.802194,-4167.667000440765,-1518.0177771017131
2143730.279089,-4167.667000440765,-1518.0177771017131
2143737.597901,-4167.667000440765,-1518.0177771017131
2143743.959303,-4167.667000440765,-1518.0177771017131
2143750.962339,-4167.667000440765,-1518.0177771017131
2143763.136072,-4167.667000440765,-1518.0177771017131
2143765.331102,-4167.667000440765,-1518.0177771017131
2143771.881132,-4167.667000440765,-1518.0177771017131
2143781.177694,-4167.667000440765,-1518.0177771017131
2143786.273626,-4167.667000440765,-1518.0177771017131
2143793.748135,-4167.667000440765,-1518.0177771017131
2143807.937807,-4167.667000440765,-1518.0177771017131
2143807.941515,-4167.667000440765,-1518.0177771017131
2143814.255012,-4167.667000440765,-1518.0177771017131
2143822.137953,-4167.667000440765,-1518.0177771017131
2143829.403757,-4167.667000440765,-1518.0177771017131
2143836.417187,-4167.667000440765,-1518.0177771017131
2143842.614272,-4167.667000440765,-1518.0177771017131
2143849.933024,-4167.667000440765,-1518.0177771017131
2143856.992566,-4167.667000440765,-1518.0177771017131
2143862.924527,-4167.667000440765,-1518.0177771017131
2143873.143547,-4167.667000440765,-1518.0177771017131
2143876.961097,-4163.134540017742,-1512.8135286369159
2143883.90688,-4152.866987780491,-1505.1374948131677
2143892.748272,-4152.290002789647,-1504.7511328920896
2143897.896936,-4152.290002789647,-1504.7511328920896
2143904.916104,-4152.290002789647,-1504.7511328920896
2143915.495315,-4152.290002789647,-1504.7511328920896
2143919.356495,-4152.290002789647,-1504.7511328920896
2143926.860585,-4152.290002789647,-1504.7511328920896
2143934.01889,-4152.290002789647,-1504.7511328920896
2143940.331177,-4152.290002789647,-1504.7511328920896
2143950.832516,-4152.290002789647,-1504.7511328920896
2143954.540255,-4152.290002789647,-1504.7511328920896
2143961.374326,-4152.290002789647,-1504.7511328920896
2143968.932631,-4151.448855986728,-1503.9690991153614
2143975.250658,-4144.184406372629,-1495.6460253396115
2143983.47431,-4151.122129543882,-1487.062273511975
2143988.928329,-4151.122129543882,-1487.062273511975
2143995.917068,-4151.122129543882,-1487.062273511975
2144004.079708,-4151.122129543882,-1487.062273511975
2144010.262746,-4151.122129543882,-1487.062273511975
2144016.939084,-4151.122129543882,-1487.062273511975
2144025.841772,-4151.122129543882,-1487.062273511975
2144031.358023,-4151.122129543882,-1487.062273511975
2144031.905058,-4151.122129543882,-1487.062273511975
2144037.882199,-4151.122129543882,-1487.062273511975
2144044.916147,-4151.122129543882,-1487.062273511975
2144052.279598,-4151.122129543882,-1487.062273511975
2144059.297833,-4156.259381478974,-1476.8585944129566
2144066.880552,-4186.91605400759,-1493.7235256144265
2144073.325897,-4199.401175064486,-1505.267833780967
2144977.989914,-3932.681171826959,-4136.591899109405
2144977.990547,-3932.681171826959,-4136.591899109405
2144985.976317,-3952.9382113206375,-4139.761915729475
2144985.976942,-3952.9382113206375,-4139.761915729475
2145000.499389,-3986.688357752787,-4156.794354238998
2145000.5085,-3986.688357752787,-4156.794354238998
2145009.694743,-4090.8584800068297,-4188.047644165811
2145014.596806,-4152.025840985835,-4206.025034838905
2145024.652321,-4238.00355656337,-4229.797829034247
2145028.526483,-4294.603698809562,-4243.506635932048
2145035.500278,-4338.795187857113,-4242.822359333251
2145045.676168,-4363.035509110091,-4243.511290873652
2145050.031507,-4363.035509110091,-4243.511290873652
2145056.984517,-4378.725329878413,-4236.528876541059
2145065.58577,-4378.725329878413,-4236.528876541059
2145071.05859,-4378.725329878413,-4236.528876541059
2145078.233018,-4401.123470117297,-4230.049195957869
2145087.597651,-4442.284049961789,-4226.748841379523
2145091.947461,-4447.998286852309,-4225.394252967684
2145099.56603,-4468.92963389019,-4219.845560885299
2145105.584695,-4475.728324488633,-4218.141851730051
2145115.14327,-4494.0458599980875,-4206.374155574864
2145119.496955,-4516.165935122432,-4196.68721882391
2145126.512014,-4580.134800961895,-4174.953288596775
2145135.033679,-4619.154279721372,-4171.801891930692
2145140.497,-4641.906952790987,-4166.12286095644
2145147.94615,-4662.581089560273,-4124.368016963746
2145155.3982,-4668.677665867978,-4099.063742277976
2145162.271697,-4668.566439846977,-4099.049777439949
2145168.94643,-4669.212941093345,-4093.077484358221
2145176.113805,-4673.203174617396,-4059.7620494798016
2145185.675075,-4678.173587458351,-4039.9831911996735
2145189.478536,-4687.092524062539,-3985.2503530477693
2145204.385654,-4692.765051162512,-3926.7749342699517
2145204.389364,-4692.772002786354,-3879.1688080418016
2145211.001042,-4690.797740904758,-3863.6026699639287
2145219.371266,-4690.797740904758,-3863.6026699639287
2145225.268554,-4691.054951081765,-3851.160000113266
2145231.699922,-4693.091777601634,-3783.7051777792967
2145239.088699,-4703.699959403723,-3742.1039218863834
2145245.923245,-4737.206798362135,-3736.1316254493004
2145253.667994,-4769.837732384101,-3736.1176606041563
2145253.969519,-4769.837732384101,-3736.1176606041563
2145259.508563,-4778.874846613569,-3735.8942231751384
2145266.513735,-4798.999804845673,-3718.6895403550166
2145274.908485,-4817.386856472612,-3675.189061829137
2145280.900767,-4816.524854810933,-3674.0718745409154
2145291.820602,-4811.123441159335,-3684.5873998151224
2145295.063408,-4811.123441159335,-3684.5873998151224
2145301.91653,-4811.123441159335,-3684.5873998151224
2145308.919934,-4811.123441159335,-3684.5873998151224
2145315.578155,-4811.123441159335,-3684.5873998151224
2145322.578269,-4811.123441159335,-3684.5873998151224
2145331.403745,-4811.123441159335,-3684.5873998151224
2145336.920991,-4811.123441159335,-3684.5873998151224
2145344.380442,-4811.123441159335,-3684.5873998151224
2145350.506393,-4811.123441159335,-3684.5873998151224
2145357.516629,-4811.123441159335,-3684.5873998151224
2145365.835255,-4811.123441159335,-3684.5873998151224
2145372.857653,-4811.123441159335,-3684.5873998151224
2145380.534581,-4811.123441159335,-3684.5873998151224
2145387.692453,-4811.123441159335,-3684.5873998151224
2145392.971143,-4811.123441159335,-3684.5873998151224
2145399.968476,-4811.123441159335,-3684.5873998151224
2145407.427963,-4811.123441159335,-3684.5873998151224
2145414.940897,-4811.123441159335,-3684.5873998151224
2145422.244564,-4811.123441159335,-3684.5873998151224
2145428.193921,-4810.873182606726,-3702.373951913494
2145435.077404,-4801.342502910855,-3723.5865442823956
2145442.068598,-4800.66124353146,-3724.270821439018
2145449.412118,-4800.66124353146,-3724.270821439018
2145456.405964,-4800.66124353146,-3724.270821439018
2145462.477676,-4800.66124353146,-3724.270821439018
2145469.473908,-4800.66124353146,-3724.270821439018
2145476.503505,-4794.7315062777125,-3738.221696461692
2145483.510211,-4790.171239406127,-3748.8861789609077
2145490.485868,-4790.171239406127,-3748.8861789609077
2145497.504501,-4790.171239406127,-3748.8861789609077
2145504.539257,-4790.171239406127,-3748.8861789609077
2145511.511383,-4790.171239406127,-3748.8861789609077
2145518.477063,-4790.171239406127,-3748.8861789609077
2145528.381765,-4790.171239406127,-3748.8861789609077
2145533.239136,-4790.171239406127,-3748.8861789609077
2145541.517806,-4790.171239406127,-3748.8861789609077
2145547.035495,-4790.171239406127,-3748.8861789609077
2145553.915268,-4790.171239406127,-3748.8861789609077
2145560.892311,-4790.171239406127,-3748.8861789609077
2145568.030028,-4784.769825742751,-3755.1982863731496
2145574.875536,-4783.296080962707,-3755.216906163577
2145581.851138,-4783.296080962707,-3755.216906163577
2145588.935297,-4783.296080962707,-3755.216906163577
2145595.505932,-4783.296080962707,-3755.216906163577
2145603.808332,-4783.296080962707,-3755.216906163577
2145609.863184,-4783.296080962707,-3755.216906163577
2145617.392391,-4783.296080962707,-3755.216906163577
2145623.573133,-4783.296080962707,-3755.216906163577
2145630.56278,-4783.296080962707,-3755.216906163577
2145637.865626,-4783.296080962707,-3755.216906163577
2145644.562713,-4783.296080962707,-3755.216906163577
2145651.868849,-4783.296080962707,-3755.216906163577
2145659.252715,-4783.296080962707,-3755.216906163577
2145666.094731,-4783.296080962707,-3755.216906163577
2145674.913817,-4783.296080962707,-3755.216906163577
2145683.657129,-4783.296080962707,-3755.216906163577
2145686.913586,-4783.296080962707,-3755.216906163577
2145693.504022,-4783.296080962707,-3755.216906163577
2145702.372696,-4783.296080962707,-3755.216906163577
2145707.854309,-4783.296080962707,-3755.216906163577
2145714.533103,-4783.296080962707,-3755.216906163577
2145721.533195,-4783.296080962707,-3755.216906163577
2145728.583327,-4783.296080962707,-3755.216906163577
2145736.855281,-4783.296080962707,-3755.216906163577
2145743.963392,-4783.296080962707,-3755.216906163577
2145751.636411,-4783.296080962707,-3755.216906163577
2145756.871169,-4783.296080962707,-3755.216906163577
2145763.976779,-4783.296080962707,-3755.216906163577
2145772.717598,-4783.296080962707,-3755.216906163577
2145778.309456,-4783.296080962707,-3755.216906163577
2145785.73318,-4776.6086164328135,-3754.3138465494612
2145791.955546,-4774.495322031249,-3751.604667711722
2145799.885668,-4774.495322031249,-3751.604667711722
2145812.76738,-4774.495322031249,-3751.604667711722
2145813.402696,-4774.495322031249,-3751.604667711722
2145820.068172,-4774.495322031249,-3751.604667711722
2145828.0295,-4774.495322031249,-3751.604667711722
2145833.484593,-4774.495322031249,-3751.604667711722
2145840.573334,-4774.495322031249,-3751.604667711722
2145848.456113,-4774.495322031249,-3751.604667711722
2145856.081254,-4774.495322031249,-3751.604667711722
2145862.078155,-4774.495322031249,-3751.604667711722
2145868.503448,-4774.495322031249,-3751.604667711722
2145876.56757,-4774.495322031249,-3751.604667711722
2145887.107786,-4774.495322031249,-3751.604667711722
2145890.023401,-4774.495322031249,-3751.604667711722
2145897.012232,-4770.352152737166,-3749.3656384576034
2145903.848108,-4768.87840794822,-3745.9489077179073
2145918.843851,-4768.87840794822,-3745.9489077179073
2145918.847509,-4768.87840794822,-3745.9489077179073
2145924.855014,-4768.87840794822,-3745.9489077179073
2145932.218869,-4768.87840794822,-3745.9489077179073
2145938.904469,-4768.87840794822,-3745.9489077179073
2145949.622707,-4768.87840794822,-3745.9489077179073
2145952.874688,-4768.87840794822,-3745.9489077179073
2145959.503187,-4768.87840794822,-3745.9489077179073
2145968.64306,-4768.87840794822,-3745.9489077179073
2145979.223096,-4768.87840794822,-3745.9489077179073
2145980.878817,-4768.87840794822,-3745.9489077179073
2145987.477572,-4768.87840794822,-3745.9489077179073
2145994.511806,-4768.87840794822,-3745.9489077179073
2146003.190659,-4768.87840794822,-3745.9489077179073
2146011.725714,-4768.87840794822,-3745.9489077179073
2146015.845525,-4764.624012632981,-3737.551384152567
2146023.343457,-4763.643833325786,-3737.039340034319
2146031.928493,-4763.643833325786,-3737.039340034319
2146037.009312,-4763.643833325786,-3737.039340034319
2146048.999683,-4763.643833325786,-3737.039340034319
2146051.098524,-4763.643833325786,-3737.039340034319
2146057.873718,-4763.643833325786,-3737.039340034319
2146064.852118,-4763.643833325786,-3737.039340034319
2146071.845517,-4763.643833325786,-3737.039340034319
2146079.535057,-4763.643833325786,-3737.039340034319
2146085.578288,-4763.643833325786,-3737.039340034319
2146093.050431,-4763.643833325786,-3737.039340034319
2146101.843758,-4763.643833325786,-3737.039340034319
2146107.617225,-4763.643833325786,-3737.039340034319
2146117.028229,-4763.643833325786,-3737.039340034319
2146122.445378,-4763.643833325786,-3737.039340034319
2146127.986881,-4763.643833325786,-3737.039340034319
2146135.641501,-4755.023816664657,-3735.1168470881003
2146141.900345,-4739.521689935839,-3736.2852386850955
2146148.931926,-4739.584254574208,-3736.1828298657088
2146155.987315,-4739.584254574208,-3736.1828298657088
2146164.237411,-4739.584254574208,-3736.1828298657088
2146169.975887,-4739.584254574208,-3736.1828298657088
2146177.528032,-4739.584254574208,-3736.1828298657088
2146185.109896,-4739.584254574208,-3736.1828298657088
2146191.188353,-4739.584254574208,-3736.1828298657088
2146198.088869,-4739.584254574208,-3736.1828298657088
2146204.583348,-4739.584254574208,-3736.1828298657088
2146214.359861,-4739.584254574208,-3736.1828298657088
2146219.623817,-4739.584254574208,-3736.1828298657088
2146226.128577,-4739.584254574208,-3736.1828298657088
2146232.565572,-4739.584254574208,-3736.1828298657088
2146241.257558,-4739.584254574208,-3736.1828298657088
2146246.506511,-4739.584254574208,-3736.1828298657088
2146254.417626,-4739.584254574208,-3736.1828298657088
2146261.97362,-4739.584254574208,-3736.1828298657088
2146267.978038,-4739.584254574208,-3736.1828298657088
2146275.233577,-4739.584254574208,-3736.1828298657088
2146282.958678,-4739.584254574208,-3736.1828298657088
2146289.217554,-4739.584254574208,-3736.1828298657088
2146296.109104,-4739.584254574208,-3736.1828298657088
2146303.02989,-4739.584254574208,-3736.1828298657088
2146310.485008,-4739.584254574208,-3736.1828298657088
2146321.950669,-4739.584254574208,-3736.1828298657088
2146331.912266,-4739.584254574208,-3736.1828298657088
2146331.920306,-4739.584254574208,-3736.1828298657088
2146514.332549,-4739.584254574208,-3736.1828298657088
2146514.333286,-4739.584254574208,-3736.1828298657088
2146519.703827,-4739.584254574208,-3736.1828298657088
2146527.964597,-4739.584254574208,-3736.1828298657088
2146534.076374,-4739.584254574208,-3736.1828298657088
2146541.52556,-4739.584254574208,-3736.1828298657088
2146548.22817,-4739.584254574208,-3736.1828298657088
2146555.233147,-4739.584254574208,-3736.1828298657088
2146563.430347,-4739.584254574208,-3736.1828298657088
2146572.904493,-4739.584254574208,-3736.1828298657088
2146576.292639,-4739.584254574208,-3736.1828298657088
2146583.58427,-4739.584254574208,-3736.1828298657088
2146588.694502,-4739.584254574208,-3736.1828298657088
2146590.420515,-4739.584254574208,-3736.1828298657088
2146597.22847,-4739.584254574208,-3736.1828298657088
2146607.920547,-4739.584254574208,-3736.1828298657088
2146611.368681,-4729.7338000471555,-3733.883286241269
2146623.140363,-4699.230063663843,-3753.0942505829967
2146625.078414,-4694.648941902558,-3793.987953930998
2146632.141312,-4688.281252165856,-3842.771787837158
2146648.290072,-4685.403278860902,-3861.5870785015336
2146648.29435,-4685.062649166079,-3879.7320564497268
2146652.728523,-4683.992098715581,-3918.0981163826355
2146659.767723,-4679.146815152059,-3988.09917924669
2146666.76773,-4674.55874175655,-4052.0208771996886
2146675.666628,-4669.664796809293,-4102.368752451582
2146681.205172,-4662.323879383097,-4138.318883204701
2146688.099296,-4654.009734269807,-4150.417081608761
2146695.485443,-4654.009734269807,-4150.417081608761
2146703.19197,-4654.009734269807,-4150.417081608761
2146709.120921,-4654.009734269807,-4150.417081608761
2146717.36831,-4658.521339773207,-4162.869055484969
2146723.196386,-4656.658303911081,-4181.488829061279
2146730.678551,-4635.977215507029,-4188.05695404888
2146738.15455,-4632.021740114877,-4187.470431194902
2146744.14128,-4621.914075385888,-4216.810538019112
2146752.92577,-4611.305893563821,-4238.311719667601
2146757.804104,-4600.120726753934,-4262.931712233418
2146764.704804,-4598.48014293168,-4313.237676301804
2146771.676418,-4604.083153781072,-4339.3891419378015
2146780.668228,-4602.3452471934625,-4364.772541062131
2146788.01803,-4602.352198817173,-4409.622905475395
2146792.67683,-4608.073387310935,-4433.623784189956
2146799.969627,-4609.894713416245,-4435.993149399321
2146806.674383,-4609.894713416245,-4435.993149399321
2146816.569433,-4609.894713416245,-4435.993149399321
2146820.726205,-4609.894713416245,-4435.993149399321
2146829.302518,-4587.3088793742,-4465.016708733974
2146835.108152,-4600.968825172394,-4495.557777529592
2146842.117601,-4604.131815163677,-4512.729854735186
2146849.400196,-4587.128137082593,-4518.51594624402
2146857.187889,-4571.5982037905105,-4524.5859890937745
2146863.725735,-4569.762974427942,-4525.372674080201
2146870.132971,-4541.949517331696,-4535.152704647276
2146877.117286,-4526.579471428005,-4547.087972570409
2146883.667734,-4500.802840833606,-4556.812143502788
2146891.215221,-4489.60377074006,-4565.5308471511535
2146898.06648,-4482.846789902861,-4578.029362292574
2146905.428689,-4476.89619771806,-4601.183035521215
2146912.682607,-4483.514146031524,-4626.96209410082
2146919.362383,-4496.590155251238,-4624.341362844922
2146926.059203,-4507.504208661673,-4630.727940608365
2146933.857053,-4507.963016003002,-4634.940661320125
2146940.165706,-4507.963016003002,-4634.940661320125
2146947.087631,-4507.963016003002,-4634.940661320125
2146954.354338,-4523.409529799069,-4638.571514515089
2146961.051633,-4538.584930172858,-4633.069375433236
2146968.534111,-4547.538624932423,-4665.016227972176
2146975.129548,-4556.610497343581,-4692.210385597556
2146982.085249,-4583.235226324481,-4697.759073555911
2146994.246042,-4654.711848531035,-4702.525731625481
2146996.262617,-4757.164917578574,-4697.330819113569
2147002.748748,-4801.0018732253575,-4681.061805194382
2147009.705375,-4832.791660407883,-4661.799664568966
2147017.128657,-4857.184917167785,-4640.177468796918
2147026.75158,-4878.018941243463,-4620.915326932862
2147031.233437,-4902.099374786775,-4598.087500252033
2147038.132502,-4962.919153338842,-4532.24802162157
2147045.139754,-5017.016709174361,-4478.651031505349
2147051.719083,-5067.707968062311,-4425.468326666989
2147059.811291,-5125.434272666222,-4364.949428858097
2147067.284591,-5158.190335653589,-4329.055170242786
2147072.873626,-5200.310239184332,-4285.810755323323
2147082.15999,-5248.93686483329,-4231.026733977592
2147087.162932,-5253.712632068142,-4223.751058086727
2147094.105382,-5273.726364035005,-4202.827088900424
2147101.196997,-5290.410267020423,-4188.1872924669815
2147108.155206,-5290.285137745694,-4188.331595709502
2147115.15117,-5290.285137745694,-4188.331595709502
2147123.99618,-5325.731479949436,-4151.618057044611
2147128.795447,-5373.238893616877,-4082.3385285235336
2147137.928731,-5422.178342230895,-3992.2793196061716
2147143.075095,-5479.897694677674,-3857.067126242457
2147150.152967,-5482.219537831645,-3834.7792458315857
2147157.984686,-5482.212586208089,-3834.7792458315857
2147164.15425,-5482.212586208089,-3834.7792458315857
2147171.150977,-5482.212586208089,-3834.7792458315857
2147177.756707,-5482.212586208089,-3834.7792458315857
2147185.160332,-5482.212586208089,-3834.7792458315857
2147191.688573,-5483.42912079026,-3818.5474494107725
2147198.685139,-5479.098257667728,-3776.9834353761967
2147205.719347,-5452.549997162833,-3725.9000527665235
2147212.684545,-5430.395164421601,-3703.514413888662
2147222.872186,-5399.599460266412,-3678.112368552679
2147227.121591,-5355.414923965944,-3659.35758676808
2147234.55067,-5287.198615700432,-3649.330830538289
2147242.043748,-5231.210217888287,-3643.102511129451
2147247.763924,-5139.490460992715,-3628.169440117464
2147256.792008,-5091.002867730487,-3616.6112056729603
2147261.693937,-5052.511713007867,-3603.526148234186
2147271.963901,-5029.049974283069,-3601.375562450972
2147276.361512,-5029.049974283069,-3601.375562450972
2147283.167075,-5029.049974283069,-3601.375562450972
2147290.602907,-5029.049974283069,-3601.375562450972
2147296.737281,-5029.049974283069,-3601.375562450972
2147303.727121,-5029.049974283069,-3601.375562450972
2147313.111011,-5029.049974283069,-3601.375562450972
2147317.781671,-5029.049974283069,-3601.375562450972
2147324.753667,-5029.049974283069,-3601.375562450972
2147334.905511,-5012.435587448034,-3598.275367367635
2147338.699446,-4994.284891195648,-3593.722828603647
2147347.909203,-4910.524745879908,-3560.793728222901
2147353.176681,-4848.863820468922,-3532.082009114308
2147360.160101,-4747.147624028662,-3473.0107152245873
2147367.616346,-4701.579713366603,-3434.8634110246244
2147373.741749,-4657.93045153307,-3381.0149611089178
2147380.769248,-4640.043916928149,-3345.5256275189367
2147390.73149,-4614.99025554123,-3294.7727116777464
2147395.15675,-4605.174559121158,-3266.6614691106797
2147402.226637,-4604.667090398234,-3264.934482647989
2147409.799356,-4604.667090398234,-3264.934482647989
2147416.26175,-4604.667090398234,-3264.934482647989
2147423.887519,-4604.667090398234,-3264.934482647989
2147430.174082,-4604.667090398234,-3264.934482647989
2147437.761997,-4604.667090398234,-3264.934482647989
2147443.711814,-4604.667090398234,-3264.934482647989
2147454.263692,-4604.667090398234,-3264.934482647989
2147458.120568,-4604.667090398234,-3264.934482647989
2147473.118057,-4593.099584132064,-3215.5920103423814
2147482.683318,-4584.312728409408,-3138.817908793272
2147483.212206,-4611.757749280368,-2957.9451085354453
2147483.214151,-4611.757749280368,-2957.9451085354453
2206701.640155,-4142.244902594661,-1494.9803656276845
2206701.640798,-4142.244902594661,-1494.9803656276845
2206711.116256,-4142.244902594661,-1494.9803656276845
2206718.094883,-4142.244902594661,-1494.9803656276845
2206725.55822,-4142.244902594661,-1494.9803656276845
2206732.893048,-4142.244902594661,-1494.9803656276845
2206740.72868,-4142.244902594661,-1494.9803656276845
2206746.590584,-4142.244902594661,-1494.9803656276845
2206754.12026,-4142.244902594661,-1494.9803656276845
2206760.5755,-4142.244902594661,-1494.9803656276845
2206768.049775,-4142.244902594661,-1494.9803656276845
2206775.309297,-4142.244902594661,-1494.9803656276845
2206781.562551,-4142.244902594661,-1494.9803656276845
2206788.887558,-4142.244902594661,-1494.9803656276845
2206796.218431,-4142.244902594661,-1494.9803656276845
2206802.569277,-4142.244902594661,-1494.9803656276845
2206809.996774,-4142.244902594661,-1494.9803656276845
2206817.628999,-4142.244902594661,-1494.9803656276845
2206823.565129,-4142.244902594661,-1494.9803656276845
2206830.130123,-4142.244902594661,-1494.9803656276845
2206837.122626,-4142.244902594661,-1494.9803656276845
2206845.864837,-4142.244902594661,-1494.9803656276845
2206851.567774,-4142.244902594661,-1494.9803656276845
2206858.548685,-4142.244902594661,-1494.9803656276845
2206866.155633,-4142.244902594661,-1494.9803656276845
2206873.507824,-4142.244902594661,-1494.9803656276845
2206879.536288,-4142.244902594661,-1494.9803656276845
2206886.997481,-4142.244902594661,-1494.9803656276845
2206893.064904,-4142.244902594661,-1494.9803656276845
2206900.094911,-4142.244902594661,-1494.9803656276845
2206907.126868,-4142.244902594661,-1494.9803656276845
2206914.189941,-4142.244902594661,-1494.9803656276845
2206921.100754,-4142.244902594661,-1494.9803656276845
2206928.061037,-4142.244902594661,-1494.9803656276845
2206935.099274,-4142.244902594661,-1494.9803656276845
2206944.12756,-4142.244902594661,-1494.9803656276845
2206949.056181,-4142.244902594661,-1494.9803656276845
2206950.942428,-4142.244902594661,-1494.9803656276845
2206956.288231,-4142.244902594661,-1494.9803656276845
2206964.427784,-4145.164585701447,-1489.6318131198896
2206967.139019,-4150.2323213659665,-1485.819398377497
2206970.067142,-4150.2323213659665,-1485.819398377497
2206977.09535,-4150.2323213659665,-1485.819398377497
2206984.101414,-4150.2323213659665,-1485.819398377497
2206991.093988,-4150.2323213659665,-1485.819398377497
2206991.18013,-4150.2323213659665,-1485.819398377497
2206998.063519,-4150.2323213659665,-1485.819398377497
2207005.065201,-4150.2323213659665,-1485.819398377497
2207012.065264,-4150.2323213659665,-1485.819398377497
2207020.84069,-4150.2323213659665,-1485.819398377497
2207023.104366,-4150.2323213659665,-1485.819398377497
2207026.481741,-4150.2323213659665,-1485.819398377497
2207033.525994,-4150.2323213659665,-1485.819398377497
2207040.46614,-4150.2323213659665,-1485.819398377497
2207048.261966,-4150.2323213659665,-1485.819398377497
2207050.005607,-4150.2323213659665,-1485.819398377497
2207054.580009,-4150.2323213659665,-1485.819398377497
2207061.880769,-4150.2323213659665,-1485.819398377497
2207068.442136,-4150.2323213659665,-1485.819398377497
2207075.066854,-4150.2323213659665,-1485.819398377497
2207082.175098,-4150.2323213659665,-1485.819398377497
2207089.097019,-4150.2323213659665,-1485.819398377497
2207097.544848,-4150.2323213659665,-1485.819398377497
2207103.447719,-4150.2323213659665,-1485.819398377497
2207110.460246,-4150.2323213659665,-1485.819398377497
2207117.860663,-4150.2323213659665,-1485.819398377497
2207125.348646,-4150.2323213659665,-1485.819398377497
2207131.501972,-4150.2323213659665,-1485.819398377497
2207138.826663,-4150.2323213659665,-1485.819398377497
2207145.452116,-4150.2323213659665,-1485.819398377497
2207152.640554,-4150.2323213659665,-1485.819398377497
2207159.78673,-4150.2323213659665,-1485.819398377497
2207166.463854,-4150.2323213659665,-1485.819398377497
2207173.445971,-4150.2323213659665,-1485.819398377497
2207180.901429,-4150.2323213659665,-1485.819398377497
2207187.445063,-4150.2323213659665,-1485.819398377497
2207194.085804,-4150.2323213659665,-1485.819398377497
2207203.800778,-4150.2323213659665,-1485.819398377497
2207208.086533,-4150.2323213659665,-1485.819398377497
2207216.583512,-4150.2323213659665,-1485.819398377497
2207222.446351,-4150.2323213659665,-1485.819398377497
2207229.683393,-4150.2323213659665,-1485.819398377497
2207236.767987,-4150.2323213659665,-1485.819398377497
2207243.462416,-4150.2323213659665,-1485.819398377497
2207250.861999,-4150.2323213659665,-1485.819398377497
2207258.006043,-4150.2323213659665,-1485.819398377497
2207264.468709,-4150.2323213659665,-1485.819398377497
2207271.804738,-4150.2323213659665,-1485.819398377497
2207279.353082,-4150.2323213659665,-1485.819398377497
2207285.464522,-4150.2323213659665,-1485.819398377497
2207292.763665,-4150.2323213659665,-1485.819398377497
2207299.474065,-4150.2323213659665,-1485.819398377497
2207306.702132,-4150.2323213659665,-1485.819398377497
2207313.087807,-4150.2323213659665,-1485.819398377497
2207320.095995,-4150.2323213659665,-1485.819398377497
2207327.096535,-4150.2323213659665,-1485.819398377497
2207334.086682,-4150.2323213659665,-1485.819398377497
2207341.084983,-4150.2323213659665,-1485.819398377497
2207349.726004,-4150.2323213659665,-1485.819398377497
2207356.819832,-4150.2323213659665,-1485.819398377497
2207362.46377,-4150.2323213659665,-1485.819398377497
2207369.884878,-4150.2323213659665,-1485.819398377497
2207376.462571,-4150.2323213659665,-1485.819398377497
2207383.686275,-4150.2323213659665,-1485.819398377497
2207390.84182,-4150.2323213659665,-1485.819398377497
2207397.445078,-4150.2323213659665,-1485.819398377497
2207404.744741,-4150.2323213659665,-1485.819398377497
2207411.842011,-4150.2323213659665,-1485.819398377497
2207418.467649,-4150.2323213659665,-1485.819398377497
2207425.880497,-4150.2323213659665,-1485.819398377497
2207433.351329,-4150.2323213659665,-1485.819398377497
2207439.095266,-4150.2323213659665,-1485.819398377497
2207448.279947,-4150.2323213659665,-1485.819398377497
2207453.060848,-4150.2323213659665,-1485.819398377497
2207461.345856,-4150.2323213659665,-1485.819398377497
2207468.820556,-4150.2323213659665,-1485.819398377497
2207474.441136,-4150.2323213659665,-1485.819398377497
2207481.882605,-4150.2323213659665,-1485.819398377497
2207489.02728,-4150.2323213659665,-1485.819398377497
2207495.440707,-4150.2323213659665,-1485.819398377497
2207502.803496,-4150.2323213659665,-1485.819398377497
2207510.248905,-4150.2323213659665,-1485.819398377497
2207516.444343,-4150.2323213659665,-1485.819398377497
2207523.807554,-4150.2323213659665,-1485.819398377497
2207530.468919,-4150.2323213659665,-1485.819398377497
2207537.707385,-4150.2323213659665,-1485.819398377497
2207544.767798,-4150.2323213659665,-1485.819398377497
2207551.460632,-4150.2323213659665,-1485.819398377497
2207558.08696,-4150.2323213659665,-1485.819398377497
2207566.041754,-4150.2323213659665,-1485.819398377497
2207572.447432,-4150.2323213659665,-1485.819398377497
2207581.568822,-4150.2323213659665,-1485.819398377497
2207586.086227,-4150.2323213659665,-1485.819398377497
2207593.084788,-4150.2323213659665,-1485.819398377497
2207601.86336,-4150.2323213659665,-1485.819398377497
2207607.46076,-4150.2323213659665,-1485.819398377497
2207614.684461,-4150.2323213659665,-1485.819398377497
2207621.886316,-4150.2323213659665,-1485.819398377497
2207628.479181,-4150.2323213659665,-1485.819398377497
2207635.78097,-4150.2323213659665,-1485.819398377497
2207642.843307,-4150.2323213659665,-1485.819398377497
2207649.440723,-4150.2323213659665,-1485.819398377497
2207656.760098,-4150.2323213659665,-1485.819398377497
2207664.303442,-4150.2323213659665,-1485.819398377497
2207670.442086,-4150.2323213659665,-1485.819398377497
2207677.078337,-4150.2323213659665,-1485.819398377497
2207684.085814,-4150.2323213659665,-1485.819398377497
2207693.06837,-4150.2323213659665,-1485.819398377497
2207698.07723,-4150.2323213659665,-1485.819398377497
2207705.097069,-4150.2323213659665,-1485.819398377497
2207713.240769,-4150.2323213659665,-1485.819398377497
2207720.42903,-4150.2323213659665,-1485.819398377497
2207726.466364,-4150.2323213659665,-1485.819398377497
2207733.921904,-4150.2323213659665,-1485.819398377497
2207741.887526,-4150.2323213659665,-1485.819398377497
2207747.4647,-4150.2323213659665,-1485.819398377497
2207754.844863,-4150.2323213659665,-1485.819398377497
2207761.468406,-4150.2323213659665,-1485.819398377497
2207768.682549,-4150.2323213659665,-1485.819398377497
2207775.780562,-4150.2323213659665,-1485.819398377497
2207782.764195,-4150.2323213659665,-1485.819398377497
2207790.169598,-4150.2323213659665,-1485.819398377497
2207797.392094,-4150.2323213659665,-1485.819398377497
2207803.076002,-4150.2323213659665,-1485.819398377497
2207811.812128,-4150.2323213659665,-1485.819398377497
2207817.069577,-4150.2323213659665,-1485.819398377497
2207824.050048,-4150.2323213659665,-1485.819398377497
2207831.084625,-4150.2323213659665,-1485.819398377497
2207838.08516,-4150.2323213659665,-1485.819398377497
2207846.583435,-4150.2323213659665,-1485.819398377497
2207853.58087,-4150.2323213659665,-1485.819398377497
2207859.511882,-4150.2323213659665,-1485.819398377497
2207866.828961,-4150.2323213659665,-1485.819398377497
2207873.94074,-4150.2323213659665,-1485.819398377497
2207880.444791,-4150.2323213659665,-1485.819398377497
2207887.472009,-4150.2323213659665,-1485.819398377497
2207895.321026,-4150.2323213659665,-1485.819398377497
2207901.443485,-4150.2323213659665,-1485.819398377497
2207908.769518,-4150.2323213659665,-1485.819398377497
2207915.448655,-4150.2323213659665,-1485.819398377497
2207922.056476,-4150.2323213659665,-1485.819398377497
2207930.842367,-4150.2323213659665,-1485.819398377497
2207936.357219,-4150.2323213659665,-1485.819398377497
2207945.081,-4150.2323213659665,-1485.819398377497
2207950.486399,-4150.2323213659665,-1485.819398377497
2207957.543423,-4150.2323213659665,-1485.819398377497
2207965.08121,-4150.2323213659665,-1485.819398377497
2207972.538127,-4150.2323213659665,-1485.819398377497
2207978.556587,-4150.2323213659665,-1485.819398377497
2207985.996863,-4150.2323213659665,-1485.819398377497
2207992.540643,-4150.2323213659665,-1485.819398377497
2207999.940694,-4150.2323213659665,-1485.819398377497
2208007.016837,-4150.2323213659665,-1485.819398377497
2208013.499359,-4150.2323213659665,-1485.819398377497
2208020.879886,-4150.2323213659665,-1485.819398377497
2208028.240763,-4150.2323213659665,-1485.819398377497
2208034.519305,-4150.2323213659665,-1485.819398377497
2208041.084306,-4150.2323213659665,-1485.819398377497
2208051.324444,-4150.2323213659665,-1485.819398377497
2208055.527596,-4150.2323213659665,-1485.819398377497
2208062.102679,-4150.2323213659665,-1485.819398377497
2208069.091718,-4150.2323213659665,-1485.819398377497
2208078.500771,-4150.2323213659665,-1485.819398377497
2208083.539553,-4150.2323213659665,-1485.819398377497
2208090.522419,-4150.2323213659665,-1485.819398377497
2208097.964242,-4150.2323213659665,-1485.819398377497
2208111.791688,-4150.2323213659665,-1485.819398377497
2208111.855879,-4150.2323213659665,-1485.819398377497
2208118.998567,-4150.2323213659665,-1485.819398377497
2208125.544834,-4150.2323213659665,-1485.819398377497
2208133.741183,-4150.2323213659665,-1485.819398377497
2208140.864375,-4150.2323213659665,-1485.819398377497
2208148.47279,-4150.2323213659665,-1485.819398377497
2208153.518243,-4150.2323213659665,-1485.819398377497
2208160.97357,-4150.2323213659665,-1485.819398377497
2208167.087287,-4150.2323213659665,-1485.819398377497
2208175.458012,-4150.2323213659665,-1485.819398377497
2208181.096126,-4150.2323213659665,-1485.819398377497
2208188.084725,-4150.2323213659665,-1485.819398377497
2208197.204674,-4150.2323213659665,-1485.819398377497
2208202.537039,-4150.2323213659665,-1485.819398377497
2208209.496709,-4150.2323213659665,-1485.819398377497
2208216.88219,-4150.2323213659665,-1485.819398377497
2208223.565,-4150.2323213659665,-1485.819398377497
2208230.550272,-4150.2323213659665,-1485.819398377497
2208237.965988,-4150.2323213659665,-1485.819398377497
2208244.500538,-4150.2323213659665,-1485.819398377497
2208251.896726,-4150.2323213659665,-1485.819398377497
2208259.222063,-4150.2323213659665,-1485.819398377497
2208265.5049,-4150.2323213659665,-1485.819398377497
2208272.862105,-4150.2323213659665,-1485.819398377497
2208280.618024,-4150.2323213659665,-1485.819398377497
2208286.090526,-4150.2323213659665,-1485.819398377497
2208294.637082,-4150.2323213659665,-1485.819398377497
2208300.110841,-4150.2323213659665,-1485.819398377497
2208308.904354,-4150.2323213659665,-1485.819398377497
2208316.178001,-4150.2323213659665,-1485.819398377497
2208322.449619,-4150.2323213659665,-1485.819398377497
2208329.868154,-4150.2323213659665,-1485.819398377497
2208335.524757,-4150.2323213659665,-1485.819398377497
2208342.53596,-4150.2323213659665,-1485.819398377497
2208350.024989,-4150.2323213659665,-1485.819398377497
2208357.545581,-4150.2323213659665,-1485.819398377497
2208363.516773,-4150.2323213659665,-1485.819398377497
2208370.960652,-4150.2323213659665,-1485.819398377497
2208377.707756,-4150.2323213659665,-1485.819398377497
2208385.144766,-4150.2323213659665,-1485.819398377497
2208392.236839,-4150.2323213659665,-1485.819398377497
2208401.119364,-4150.2323213659665,-1485.819398377497
2208405.076019,-4150.2323213659665,-1485.819398377497
2208414.088853,-4150.2323213659665,-1485.819398377497
2208419.740936,-4150.2323213659665,-1485.819398377497
2208429.058466,-4150.2323213659665,-1485.819398377497
2208433.083459,-4150.2323213659665,-1485.819398377497
2208440.092695,-4150.2323213659665,-1485.819398377497
2208448.039694,-4150.2323213659665,-1485.819398377497
2208454.472462,-4150.2323213659665,-1485.819398377497
2208461.472902,-4150.2323213659665,-1485.819398377497
2208468.796337,-4150.2323213659665,-1485.819398377497
2208475.453076,-4150.2323213659665,-1485.819398377497
2208482.856634,-4150.2323213659665,-1485.819398377497
2208490.191649,-4150.2323213659665,-1485.819398377497
2208496.473988,-4150.2323213659665,-1485.819398377497
2208503.816465,-4150.2323213659665,-1485.819398377497
2208511.460196,-4150.2323213659665,-1485.819398377497
2208517.477913,-4150.2323213659665,-1485.819398377497
2208524.446461,-4150.2323213659665,-1485.819398377497
2208531.085428,-4150.2323213659665,-1485.819398377497
2208540.515351,-4150.2323213659665,-1485.819398377497
2208545.076425,-4150.2323213659665,-1485.819398377497
2208552.07603,-4150.2323213659665,-1485.819398377497
2208560.613058,-4150.2323213659665,-1485.819398377497
2208567.754044,-4150.2323213659665,-1485.819398377497
2208573.551523,-4150.2323213659665,-1485.819398377497
2208577.5806,-4150.2323213659665,-1485.819398377497
2208580.04879,-4150.2323213659665,-1485.819398377497
2208587.086913,-4155.953509915738,-1483.878278776681
2208594.089097,-4171.462588467625,-1482.9286663118405
2208602.973904,-4216.662063468901,-1498.1922900965785
2208608.5047,-4242.876646685889,-1452.2617687399434
2208615.819773,-4276.480808761399,-1387.5251906502883
2208623.007838,-4334.568599004091,-1279.9675882775985
2208629.596758,-4374.79766096696,-1215.2915071704929
2208637.230026,-4421.019024846935,-1182.4274530817208
2208643.516874,-4402.18706895896,-1094.0808607048402
2208654.382038,-4364.446689265544,-1050.840880647129
2208657.07577,-4290.822014039991,-1042.0662691976027
2208664.075708,-4230.725203706377,-1103.874908963522
2208671.013016,-4150.2323213659665,-1485.819398377497
2208671.046198,-4256.745141375055,-1150.047513703124
2208678.074597,-4266.414853712705,-1170.622460998851
2208685.516493,-4266.192401668724,-1170.1057598366265
2208692.942185,-4266.192401668724,-1170.1057598366265
2208700.058162,-4266.192401668724,-1170.1057598366265
2208706.476892,-4266.192401668724,-1170.1057598366265
2208713.917783,-4266.192401668724,-1170.1057598366265
2208721.177148,-4266.192401668724,-1170.1057598366265
2208727.470987,-4266.192401668724,-1170.1057598366265
2208734.898335,-4266.192401668724,-1170.1057598366265
2208742.578253,-4266.192401668724,-1170.1057598366265
2208748.451728,-4266.192401668724,-1170.1057598366265
2208755.810054,-4265.163560959406,-1171.3439806254921
2208762.517863,-4249.45983689716,-1199.6275495942257
2208769.45308,-4281.8266094710625,-1220.9193598932034
2208778.794075,-4310.258761473741,-1193.091978467924
2208783.077948,-4329.208895044531,-1163.3188202797166
2208790.076989,-4392.204533455714,-1149.9311395631562
2208797.076986,-4406.816852133354,-1173.941451302516
2208804.050186,-4408.749404268336,-1194.1067608870194
2208812.803747,-4408.589516863871,-1195.6708291913692
2208818.482094,-4413.782381777652,-1238.5011624841159
2208825.04686,-4396.451977183245,-1302.8653586095909
2208833.336967,-4353.671668346069,-1399.4465527956079
2208836.757723,-4150.2323213659665,-1485.819398377497
2208839.084074,-4338.190396357027,-1435.592344895179
2208847.633174,-4304.975525406131,-1528.5473029414754
